ViewYN,PoolPrivateYN,CloseDate,ClosePrice,Latitude,Longitude,LivingArea,MLSAreaMajor,AttachedGarageYN,ParkingTotal,LotSizeAcres,YearBuilt,BathroomsTotalInteger,City,BedroomsTotal,FireplaceYN,Stories,Levels,LotSizeArea,NewConstructionYN,GarageSpaces,HighSchoolDistrict,PostalCode,AssociationFee,LotSizeSquareFeet,PPSF,Bed_Bath_Ratio,Property_Age,Months_From_Dec_2025,Sqft_Per_Bedroom,Lot_Utilization,LogClosePrice,ZipMedianPrice,Predicted_LogPrice,Predicted_Price
True,False,2025-12-31,1998000.0,37.8719265,-122.02987068,2045.0,699 - Not Defined,True,3.0,0.2314,1968.0,2.0,Walnut Creek,4.0,True,1.0,One,10080.0,False,3.0,San Ramon Valley,94596,975.0,10080.0,977.0171149144254,2.0,57.0,0,511.25,0.20287698412698413,14.507657238190635,14.269765830241871,14.245226710492899,1536821.238809459
True,False,2025-12-31,2214421.0,34.150679700000005,-118.58064951,3050.0,167 - PV Dr East,True,7.0,0.7976,1957.0,4.0,Woodland Hills,4.0,True,2.0,Two,34745.0,False,3.0,Chico Unified,91364,0.0,34745.0,726.0396721311475,1.0,68.0,0,762.5,0.08778241473593323,14.610501527742024,14.15910026235435,14.452340442035592,1890478.3344694707
False,True,2025-12-31,1200000.0,37.30640504,-121.83542781,1594.0,699 - Not Defined,True,2.0,0.1515,1978.0,2.0,San Jose,4.0,True,1.0,Two,6600.0,False,2.0,Other,95121,0.0,6600.0,752.823086574655,2.0,47.0,0,398.5,0.24151515151515152,13.997832114758229,14.133798972500049,14.028447824386502,1237307.028112162
False,False,2025-12-31,3100000.0,37.27263556,-121.92135134,2700.0,699 - Not Defined,True,1.0,0.1897,2025.0,3.0,San Jose,5.0,False,1.0,Two,8262.0,False,1.0,San Jose Unified,95124,0.0,8262.0,1148.148148148148,1.6666666666666667,0.0,0,540.0,0.32679738562091504,14.946912669455374,14.507657238190635,14.679656621547403,2372978.8474795856
False,False,2025-12-31,2900000.0,37.3039421,-121.935424,2948.0,699 - Not Defined,True,2.0,0.2117,2023.0,4.0,San Jose,5.0,False,2.0,MultiSplit,9222.0,False,2.0,Other,95128,0.0,9222.0,983.7177747625508,1.25,2.0,0,589.6,0.319670353502494,14.880221294956703,14.244040939003435,14.599457534137542,2190099.4990954623
True,False,2025-12-30,1050000.0,33.626544,-117.634791,1503.0,MC - Mission Viejo Central,True,2.0,0.0798,1985.0,2.0,Mission Viejo,3.0,True,1.0,One,3478.0,False,2.0,Capistrano Unified,92692,584.0,3478.0,698.6027944111777,1.5,40.0,0,501.0,0.43214491086831514,13.864300722133706,14.006130917572923,13.805182449002515,989725.0428124496
False,False,2025-12-30,705000.0,37.98453,-122.02096052,1250.0,SRCAR - Southwest Riverside County,True,4.0,0.1607,1948.0,1.0,Concord,3.0,True,1.0,One,7000.0,False,1.0,Mount Diablo,94519,0.0,7000.0,564.0,3.0,77.0,0,416.6666666666667,0.17857142857142858,13.465953081794405,13.514405465180353,13.463512323901087,703281.3639256947
True,False,2025-12-30,1140000.0,33.466321,-117.066776,3574.0,SRCAR - Southwest Riverside County,True,4.0,0.28,2006.0,4.0,Temecula,5.0,True,2.0,Two,12197.0,False,4.0,Temecula Unified,92592,55.0,12197.0,318.97034135422496,1.25,19.0,0,714.8,0.2930228744773305,13.946538820370678,13.580420735596498,13.920487067578202,1110684.5196410955
True,False,2025-12-30,914000.0,37.70856449,-122.43614337,1656.0,276 - Highland,True,2.0,0.07,1960.0,3.0,San Francisco,3.0,False,2.0,Two,3051.0,False,2.0,Los Angeles Unified,94112,300.0,3051.0,551.9323671497584,1.0,65.0,0,552.0,0.5427728613569321,13.725585850436287,13.887820402769245,13.826530822044955,1011081.210868361
True,False,2025-12-26,2500000.0,33.538775,-117.77945,1459.0,LV - Laguna Village,True,2.0,0.0649,1918.0,3.0,Laguna Beach,3.0,True,2.0,Two,2825.0,False,1.0,Laguna Beach Unified,92651,0.0,2825.0,1713.5023989033584,1.0,107.0,0,486.3333333333333,0.5164601769911504,14.73180128983843,14.914122846632385,14.616671457538347,2228126.058256128
True,False,2025-12-29,657500.0,37.48822,-119.968061,1997.0,MP1 - Mariposa 1,True,2.0,0.2817,1960.0,2.0,Mariposa,3.0,True,1.0,One,12269.0,False,2.0,Mariposa County Unified,95338,0.0,12269.0,329.24386579869804,1.5,65.0,0,665.6666666666666,0.16276795174830874,13.396200043034057,12.89921982609012,13.010750399154063,447195.169519728
True,False,2025-12-30,590000.0,37.95682754,-121.94163765,1548.0,654 - San Gabriel,True,2.0,0.1653,1976.0,2.0,Concord,3.0,True,1.0,One,7200.0,False,2.0,Alvord Unified,94521,172.0,7200.0,381.1369509043928,1.5,49.0,0,516.0,0.215,13.287877815881902,13.656514826473817,13.626647111047717,827899.5512127683
True,False,2025-12-30,965000.0,37.98348731,-122.10415255,2272.0,86 - Brea,True,2.0,0.2521,1978.0,3.0,Martinez,4.0,True,2.0,Two,10980.0,False,2.0,Chico Unified,94553,0.0,10980.0,424.73591549295776,1.3333333333333333,47.0,0,568.0,0.20692167577413478,13.779883380321124,13.604789526648622,13.739222104356276,926548.9016350377
False,False,2025-12-30,1462500.0,37.78962201,-121.95330786,1865.0,SRCAR - Southwest Riverside County,True,2.0,0.1837,1977.0,2.0,Danville,3.0,True,1.0,One,8000.0,False,2.0,San Ramon Valley,94526,240.0,8000.0,784.1823056300268,1.5,48.0,0,621.6666666666666,0.233125,14.195657858088149,14.430696197054507,14.265915176203547,1568946.8816014451
True,False,2025-12-24,3010000.0,34.056183000000004,-118.473058,2700.0,C06 - Brentwood,True,0.0,0.1979,1958.0,3.0,Los Angeles,3.0,True,1.0,One,8619.0,False,2.0,Antelope Valley Union,90049,0.0,8619.0,1114.8148148148148,1.0,67.0,0,900.0,0.3132613992342499,14.917450636725059,15.137266397946593,15.063539939558774,3483471.596027668
False,False,2025-12-30,980000.0,37.36042498,-121.85643298,2008.0,699 - Not Defined,True,2.0,0.1368,1980.0,3.0,San Jose,5.0,False,2.0,Two,5959.0,False,2.0,Other,95116,496.0,5959.0,488.0478087649402,1.6666666666666667,45.0,0,401.6,0.3369692901493539,13.795307850646754,13.845069360205818,13.829210818373726,1013794.5390323241
True,True,2025-12-30,2480000.0,33.08062,-117.227329,3743.0,92009 - Carlsbad,True,2.0,0.2,2006.0,3.0,Carlsbad,5.0,True,2.0,Two,0.2,True,2.0,San Dieguito Union,92009,297.0,8712.0,662.570130911034,1.6666666666666667,19.0,0,748.6,0.42963728191000916,14.723769118141165,14.457364444136669,14.615046672209342,2224508.771178768
False,False,2025-12-26,780000.0,32.833791999999995,-117.192201,1006.0,92117 - Clairemont Mesa,True,1.0,0.0,1956.0,1.0,San Diego,3.0,False,1.0,One,0.14,True,1.0,San Diego Unified,92117,0.0,0.14,775.3479125248509,3.0,69.0,0,335.3333333333333,7185.714285714285,13.567049198665774,13.964016766263498,13.627025723218043,828213.0634046858
False,False,2025-12-30,888000.0,34.179447,-118.510821,1071.0,ENC - Encino,True,1.0,0.1286,1949.0,1.0,Encino,2.0,False,1.0,One,5600.0,False,1.0,Los Angeles Unified,91316,0.0,5600.0,829.1316526610644,2.0,76.0,0,535.5,0.19125,13.696727021974308,14.300596894375873,13.962870121961359,1158770.5402994473
True,False,2025-12-29,6540000.0,37.35316109,-122.12408474,5005.0,699 - Not Defined,True,3.0,1.17,1998.0,4.0,Los Altos Hills,4.0,True,1.0,One,50965.0,False,3.0,Other,94022,0.0,50965.0,1306.6933066933068,1.0,27.0,0,1251.25,0.0982046502501717,15.693447723433382,15.520258650202699,15.656139442978754,6300499.304972155
False,False,2025-12-22,925000.0,33.768013,-117.85406,2105.0,70 - Santa Ana North of First,True,2.0,0.1653,1963.0,3.0,Santa Ana,3.0,True,1.0,One,7200.0,False,2.0,Orange Unified,92705,0.0,7200.0,439.4299287410926,1.0,62.0,0,701.6666666666666,0.2923611111111111,13.737549016494562,14.376839163903371,14.330279451465909,1673251.7577551021
True,False,2025-12-30,904000.0,33.123064,-117.213181,1618.0,92078 - San Marcos,True,2.0,0.1171,1979.0,2.0,San Marcos,2.0,True,1.0,One,5100.0,False,2.0,San Marcos Unified,92078,285.0,5100.0,558.7144622991348,1.0,46.0,0,809.0,0.3172549019607843,13.714584639374314,14.075178214680975,13.86605771795419,1051846.4672541232
True,False,2025-12-29,1835000.0,33.426144,-117.605367,2002.0,SE - San Clemente Southeast,False,2.0,0.3044,1964.0,2.0,San Clemente,3.0,True,1.0,One,13260.0,False,2.0,Capistrano Unified,92672,0.0,13260.0,916.5834165834166,1.5,61.0,0,667.3333333333334,0.15098039215686274,14.422555039470808,14.43202387032261,14.340021252179628,1689631.899417828
False,False,2025-12-29,6700000.0,34.037146,-118.489968,5795.0,C14 - Santa Monica,True,4.0,0.2051,1990.0,7.0,Santa Monica,6.0,True,2.0,MultiSplit,8932.0,False,2.0,San Diego Unified,90402,0.0,8932.0,1156.169111302847,0.8571428571428571,35.0,0,965.8333333333334,0.6487908643081057,15.717618084361195,15.464169183551656,15.585593572336698,5871340.7468197085
False,True,2025-12-29,2114000.0,34.190098,-118.821787,3852.0,WV - Westlake Village,True,3.0,0.45,1988.0,5.0,Westlake Village,5.0,True,1.0,One,19602.0,False,3.0,Conejo Valley Unified,91362,153.0,19602.0,548.8058151609554,1.0,37.0,0,770.4,0.19651056014692378,14.56409244541232,14.119312012295937,14.492295174185374,1967541.150519056
False,False,2025-12-29,1250000.0,36.95998415,-122.03643331,680.0,699 - Not Defined,False,0.0,0.098,1961.0,1.0,Santa Cruz,2.0,True,1.0,One,4269.0,False,0.0,Other,95060,0.0,4269.0,1838.235294117647,2.0,64.0,0,340.0,0.15928788943546499,14.038654109278484,14.204168547756057,13.654210525193086,851036.6939006479
False,False,2025-12-17,1000000.0,34.165514,-118.454085,1353.0,SO - Sherman Oaks,False,2.0,0.1611,1949.0,2.0,Sherman Oaks,3.0,True,1.0,One,7016.0,False,2.0,Other,91411,0.0,7016.0,739.0983000739099,1.5,76.0,0,451.0,0.19284492588369442,13.815510557964274,13.961752072660685,13.879384378467078,1065957.888245078
True,True,2025-12-31,910000.0,34.167320000000004,-116.243954,1560.0,DC612 - Joshua Tree Village,True,2.0,1.43,2006.0,2.0,Joshua Tree,4.0,True,1.0,One,62291.0,False,2.0,Morongo Unified,92252,0.0,62291.0,583.3333333333334,2.0,19.0,0,390.0,0.025043746287585687,13.721199878493033,12.871334622600584,12.935314637733638,414701.6552780075
True,False,2025-12-29,925000.0,34.174889,-118.351868,1710.0,610 - Burbank,False,2.0,0.1543,1947.0,2.0,Burbank,3.0,True,1.0,One,6720.0,False,2.0,Burbank Unified,91505,0.0,6720.0,540.9356725146199,1.5,78.0,0,570.0,0.2544642857142857,13.737549016494562,13.95440217810054,13.993323434684648,1194601.7625192828
False,False,2025-12-26,1050000.0,33.718088,-117.810743,1888.0,71 - Tustin,True,2.0,0.2296,1975.0,2.0,Tustin,4.0,False,1.0,One,10000.0,False,2.0,Tustin Unified,92780,0.0,10000.0,556.1440677966102,2.0,50.0,0,472.0,0.1888,13.864300722133706,14.077874822431765,14.030779670270181,1240195.6039604766
False,False,2025-12-29,1683000.0,32.89492125,-117.16075376,2291.0,92126 - Mira Mesa,True,2.0,0.1466,2023.0,4.0,San Diego,4.0,False,1.0,ThreeOrMore,7232.0,False,2.0,Oceanside Unified,92126,325.0,4306.0,734.6137058053251,1.0,2.0,0,572.75,0.5320483046911286,14.336088473172943,13.885500212990994,14.105139886370596,1335932.204118159
True,False,2025-12-26,600000.0,36.981751,-119.664626,2570.0,321 - Rancho Mirage,True,2.0,0.2138,2022.0,3.0,Friant,4.0,True,1.0,One,9315.0,False,2.0,Fresno Unified,93626,0.0,9315.0,233.46303501945525,1.3333333333333333,3.0,0,642.5,0.2758990874932904,13.304684934198283,13.188315912844299,13.374499292734615,643385.4586471807
False,False,2025-12-26,2500000.0,33.630677,-117.812143,2100.0,TR - Turtle Rock,True,2.0,0.16,1973.0,3.0,Irvine,4.0,True,1.0,One,6970.0,False,2.0,Irvine Unified,92603,143.0,6970.0,1190.4761904761904,1.3333333333333333,52.0,0,525.0,0.3012912482065997,14.73180128983843,14.978661367769956,14.81682384367936,2721854.0543171107
False,False,2025-12-26,3000000.0,33.921405,-118.415057,2982.0,141 - El Segundo,True,2.0,0.0804,2025.0,6.0,El Segundo,4.0,False,2.0,Two,3502.0,True,2.0,El Segundo Unified,90245,0.0,3502.0,1006.0362173038228,0.6666666666666666,0.0,0,745.5,0.8515134209023415,14.914122846632385,14.498607402670718,14.788299169794568,2645310.928819425
True,True,2025-12-28,2700000.0,33.696822,-116.394284,3733.0,323 - South Palm Desert,True,4.0,0.27,2020.0,5.0,Palm Desert,4.0,True,1.0,One,11761.0,False,2.0,Lowell Joint Unified,92260,0.0,11761.0,723.2788641843022,0.8,5.0,0,933.25,0.3174049825695094,14.808762330974558,13.624349319661324,14.496295391485196,1975427.505718445
True,False,2025-12-27,875000.0,34.166053000000005,-118.13738899999998,1100.0,645 - Pasadena (NW),False,2.0,0.1686,1924.0,2.0,Pasadena,3.0,True,1.0,One,7343.0,False,2.0,Whittier Union High,91104,0.0,7343.0,795.4545454545455,1.5,101.0,0,366.6666666666667,0.14980253302464933,13.681979165339751,14.119305204063423,13.87566984851247,1062005.7005429114
True,False,2025-12-26,778000.0,33.858203,-118.15268799999998,1170.0,24 - Lakewood Mutuals,True,6.0,0.1798,1956.0,2.0,Lakewood,3.0,False,1.0,One,7833.0,False,2.0,Paramount Unified,90712,0.0,7833.0,664.957264957265,1.5,69.0,0,390.0,0.1493680582152432,13.564481803160529,13.671639520838347,13.615404094098105,818643.5924764674
True,True,2025-12-26,1000000.0,34.128578999999995,-117.568059,1974.0,688 - Rancho Cucamonga,True,7.0,0.42,1988.0,3.0,Rancho Cucamonga,4.0,True,2.0,Two,18295.0,False,3.0,Cucamonga,91701,0.0,18295.0,506.5856129685917,1.3333333333333333,37.0,0,493.5,0.10789833287783547,13.815510557964274,13.654166717138976,13.753371232043282,939751.9458642064
True,True,2025-12-30,875000.0,32.823033,-116.91798500000002,1348.0,92021 - El Cajon,False,7.0,1.36,1951.0,2.0,El Cajon,3.0,True,1.0,One,1.36,False,3.0,Cajon Valley Union,92021,0.0,59241.6,649.1097922848664,1.5,74.0,0,449.3333333333333,0.02275428077567115,13.681979165339751,13.612780503903942,13.587984835019032,796501.932858375
True,True,2025-12-24,2765000.0,34.140697,-118.211217,4307.0,618 - Eagle Rock,True,1.0,0.2699,1989.0,4.0,Los Angeles,5.0,True,2.0,Two,11757.0,False,3.0,Hemet Unified,90041,75.0,11757.0,641.9781750638496,1.25,36.0,0,861.4,0.3663349493918517,14.832551192938572,14.115615150414612,14.646131743225068,2294743.758618313
True,False,2025-12-26,3400000.0,34.073743,-118.346555,4648.0,C19 - Beverly Center-Miracle Mile,True,2.0,0.1756,1938.0,5.0,Los Angeles,5.0,True,2.0,Two,7651.0,False,2.0,Los Angeles Unified,90036,0.0,7651.0,731.4974182444062,1.0,87.0,0,929.6,0.6075022872827082,15.03928598958639,14.676279640441766,15.02649808356616,3356797.9402078814
False,False,2025-12-24,1310000.0,37.39144324,-121.88017382,1234.0,699 - Not Defined,True,2.0,0.1488,1974.0,2.0,San Jose,4.0,True,2.0,One,6480.0,False,2.0,Other,95131,155.0,6480.0,1061.588330632091,2.0,51.0,0,308.5,0.1904320987654321,14.085537695177335,14.274269297520263,14.022271195641801,1229688.1955284674
False,False,2025-12-24,750000.0,34.199745,-118.517331,1086.0,VN - Van Nuys,True,2.0,0.1788,1962.0,1.0,Van Nuys,2.0,True,1.0,One,7788.0,False,2.0,Los Angeles Unified,91406,0.0,7788.0,690.6077348066299,2.0,63.0,0,543.0,0.13944530046224962,13.527828485512494,13.708480036117827,13.439937625398223,686895.621161261
False,False,2025-12-24,700000.0,37.80604492,-122.23931572,1398.0,699 - Not Defined,True,2.0,0.1152,1922.0,1.0,Oakland,3.0,True,2.0,Two,5016.0,False,1.0,William S. Hart Union,94610,113.0,5016.0,500.7153075822604,3.0,103.0,0,466.0,0.27870813397129185,13.458835614025542,14.297936707208567,14.004422703201437,1207934.8249934944
False,False,2025-12-23,1075000.0,33.859354,-117.775556,1922.0,77 - Anaheim Hills,True,2.0,0.1148,1975.0,3.0,Anaheim Hills,3.0,True,2.0,Two,5000.0,False,2.0,Orange Unified,92807,0.0,5000.0,559.3132154006244,1.0,50.0,0,640.6666666666666,0.3844,13.8878312195439,13.997832114758229,13.957075282574449,1152075.0694574434
True,False,2025-12-23,546000.0,33.811922,-118.195113,1400.0,5 - Wrigley Area,False,1.0,0.1377,1930.0,1.0,Long Beach,2.0,False,1.0,One,6000.0,False,1.0,Long Beach Unified,90806,0.0,6000.0,390.0,2.0,95.0,0,700.0,0.23333333333333334,13.210374254727043,13.579788224443204,13.502027605526157,730896.8389064898
True,False,2025-12-23,1300000.0,33.01583,-117.035549,2030.0,92064 - Poway,True,2.0,0.59,1958.0,2.0,Poway,4.0,True,1.0,One,0.59,False,2.0,ABC Unified,92064,0.0,25700.4,640.3940886699507,2.0,67.0,0,507.5,0.07898709747708206,14.077874822431765,14.042638194103073,14.068639372183855,1288049.1851992954
False,False,2025-12-23,1250000.0,34.248303,-118.279114,1080.0,659 - Sunland/Tujunga,True,2.0,0.2976,1936.0,1.0,Tujunga,1.0,False,1.0,One,12962.0,False,2.0,Los Angeles Unified,91042,0.0,12962.0,1157.4074074074074,1.0,89.0,0,1080.0,0.0833204752353032,14.038654109278484,13.684633332743342,13.379110625793807,646359.1744098263
False,False,2025-12-23,1860000.0,33.997151,-118.449836,816.0,C11 - Venice,False,0.0,0.1401,1921.0,1.0,Venice,1.0,True,1.0,One,6104.0,False,3.0,Alvord Unified,90291,96.0,6104.0,2279.4117647058824,1.0,104.0,0,816.0,0.13368283093053734,14.436087045689384,14.66457824156197,13.732723679056454,920547.3143647446
False,False,2025-12-23,655000.0,37.77661251,-122.27996828,874.0,VC11 - Ojai,True,1.0,0.1309,1906.0,1.0,Alameda,2.0,False,1.0,One,5700.0,False,1.0,Alameda City Unified,94501,60.0,5700.0,749.4279176201374,2.0,119.0,0,437.0,0.15333333333333332,13.39239051461739,14.096915897380246,13.629950195623655,830638.6947718043
True,False,2025-12-23,540000.0,37.368835,-120.610208,2063.0,657 - So. El Monte,True,2.0,1.0,1977.0,3.0,Atwater,3.0,True,1.0,One,43560.0,False,2.0,Atwater,95301,0.0,43560.0,261.7547261269995,1.0,48.0,0,687.6666666666666,0.04735996326905418,13.199324418540456,13.038981768465277,13.221557449876098,552140.2946139122
False,False,2025-12-22,1350000.0,33.626458,-117.286109,1498.0,SRCAR - Southwest Riverside County,False,12.0,0.55,2025.0,2.0,Wildomar,3.0,False,1.0,One,23958.0,False,12.0,Lake Elsinore Unified,92595,0.0,23958.0,901.2016021361816,1.5,0.0,0,499.3333333333333,0.06252608731947575,14.115615150414612,13.442996549995796,13.378613650948354,646038.0299659822
False,False,2025-12-23,1100000.0,34.212974,-119.18348799999998,3333.0,VC31 - Oxnard - Northwest,False,3.0,0.27,1960.0,5.0,Oxnard,4.0,True,2.0,Two,11761.0,True,3.0,Los Angeles Unified,93030,322.0,11761.0,330.03300330033005,0.8,65.0,0,833.25,0.2833942691947964,13.9108207377686,13.617059619240436,14.32503002493192,1664491.1597552886
False,False,2025-12-04,1850000.0,32.71702675,-117.24889063,1484.0,92106 - Point Loma,True,4.0,0.1502,1950.0,2.0,San Diego,3.0,False,1.0,One,6541.0,False,2.0,Murrieta,92106,0.0,6541.0,1246.6307277628032,1.5,75.0,0,494.6666666666667,0.22687662436936248,14.430696197054507,14.53335035111459,14.31192232449888,1642815.8751666374
False,False,2025-12-11,645000.0,36.73571112,-121.63692179999998,1040.0,699 - Not Defined,True,1.0,0.2484,1958.0,1.0,Salinas,3.0,False,1.0,ThreeOrMore,10822.0,False,1.0,Other,93906,0.0,10822.0,620.1923076923077,3.0,67.0,0,346.6666666666667,0.09610053594529662,13.37700559577791,13.472921052508891,13.32675674466017,613390.316942729
False,False,2025-12-23,725000.0,37.66297719,-122.09777816,1200.0,LAC - Lancaster,True,1.0,0.1148,1950.0,2.0,Hayward,3.0,True,1.0,One,5000.0,False,1.0,Other,94541,315.96,5000.0,604.1666666666666,1.5,75.0,0,400.0,0.24,13.493926933836812,13.647074399642998,13.56465126628306,778131.8534811646
True,False,2025-12-22,1850000.0,35.28651,-120.670219,2148.0,SLO - San Luis Obispo,True,2.0,0.2569,2017.0,2.0,San Luis Obispo,3.0,False,2.0,Two,11189.0,False,2.0,San Luis Coastal Unified,93405,0.0,11189.0,861.266294227188,1.5,8.0,0,716.0,0.19197426043435517,14.430696197054507,13.928829278248507,13.956480727938867,1151390.301470522
False,True,2025-12-15,1075000.0,37.57324743,-122.32578119,1340.0,699 - Not Defined,True,2.0,0.1391,1952.0,1.0,San Mateo,3.0,True,2.0,Two,6059.0,False,2.0,Other,94401,0.0,6059.0,802.2388059701492,3.0,73.0,0,446.6666666666667,0.22115860703086318,13.8878312195439,14.204168547756057,13.921474891937661,1111782.2229450415
False,False,2025-12-22,3050000.0,34.065759,-118.477939,1620.0,WLA - West Los Angeles,True,0.0,0.1607,1932.0,3.0,Los Angeles,2.0,False,1.0,One,7001.0,False,0.0,Los Angeles Unified,90049,0.0,7001.0,1882.716049382716,0.6666666666666666,93.0,0,810.0,0.2313955149264391,14.930652148583594,15.137266397946593,14.830511676597569,2759366.484093776
False,True,2025-12-22,1241500.0,33.94736,-117.960971,2476.0,88 - La Habra Heights,False,2.0,0.246,1959.0,3.0,La Habra Heights,4.0,True,1.0,One,10717.0,False,2.0,Fullerton Joint Union High,90631,0.0,10717.0,501.4135702746365,1.3333333333333333,66.0,0,619.0,0.23103480451618924,14.031830883930358,13.792724135316895,14.018776559849108,1225398.3831781826
True,False,2025-12-19,405000.0,38.819676,-122.570599,2244.0,LCHVL - Hidden Valley Lake,True,4.0,0.31,2006.0,2.0,Hidden Valley Lake,3.0,True,1.0,One,13504.0,False,2.0,Middletown Unified,95467,310.0,13504.0,180.48128342245988,1.5,19.0,0,748.0,0.16617298578199052,12.911642346088676,12.818551923022664,13.007500662194259,445744.2616604361
False,False,2025-12-22,918000.0,33.802213,-118.321252,1412.0,121 - Lomita,False,2.0,0.1521,1956.0,1.0,Lomita,3.0,False,1.0,One,6626.0,False,2.0,Los Angeles Unified,90717,0.0,6626.0,650.1416430594901,3.0,69.0,0,470.6666666666667,0.21309990944763055,13.729952669602628,13.845069360205818,13.616256470251228,819341.6822278635
False,True,2025-12-15,4000000.0,33.0305547,-117.20058103,2644.0,92067 - Rancho Santa Fe,True,5.0,0.1364,1948.0,3.0,Rancho Santa Fe,2.0,True,1.0,One,19788.0,False,0.0,Berkeley,92067,6000.0,8549.0,1512.8593040847202,0.6666666666666666,77.0,0,1322.0,0.30927593870628145,15.201804919084164,15.37889082594447,15.253530003616051,4212344.772122607
True,False,2025-12-19,4650000.0,34.05369,-118.398247,4426.0,C09 - Beverlywood Vicinity,True,2.0,0.1585,2023.0,6.0,Los Angeles,5.0,True,2.0,ThreeOrMore,6906.0,False,2.0,Antelope Valley Union,90035,0.0,6906.0,1050.6100316312695,0.8333333333333334,2.0,0,885.2,0.6408919779901535,15.35237777756354,14.626440774180603,15.290188564029338,4369628.552491865
False,False,2025-12-22,735000.0,37.96797566,-122.06616006,1525.0,646 - Pasadena (NE),True,2.0,0.1548,1956.0,2.0,Pleasant Hill,3.0,True,1.0,One,6745.0,False,2.0,San Luis Coastal Unified,94523,0.0,6745.0,481.9672131147541,1.5,69.0,0,508.3333333333333,0.22609340252038548,13.507625778194974,13.92391643180806,13.845030851328099,1029960.33661965
True,False,2025-12-22,2455000.0,33.550677,-117.757517,1852.0,LV - Laguna Village,True,4.0,0.2138,1966.0,2.0,Laguna Beach,3.0,True,1.0,One,9315.0,False,2.0,Laguna Beach Unified,92651,0.0,9315.0,1325.593952483801,1.5,59.0,0,617.3333333333334,0.1988191089640365,14.713637319210758,14.914122846632385,14.785160945218127,2637022.3615455003
False,False,2025-12-19,450000.0,33.938388,-117.93666,1559.0,87 - La Habra,True,1.0,0.162,1954.0,2.0,La Habra,3.0,False,1.0,One,7056.0,False,1.0,Fullerton Joint Union High,90631,0.0,7056.0,288.6465683130212,1.5,71.0,0,519.6666666666666,0.2209467120181406,13.017002861746503,13.792724135316895,13.794982060411057,979680.7775716146
False,False,2025-12-22,1700000.0,37.2456162,-121.90248278,1441.0,699 - Not Defined,True,2.0,0.1405,1961.0,2.0,San Jose,3.0,True,2.0,Two,6120.0,False,2.0,Other,95118,0.0,6120.0,1179.736294240111,1.5,64.0,0,480.3333333333333,0.23545751633986928,14.346138809026444,14.300975768380514,14.159281214639048,1410255.1658071443
False,False,2025-12-22,3388000.0,37.32515109,-122.02023909,2645.0,699 - Not Defined,True,2.0,0.1826,1969.0,3.0,Cupertino,3.0,True,2.0,One,7954.0,False,2.0,Other,95014,277.0,7954.0,1280.9073724007562,1.0,56.0,0,881.6666666666666,0.3325370882574805,15.035750334754082,15.043678404364256,14.997537189811302,3260976.3090509945
False,False,2025-12-16,1045000.0,37.5120647,-122.48612401,1040.0,699 - Not Defined,True,2.0,0.1265,1972.0,2.0,Half Moon Bay,3.0,True,2.0,Two,5510.0,False,2.0,Other,94019,150.0,5510.0,1004.8076923076924,1.5,53.0,0,346.6666666666667,0.18874773139745918,13.85952744338105,14.346138809026444,14.084161736920674,1308198.7342012378
True,False,2025-12-21,3750000.0,37.73514031,-122.04807259,6513.0,"64 - Garden Grove E of Euclid, W of Harbor",False,4.0,118.0913,2004.0,5.0,Castro Valley,10.0,True,2.0,Two,5144059.0,False,4.0,Bear Valley Unified,94552,0.0,5144059.0,575.7715338553662,2.0,21.0,0,651.3,0.0012661207812740872,15.137266397946593,14.237504968023648,15.198742589827404,3987769.4195631617
False,False,2025-12-19,1725000.0,37.56298101,-122.25128966,1890.0,699 - Not Defined,True,2.0,0.1199,1966.0,2.0,Foster City,3.0,True,1.0,One,5225.0,False,2.0,Other,94404,0.0,5225.0,912.6984126984128,1.5,59.0,0,630.0,0.3617224880382775,14.360737608447597,14.571632537685607,14.476568474203201,1936840.2657104398
False,True,2025-12-30,600000.0,36.69706888,-121.65860574,1108.0,699 - Not Defined,True,1.0,0.15,1952.0,2.0,Salinas,3.0,True,1.0,One,6534.0,False,1.0,Other,93906,0.0,6534.0,541.5162454873646,1.5,73.0,0,369.3333333333333,0.16957453321089686,13.304684934198283,13.472921052508891,13.400655382373627,660435.9210214666
True,False,2025-12-19,1065000.0,33.616427,-117.63801399999998,1503.0,MC - Mission Viejo Central,True,2.0,0.0798,1979.0,2.0,Mission Viejo,3.0,True,1.0,One,3478.0,False,2.0,Capistrano Unified,92692,584.0,3478.0,708.5828343313374,1.5,46.0,0,501.0,0.43214491086831514,13.878485357125662,14.006130917572923,13.799790097462566,984402.4609671731
True,False,2025-12-22,2150000.0,37.831239,-122.246419,2630.0,91945 - Lemon Grove,False,2.0,0.0523,2025.0,4.0,Oakland,4.0,False,2.0,ThreeOrMore,2277.0,True,0.0,Oakland,94611,353.0,2277.0,817.4904942965779,1.0,0.0,0,657.5,1.1550285463328942,14.580978400103845,14.128493142202753,14.292952525359754,1611945.7140914912
False,False,2025-12-19,1715000.0,37.24435786,-121.94556799,1100.0,699 - Not Defined,True,0.0,0.1607,1959.0,2.0,San Jose,3.0,False,2.0,One,7000.0,False,0.0,Other,95124,0.0,7000.0,1559.090909090909,1.5,66.0,0,366.6666666666667,0.15714285714285714,14.354923638582177,14.507657238190635,14.334017867289658,1679518.7756640129
False,True,2025-12-19,699000.0,35.350253,-119.168508,3093.0,BKSF - Bakersfield,True,3.0,0.28,2017.0,4.0,Bakersfield,4.0,True,1.0,One,12196.0,False,3.0,Long Beach Unified,93314,438.0,12196.0,225.9941804073715,1.0,8.0,0,773.25,0.25360774024270255,13.457406021215947,13.399995114002609,13.761355936637317,947285.6246171928
False,False,2025-12-05,949000.0,32.763029,-117.072965,1404.0,92115 - San Diego,True,2.0,0.1191,1955.0,2.0,San Diego,4.0,True,1.0,One,5188.0,False,2.0,San Diego Unified,92115,0.0,5188.0,675.925925925926,2.0,70.0,0,351.0,0.27062451811873556,13.763164077592064,13.748301808270824,13.685608883987598,878181.7747972381
False,False,2025-12-16,1950000.0,33.992719,-118.378377,2613.0,103 - Ladera Heights,True,3.0,0.125,1977.0,3.0,Los Angeles,4.0,True,1.0,ThreeOrMore,5445.0,False,2.0,Jurupa Unified,90056,0.0,5445.0,746.2686567164179,1.3333333333333333,48.0,0,653.25,0.47988980716253443,14.48333993053993,14.372265113618665,14.446746159597245,1879931.9918374044
False,False,2025-12-19,805000.0,33.848440000000004,-118.235552,1978.0,138 - Rancho Dominguez,True,2.0,0.1295,1965.0,2.0,Carson,3.0,True,2.0,Two,5639.0,False,2.0,Los Angeles Unified,90746,0.0,5639.0,406.9767441860465,1.5,60.0,0,659.3333333333334,0.3507714133711651,13.5985975564007,13.681979165339751,13.722829249539231,911483.9362651304
False,False,2025-12-18,2000000.0,33.691315,-117.898019,1894.0,C3 - South Coast Metro,True,4.0,0.1377,1972.0,3.0,Costa Mesa,4.0,True,1.0,One,6000.0,False,2.0,Newport Mesa Unified,92626,0.0,6000.0,1055.9662090813094,1.3333333333333333,53.0,0,473.5,0.31566666666666665,14.508657738524219,14.28551418721001,14.256815657683033,1554734.9791926562
False,False,2025-12-18,5800000.0,33.610167,-117.911935,3299.0,N8 - West Newport - Lido,True,2.0,0.0969999999999999,1949.0,4.0,Newport Beach,3.0,True,1.0,One,4224.0,False,2.0,Newport Mesa Unified,92663,1800.0,4224.0,1758.1085177326463,0.75,76.0,0,1099.6666666666667,0.7810132575757576,15.573368475516649,15.327852605716153,15.424095890501881,4995738.9172324
True,False,2025-12-19,305000.0,38.953947,-122.733781,1141.0,LCCLR - Kelseyville Riviera,True,2.0,0.14,1994.0,2.0,Kelseyville,3.0,False,1.0,One,6098.0,False,2.0,Kelseyville Unified,95451,140.0,6098.0,267.3093777388256,1.5,31.0,0,380.3333333333333,0.18711052804198097,12.628067055589549,12.845288003152147,12.686246009991404,323270.919269618
False,True,2025-12-19,1150000.0,34.16248,-118.434223,1985.0,SO - Sherman Oaks,False,2.0,0.2002,1948.0,2.0,Sherman Oaks,3.0,True,1.0,One,8719.0,False,2.0,Los Angeles Unified,91423,0.0,8719.0,579.3450881612091,1.5,77.0,0,661.6666666666666,0.22766372290400275,13.955272500339433,14.49104488660402,14.387541767989546,1771862.4234376424
False,False,2025-12-19,680000.0,34.16143,-119.186628,1681.0,VC33 - Oxnard - Southwest / Port Huenem,False,2.0,0.15,1961.0,2.0,Port Hueneme,4.0,True,1.0,One,6534.0,False,2.0,San Dieguito Union,93041,0.0,6534.0,404.5211183819155,2.0,64.0,0,420.25,0.25726966636057547,13.42984807715229,13.458835614025542,13.447596211853503,692176.466756106
True,False,2025-12-19,2241300.0,33.52854,-117.756248,1934.0,LV - Laguna Village,True,4.0,0.0574,1993.0,3.0,Laguna Beach,3.0,True,2.0,ThreeOrMore,2500.0,False,2.0,Laguna Beach Unified,92651,0.0,2500.0,1158.8934850051703,1.0,32.0,0,644.6666666666666,0.7736,14.622566612632003,14.914122846632385,14.609248307433079,2211647.580845837
True,True,2025-12-19,1200000.0,33.706927,-116.379219,2426.0,323 - South Palm Desert,True,2.0,0.1,1973.0,3.0,Palm Desert,3.0,True,1.0,One,4356.0,False,2.0,Paradise Unified,92260,1370.0,4356.0,494.641384995878,1.0,52.0,0,808.6666666666666,0.5569329660238751,13.997832114758229,13.624349319661324,13.737757867984008,925193.2078029042
True,False,2025-12-19,360000.0,38.02810715,-121.96172054,1093.0,SO - Sherman Oaks,True,2.0,0.1377,1971.0,2.0,Bay Point,3.0,False,1.0,One,6000.0,False,2.0,Los Angeles Unified,94565,0.0,6000.0,329.3687099725526,1.5,54.0,0,364.3333333333333,0.18216666666666667,12.793859310432293,13.270783382522602,13.113962544190487,495817.1775896418
False,False,2025-12-18,925000.0,32.7545304,-117.0978512,874.0,92105 - East San Diego,True,0.0,2.5,1950.0,1.0,San Diego,2.0,False,1.0,One,6750.0,False,0.0,San Jacinto Unified,92105,0.0,8328.0,1058.3524027459955,2.0,75.0,0,437.0,0.10494716618635927,13.737549016494562,13.422467969854667,13.206285650482798,543772.179524249
False,False,2025-12-18,1200000.0,35.156964,-120.575318,2776.0,AG-East of Hwy 101,True,2.0,5.0,2020.0,3.0,Arroyo Grande,4.0,False,2.0,Two,217800.0,False,2.0,Lucia Mar Unified,93420,120.0,217800.0,432.27665706051874,1.3333333333333333,5.0,0,694.0,0.012745638200183654,13.997832114758229,13.953093847654955,14.224361526429522,1505087.398285532
True,False,2025-12-17,2400000.0,37.84343338,-122.02808185,2449.0,92056 - Oceanside,True,2.0,0.3512,1957.0,3.0,Alamo,4.0,True,1.0,One,15300.0,False,2.0,William S. Hart Union,94507,0.0,15300.0,979.9918334013884,1.3333333333333333,68.0,0,612.25,0.1600653594771242,14.690979295318174,14.721750953984929,14.734405836157443,2506519.8527410566
False,False,2025-12-18,600000.0,33.898967,-118.245376,858.0,"RP - Compton S of Rosecrans, E of Central,W of Ala",True,1.0,0.1207,1950.0,1.0,Compton,2.0,False,1.0,One,5256.0,False,1.0,Compton Unified,90220,0.0,5256.0,699.3006993006993,2.0,75.0,0,429.0,0.1632420091324201,13.304684934198283,13.386264921190707,13.18104136327606,530216.8555586782
True,False,2025-12-16,1070000.0,33.928277,-118.033002,2082.0,670 - Whittier,False,2.0,0.3971,1961.0,2.0,Whittier,4.0,True,1.0,One,17297.0,False,2.0,Whittier Union High,90604,0.0,17297.0,513.9289145052834,2.0,64.0,0,520.5,0.12036769381973753,13.883169206438088,13.636672835828117,13.74523823219867,932139.9396157387
False,False,2025-12-18,2500000.0,32.9877725,-117.2476062,2369.0,92014 - Del Mar,True,4.0,0.1713,1985.0,3.0,Del Mar,3.0,False,1.0,One,4000.0,False,2.0,Lake Elsinore Unified,92014,7680.0,10890.0,1055.297593921486,1.0,40.0,0,789.6666666666666,0.2175390266299357,14.73180128983843,14.859308410932126,14.861480931529897,2846159.021556136
False,False,2025-12-12,675000.0,36.69879067,-121.64704774,1603.0,699 - Not Defined,True,1.0,0.1423,1951.0,2.0,Salinas,3.0,False,1.0,One,6200.0,False,1.0,Other,93906,0.0,6200.0,421.085464753587,1.5,74.0,0,534.3333333333334,0.2585483870967742,13.422467969854667,13.472921052508891,13.487558363421833,720397.457812225
True,False,2025-12-19,4200000.0,33.756155,-118.33369,3677.0,166 - Rolling Hills,True,3.0,1.1445,1952.0,4.0,Rolling Hills,4.0,True,1.0,One,49853.0,False,3.0,Palos Verdes Peninsula Unified,90274,4995.0,49853.0,1142.2355180853956,1.0,73.0,0,919.25,0.07375684512466651,15.250595083253597,14.735791327008538,15.051533419530806,3441897.305253086
True,False,2025-12-18,1600000.0,37.91752213,-122.28535583,2889.0,623 - Glassel Park,True,2.0,0.15,1953.0,3.0,El Cerrito,7.0,True,1.0,One,6534.0,False,2.0,Paso Robles Joint Unified,94530,0.0,6534.0,553.8248528902734,2.333333333333333,72.0,0,412.7142857142857,0.44214876033057854,14.28551418721001,14.137594057133388,14.301244318530207,1625367.201756476
True,False,2025-12-18,1600000.0,37.39055395,-121.82563603,1772.0,699 - Not Defined,True,2.0,0.1837,1948.0,3.0,San Jose,4.0,True,1.0,Two,8000.0,False,2.0,Other,95127,0.0,8000.0,902.9345372460496,1.3333333333333333,77.0,0,443.0,0.2215,14.28551418721001,13.972514306773938,14.060065647723913,1277053.0128300413
True,False,2025-12-30,904000.0,33.35683506,-117.15096827,3006.0,92028 - Fallbrook,True,4.0,0.1144,2018.0,3.0,Fallbrook,4.0,True,2.0,Two,4983.0,False,2.0,Fullerton Joint Union High,92028,205.0,4983.0,300.73186959414505,1.3333333333333333,7.0,0,751.5,0.6032510535821795,13.714584639374314,13.681979165339751,13.852913168181951,1038110.8907648651
False,False,2025-12-17,4312500.0,33.05704003,-117.30001324,1157.0,92024 - Encinitas,False,4.0,0.1359,1950.0,1.0,Encinitas,2.0,True,1.0,One,10018.0,False,2.0,Long Beach Unified,92024,0.0,6556.0,3727.312013828868,2.0,75.0,0,578.5,0.17647956070774862,15.277028340321753,14.603967918328545,14.199298362379224,1467833.940751783
True,False,2025-12-17,2300000.0,33.876351,-118.38284,1385.0,147 - Manhattan Bch Mira Costa,False,4.0,0.1709,1948.0,2.0,Manhattan Beach,3.0,True,1.0,One,7446.0,False,2.0,Manhattan Unified,90266,0.0,7446.0,1660.6498194945848,1.5,77.0,0,461.6666666666667,0.18600590921300028,14.648419680899378,15.040754419423045,14.793210306118196,2658334.3651686027
False,False,2025-12-30,5800000.0,37.85435058,-122.23478585,8500.0,699 - Not Defined,True,2.0,0.5615,2002.0,7.0,Berkeley,6.0,True,1.0,ThreeOrMore,24458.0,False,2.0,San Bernardino City Unified,94705,0.0,24458.0,682.3529411764706,0.8571428571428571,23.0,0,1416.6666666666667,0.3475345490228146,15.573368475516649,14.521080258522776,15.434173080502292,5046336.439737926
True,False,2025-12-30,350000.0,34.008981,-117.36625,1168.0,252 - Riverside,False,7.0,0.44,1950.0,2.0,Riverside,2.0,True,1.0,One,19166.0,False,1.0,Riverside Unified,92501,0.0,19166.0,299.6575342465753,1.0,75.0,0,584.0,0.06094125013043932,12.765688433465597,13.304684934198283,13.149029478835832,513512.4116940873
True,False,2025-12-15,8550000.0,33.605331,-117.867478,2722.0,CS - Corona Del Mar - Spyglass,True,2.0,0.2595,1962.0,2.0,Corona Del Mar,3.0,True,1.0,One,11303.0,False,2.0,Newport Mesa Unified,92625,510.0,11303.0,3141.0727406318883,1.5,63.0,0,907.3333333333334,0.24082102096788463,15.961441840912943,15.317162327489429,15.353866209804742,4656926.363354121
True,False,2025-12-18,800000.0,34.311075,-118.453446,1645.0,SYL - Sylmar,False,2.0,0.4779,1950.0,2.0,Sylmar,3.0,True,1.0,One,20816.0,False,2.0,Los Angeles Unified,91342,0.0,20816.0,486.322188449848,1.5,75.0,0,548.3333333333334,0.07902574942352036,13.592367006650065,13.667586227071855,13.721276964853939,910070.1512922434
True,False,2025-12-15,1155000.0,33.570322999999995,-117.66393,2289.0,MS - Mission Viejo South,True,6.0,0.2652,1969.0,3.0,Mission Viejo,3.0,True,2.0,Two,11550.0,False,3.0,Capistrano Unified,92691,0.0,11550.0,504.58715596330273,1.0,56.0,0,763.0,0.19818181818181818,13.959610901938031,14.092573789669016,14.196584488809709,1463855.8255080518
True,True,2025-12-16,2100000.0,33.842761,-116.550474,2899.0,332 - Central Palm Springs,False,4.0,0.33,1947.0,5.0,Palm Springs,4.0,True,1.0,One,14375.0,False,2.0,Sweetwater Union,92262,0.0,14375.0,724.387719903415,0.8,78.0,0,724.75,0.2016695652173913,14.557447902693651,13.737549016494562,14.268120311971908,1572410.439893361
False,False,2025-12-16,865000.0,34.282375,-119.217748,1724.0,16 - Fountain Valley / Northeast HB,True,2.0,0.16,1964.0,2.0,Ventura,4.0,True,2.0,Two,6969.0,False,2.0,Apple Valley Unified,93003,140.0,6969.0,501.74013921113686,2.0,61.0,0,431.0,0.24738125986511694,13.670484785914017,13.825460888817442,13.81748913181774,1001980.5325222908
False,False,2025-12-16,1530000.0,37.8328061,-121.95426741,2084.0,WEH - West Hills,True,1.0,0.1079,1920.0,3.0,Diablo,2.0,True,2.0,Two,4700.0,False,1.0,Rialto Unified,94528,322.0,4700.0,734.1650671785029,0.6666666666666666,105.0,0,1042.0,0.44340425531914895,14.240778293368619,14.626193799613961,14.517832311884831,2018433.5775255777
False,False,2025-12-16,6750000.0,37.24839748,-121.98895572,4010.0,699 - Not Defined,True,3.0,0.7851,1973.0,3.0,Monte Sereno,5.0,True,2.0,Two,34200.0,False,3.0,Other,95030,190.0,34200.0,1683.291770573566,1.6666666666666667,52.0,0,802.0,0.11725146198830409,15.725053062848712,15.107414985656664,15.315334998221324,4480902.335218424
False,False,2025-12-05,760000.0,34.12566,-117.894654,1360.0,607 - Azusa,True,2.0,0.1387,1956.0,2.0,Azusa,5.0,False,1.0,One,6042.0,False,2.0,Azusa Unified,91702,0.0,6042.0,558.8235294117648,2.5,69.0,0,272.0,0.22509102946044357,13.541073712262515,13.534473028231162,13.485421318571186,718859.5799768283
False,False,2025-12-31,300000.0,34.683919,-118.142832,958.0,LAC - Lancaster,True,1.0,0.1441,1952.0,1.0,Lancaster,2.0,True,1.0,One,6275.0,False,1.0,El Tejon Unified,93534,0.0,6275.0,313.1524008350731,2.0,73.0,0,479.0,0.15266932270916334,12.611537753638338,12.971540487669746,12.719521003665989,334208.7255821445
False,True,2025-12-16,3500000.0,33.039564,-117.287883,1446.0,92024 - Encinitas,True,1.0,0.1928,1990.0,3.0,Encinitas,3.0,True,1.0,One,8400.0,True,1.0,San Dieguito Union,92024,0.0,8400.0,2420.470262793914,1.0,35.0,0,482.0,0.17214285714285715,15.068273526459642,14.603967918328545,14.266653698999292,1570106.012608472
False,False,2025-12-24,610000.0,34.646835,-118.254475,2276.0,LAC - Lancaster,True,3.0,0.2748,1996.0,2.0,Lancaster,3.0,True,1.0,One,11969.0,False,3.0,Antelope Valley Union,93536,0.0,11969.0,268.0140597539543,1.5,29.0,0,758.6666666666666,0.1901579079288161,13.321214236149494,13.224918336616522,13.284656636207252,588102.5616275673
True,False,2025-12-16,1325000.0,37.8845949,-122.08114032,1680.0,16 - Fountain Valley / Northeast HB,True,2.0,0.4793,1947.0,2.0,Lafayette,3.0,True,1.0,One,20880.0,False,2.0,Charter Oak Unified,94595,483.0,20880.0,788.6904761904761,1.5,78.0,0,560.0,0.08045977011494253,14.09692301740246,14.242321468926221,14.208063067788828,1480755.6174573249
False,False,2025-12-16,843000.0,37.94449499,-122.0489028,2202.0,699 - Not Defined,True,1.0,0.2146,1969.0,3.0,Concord,5.0,True,1.0,One,9350.0,False,1.0,Whittier Union High,94518,0.0,9350.0,382.8337874659401,1.6666666666666667,56.0,0,440.4,0.23550802139037433,13.644722236983993,13.753635154246187,13.84332875112976,1028208.7320525373
False,False,2025-12-15,875000.0,37.78219828,-122.18957353,1747.0,VC32 - Oxnard - Port Hueneme Beaches,True,2.0,0.1726,1952.0,2.0,Oakland,4.0,True,1.0,One,7520.0,False,2.0,Other,94619,0.0,7520.0,500.858614768174,2.0,73.0,0,436.75,0.23231382978723406,13.681979165339751,13.80285165397213,13.818084755393613,1002577.5135203556
True,False,2025-12-29,1995000.0,34.11592,-116.349951,2252.0,DC615 - Upper Friendly Hills,False,6.0,2.3,2025.0,4.0,Joshua Tree,5.0,True,1.0,One,100188.0,True,2.0,Long Beach Unified,92252,0.0,100188.0,885.8792184724689,1.25,0.0,0,450.4,0.022477741845330777,14.506154608306101,12.871334622600584,13.584548691764988,793769.7349149896
False,True,2025-12-12,740000.0,33.718329,-116.368019,1819.0,323 - South Palm Desert,True,1.0,0.13,1953.0,3.0,Palm Desert,4.0,True,1.0,One,5663.0,False,2.0,Mojave Unified,92260,0.0,5663.0,406.8169323804288,1.3333333333333333,72.0,0,454.75,0.3212078403672965,13.514405465180353,13.624349319661324,13.675712768610422,869534.0466641758
True,False,2025-12-12,540000.0,33.857342,-116.539555,1588.0,331 - North End Palm Springs,True,2.0,0.17,1998.0,2.0,Palm Springs,3.0,True,1.0,One,7405.0,False,2.0,Los Angeles Unified,92262,415.0,7405.0,340.05037783375315,1.5,27.0,0,529.3333333333334,0.21444969615124915,13.199324418540456,13.737549016494562,13.619895273056965,822328.5360302947
False,False,2025-12-17,825000.0,37.99070851,-122.35263489,1910.0,259 - Moreno Valley,True,2.0,0.1377,2024.0,2.0,Richmond,4.0,False,1.0,One,6000.0,True,2.0,West Contra Costa,94806,392.0,6000.0,431.9371727748691,2.0,1.0,0,477.5,0.31833333333333336,13.623138665316818,13.321214236149494,13.326598446521123,613293.2260819018
True,False,2025-12-05,1140000.0,37.88926799,-122.03525722,1290.0,252 - Riverside,True,2.0,0.4821,1955.0,2.0,Walnut Creek,3.0,True,1.0,One,21000.0,False,2.0,Acalanes,94596,0.0,21000.0,883.7209302325581,1.5,70.0,0,430.0,0.06142857142857143,13.946538820370678,14.269765830241871,14.078011811498095,1300178.0979846893
True,False,2025-12-15,3000000.0,37.78515232,-121.85903587,6000.0,646 - Pasadena (NE),True,4.0,2.8,2007.0,7.0,San Ramon,5.0,True,1.0,One,121968.0,False,4.0,Hemet Unified,94583,267.0,121968.0,500.0,0.7142857142857143,18.0,0,1200.0,0.04919323101141283,14.914122846632385,14.23026571297953,15.227066921881102,4102335.1645937553
False,True,2025-12-22,860000.0,39.738519,-121.632894,2800.0,92010 - Carlsbad,True,3.0,0.88,2025.0,4.0,Paradise,4.0,True,1.0,One,38333.0,True,3.0,Paradise Unified,95969,0.0,38333.0,307.1428571428572,1.0,0.0,0,700.0,0.07304411342707327,13.664687668229691,12.89921982609012,13.533503052506658,754268.0233851636
False,False,2025-12-19,6450000.0,34.144698,-118.420059,5035.0,STUD - Studio City,True,4.0,0.2219,2022.0,6.0,Studio City,4.0,True,1.0,MultiSplit,9666.0,False,2.0,San Luis Coastal Unified,91604,0.0,9666.0,1281.0327706057597,0.6666666666666666,3.0,0,1258.75,0.520897992965032,15.679590688771956,14.603967918328545,15.517276283081216,5483621.416446345
True,False,2025-12-03,850000.0,37.95050645,-121.98227938,1567.0,699 - Not Defined,True,1.0,0.1295,1976.0,2.0,Concord,4.0,True,1.0,One,5640.0,False,1.0,Mount Diablo,94521,137.0,5640.0,542.4377791959157,2.0,49.0,0,391.75,0.27783687943262414,13.652991628466498,13.656514826473817,13.627433246406571,828550.6482152123
False,False,2025-12-23,800000.0,32.7243077,-117.11314416,1250.0,92105 - East San Diego,True,3.0,0.1331,1955.0,1.0,San Diego,3.0,False,1.0,One,5800.0,False,1.0,Other,92105,0.0,5800.0,640.0,3.0,70.0,0,416.6666666666667,0.21551724137931033,13.592367006650065,13.422467969854667,13.31967675554895,609062.8574375287
False,False,2025-12-17,700000.0,34.085635,-118.297589,1349.0,C20 - Hollywood,True,1.0,0.1283,1919.0,1.0,Los Angeles,3.0,False,1.0,One,5588.0,False,3.0,Rim of the World,90029,120.0,5588.0,518.9028910303929,3.0,106.0,0,449.6666666666667,0.2414101646385111,13.458835614025542,13.731996015476444,13.544854377573003,762878.7439908173
False,False,2025-12-30,535000.0,36.67620552,-121.61822369,1509.0,699 - Not Defined,False,0.0,0.1653,1942.0,1.0,Salinas,3.0,True,1.0,Two,7200.0,False,0.0,Other,93905,0.0,7200.0,354.53943008614976,3.0,83.0,0,503.0,0.20958333333333334,13.190022025878143,13.403597805863242,13.36122399779432,634900.7699029233
False,True,2025-12-12,2900000.0,34.178172,-118.5652,4003.0,WHLL - Woodland Hills,True,2.0,0.4171,1949.0,4.0,Woodland Hills,5.0,False,2.0,Two,18170.0,False,2.0,Lompoc Unified,91367,94.0,18170.0,724.4566575068699,1.25,76.0,0,800.6,0.22030820033021464,14.880221294956703,14.130321297804308,14.683310309783733,2381664.8306542076
False,False,2025-12-15,699000.0,34.234218,-118.412283,1534.0,ARL - Arleta,False,4.0,0.1991,1954.0,2.0,Arleta,3.0,False,1.0,One,8673.0,False,2.0,Los Angeles Unified,91331,0.0,8673.0,455.671447196871,1.5,71.0,0,511.3333333333333,0.17687074829931973,13.457406021215947,13.541073712262515,13.527864192908783,750026.7810253551
True,False,2025-12-22,565000.0,34.081901,-117.414292,1182.0,264 - Fontana,True,2.0,0.4298,1947.0,1.0,Fontana,3.0,False,1.0,One,18720.0,False,2.0,Colton Unified,92335,0.0,18720.0,478.00338409475467,3.0,78.0,0,394.0,0.06314102564102564,13.244581010128577,13.226723392728571,13.126880242201878,502263.5406038024
True,False,2025-12-29,675000.0,34.499279,-117.262921,2534.0,VIC - Victorville,True,3.0,0.1669,1991.0,3.0,Victorville,4.0,True,2.0,Two,7269.0,False,3.0,Victor Valley Unified,92395,412.0,7269.0,266.3772691397001,1.3333333333333333,34.0,0,633.5,0.3486036593754299,13.422467969854667,12.947950462906661,13.118530462471089,498087.21065457264
True,False,2025-12-29,1415000.0,33.65784,-117.69696,1791.0,LN - Lake Forest North,True,3.0,0.1493,1976.0,2.0,Lake Forest,4.0,True,1.0,One,6503.0,False,3.0,Saddleback Valley Unified,92630,150.0,6503.0,790.0614182021217,2.0,49.0,0,447.75,0.2754113486083346,14.162640089059476,14.077874822431765,14.021972932036007,1229321.4789850847
True,False,2025-12-22,310000.0,37.672636,-121.025695,1260.0,250 - Norco,True,2.0,0.1425,1961.0,2.0,Modesto,3.0,False,1.0,One,6207.0,False,2.0,Stanislaus Union,95350,0.0,6207.0,246.031746031746,1.5,64.0,0,420.0,0.2029966167230546,12.644327576461329,13.028052697933088,12.902886337899192,401469.29667441593
False,False,2025-12-29,285000.0,34.475384000000005,-117.327703,1372.0,VIC - Victorville,True,2.0,0.5785,1979.0,2.0,Victorville,3.0,True,1.0,One,25200.0,False,2.0,Victor Valley Union High,92395,0.0,25200.0,207.7259475218659,1.5,46.0,0,457.3333333333333,0.05444444444444444,12.560244459250788,12.947950462906661,12.846519622014986,379465.7502274332
True,False,2025-12-12,1690000.0,37.73522623,-122.45778069,1106.0,SVC - Central Simi,True,1.0,0.1456,1939.0,3.0,San Francisco,3.0,True,1.0,ThreeOrMore,6342.0,False,1.0,Westside Union,94127,0.0,6342.0,1528.0289330922242,1.0,86.0,0,368.6666666666667,0.17439293598233996,14.340239086899256,14.151982794585487,13.946219940527774,1139636.5349330108
True,True,2025-12-12,2250000.0,34.148527,-118.62766200000002,2576.0,WHLL - Woodland Hills,True,2.0,0.3246,1959.0,4.0,Woodland Hills,4.0,True,1.0,One,14138.0,False,2.0,Los Angeles Unified,91364,0.0,14138.0,873.4472049689441,1.0,66.0,0,644.0,0.18220398924883294,14.626440774180603,14.15910026235435,14.335080389465928,1681304.2499936756
True,False,2025-12-30,400000.0,36.843845,-119.770596,1733.0,289 - Big Bear Area,True,2.0,0.1686,1975.0,2.0,Fresno,3.0,True,1.0,One,7344.0,False,2.0,Clovis Unified,93720,0.0,7344.0,230.8136180034622,1.5,50.0,0,577.6666666666666,0.23597494553376908,12.89921982609012,13.253237722616966,13.2133146570822,547607.8223497974
True,False,2025-12-12,6407500.0,33.72908,-118.085293,3948.0,17 - Northwest Huntington Beach,True,2.0,0.0373,1968.0,6.0,Surfside,4.0,True,2.0,Two,1625.0,False,2.0,Los Alamitos Unified,90743,60.0,1625.0,1622.9736575481256,0.6666666666666666,57.0,0,987.0,2.4295384615384616,15.672979737220363,14.528460365820399,14.962917092188999,3150012.856395862
False,False,2025-12-12,763000.0,33.868748,-117.887856,1253.0,83 - Fullerton,False,2.0,0.1607,1955.0,2.0,Fullerton,4.0,True,1.0,One,7000.0,False,2.0,Fullerton Joint Union High,92831,0.0,7000.0,608.9385474860335,2.0,70.0,0,313.25,0.179,13.545013310266594,13.966081104032241,13.81932358154932,1003820.3024079764
False,False,2025-12-30,385000.0,33.747965,-116.25888700000002,1488.0,309 - Indio North of East Valley,True,4.0,0.11,2006.0,2.0,Indio,2.0,False,1.0,One,4792.0,False,2.0,Torrance Unified,92203,369.0,4792.0,258.73655913978496,1.0,19.0,0,744.0,0.3105175292153589,12.86099861326992,13.255142955086335,12.990400522993406,438186.77394323045
True,False,2025-12-12,1295000.0,33.610622,-117.925139,1385.0,N8 - West Newport - Lido,True,1.0,20.9813,2001.0,3.0,Newport Beach,2.0,False,2.0,Two,913944.0,False,1.0,Newport Mesa Unified,92663,0.0,913944.0,935.0180505415162,0.6666666666666666,24.0,0,692.5,0.0015154101345377835,14.074021253115776,15.327852605716153,14.654566463733362,2314181.1400619107
False,False,2025-12-12,1900000.0,32.76875872,-117.1073009,1552.0,92116 - Normal Heights,False,6.0,0.1672,1926.0,2.0,San Diego,3.0,False,1.0,One,7283.0,False,2.0,Moreno Valley Unified,92116,0.0,7283.0,1224.2268041237114,1.5,99.0,0,517.3333333333334,0.21309899766579707,14.457364444136669,14.115615150414612,14.122319240901566,1359080.9278266118
True,False,2025-12-11,1600000.0,34.167156,-118.258678,1728.0,626 - Glendale-Northwest,True,0.0,0.2105,1933.0,3.0,Glendale,3.0,False,1.0,One,9169.0,False,3.0,Los Angeles Unified,91202,0.0,9169.0,925.925925925926,1.0,92.0,0,576.0,0.188461118987894,14.28551418721001,14.383661248349535,14.289430231208001,1606277.9547473805
True,False,2025-12-30,850000.0,33.621598,-117.641365,1287.0,MC - Mission Viejo Central,True,2.0,0.0967,1976.0,2.0,Mission Viejo,2.0,True,1.0,One,4211.0,False,2.0,Capistrano Unified,92692,584.0,4211.0,660.4506604506605,1.0,49.0,0,643.5,0.30562811683685587,13.652991628466498,14.006130917572923,13.685226885567738,877846.3748121267
True,False,2025-12-30,1375000.0,32.795767,-117.200801,2157.0,92117 - Clairemont Mesa,True,2.0,0.0,1973.0,3.0,San Diego,4.0,True,1.0,"One,Two",0.15,False,2.0,San Diego Unified,92117,0.0,0.15,637.4594343996291,1.3333333333333333,52.0,0,539.25,14380.0,14.133964289082808,13.964016766263498,13.977711761421894,1176096.8522699033
True,False,2025-12-29,1460000.0,34.149326,-118.209408,2746.0,624 - Glendale-Chevy Chase/E. Glenoaks,True,2.0,0.1876,1968.0,3.0,Glendale,4.0,True,1.0,One,8173.0,False,2.0,Palmdale,91206,0.0,8173.0,531.6824471959213,1.3333333333333333,57.0,0,686.5,0.3359843386761287,14.19394699368452,14.269765830241871,14.429335077585808,1847483.6419033972
False,False,2025-12-30,1578000.0,37.30195775,-121.81107575,1478.0,699 - Not Defined,True,2.0,0.1377,1974.0,2.0,San Jose,4.0,False,1.0,One,6000.0,False,2.0,Other,95121,435.0,6000.0,1067.65899864682,2.0,51.0,0,369.5,0.24633333333333332,14.271668780387957,14.133798972500049,14.001133109283336,1203967.738568882
False,False,2025-12-22,800000.0,34.055572999999995,-118.089682,1084.0,651 - Rosemead/S. San Gabriel,True,0.0,0.1609,1926.0,1.0,Rosemead,2.0,False,1.0,One,7010.0,False,0.0,Alhambra,91770,0.0,7010.0,738.0073800738007,2.0,99.0,0,542.0,0.15463623395149786,13.592367006650065,13.726664413759128,13.532629285311822,753609.2565765415
True,True,2025-12-11,4100000.0,33.539588,-117.632463,4353.0,LD - Ladera Ranch,True,2.0,0.3463,2006.0,5.0,Ladera Ranch,5.0,True,2.0,Two,15086.0,False,2.0,Capistrano Unified,92694,660.0,15086.0,941.879163795084,1.0,19.0,0,870.6,0.28854567148349464,15.226497531674536,14.232573444874031,14.78270905190307,2630564.584171388
True,False,2025-12-11,3360000.0,33.636581,-117.870025,2476.0,NV - East Bluff - Harbor View,True,2.0,0.0848,2000.0,3.0,Newport Beach,3.0,True,2.0,Two,3695.0,False,2.0,Newport Mesa Unified,92660,810.0,3695.0,1357.02746365105,1.0,25.0,0,825.3333333333334,0.6700947225981055,15.027451531939388,15.133214468519324,14.918464288005284,3013052.637246926
False,False,2025-12-10,960000.0,33.748853000000004,-117.938495,532.0,"66 - N of Blsa, S of GGrv, E of Brookhrst, W of Ha",False,2.0,0.1755,1939.0,1.0,Santa Ana,1.0,False,2.0,Two,7644.0,False,2.0,Santa Ana Unified,92703,0.0,7644.0,1804.5112781954888,1.0,86.0,0,532.0,0.0695970695970696,13.77468856344402,13.597966781776865,13.11588601350744,496771.7845017904
True,False,2025-12-11,630000.0,37.83711063,-122.19029702,1720.0,321 - Rancho Mirage,True,2.0,0.1774,1974.0,2.0,Oakland,3.0,True,1.0,One,7728.0,False,2.0,Val Verde,94611,208.0,7728.0,366.27906976744185,1.5,51.0,0,573.3333333333334,0.2225672877846791,13.353475098367715,14.128493142202753,13.956803286423206,1151761.7520850995
True,False,2025-12-11,350000.0,37.430457,-119.822477,1277.0,MP4 - Mariposa 4,True,0.0,4.7,2009.0,2.0,Mariposa,3.0,True,1.0,One,204732.0,False,0.0,Mariposa County Unified,95338,0.0,204732.0,274.079874706343,1.5,16.0,0,425.6666666666667,0.006237422581716586,12.765688433465597,12.89921982609012,12.85622479991394,383166.46182454814
False,False,2025-12-26,370000.0,38.18789308,-121.70957203,1767.0,669 - West Covina,True,1.0,0.1754,2007.0,2.0,Rio Vista,2.0,True,1.0,One,7639.0,False,1.0,Jurupa Unified,94571,0.0,7639.0,209.39445387662704,1.0,18.0,0,883.5,0.2313129990836497,12.821258284620408,13.106132772326639,13.006837225444833,445448.6366115091
True,True,2025-12-11,765000.0,33.578986,-117.239649,2562.0,SRCAR - Southwest Riverside County,True,7.0,0.16,1999.0,3.0,Murrieta,4.0,True,2.0,Two,6970.0,False,3.0,Murrieta,92562,0.0,6970.0,298.59484777517565,1.3333333333333333,26.0,0,640.5,0.36757532281205163,13.547631112808673,13.487006490992238,13.542518242330319,761098.6361669794
False,False,2025-12-09,2375000.0,34.009752,-118.362255,2548.0,PHHT - Park Hills Heights,True,0.0,0.2157,1960.0,3.0,Los Angeles,3.0,True,1.0,One,9394.0,False,3.0,Bakersfield City,90008,638.0,9394.0,932.1036106750392,1.0,65.0,0,849.3333333333334,0.27123695976154993,14.68050799545088,14.085537695177335,14.301705115610712,1626116.3388046208
False,False,2025-12-26,1633000.0,37.459049,-122.244382,980.0,699 - Not Defined,True,2.0,0.143,1951.0,1.0,Redwood City,3.0,True,1.0,One,6231.0,False,2.0,Other,94061,0.0,6231.0,1666.3265306122448,3.0,74.0,0,326.6666666666667,0.15727812550152465,14.305929371952603,14.580978400103845,14.136456418204265,1378430.9509526747
False,False,2025-12-31,1621000.0,37.57272269,-122.31445916,1513.0,699 - Not Defined,True,1.0,0.1046,1944.0,3.0,San Mateo,4.0,True,1.0,One,4556.0,False,1.0,Other,94401,94.0,4556.0,1071.3813615333777,1.3333333333333333,81.0,0,378.25,0.332089552238806,14.298553800717814,14.204168547756057,14.185782207435599,1448127.944427509
True,False,2025-12-12,4000000.0,32.72662935,-117.24888155,3052.0,92107 - Ocean Beach,True,4.0,0.186,2024.0,5.0,San Diego,4.0,True,2.0,Two,8100.0,False,2.0,Hesperia Unified,92107,550.0,8100.0,1310.615989515072,0.8,1.0,0,763.0,0.37679012345679014,15.201804919084164,14.403297222866392,14.896189353802505,2946679.065844091
False,False,2025-12-31,1254000.0,32.97141502,-117.08050273,1899.0,92128 - Rancho Bernardo,True,4.0,0.115,1989.0,3.0,San Diego,4.0,True,2.0,Two,5208.0,False,2.0,Santa Ana Unified,92128,58.0,5178.0,660.347551342812,1.3333333333333333,36.0,0,474.75,0.3667439165701043,14.041849000175002,13.983960916083914,13.957327296949266,1152365.4455237503
False,False,2025-12-19,710000.0,33.896102,-118.245991,1738.0,"RP - Compton S of Rosecrans, E of Central,W of Ala",False,0.0,0.123,1950.0,2.0,Compton,4.0,True,1.0,One,5356.0,False,0.0,Compton Unified,90220,0.0,5356.0,408.5155350978136,2.0,75.0,0,434.5,0.3244958924570575,13.473020249017498,13.386264921190707,13.41795989519883,671963.8982358412
False,False,2025-12-31,745000.0,33.895256,-118.00151,1269.0,M3 - La Mirada,False,2.0,0.163,1955.0,2.0,La Mirada,3.0,True,1.0,One,7100.0,False,2.0,Norwalk - La Mirada,90638,0.0,7100.0,587.0764381402679,1.5,70.0,0,423.0,0.17873239436619717,13.521139497361697,13.709037694795391,13.63922163436814,838375.7218127657
False,False,2025-12-29,1011000.0,33.631001,-117.667805,1212.0,MN - Mission Viejo North,True,4.0,0.109,1971.0,2.0,Mission Viejo,2.0,True,1.0,One,4750.0,False,2.0,Saddleback Valley Unified,92691,28.0,4750.0,834.1584158415842,1.0,54.0,0,606.0,0.2551578947368421,13.82645049800261,14.092573789669016,13.782743371909223,967763.8422814391
True,True,2025-12-10,1155000.0,39.816744,-121.896072,3111.0,259 - Moreno Valley,True,2.0,13.14,1965.0,2.0,Chico,4.0,True,1.0,One,572378.0,False,2.0,Chico Unified,95973,0.0,572378.0,371.2632594021215,2.0,60.0,0,777.75,0.005435219382995154,13.959610901938031,13.151922179645874,13.570019970023237,782320.6470079162
True,True,2025-12-30,1350000.0,34.066553000000006,-117.865738,2340.0,614 - Covina,True,2.0,0.9424,1956.0,2.0,Covina,3.0,True,1.0,One,41052.0,False,2.0,See Remarks,91724,0.0,41052.0,576.9230769230769,1.5,69.0,0,780.0,0.05700087693656825,14.115615150414612,13.681962838542578,13.881665805151995,1068392.569233382
False,False,2025-12-26,480000.0,33.941492,-117.402491,1037.0,252 - Riverside,False,2.0,0.18,1953.0,1.0,Riverside,3.0,False,1.0,ThreeOrMore,7841.0,False,2.0,Riverside Unified,92504,0.0,7841.0,462.8736740597879,3.0,72.0,0,345.6666666666667,0.13225353908940185,13.081541382884074,13.353475098367715,13.238351119056494,561491.0530718059
True,False,2025-12-31,1675000.0,33.906032,-118.376793,1688.0,107 - Holly Glen/Del Aire,True,2.0,0.1148,1954.0,2.0,Hawthorne,3.0,True,1.0,One,5002.0,False,2.0,Wiseburn Unified,90250,0.0,5002.0,992.298578199052,1.5,71.0,0,562.6666666666666,0.33746501399440226,14.331323723241304,13.710150042306449,13.738546012232685,925922.6809358156
True,False,2025-12-30,880000.0,34.191783,-118.571694,1344.0,WIN - Winnetka,False,2.0,0.2532,1955.0,3.0,Winnetka,3.0,True,1.0,One,11031.0,False,2.0,Los Angeles Unified,91306,0.0,11031.0,654.7619047619048,1.0,70.0,0,448.0,0.1218384552624422,13.687677186454389,13.65680576350189,13.645683610526246,843810.8275877653
False,False,2025-12-29,1785000.0,37.53674842,-122.00650071,1360.0,632 - Highland Park,True,2.0,0.1639,1961.0,2.0,Fremont,3.0,False,1.0,One,7140.0,False,2.0,Laguna Beach Unified,94536,44.0,7140.0,1312.5,1.5,64.0,0,453.3333333333333,0.19047619047619047,14.394928973195876,14.316285845876763,14.14080246915373,1384434.7189867096
False,False,2025-12-10,3200000.0,37.2907074,-121.88334959,2710.0,699 - Not Defined,True,2.0,0.1977,2025.0,3.0,San Jose,5.0,False,2.0,One,8610.0,False,2.0,San Jose Unified,95125,488.0,8610.0,1180.8118081180812,1.6666666666666667,0.0,0,542.0,0.3147502903600465,14.978661367769956,14.462613800022813,14.65213352711422,2308557.7274999325
True,False,2025-12-31,1725000.0,33.820752,-118.382421,1108.0,156 - S Redondo Bch S of Torrance Bl,False,2.0,0.1262,1947.0,2.0,Redondo Beach,3.0,True,1.0,One,5499.0,False,2.0,Redondo Unified,90277,0.0,5499.0,1556.8592057761732,1.5,78.0,0,369.3333333333333,0.20149118021458448,14.360737608447597,14.508657738524219,14.31304863537898,1644667.2389707195
True,False,2025-12-11,2750000.0,33.975987,-118.413841,2449.0,C39 - Playa Vista,True,3.0,0.0351,2016.0,4.0,Los Angeles,3.0,False,2.0,ThreeOrMore,1529.0,False,2.0,Capistrano Unified,90094,115.0,1529.0,1122.9073091057571,0.75,9.0,0,816.3333333333334,1.6017004578155658,14.827111469642754,14.907433858481587,14.958933936548418,3137490.8200845113
False,False,2025-12-10,442000.0,34.005903,-118.09344,1220.0,649 - Pico Rivera,False,2.0,0.1413,1934.0,2.0,Pico Rivera,3.0,False,1.0,One,6157.0,False,2.0,El Rancho Unified,90660,0.0,6157.0,362.2950819672131,1.5,91.0,0,406.6666666666667,0.19814844891992853,12.999065161059836,13.527828485512494,13.499608599453504,729130.9317458783
True,False,2025-12-30,2179000.0,33.459098,-117.632046,2354.0,CD - Coast District,True,3.0,2.8,1986.0,3.0,San Clemente,4.0,True,2.0,Two,121968.0,False,3.0,Capistrano Unified,92673,155.0,121968.0,925.6584536958368,1.3333333333333333,39.0,0,588.5,0.0193001443001443,14.594376613926757,14.446782334806132,14.432636927858185,1853593.8381950515
True,False,2025-12-23,1540000.0,32.81122404,-117.2115341,2702.0,92117 - Clairemont Mesa,False,4.0,0.1825,1963.0,3.0,San Diego,4.0,True,2.0,Two,4500.0,False,2.0,Oakland,92117,0.0,8276.0,569.9481865284974,1.3333333333333333,62.0,0,675.5,0.3264862252295795,14.247292974389811,13.964016766263498,14.180163022899944,1440013.4660037372
False,False,2025-12-10,1200000.0,32.74268642,-117.21792241,1294.0,92106 - Point Loma,False,4.0,0.1148,1929.0,1.0,San Diego,3.0,False,1.0,One,5438.0,False,2.0,Irvine Unified,92106,0.0,12814.0,927.3570324574962,3.0,96.0,0,431.3333333333333,0.1009832995161542,13.997832114758229,14.53335035111459,14.254484134915545,1551114.3016774554
False,False,2025-12-26,462000.0,39.775098,-121.855452,1811.0,VN - Van Nuys,True,2.0,0.1,2025.0,3.0,Chico,4.0,False,2.0,Two,4356.0,True,2.0,Chico Unified,95973,0.0,4356.0,255.10767531750412,1.3333333333333333,0.0,0,452.75,0.4157483930211203,13.043320170063875,13.151922179645874,13.232950067226179,558466.5857964787
False,True,2025-12-12,3000000.0,34.130431,-118.10236299999998,3557.0,655 - San Marino,False,2.0,0.4697,1969.0,3.0,San Marino,3.0,True,1.0,One,20458.0,False,2.0,San Marino Unified,91108,0.0,20458.0,843.407365757661,1.0,56.0,0,1185.6666666666667,0.17386841333463682,14.914122846632385,14.878494177522658,15.199018333089013,3988869.1717271125
False,False,2025-12-10,1800000.0,37.516658,-122.31602214,1403.0,699 - Not Defined,True,2.0,0.1157,1960.0,2.0,Belmont,4.0,False,1.0,One,5039.0,False,2.0,Other,94002,0.0,5039.0,1282.965074839629,2.0,65.0,0,350.75,0.2784282595753126,14.403297222866392,14.652758082497977,14.373286576594582,1746783.3635578381
True,False,2025-12-30,1750000.0,33.473602,-117.604553,2615.0,TL - Talega,True,4.0,0.1433,2004.0,3.0,San Clemente,4.0,True,2.0,Two,6243.0,False,2.0,Capistrano Unified,92673,267.0,6243.0,669.2160611854684,1.3333333333333333,21.0,0,653.75,0.418869133429441,14.375126345899696,14.446782334806132,14.460663802412997,1906279.1335846065
True,False,2025-12-04,3500000.0,33.630351,-117.947781,2045.0,N8 - West Newport - Lido,True,2.0,0.0663,1963.0,3.0,Newport Beach,2.0,True,2.0,Two,2890.0,False,2.0,Newport Mesa Unified,92663,58.0,2890.0,1711.4914425427874,0.6666666666666666,62.0,0,1022.5,0.7076124567474048,15.068273526459642,15.327852605716153,14.922200432513756,3024330.892788351
True,True,2025-12-30,1699000.0,33.656114,-116.253316,3370.0,313 - La Quinta South of HWY 111,True,6.0,0.21,1989.0,4.0,La Quinta,3.0,True,1.0,One,9148.0,False,3.0,Atwater,92253,1070.0,9148.0,504.1543026706232,0.75,36.0,0,1123.3333333333333,0.3683865325754263,14.34555040065407,13.545013310266594,14.234964774722544,1521131.1211462424
True,False,2025-12-23,765000.0,32.700884,-117.095593,1312.0,92113 - Logan Heights,True,0.0,0.1188,1958.0,2.0,San Diego,4.0,False,1.0,One,5176.0,False,0.0,San Diego Unified,92113,0.0,5176.0,583.079268292683,2.0,67.0,0,328.0,0.2534775888717156,13.547631112808673,13.442452134775017,13.390458440483323,653735.7131834043
False,False,2025-12-22,1660000.0,37.39777726,-121.96177925,1705.0,699 - Not Defined,True,2.0,0.0514,2000.0,3.0,Santa Clara,4.0,True,1.0,One,2241.0,False,2.0,Other,95054,100.0,2241.0,973.6070381231672,1.3333333333333333,25.0,0,426.25,0.7608210620258813,14.322328160332725,14.24566827866281,14.081080969739162,1304174.6802434332
True,True,2025-12-29,915000.0,33.758671,-116.320849,2814.0,324 - East Palm Desert,True,2.0,0.35,2005.0,3.0,Palm Desert,4.0,True,1.0,One,15246.0,False,2.0,Rowland Unified,92211,120.0,15246.0,325.1599147121535,1.3333333333333333,20.0,0,703.5,0.18457300275482094,13.726679344257658,13.226723392728571,13.467254927745051,705918.399072553
False,True,2025-12-09,1410000.0,33.695547999999995,-117.901692,1365.0,C3 - South Coast Metro,True,2.0,0.1377,1971.0,2.0,Costa Mesa,3.0,False,1.0,One,6000.0,False,2.0,Newport Mesa Unified,92626,0.0,6000.0,1032.967032967033,1.5,54.0,0,455.0,0.2275,14.15910026235435,14.28551418721001,14.059455891894308,1276274.5596680483
False,False,2025-12-22,760000.0,32.82502,-117.096377,1558.0,92124 - Tierrasanta,False,3.0,0.0666,1973.0,2.0,San Diego,4.0,True,2.0,Two,2900.0,False,0.0,San Diego Unified,92124,190.0,2900.0,487.8048780487805,2.0,52.0,0,389.5,0.5372413793103449,13.541073712262515,13.981024996441848,13.781483540100314,966545.3902928656
True,False,2025-12-31,2150000.0,37.51715847,-121.96721321,1916.0,92024 - Encinitas,True,2.0,0.1556,1965.0,3.0,Fremont,5.0,True,1.0,One,6780.0,False,2.0,Long Beach Unified,94538,0.0,6780.0,1122.1294363256784,1.6666666666666667,60.0,0,383.2,0.2825958702064897,14.580978400103845,14.191890085177342,14.173290051255025,1430150.22798759
True,False,2025-12-09,3395000.0,33.622605,-117.926877,1685.0,N6 - Newport Heights,True,2.0,0.1056,1952.0,2.0,Newport Beach,2.0,True,1.0,One,4601.0,False,2.0,Newport Mesa Unified,92663,0.0,4601.0,2014.8367952522256,1.0,73.0,0,842.5,0.3662247337535318,15.037814318974933,15.327852605716153,15.09845514306421,3607245.9451095387
False,False,2025-12-26,805000.0,34.484571,-118.638216,1735.0,PRKR - Parker Road,True,2.0,0.32,1989.0,3.0,Castaic,3.0,True,2.0,Two,13941.0,False,2.0,William S. Hart Union,91384,0.0,13941.0,463.9769452449568,1.0,36.0,0,578.3333333333334,0.12445305214833943,13.5985975564007,13.602317337503232,13.562455282182125,776424.9631404489
True,False,2025-12-26,755000.0,32.62538299,-117.05728988,1264.0,91911 - Chula Vista,True,4.0,0.2089,1957.0,2.0,Chula Vista,3.0,True,1.0,One,9100.0,False,2.0,Los Angeles Unified,91911,0.0,9100.0,597.3101265822785,1.5,68.0,0,421.3333333333333,0.1389010989010989,13.534473028231162,13.617059619240436,13.536985299763376,756899.1495976822
False,False,2025-12-10,620000.0,34.248121000000005,-118.367895,1140.0,672 - Shadow Hills,True,0.0,0.4868,1955.0,1.0,Sunland,2.0,False,1.0,One,21207.0,False,2.0,Torrance Unified,91040,0.0,21207.0,543.859649122807,2.0,70.0,0,570.0,0.0537558353373886,13.337474757021274,13.77468856344402,13.61126864281317,815265.1223442515
True,False,2025-12-19,316250.0,38.63325319,-121.48650919,1202.0,91941 - La Mesa,True,2.0,0.11,1985.0,2.0,Sacramento,3.0,True,1.0,One,4792.0,False,2.0,Bonita Unified,95834,180.0,4792.0,263.10316139767053,1.5,40.0,0,400.6666666666667,0.2508347245409015,12.664288319023868,13.180632285528304,13.04390095081237,462268.398638641
True,False,2025-12-23,2700000.0,37.54946292,-122.002776,2588.0,SRCAR - Southwest Riverside County,True,2.0,0.2287,1958.0,4.0,Fremont,4.0,True,1.0,One,9960.0,False,2.0,Fremont Unified,94536,432.0,9960.0,1043.2766615146832,1.0,67.0,0,647.0,0.25983935742971886,14.808762330974558,14.316285845876763,14.559124534033218,2103523.8791106716
True,False,2025-12-15,735000.0,32.600278,-117.039716,1138.0,91911 - Chula Vista,True,2.0,0.0,1965.0,2.0,Chula Vista,3.0,False,1.0,One,0.17,False,2.0,Sweetwater Union,91911,0.0,0.17,645.8699472759226,1.5,60.0,0,379.3333333333333,6694.117647058823,13.507625778194974,13.617059619240436,13.38407907174101,649578.5660944676
True,False,2025-12-19,1400000.0,37.93669399,-122.10424255,3840.0,PLM - Palmdale,True,2.0,0.6384,1948.0,3.0,Lafayette,3.0,True,2.0,Two,27810.0,False,2.0,Lafayette,94549,0.0,27810.0,364.5833333333333,1.0,77.0,0,1280.0,0.13807982740021574,14.151982794585487,14.527484500631974,14.863713104423459,2852519.236483635
True,True,2025-12-30,458000.0,36.820774,-119.775908,1714.0,FSNO - Fresno,True,2.0,0.1837,1964.0,2.0,Fresno,3.0,True,1.0,One,8000.0,False,2.0,Fresno Unified,93710,0.0,8000.0,267.21120186697783,1.5,61.0,0,571.3333333333334,0.21425,13.034624463096321,12.917501797023872,12.9516793439851,421543.95949915855
True,False,2025-12-09,3350000.0,37.8719783,-122.09304309,3171.0,259 - Moreno Valley,True,3.0,0.241,1990.0,3.0,Lafayette,4.0,True,1.0,One,10500.0,False,3.0,Acalanes,94549,0.0,10500.0,1056.4490696941027,1.3333333333333333,35.0,0,792.75,0.302,15.02447090380125,14.527484500631974,14.605217474670225,2202750.74219746
False,False,2025-12-09,1300000.0,37.58866174,-122.36752573,840.0,699 - Not Defined,False,1.0,0.124,1920.0,1.0,Burlingame,2.0,True,2.0,One,5400.0,False,1.0,Other,94010,0.0,5400.0,1547.6190476190477,2.0,105.0,0,420.0,0.15555555555555556,14.077874822431765,15.145220570031345,14.349210421090786,1705229.7683072768
False,False,2025-12-08,815000.0,34.178401,-118.525671,802.0,ENC - Encino,True,1.0,0.1368,1949.0,1.0,Encino,2.0,False,1.0,One,5959.0,False,1.0,Los Angeles Unified,91316,0.0,5959.0,1016.209476309227,2.0,76.0,0,401.0,0.1345863399899312,13.610943392223,14.300596894375873,13.79564428443041,980329.7605761703
True,False,2025-12-09,1375000.0,33.883112,-117.764001,2079.0,85 - Yorba Linda,True,3.0,0.2413,1979.0,2.0,Yorba Linda,4.0,True,1.0,One,10512.0,False,3.0,Placentia-Yorba Linda Unified,92887,121.0,10512.0,661.3756613756614,2.0,46.0,0,519.75,0.19777397260273974,14.133964289082808,14.31598272370925,14.275169639802886,1583534.0374482071
False,False,2025-12-08,1401500.0,33.961132,-118.395153,1830.0,C29 - Westchester,False,1.0,0.1379,1941.0,2.0,Los Angeles,3.0,True,1.0,One,6007.0,False,1.0,Los Angeles Unified,90045,0.0,6007.0,765.8469945355191,1.5,84.0,0,610.0,0.30464458132179123,14.15305364958698,14.331323723241304,14.348588631856515,1704169.804366618
True,False,2025-12-09,2150000.0,33.67816,-117.937844,2798.0,C1 - Mesa Verde,True,2.0,0.1581,1967.0,3.0,Costa Mesa,4.0,True,2.0,Two,6888.0,False,2.0,Newport Mesa Unified,92626,0.0,6888.0,768.4060042887777,1.3333333333333333,58.0,0,699.5,0.4062137049941928,14.580978400103845,14.28551418721001,14.44774722597338,1881814.8708300374
True,False,2025-12-24,370000.0,34.694981,-118.166271,1450.0,LAC - Lancaster,True,0.0,0.1717,1955.0,3.0,Lancaster,4.0,False,1.0,One,7481.0,False,0.0,Atwater,93536,0.0,7481.0,255.17241379310343,1.3333333333333333,70.0,0,362.5,0.19382435503274964,12.821258284620408,13.224918336616522,13.172406516382289,525658.2240574436
False,False,2025-12-08,803500.0,33.513338,-117.090803,2415.0,SRCAR - Southwest Riverside County,True,3.0,0.2,1993.0,3.0,Temecula,4.0,True,1.0,One,8712.0,False,3.0,Temecula Unified,92592,120.0,8712.0,332.71221532091096,1.3333333333333333,32.0,0,603.75,0.2772038567493113,13.596732464159704,13.580420735596498,13.621632863203994,823758.6481066293
False,False,2025-12-26,3600000.0,32.69464841,-117.18482648,2511.0,92118 - Coronado,True,2.0,0.1875,1950.0,3.0,Coronado,4.0,True,1.0,One,8167.0,False,1.0,William S. Hart Union,92118,320.0,8167.0,1433.691756272401,1.3333333333333333,75.0,0,627.75,0.3074568384963879,15.096444403426338,14.925872877186109,14.950789713967875,3112042.166913037
True,False,2025-12-08,1400000.0,33.769443,-117.875846,1478.0,70 - Santa Ana North of First,False,2.0,0.1516,1931.0,2.0,Santa Ana,3.0,True,1.0,One,6603.0,False,2.0,Santa Ana Unified,92706,0.0,6603.0,947.2259810554804,1.5,94.0,0,492.6666666666667,0.22383764955323338,14.151982794585487,13.981024996441848,13.95842726666251,1153633.7100107998
True,False,2025-12-08,399000.0,37.217136,-119.687569,1601.0,SRCAR - Southwest Riverside County,True,2.0,1.02,1981.0,3.0,Coarsegold,3.0,True,1.0,One,44431.0,False,2.0,Yosemite Unified,93614,0.0,44431.0,249.2192379762648,1.0,44.0,0,533.6666666666666,0.036033400103531316,12.896716695872,12.837330275499196,12.908661209463752,403794.4375329546
False,False,2025-12-08,3600000.0,37.37343055,-122.08605649,2255.0,699 - Not Defined,True,2.0,0.1437,2025.0,4.0,Mountain View,4.0,False,1.0,One,6261.0,False,2.0,Other,94040,227.0,6261.0,1596.4523281596453,1.0,0.0,0,563.75,0.3601661076505351,15.096444403426338,15.025827937848204,15.09392464643478,3590940.2937529422
False,True,2025-12-19,760000.0,33.790153000000004,-117.985399,944.0,79 - Anaheim West of Harbor,True,1.0,0.1736,1955.0,1.0,Anaheim,3.0,False,1.0,One,7560.0,False,1.0,Anaheim Union High,92804,0.0,7560.0,805.0847457627119,3.0,70.0,0,314.6666666666667,0.12486772486772486,13.541073712262515,13.766841941519797,13.502226936252253,731042.5436253214
False,True,2025-12-09,675000.0,34.218442,-118.618271,1923.0,699 - Not Defined,False,2.0,0.171,1960.0,2.0,West Hills,3.0,True,1.0,One,7450.0,False,2.0,Simi Valley Unified,91304,0.0,7450.0,351.01404056162244,1.5,65.0,0,641.0,0.2581208053691275,13.422467969854667,13.846039762999096,13.813878902181962,998369.6746442859
False,False,2025-12-30,1620000.0,33.061393,-117.285922,1075.0,92024 - Encinitas,True,6.0,0.2008,1959.0,2.0,Encinitas,3.0,False,1.0,One,8746.0,False,2.0,Encinitas Union,92024,0.0,8746.0,1506.9767441860463,1.5,66.0,0,358.3333333333333,0.1229133318088269,14.297936707208567,14.603967918328545,14.330778302922537,1674086.6700630605
False,False,2025-12-30,1608755.0,33.520039000000004,-117.574854,2823.0,RIEN - Rienda,True,4.0,0.0944,2025.0,3.0,Rancho Mission Viejo,4.0,False,2.0,Two,4113.0,True,2.0,Capistrano Unified,92694,246.0,4113.0,569.8742472546936,1.3333333333333333,0.0,0,705.75,0.6863603209336251,14.290971145890751,14.232573444874031,14.439133998407721,1865675.9748783747
False,False,2025-12-08,1250000.0,37.66988918,-122.42075874,1950.0,699 - Not Defined,True,2.0,0.0454,1997.0,2.0,South San Francisco,3.0,False,2.0,One,1976.0,False,2.0,South San Francisco Unified,94080,645.0,1976.0,641.025641025641,1.5,28.0,0,650.0,0.9868421052631579,14.038654109278484,14.045827997585093,13.968075849171994,1164818.5120193157
False,False,2025-12-19,775000.0,32.6254805,-117.08244675,1274.0,91910 - Chula Vista,False,6.0,0.1791,1951.0,2.0,Chula Vista,3.0,True,1.0,One,7800.0,False,2.0,Ceres Unified,91910,400.0,7800.0,608.3202511773941,1.5,74.0,0,424.6666666666667,0.16333333333333333,13.560618308335483,13.710150042306449,13.647854781989915,845644.8758735361
True,False,2025-12-08,2300000.0,33.770063,-118.412281,2817.0,160 - Lunada Bay/Margate,True,2.0,0.2192,1954.0,4.0,Palos Verdes Estates,4.0,True,2.0,Two,9549.0,False,2.0,Palos Verdes Peninsula Unified,90274,100.0,9549.0,816.4714235001775,1.0,71.0,0,704.25,0.295004712535344,14.648419680899378,14.735791327008538,14.85831426490762,2837160.4400543715
True,False,2025-12-24,3528000.0,37.58244075,-122.36729225,1784.0,699 - Not Defined,True,2.0,0.1377,1948.0,2.0,Burlingame,3.0,True,1.0,One,6000.0,False,1.0,Other,94010,0.0,6000.0,1977.578475336323,1.5,77.0,0,594.6666666666666,0.29733333333333334,15.076241696108818,15.145220570031345,14.85322243965114,2822750.8316059005
True,True,2025-12-08,1070000.0,33.838532,-116.535975,2331.0,332 - Central Palm Springs,True,4.0,0.27,1953.0,3.0,Palm Springs,3.0,True,1.0,One,11761.0,False,0.0,Other,92262,150.0,11761.0,459.03045903045904,1.0,72.0,0,777.0,0.19819743219114022,13.883169206438088,13.737549016494562,13.977439395169348,1175776.566797077
True,False,2025-12-23,398000.0,39.745743,-121.83794,1344.0,SRCAR - Southwest Riverside County,False,0.0,0.17,1950.0,2.0,Chico,3.0,True,1.0,One,7405.0,False,0.0,Chico Unified,95926,0.0,7405.0,296.1309523809524,1.5,75.0,0,448.0,0.18149898717083052,12.894207284266574,13.060487973686241,12.962676093571883,426205.1548883065
False,False,2025-12-08,850000.0,32.57888229,-117.01852928,1923.0,92154 - Otay Mesa,True,4.0,0.0918,2005.0,3.0,Otay Mesa,3.0,False,2.0,Two,5740.0,False,2.0,Fallbrook Union,92154,108.0,9583.0,442.0176807072283,1.0,20.0,0,641.0,0.20066784931649798,13.652991628466498,13.579788224443204,13.579861227612804,790057.6746091731
True,False,2025-12-30,350000.0,39.749377,-122.185172,1115.0,16 - Fountain Valley / Northeast HB,True,1.0,0.22,1954.0,1.0,Orland,3.0,False,1.0,One,9583.0,False,1.0,Orland Joint Unified,95963,0.0,9583.0,313.9013452914798,3.0,71.0,0,371.6666666666667,0.11635187310862986,12.765688433465597,12.834681304952548,12.611487284556668,299984.8596575619
True,True,2025-12-31,1710000.0,37.53443482,-122.28788776,1720.0,699 - Not Defined,False,2.0,0.1567,1950.0,2.0,San Mateo,3.0,True,1.0,Two,6824.0,False,0.0,Other,94403,0.0,6824.0,994.186046511628,1.5,75.0,0,573.3333333333334,0.25205158264947247,14.352003928478842,14.580978400103845,14.463860413198242,1912382.5158943783
True,True,2025-12-24,849000.0,33.680945,-116.197686,2798.0,315 - Coachella,True,10.0,0.16,2020.0,3.0,Coachella,6.0,False,2.0,Two,6970.0,False,2.0,Torrance Unified,92236,0.0,6970.0,303.43102215868475,2.0,5.0,0,466.3333333333333,0.40143472022955523,13.651814465293484,13.12126236606766,13.269344451599322,579166.0202280368
True,False,2025-12-29,1500000.0,36.98028416,-121.88864078,2347.0,699 - Not Defined,False,5.0,0.377,1953.0,2.0,Aptos,3.0,True,1.0,One,16422.0,False,2.0,Other,95003,240.0,16422.0,639.1137622496805,1.5,72.0,0,782.3333333333334,0.14291803677992937,14.22097566607244,14.188463383490559,14.386604237641906,1770202.0271014227
False,False,2025-12-31,4170000.0,32.99787461,-117.17675928,4442.0,92067 - Rancho Santa Fe,True,12.0,1.18,1988.0,5.0,Rancho Santa Fe,4.0,True,2.0,Two,1.18,False,4.0,Riverside Unified,92067,2715.0,51400.8,938.7663214768122,0.8,37.0,0,1110.5,0.08641888842197008,15.243426593774984,15.37889082594447,15.377012903769549,4765976.01339586
False,False,2025-12-19,980000.0,34.15732,-118.221775,1368.0,624 - Glendale-Chevy Chase/E. Glenoaks,False,2.0,0.1671,1952.0,2.0,Glendale,3.0,True,1.0,One,7279.0,False,2.0,Glendale Unified,91206,0.0,7279.0,716.374269005848,1.5,73.0,0,456.0,0.18793790355818107,13.795307850646754,14.269765830241871,14.089558780090842,1315278.2262225894
True,False,2025-12-10,265000.0,37.076634000000006,-120.190208,1140.0,VC33 - Oxnard - Southwest / Port Huenem,False,2.0,0.74,1915.0,1.0,Chowchilla,2.0,False,1.0,One,32234.0,False,2.0,Madera Unified,93610,0.0,32234.0,232.4561403508772,2.0,110.0,0,570.0,0.035366383321958184,12.487485104968359,12.896716695872,12.648567276350745,311317.0970409012
True,True,2025-12-30,4850000.0,34.1361,-118.680773,5056.0,CLB - Calabasas,True,2.0,0.3076,2006.0,7.0,Calabasas,6.0,True,2.0,Two,13401.0,False,2.0,Las Virgenes,91302,422.0,13401.0,959.256329113924,0.8571428571428571,19.0,0,842.6666666666666,0.37728527721811805,15.394489262913666,14.473030560881067,15.068546427977925,3500955.2856575134
True,True,2025-12-30,2590000.0,34.088888,-118.24538,1361.0,C21 - Silver Lake - Echo Park,True,8.0,0.3589,1948.0,1.0,Los Angeles,3.0,True,1.0,One,15633.0,False,0.0,Los Angeles Unified,90026,175.0,15633.0,1903.0124908155767,3.0,77.0,0,453.6666666666667,0.08705942557410606,14.767168433675721,14.237504968023648,13.99353982486042,1194860.2905751097
True,False,2025-12-30,730330.0,34.113475,-117.604407,1290.0,688 - Rancho Cucamonga,False,3.0,0.1733,1970.0,2.0,Rancho Cucamonga,3.0,False,1.0,One,7548.0,False,3.0,Chaffey Joint Union High,91730,0.0,7548.0,566.1472868217054,1.5,55.0,0,430.0,0.17090620031796502,13.501251765773109,13.500799813124575,13.45664865324367,698470.8002121594
True,False,2025-12-18,1150000.0,34.273277,-119.163254,1963.0,VC28 - Wells Rd. East to City Limit,True,5.0,0.23,1968.0,3.0,Ventura,4.0,True,2.0,Two,10018.0,False,2.0,Yucaipa/Calimesa Unified,93004,160.0,10018.0,585.8380030565461,1.3333333333333333,57.0,0,490.75,0.19594729486923537,13.955272500339433,13.68710868156085,13.80602230449209,990556.6179754287
False,False,2025-12-30,685000.0,37.96572041,-121.99821257,1160.0,79 - Anaheim West of Harbor,True,1.0,0.1263,1953.0,2.0,Concord,4.0,False,2.0,Two,5500.0,False,1.0,Redlands Unified,94521,0.0,5500.0,590.5172413793103,2.0,72.0,0,290.0,0.2109090909090909,13.437174117244362,13.656514826473817,13.593762482705566,801117.1601482278
False,False,2025-12-23,800000.0,34.192040000000006,-118.41218,1100.0,VG - Valley Glen,False,2.0,0.1423,1947.0,2.0,North Hollywood,4.0,False,1.0,One,6200.0,False,2.0,Anaheim Union High,91606,0.0,6200.0,727.2727272727273,2.0,78.0,0,275.0,0.1774193548387097,13.592367006650065,13.741864017795976,13.594071523151845,801364.7760126095
True,False,2025-12-26,600000.0,37.67135357,-122.11632009999998,1260.0,SVW - West Simi,False,3.0,0.124,1950.0,1.0,Hayward,3.0,True,1.0,One,5400.0,False,0.0,Chino Valley Unified,94541,369.0,5400.0,476.1904761904762,3.0,75.0,0,420.0,0.23333333333333334,13.304684934198283,13.647074399642998,13.522872901767023,746292.5061762866
False,False,2025-12-19,425000.0,33.727453999999994,-116.374736,1405.0,322 - North Palm Desert,True,2.0,0.06,1993.0,3.0,Palm Desert,4.0,True,2.0,Two,2614.0,False,2.0,Desert Sands Unified,92260,117.0,2614.0,302.491103202847,1.3333333333333333,32.0,0,351.25,0.5374904361132364,12.959844447906553,13.624349319661324,13.463637780894825,703369.6010262294
True,False,2025-12-23,875000.0,33.006822,-117.061692,1450.0,92128 - Rancho Bernardo,True,6.0,0.1676,1970.0,2.0,San Diego,2.0,True,1.0,One,7300.0,False,2.0,Poway Unified,92128,504.0,7300.0,603.448275862069,1.0,55.0,0,725.0,0.19863013698630136,13.681979165339751,13.983960916083914,13.772052236203379,957472.4590254611
True,False,2025-12-29,1149000.0,32.80817883,-117.18179505,1630.0,92111 - Linda Vista,False,4.0,0.124,1959.0,3.0,San Diego,3.0,False,1.0,One,5400.0,False,2.0,Long Beach Unified,92111,144.0,5400.0,704.9079754601227,1.0,66.0,0,543.3333333333334,0.30185185185185187,13.954402556830892,13.818004328719795,13.815365895119148,999855.3476180392
True,False,2025-12-04,5799000.0,33.05600026,-117.29967505,3875.0,92024 - Encinitas,False,2.0,0.0918,2025.0,6.0,Encinitas,5.0,False,2.0,Two,4000.0,True,2.0,San Dieguito Union,92024,0.0,4000.0,1496.516129032258,0.8333333333333334,0.0,0,775.0,0.96875,15.573196046858577,14.603967918328545,15.139864155476777,3759754.2548472583
False,False,2025-12-05,700000.0,34.236748,-118.488087,1655.0,NOH - North Hills,True,2.0,0.1746,1956.0,2.0,North Hills,4.0,True,1.0,One,7605.0,False,2.0,Los Angeles Unified,91343,0.0,7605.0,422.9607250755287,2.0,69.0,0,413.75,0.2176199868507561,13.458835614025542,13.715690222682063,13.731326935819395,919262.4436551366
False,False,2025-12-30,1475000.0,34.178701000000004,-118.327501,1776.0,610 - Burbank,False,2.0,0.1237,1946.0,2.0,Burbank,3.0,True,1.0,One,5388.0,False,2.0,Other,91506,0.0,5388.0,830.518018018018,1.5,79.0,0,592.0,0.32962138084632514,14.204168547756057,14.086554735068795,14.116282350568293,1350901.020754637
True,False,2025-12-23,695000.0,34.401634,-117.502586,4103.0,PHEL - Phelan,False,4.0,1.9441,2008.0,4.0,Phelan,4.0,True,1.0,One,84687.0,False,4.0,Snowline Joint Unified,92371,0.0,84687.0,169.38825249817208,1.0,17.0,0,1025.75,0.04844899453280905,13.45166712454693,13.11835535600679,13.741659674909627,928810.1848529304
False,False,2025-12-23,650000.0,33.868909,-117.591842,1242.0,248 - Corona,True,2.0,0.12,1988.0,2.0,Corona,3.0,True,1.0,One,5227.0,False,2.0,Corona-Norco Unified,92882,26.0,5227.0,523.3494363929146,1.5,37.0,0,414.0,0.23761239716854793,13.38472764187182,13.623138665316818,13.423937903237285,675992.9346283589
True,True,2025-12-11,1850000.0,33.83279,-116.554562,1760.0,332 - Central Palm Springs,True,2.0,0.38,1958.0,3.0,Palm Springs,3.0,True,1.0,One,16553.0,False,2.0,Palm Springs Unified,92262,0.0,16553.0,1051.1363636363635,1.0,67.0,0,586.6666666666666,0.10632513743732254,14.430696197054507,13.737549016494562,13.830703515905995,1015308.957642231
False,False,2025-12-23,910000.0,33.820422,-118.096974,1242.0,"33 - Lakewood Plaza, Rancho",True,2.0,0.1175,1953.0,2.0,Long Beach,3.0,False,1.0,One,5117.0,False,2.0,Long Beach Unified,90808,0.0,5117.0,732.6892109500806,1.5,72.0,0,414.0,0.2427203439515341,13.721199878493033,13.869051324892304,13.764958413344784,950704.3532630444
True,False,2025-12-05,5000000.0,37.81545603,-121.88083728,5590.0,641 - Monterey Park,True,4.0,0.8161,1998.0,5.0,Danville,5.0,True,1.0,One,35550.0,False,4.0,Santee,94506,595.0,35550.0,894.4543828264758,1.0,27.0,0,1118.0,0.15724331926863572,15.424948470398375,14.68050799545088,15.209402393998388,4030505.6358222477
False,False,2025-12-05,800000.0,33.95253,-117.533089,1188.0,250 - Norco,True,2.0,0.41,1961.0,1.0,Norco,3.0,True,1.0,One,17860.0,False,2.0,Coachella Valley Unified,92860,0.0,17860.0,673.4006734006734,3.0,64.0,0,396.0,0.06651735722284434,13.592367006650065,13.753635154246187,13.538218155462735,757832.8724826269
False,False,2025-12-05,585000.0,35.333833,-119.161909,2153.0,BKSF - Bakersfield,True,2.0,0.15,2020.0,2.0,Bakersfield,3.0,True,1.0,One,6534.0,False,2.0,Other,93311,202.75,6534.0,271.7138875986995,1.5,5.0,0,717.6666666666666,0.32950719314355675,13.279367126213993,13.112313041550827,13.17838646461439,528811.0504991787
False,True,2025-12-24,1290000.0,33.816322,-117.838584,2207.0,"72 - Orange & Garden Grove, E of Harbor, N of 22 F",True,2.0,0.2019999999999999,1962.0,2.0,Orange,3.0,True,1.0,One,8800.0,False,2.0,Orange Unified,92865,0.0,8800.0,584.5038513819665,1.5,63.0,0,735.6666666666666,0.25079545454545454,14.070152776337855,13.913540599416507,14.003526338490747,1206852.5599681097
False,False,2025-12-05,1000000.0,37.81096439,-122.22048312,1264.0,NV - East Bluff - Harbor View,False,0.0,0.1093,1935.0,1.0,Oakland,2.0,False,1.0,MultiSplit,4760.0,False,0.0,Victor Valley Unified,94602,0.0,4760.0,791.1392405063291,2.0,90.0,0,632.0,0.26554621848739496,13.815510557964274,13.92839261528267,13.748396039211993,935088.1100812759
False,False,2025-12-24,1025000.0,34.185593,-118.171611,1671.0,645 - Pasadena (NW),True,2.0,0.2065,1969.0,2.0,Pasadena,3.0,True,1.0,One,8994.0,False,2.0,Pasadena Unified,91103,101.5,8994.0,613.4051466187912,1.5,56.0,0,557.0,0.18579052701801202,13.840203170554645,14.182799053125816,14.111185829108015,1344033.6394544805
False,False,2025-12-26,3075000.0,37.39630608,-122.06699484,2439.0,699 - Not Defined,False,2.0,0.2194,1927.0,4.0,Mountain View,4.0,True,2.0,"Two,One",9555.0,False,2.0,Other,94043,0.0,9555.0,1260.7626076260765,1.0,98.0,0,609.75,0.2552590266875981,14.938815459222756,14.603967918328545,14.729756903669776,2494894.255413467
True,False,2025-12-05,2090000.0,35.166258,-120.57437,4588.0,ARRG - Arroyo Grande,True,1.0,3.35,1984.0,4.0,Arroyo Grande,5.0,True,1.0,ThreeOrMore,145926.0,False,1.0,Lucia Mar Unified,93420,0.0,145926.0,455.536181342633,1.25,41.0,0,917.6,0.03144059317736387,14.552674623940995,13.953093847654955,14.669933591749945,2350018.1082993364
False,False,2025-12-05,2100000.0,34.015057,-118.437238,1383.0,C13 - Palms - Mar Vista,True,0.0,0.1325,1947.0,2.0,Los Angeles,3.0,False,1.0,One,5772.0,False,2.0,Long Beach Unified,90066,173.0,5772.0,1518.4381778741863,1.5,78.0,0,461.0,0.2396049896049896,14.557447902693651,14.628660530918916,14.35910224792661,1722181.3085178772
False,False,2025-12-05,1675000.0,37.58775401,-122.36764429,1330.0,699 - Not Defined,False,2.0,0.1377,1926.0,1.0,Burlingame,2.0,True,1.0,One,6000.0,False,2.0,Other,94010,246.0,6000.0,1259.3984962406016,2.0,99.0,0,665.0,0.22166666666666668,14.331323723241304,15.145220570031345,14.606450936276369,2205469.427017849
False,False,2025-12-05,2180000.0,34.006591,-118.433737,1218.0,C13 - Palms - Mar Vista,False,0.0,0.1775,1926.0,1.0,Los Angeles,3.0,True,1.0,One,7734.0,False,0.0,Palos Verdes Peninsula Unified,90066,260.0,7734.0,1789.8193760262725,3.0,99.0,0,406.0,0.15748642358417378,14.594835434765272,14.628660530918916,14.259181168714207,1558417.075238922
True,False,2025-12-22,1050000.0,34.173716,-118.580425,1404.0,WHLL - Woodland Hills,True,0.0,0.2921,1961.0,2.0,Woodland Hills,3.0,False,1.0,One,12723.0,False,2.0,Encinitas Union,91367,935.73,12723.0,747.8632478632478,1.5,64.0,0,468.0,0.11035133223296392,13.864300722133706,14.130321297804308,13.952313633660996,1146602.3324213396
True,False,2025-12-23,955000.0,35.639995,-120.673676,2804.0,PRIC - PR Inside City Limit,True,3.0,0.2347,2005.0,4.0,Paso Robles,4.0,True,2.0,Two,10222.0,False,3.0,Paso Robles Joint Unified,93446,0.0,10222.0,340.5848787446505,1.0,20.0,0,701.0,0.27431031109371945,13.769466619462868,13.591116224748411,13.817357186805912,1001848.3349106748
False,False,2025-12-02,555000.0,33.841095,-117.209622,2449.0,SRCAR - Southwest Riverside County,True,2.0,0.09,2007.0,3.0,Perris,3.0,True,2.0,Two,3920.0,False,2.0,Perris Union High,92571,0.0,3920.0,226.62311147407104,1.0,18.0,0,816.3333333333334,0.6247448979591836,13.226723392728571,13.214938819306386,13.255322296076285,571101.5370739326
True,False,2025-12-05,795000.0,33.940789,-117.922926,1573.0,87 - La Habra,True,2.0,0.1678,1958.0,2.0,La Habra,4.0,False,1.0,One,7308.0,False,2.0,Fullerton Joint Union High,90631,0.0,7308.0,505.40368722186906,2.0,67.0,0,393.25,0.21524356869184455,13.58609739363647,13.792724135316895,13.764640414946133,950402.0788650501
False,False,2025-12-30,1750000.0,36.55787547,-121.78705601,2913.0,699 - Not Defined,True,0.0,1.367,1989.0,3.0,Monterey,3.0,True,1.0,One,59547.0,False,2.0,Other,93940,350.0,59547.0,600.7552351527635,1.0,36.0,0,971.0,0.04891934102473676,14.375126345899696,14.119680947920857,14.318349488737843,1653408.5265018367
False,False,2025-12-19,927500.0,34.194053000000004,-119.209785,1910.0,VC33 - Oxnard - Southwest / Port Huenem,True,2.0,0.129,2005.0,2.0,Oxnard,3.0,True,1.0,One,5619.0,False,2.0,William S. Hart Union,93035,0.0,5619.0,485.6020942408377,1.5,20.0,0,636.6666666666666,0.3399181348994483,13.740248073463727,14.077874822431765,13.9987340038146,1201082.7550567216
True,False,2025-12-05,325000.0,37.64882555,-120.96026609999998,1328.0,92154 - Otay Mesa,False,0.0,0.15,1953.0,2.0,Modesto,3.0,False,1.0,One,6534.0,False,0.0,Other,95354,210.0,6534.0,244.7289156626506,1.5,72.0,0,442.6666666666667,0.2032445668809305,12.691580461311874,12.948009990259552,12.902366071700781,401260.4800944708
True,False,2025-12-23,2827500.0,37.34050576,-121.96452741,1958.0,699 - Not Defined,True,4.0,0.1375,2025.0,3.0,Santa Clara,4.0,True,1.0,Two,5991.0,False,2.0,Other,95050,155.0,5991.0,1444.0755873340142,1.3333333333333333,0.0,0,489.5,0.32682356868636286,14.854903486972413,14.349071368752643,14.404919964271869,1802923.3057730235
True,False,2025-12-31,868000.0,37.75399045,-122.24238498,1430.0,31 - South of Conant,True,1.0,0.0859,1938.0,1.0,Alameda,2.0,True,1.0,MultiSplit,3740.0,False,1.0,Other,94501,0.0,3740.0,606.993006993007,2.0,87.0,0,715.0,0.38235294117647056,13.673946993642486,14.096915897380246,13.945797162900444,1139154.823938244
False,False,2025-12-05,940000.0,34.282497,-118.513778,1842.0,GH - Granada Hills,True,2.0,0.4351,1959.0,2.0,Granada Hills,4.0,False,1.0,One,18951.0,False,2.0,Los Angeles Unified,91344,0.0,18951.0,510.3148751357221,2.0,66.0,0,460.5,0.09719803704290012,13.753635154246187,13.892471599100402,13.861040524365194,1046582.3664508344
True,False,2025-12-05,205000.0,33.74022,-117.125933,1525.0,SRCAR - Southwest Riverside County,True,2.0,0.1,1977.0,2.0,Homeland,2.0,False,1.0,One,4356.0,False,0.0,Perris Union High,92548,135.0,4356.0,134.4262295081967,1.0,48.0,0,762.5,0.35009182736455463,12.230765258120545,13.21676363885016,12.960637780364669,425337.30007255607
True,False,2025-12-29,727000.0,34.047955,-117.655322,1554.0,686 - Ontario,True,2.0,0.1653,1982.0,2.0,Ontario,4.0,True,1.0,One,7200.0,False,2.0,Chaffey Joint Union High,91762,0.0,7200.0,467.8249678249678,2.0,43.0,0,388.5,0.21583333333333332,13.496681756515656,13.530491602931978,13.454041886458793,696652.4208051724
False,False,2025-12-23,650000.0,35.114056,-120.618808,3026.0,GRVC - Grover Beach,True,2.0,0.1515,1960.0,3.0,Grover Beach,5.0,True,2.0,Two,6600.0,False,2.0,San Luis Coastal Unified,93433,0.0,6600.0,214.80502313284865,1.6666666666666667,65.0,0,605.2,0.4584848484848485,13.38472764187182,13.576613610603875,13.79864939110114,983280.1870319463
False,False,2025-12-30,2655000.0,37.8425245,-122.25010775,1588.0,605 - Arcadia,False,1.0,0.0973,1912.0,2.0,Oakland,2.0,True,1.0,One,4240.0,False,0.0,Vista Unified,94618,0.0,4240.0,1671.9143576826195,1.0,113.0,0,794.0,0.3745283018867924,14.791955212658177,14.478185245710499,14.242190291199787,1532161.8826092803
False,False,2025-12-30,1150000.0,33.472282,-117.635279,1471.0,FR - Forster Ranch,True,2.0,21.0475,1985.0,3.0,San Clemente,3.0,True,2.0,Two,916831.0,False,2.0,Saddleback Valley Unified,92673,140.0,916831.0,781.7811012916384,1.0,40.0,0,490.3333333333333,0.0016044396404571834,13.955272500339433,14.446782334806132,14.210756718972418,1484749.6334068233
False,False,2025-12-30,2621000.0,37.29828253,-121.99352772,2305.0,699 - Not Defined,True,2.0,0.2087,1961.0,3.0,San Jose,4.0,True,2.0,One,9090.0,False,2.0,Other,95129,0.0,9090.0,1137.0932754880694,1.3333333333333333,64.0,0,576.25,0.25357535753575355,14.779066482305543,14.880221294956703,14.906543237608847,2977347.1313246987
True,False,2025-12-30,1375000.0,34.174409999999995,-118.286696,1294.0,626 - Glendale-Northwest,False,5.0,0.1906,1928.0,2.0,Glendale,3.0,True,1.0,One,8302.0,False,2.0,Glendale Unified,91201,0.0,8302.0,1062.596599690881,1.5,97.0,0,431.3333333333333,0.15586605637195858,14.133964289082808,14.237541032947073,14.070424780425675,1290350.9329987296
False,False,2025-12-04,1110000.0,33.66932,-117.967709,1043.0,14 - South Huntington Beach,True,2.0,0.1282,1966.0,2.0,Huntington Beach,3.0,False,1.0,One,5584.0,False,2.0,Huntington Beach Union High,92646,0.0,5584.0,1064.2377756471717,1.5,59.0,0,347.6666666666667,0.1867836676217765,13.919870573288517,14.19394699368452,13.930757691447365,1122150.724324162
False,False,2025-12-31,1345000.0,34.176675,-118.428285,1500.0,VG - Valley Glen,True,4.0,0.1765,1952.0,2.0,Valley Glen,3.0,True,1.0,One,7687.0,False,2.0,Los Angeles Unified,91401,0.0,7687.0,896.6666666666666,1.5,73.0,0,500.0,0.1951346429036035,14.111904571018076,14.070122729163781,13.97304480576972,1170620.8484902529
False,False,2025-12-29,1800000.0,37.78012687,-122.47640567,2240.0,288 - Running Springs,True,2.0,0.0473,1918.0,3.0,San Francisco,3.0,False,1.0,ThreeOrMore,2060.0,False,2.0,Corona-Norco Unified,94121,0.0,2060.0,803.5714285714286,1.0,107.0,0,746.6666666666666,1.087378640776699,14.403297222866392,14.403297222866392,14.452570768893308,1890913.8125530537
False,False,2025-12-22,570000.0,34.283689,-119.145439,1500.0,VC28 - Wells Rd. East to City Limit,True,2.0,0.0803,1997.0,3.0,Ventura,4.0,False,2.0,Two,3500.0,False,2.0,Bakersfield City,93004,0.0,3500.0,380.0,1.3333333333333333,28.0,0,375.0,0.42857142857142855,13.253391639810733,13.68710868156085,13.569692144175802,782064.2241121678
True,True,2025-12-26,3250000.0,37.49257622,-122.27217278,1950.0,699 - Not Defined,True,2.0,0.2515,1961.0,2.0,San Carlos,3.0,True,1.0,One,10956.0,False,2.0,Other,94070,0.0,10956.0,1666.6666666666667,1.5,64.0,0,650.0,0.17798466593647316,14.994165554305921,14.74570419500742,14.660542274351524,2328051.650787014
True,True,2025-12-08,4200000.0,34.288331,-118.582554,5469.0,PORA - Porter Ranch,True,3.0,0.2396,2024.0,6.0,Porter Ranch,5.0,True,2.0,Two,10435.0,False,3.0,Sweetwater Union,91326,450.0,10435.0,767.9648930334613,0.8333333333333334,1.0,0,1093.8,0.524101581217058,15.250595083253597,14.126664986601197,15.02628648427893,3356087.719300128
False,False,2025-12-19,410000.0,33.673328999999995,-116.21949,1342.0,314 - Indio South of East Valley,True,4.0,0.07,2020.0,2.0,Indio,2.0,False,1.0,One,3049.0,False,2.0,Newport Mesa Unified,92201,245.0,3049.0,305.51415797317435,1.0,5.0,0,671.0,0.44014430960970813,12.92391243868049,13.235692062711331,13.034689996941372,458030.01548453735
True,True,2025-12-30,695000.0,32.671563,-117.097581,1632.0,91950 - National City,True,0.0,0.1284,1940.0,2.0,National City,4.0,False,2.0,Two,5592.0,False,0.0,Sweetwater Union,91950,0.0,5592.0,425.8578431372549,2.0,85.0,0,408.0,0.2918454935622318,13.45166712454693,13.507625778194974,13.571511097030035,783488.0566143339
False,False,2025-12-26,4000000.0,32.82646579,-117.24533156,2672.0,92037 - La Jolla,True,5.0,0.72,1974.0,3.0,La Jolla,4.0,True,1.0,One,31363.0,False,3.0,San Bernardino City Unified,92037,0.0,31363.0,1497.005988023952,1.3333333333333333,51.0,0,668.0,0.08519593151165386,15.201804919084164,15.084846812896313,14.999183882793133,3266350.5595088815
True,False,2025-12-22,700000.0,33.712271,-116.373017,1466.0,323 - South Palm Desert,True,1.0,0.28,1972.0,2.0,Palm Desert,2.0,False,1.0,One,12197.0,False,2.0,Antelope Valley Union,92260,0.0,12197.0,477.4897680763984,1.0,53.0,0,733.0,0.12019349020250882,13.458835614025542,13.624349319661324,13.432781923121649,681997.9446570029
True,False,2025-12-31,806000.0,33.608637,-117.091494,2998.0,SRCAR - Southwest Riverside County,True,3.0,0.24,2017.0,3.0,Winchester,4.0,False,2.0,Two,10454.0,False,3.0,Temecula Unified,92596,50.0,10454.0,268.84589726484325,1.3333333333333333,8.0,0,749.5,0.28678017983546966,13.599839021488766,13.337474757021274,13.495331535930458,726019.0520316605
True,True,2025-12-24,1235000.0,33.778834,-118.052173,2016.0,48 - College Park East,True,2.0,0.1194,1968.0,2.0,Seal Beach,4.0,True,1.0,One,5200.0,False,2.0,Los Alamitos Unified,90740,0.0,5200.0,612.5992063492064,2.0,57.0,0,504.0,0.38769230769230767,14.026581528044215,14.28551418721001,14.236491461793483,1523455.1859705532
True,True,2025-12-22,515000.0,33.82974,-116.44587,1473.0,335 - Cathedral City North,True,4.0,0.17,2000.0,2.0,Cathedral City,3.0,True,1.0,One,7405.0,False,2.0,Palm Springs Unified,92234,0.0,7405.0,349.6266123557366,1.5,25.0,0,491.0,0.19891964888588792,13.151922179645874,13.224919965729422,13.137036725227226,507390.7649371886
True,False,2025-12-30,1950000.0,33.971814,-118.386128,1550.0,C29 - Westchester,True,4.0,0.1727,1954.0,2.0,Los Angeles,3.0,True,1.0,One,7523.0,False,2.0,Los Angeles Unified,90045,0.0,7523.0,1258.0645161290322,1.5,71.0,0,516.6666666666666,0.20603482653196864,14.48333993053993,14.331323723241304,14.235698050968555,1522246.9395160028
False,False,2025-12-16,1800000.0,37.39757406,-122.00541256,2968.0,699 - Not Defined,True,2.0,0.1263,1948.0,4.0,Sunnyvale,5.0,False,2.0,One,5500.0,False,2.0,Other,94089,0.0,5500.0,606.4690026954178,1.25,77.0,0,593.6,0.5396363636363637,14.403297222866392,14.300900016543387,14.634619547974825,2268477.7005020506
True,False,2025-12-04,545000.0,38.08657263,-122.19929233,2208.0,699 - Not Defined,True,2.0,0.18,1978.0,3.0,Vallejo,4.0,True,2.0,Two,7840.0,False,2.0,Rim of the World,94591,295.0,7840.0,246.82971014492756,1.3333333333333333,47.0,0,552.0,0.2816326530612245,13.208541073645382,13.304684934198283,13.366848128832649,638481.595105568
True,True,2025-12-30,1200000.0,33.904810999999995,-117.372783,3026.0,252 - Riverside,True,8.0,1.01,1988.0,3.0,Riverside,3.0,True,1.0,"Two,One",43996.0,False,8.0,Riverside Unified,92506,0.0,43996.0,396.5631196298745,1.0,37.0,0,1008.6666666666666,0.0687789799072643,13.997832114758229,13.493926933836812,13.842437948574688,1027293.2089225893
False,False,2025-12-22,1670000.0,33.706236,-117.770079,1856.0,NW - Northwood,True,2.0,0.1182,1978.0,3.0,Irvine,4.0,True,2.0,Two,5150.0,False,2.0,Irvine Unified,92620,0.0,5150.0,899.7844827586207,1.3333333333333333,47.0,0,464.0,0.3603883495145631,14.328334184392938,14.503142431449666,14.405533812885773,1804030.3674946364
True,False,2025-12-26,558000.0,34.007838,-117.028232,1738.0,269 - Yucaipa/Calimesa/Oak Glen,True,2.0,0.1607,1990.0,2.0,Yucaipa,3.0,True,1.0,One,7000.0,False,2.0,Yucaipa/Calimesa Unified,92399,0.0,7000.0,321.0586881472957,1.5,35.0,0,579.3333333333334,0.24828571428571428,13.232114241363448,13.274219822166483,13.2391558045641,561943.05862163
True,True,2025-12-04,505000.0,33.751321999999995,-116.307294,1752.0,324 - East Palm Desert,True,2.0,0.13,1993.0,2.0,Palm Desert,3.0,True,1.0,One,5663.0,False,2.0,Hesperia Unified,92211,180.0,5663.0,288.2420091324201,1.5,32.0,0,584.0,0.30937665548295956,13.132313708257497,13.226723392728571,13.181007852319095,530199.0877821583
True,False,2025-12-23,905000.0,33.929259,-117.968137,1216.0,87 - La Habra,False,2.0,0.1774,1956.0,2.0,La Habra,3.0,True,1.0,One,7728.0,False,2.0,Lowell Joint Unified,90631,0.0,7728.0,744.2434210526316,1.5,69.0,0,405.3333333333333,0.15734989648033126,13.715690222682063,13.792724135316895,13.689509314289491,881613.7503419449
False,False,2025-12-18,611709.0,34.749717,-118.376669,1851.0,LAC - Lancaster,True,2.0,0.185,2025.0,2.0,Lancaster,4.0,False,1.0,One,8058.0,True,2.0,Westside Union,93536,0.0,8058.0,330.47487844408425,2.0,0.0,0,462.75,0.2297096053611318,13.324011958217074,13.224918336616522,13.222646887827953,552742.1449854042
True,False,2025-12-05,1750000.0,32.92833344,-117.07447055,2789.0,92131 - Scripps Miramar,True,5.0,0.1378,1999.0,3.0,San Diego,5.0,True,2.0,Two,6003.0,False,3.0,Fontana Unified,92131,92.0,6003.0,627.465041233417,1.6666666666666667,26.0,0,557.8,0.4646010328169249,14.375126345899696,14.323804784559034,14.390655537694629,1777388.1934964003
False,False,2025-12-30,875000.0,33.216196000000004,-117.212628,1728.0,92084 - Vista,True,4.0,0.26,1977.0,2.0,Vista,4.0,True,1.0,One,0.26,False,2.0,Vista Unified,92084,0.0,11325.6,506.3657407407408,2.0,48.0,0,432.0,0.15257469802924348,13.681979165339751,13.773646353865574,13.68390847169744,876689.7725833297
False,False,2025-12-18,750000.0,34.428701000000004,-118.497119,2507.0,CAN1 - Canyon Country 1,True,0.0,0.5922,2020.0,3.0,Santa Clarita,3.0,False,2.0,Two,25798.0,False,2.0,Chaffey Joint Union High,91350,251.76,25798.0,299.1623454327882,1.0,5.0,0,835.6666666666666,0.097178075819831,13.527828485512494,13.652991628466498,13.932024929012206,1123573.6572820642
True,False,2025-12-19,1045000.0,33.815144000000004,-118.043199,1050.0,80 - Cypress North of Katella,True,2.0,0.1377,1962.0,2.0,Cypress,3.0,False,1.0,One,6000.0,False,2.0,Anaheim Union High,90630,0.0,6000.0,995.2380952380952,1.5,63.0,0,350.0,0.175,13.85952744338105,13.933293593620657,13.707988500605698,898056.7134733854
False,False,2025-12-26,940000.0,37.94965596,-121.97976681,1567.0,652 - Rowland Heights,True,2.0,0.1295,1976.0,2.0,Concord,4.0,True,1.0,One,5640.0,False,2.0,Mount Diablo,94521,154.0,5640.0,599.8723675813657,2.0,49.0,0,391.75,0.27783687943262414,13.753635154246187,13.656514826473817,13.627433246406571,828550.6482152123
True,False,2025-12-26,300000.0,34.681945,-118.113851,2016.0,LAC - Lancaster,True,2.0,0.1694,1986.0,3.0,Lancaster,4.0,True,2.0,Two,7379.0,False,2.0,Los Angeles Unified,93535,0.0,7379.0,148.8095238095238,1.3333333333333333,39.0,0,504.0,0.2732077517278764,12.611537753638338,12.994530005894443,13.049211687913681,464729.9150218793
True,False,2025-12-23,1362500.0,33.534661,-117.702765,2074.0,LNLAK - Lake Area,True,2.0,0.1452,1988.0,3.0,Laguna Niguel,3.0,True,2.0,Two,6325.0,False,2.0,Capistrano Unified,92677,222.18,6325.0,656.9431051108968,1.0,37.0,0,691.3333333333334,0.32790513833992097,14.124831805519536,14.349075668699754,14.297950488639067,1620022.3260712528
True,True,2025-12-30,340000.0,34.100667,-116.396014,1447.0,DC535 - Sky Harbor,True,2.0,0.4673,1980.0,2.0,Yucca Valley,3.0,True,1.0,One,20355.0,False,2.0,Morongo Unified,92284,0.0,20355.0,234.9689011748445,1.5,45.0,0,482.3333333333333,0.07108818472119872,12.736700896592344,12.86876061860541,12.799187433487901,361923.2433888459
False,False,2025-12-04,2200000.0,33.669774,-117.931757,3303.0,C1 - Mesa Verde,True,3.0,0.1607,1971.0,3.0,Costa Mesa,5.0,True,2.0,Two,7000.0,False,3.0,Newport Mesa Unified,92626,0.0,7000.0,666.0611565243718,1.6666666666666667,54.0,0,660.6,0.47185714285714286,14.603967918328545,14.28551418721001,14.507312697674532,1997311.7266246653
False,True,2025-12-15,800000.0,33.82092,-118.094105,1594.0,25 - Carson Park,False,2.0,0.1187,1953.0,2.0,Long Beach,3.0,True,1.0,One,5169.0,False,2.0,Long Beach Unified,90808,0.0,5169.0,501.88205771643663,1.5,72.0,0,531.3333333333334,0.3083768620622944,13.592367006650065,13.869051324892304,13.861388575345936,1046946.6938684847
True,False,2025-12-15,1729200.0,37.82945325,-122.24013238,2160.0,274 - San Bernardino,False,0.0,0.1148,1923.0,2.0,Piedmont,3.0,True,1.0,ThreeOrMore,5000.0,False,0.0,Sweetwater Union,94611,117.0,5000.0,800.5555555555555,1.5,102.0,0,720.0,0.432,14.363169431775614,14.128493142202753,14.190133657324166,1454443.1307534403
True,True,2025-12-26,795000.0,34.201105,-117.356891,2698.0,274 - San Bernardino,True,3.0,0.2479,1990.0,3.0,San Bernardino,6.0,True,2.0,Two,10800.0,False,3.0,San Bernardino City Unified,92407,0.0,10800.0,294.66271312083023,2.0,35.0,0,449.6666666666667,0.24981481481481482,13.58609739363647,13.304684934198283,13.438499570738342,685908.5376225474
True,False,2025-12-04,1270000.0,33.825717,-118.370869,1164.0,129 - South Torrance,True,1.0,0.1331,1952.0,2.0,Torrance,3.0,False,1.0,One,5800.0,False,1.0,Torrance Unified,90505,0.0,5800.0,1091.06529209622,1.5,73.0,0,388.0,0.2006896551724138,14.054527458434775,14.214722054279537,13.985329147830422,1185089.8445114284
False,False,2025-12-29,4260000.0,34.06139,-118.402049,3146.0,C01 - Beverly Hills,True,4.0,0.1757,1927.0,3.0,Beverly Hills,4.0,True,2.0,Two,7652.0,False,0.0,Apple Valley Unified,90212,150.0,7652.0,1354.100445009536,1.3333333333333333,98.0,0,786.5,0.41113434396236276,15.264779718245553,15.27412558066379,15.37035973041285,4734372.397509472
False,False,2025-12-26,559000.0,34.022137,-118.193486,1030.0,BOYH - Boyle Heights,False,5.0,0.1149,1915.0,1.0,Los Angeles,2.0,False,1.0,One,5006.0,False,2.0,Los Angeles Unified,90023,0.0,5006.0,542.7184466019418,2.0,110.0,0,515.0,0.20575309628445865,13.233904752137237,13.433511097198327,13.267548886332964,578127.0229115561
True,False,2025-12-29,813000.0,35.630727,-120.54045,1770.0,PRNE - PR North 46-East 101,True,6.0,2.0,1988.0,2.0,Paso Robles,3.0,True,1.0,One,87120.0,False,2.0,Paso Robles Joint Unified,93446,0.0,87120.0,459.3220338983051,1.5,37.0,0,590.0,0.0203168044077135,13.608486388529947,13.591116224748411,13.5860632269685,794972.8379629856
False,False,2025-12-23,799000.0,37.99579281,-121.73523107,2012.0,652 - Rowland Heights,True,3.0,0.2732,1994.0,2.0,Oakley,4.0,True,1.0,One,11900.0,False,3.0,Wiseburn Unified,94561,0.0,11900.0,397.117296222664,2.0,31.0,0,503.0,0.16907563025210084,13.591116224748411,13.415032991367148,13.415013806746577,669987.1464275129
True,False,2025-12-23,490000.0,33.953422,-117.008077,1687.0,263 - Banning/Beaumont/Cherry Valley,True,2.0,0.13,2004.0,2.0,Beaumont,2.0,True,1.0,One,5663.0,False,2.0,Beaumont,92223,307.0,5663.0,290.4564315352697,1.0,21.0,0,843.5,0.2978986402966625,13.102160670086809,13.197470849891134,12.964389756403527,426936.15298413736
False,True,2025-12-24,1150000.0,33.747679,-117.950026,1204.0,92029 - Escondido,True,0.0,0.1641,1960.0,2.0,Westminster,3.0,False,1.0,One,7150.0,False,0.0,Orange Unified,92683,0.0,7150.0,955.1495016611296,1.5,65.0,0,401.3333333333333,0.16839160839160838,13.955272500339433,13.933293593620657,13.745182678710401,932088.1574288928
False,False,2025-12-04,800000.0,32.81928326,-117.21185443,1671.0,92117 - Clairemont Mesa,True,5.0,0.1722,1957.0,2.0,San Diego,3.0,False,1.0,One,7500.0,False,2.0,Los Angeles Unified,92117,0.0,7500.0,478.7552363853979,1.5,68.0,0,557.0,0.2228,13.592367006650065,13.964016766263498,13.933497296889104,1125229.1895195374
True,False,2025-12-17,855000.0,34.088241,-118.010225,1550.0,619 - El Monte,True,2.0,0.1154,1965.0,2.0,El Monte,3.0,True,2.0,Two,5026.0,False,2.0,El Monte Union High,91732,0.0,5026.0,551.6129032258065,1.5,60.0,0,516.6666666666666,0.3083963390370076,13.658856747918897,13.635115285828064,13.540659341416863,759685.143395509
False,False,2025-12-22,550000.0,33.985529,-117.900696,1213.0,652 - Rowland Heights,True,2.0,0.1522,1959.0,2.0,Rowland Heights,3.0,False,1.0,One,6632.0,False,2.0,See Remarks,91748,0.0,6632.0,453.4212695795548,1.5,66.0,0,404.3333333333333,0.18290108564535584,13.217673557208654,13.9016461684345,13.705360739818929,895699.933141051
True,False,2025-12-29,1385000.0,32.833991999999995,-117.091168,1808.0,92124 - Tierrasanta,True,4.0,0.2638,1990.0,3.0,San Diego,4.0,True,2.0,Two,11491.0,False,2.0,San Diego Unified,92124,78.0,11491.0,766.0398230088496,1.3333333333333333,35.0,0,452.0,0.1573405273692455,14.141210697603576,13.981024996441848,13.971668065227286,1169010.31620525
True,False,2025-12-12,649000.0,38.0234102,-121.8836541,1812.0,FH - Foothill Ranch,True,2.0,0.0494,2025.0,3.0,Pittsburg,3.0,False,2.0,Two,2150.0,True,2.0,Los Angeles Unified,94565,162.0,2150.0,358.16777041942606,1.0,0.0,0,604.0,0.8427906976744186,13.383187995686226,13.270783382522602,13.245584912696085,565567.489755192
True,False,2025-12-30,4125800.0,33.684339,-117.706054,4413.0,GP - Great Park,True,2.0,0.1463,2019.0,7.0,Irvine,6.0,True,2.0,Two,6371.0,False,2.0,Irvine Unified,92618,389.0,6371.0,934.9195558576932,0.8571428571428571,6.0,0,735.5,0.6926699105320986,15.232770498341045,14.648419680899378,15.199698652778396,3991583.801266273
True,False,2025-12-24,875000.0,34.262141,-118.476918,1624.0,GH - Granada Hills,True,2.0,0.1731,1963.0,2.0,Granada Hills,4.0,True,1.0,One,7542.0,False,2.0,Los Angeles Unified,91344,0.0,7542.0,538.7931034482758,2.0,62.0,0,406.0,0.21532749933704587,13.681979165339751,13.892471599100402,13.78977285272467,974590.6861169712
True,False,2025-12-23,990000.0,34.061374,-118.0979,1883.0,651 - Rosemead/S. San Gabriel,False,0.0,0.1649,1919.0,2.0,Rosemead,5.0,False,1.0,One,7185.0,False,0.0,Rosemead,91770,0.0,7185.0,525.7567711099309,2.5,106.0,0,376.6,0.26207376478775224,13.805460222110773,13.726664413759128,13.764663430775029,950423.9534084091
True,True,2025-12-12,1165000.0,33.945781,-117.927975,2971.0,87 - La Habra,True,2.0,0.3214,1964.0,3.0,La Habra,5.0,True,2.0,Two,14000.0,False,2.0,Fullerton Joint Union High,90631,0.0,14000.0,392.1238640188489,1.6666666666666667,61.0,0,594.2,0.21221428571428572,13.968231644981937,13.792724135316895,14.056544005288478,1272563.5984436607
False,False,2025-12-29,675000.0,32.78849647,-116.94376428,1144.0,92019 - El Cajon,True,4.0,0.1377,1960.0,2.0,El Cajon,3.0,True,1.0,One,6000.0,False,2.0,San Bernardino City Unified,92019,0.0,6000.0,590.034965034965,1.5,65.0,0,381.3333333333333,0.19066666666666668,13.422467969854667,13.773646353865574,13.61416127876106,817626.801636666
True,False,2025-12-12,306000.0,34.516273,-117.349366,1268.0,VIC - Victorville,True,2.0,0.0918,2001.0,2.0,Victorville,3.0,False,1.0,One,4000.0,False,2.0,Victor Valley Unified,92394,0.0,4000.0,241.3249211356467,1.5,24.0,0,422.6666666666667,0.317,12.631340380934517,12.948009990259552,12.837626507962275,376106.07914292696
True,False,2025-12-16,1350000.0,37.82428576,-122.23936657,1300.0,264 - Fontana,False,0.0,0.0785,1916.0,2.0,Piedmont,3.0,True,1.0,One,3420.0,False,0.0,Palmdale,94611,118.0,3420.0,1038.4615384615386,1.5,109.0,0,433.3333333333333,0.38011695906432746,14.115615150414612,14.128493142202753,13.942074262249111,1134921.7482515485
False,False,2025-12-24,1569000.0,33.167139,-117.32917,1864.0,92008 - Carlsbad,True,6.0,0.3076,1960.0,2.0,Carlsbad,4.0,True,1.0,One,13400.0,False,2.0,Carlsbad Unified,92008,0.0,13400.0,841.7381974248927,2.0,65.0,0,466.0,0.1391044776119403,14.26594903171517,14.403297222866392,14.302595967125255,1627565.6124558335
True,False,2025-12-11,474900.0,33.909676,-117.469523,825.0,252 - Riverside,True,1.0,0.15,1949.0,1.0,Riverside,2.0,False,1.0,One,6534.0,False,1.0,Riverside Unified,92505,0.0,6534.0,575.6363636363636,2.0,76.0,0,412.5,0.12626262626262627,13.070859534537213,13.38779984090879,13.152855213984568,515480.73692157987
False,False,2025-12-02,1739000.0,33.96929,-118.395064,2890.0,C29 - Westchester,True,2.0,0.1607,1944.0,5.0,Los Angeles,4.0,True,1.0,One,7000.0,False,2.0,Los Angeles Unified,90045,0.0,7000.0,601.7301038062284,0.8,81.0,0,722.5,0.41285714285714287,14.36882079333642,14.331323723241304,14.765971263841193,2586901.185402359
True,False,2025-12-03,4464000.0,34.013357,-118.477397,3339.0,C14 - Santa Monica,True,0.0,0.1263,2003.0,3.0,Santa Monica,3.0,True,2.0,Two,5501.0,False,2.0,West Contra Costa,90405,160.0,5501.0,1336.9272237196765,1.0,22.0,0,1113.0,0.6069805489910926,15.311555783043284,14.73180128983843,14.808491486615285,2699268.8192525245
True,False,2025-12-12,1280000.0,34.914966,-120.450141,4252.0,ORWE - SM/Orcutt West,True,3.0,0.21,1990.0,3.0,Santa Maria,4.0,True,2.0,Two,0.21,False,3.0,Santa Maria Joint Union,93455,0.0,9147.6,301.0348071495767,1.3333333333333333,35.0,0,1063.0,0.464821373912283,14.0623706358958,13.538369041771391,13.846287313759236,1031255.2564268607
False,False,2025-12-01,770000.0,32.653291,-116.980606,1012.0,91913 - Chula Vista,True,2.0,0.0725,1987.0,2.0,Chula Vista,2.0,True,1.0,One,3157.0,False,2.0,Sweetwater Union,91913,118.0,3157.0,760.8695652173913,1.0,38.0,0,506.0,0.3205574912891986,13.554145793829866,13.764217263576723,13.3019590639963,598366.7049652749
False,False,2025-12-23,455000.0,33.768184999999995,-117.008039,1556.0,SRCAR - Southwest Riverside County,True,2.0,0.17,2004.0,2.0,Hemet,3.0,True,1.0,One,7405.0,False,2.0,Hemet Unified,92545,0.0,7405.0,292.41645244215937,1.5,21.0,0,518.6666666666666,0.21012829169480082,13.028052697933088,12.990536830078119,12.981144105770865,434149.4487523121
True,False,2025-12-31,900000.0,37.69664074,-122.1577828,1687.0,92109 - Pacific Beach,True,2.0,0.1156,1953.0,2.0,San Leandro,4.0,False,1.0,One,5035.0,False,2.0,Carlsbad Unified,94579,108.0,5035.0,533.4914048606995,2.0,72.0,0,421.75,0.33505461767626615,13.710150042306449,13.664687668229691,13.708841627053149,898823.196313863
False,False,2025-12-23,545000.0,34.15592,-117.246499,1438.0,274 - San Bernardino,True,2.0,0.1692,2005.0,2.0,San Bernardino,3.0,False,1.0,One,7370.0,False,2.0,San Bernardino City Unified,92404,0.0,7370.0,378.99860917941584,1.5,20.0,0,479.3333333333333,0.19511533242876528,13.208541073645382,13.142166004700508,13.065394841955696,472311.89553136367
False,False,2025-12-15,881350.0,37.95571087,-122.09673997,1828.0,654 - San Gabriel,True,2.0,0.2388,1977.0,2.0,Martinez,4.0,True,1.0,One,10400.0,False,2.0,Perris Union High,94553,0.0,10400.0,482.1389496717724,2.0,48.0,0,457.0,0.17576923076923076,13.689210101848099,13.604789526648622,13.62135208969029,823527.3909635168
True,False,2025-12-03,1290000.0,37.97399412,-122.09654442,2041.0,92082 - Valley Center,True,3.0,0.2273,1985.0,2.0,Pleasant Hill,4.0,True,1.0,One,9900.0,False,3.0,Escondido Union,94523,213.0,9900.0,632.0431161195493,2.0,40.0,0,510.25,0.20616161616161616,14.070152776337855,13.92391643180806,13.93423142839513,1126055.5590138892
False,False,2025-12-12,850000.0,34.208132,-118.877461,2000.0,TOW - Thousand Oaks West,False,2.0,0.29,1963.0,2.0,Thousand Oaks,4.0,True,1.0,One,12632.0,False,2.0,Conejo Valley Unified,91360,0.0,12632.0,425.0,2.0,62.0,0,500.0,0.15832805573147563,13.652991628466498,13.909911233385758,13.89797492628504,1085959.978172068
False,False,2025-12-08,1575000.0,32.7910434,-117.23985985,1048.0,92109 - Pacific Beach,True,2.0,1.1084,1950.0,1.0,San Diego,2.0,False,1.0,One,10365.0,False,1.0,Rim of the World,92109,0.0,69696.0,1502.8625954198474,2.0,75.0,0,524.0,0.015036730945821855,14.269765830241871,14.508657738524219,14.300855316525139,1624735.0536174388
False,False,2025-12-19,608000.0,33.799209999999995,-118.183613,1042.0,9 - Poly High,False,0.0,0.1469,1920.0,1.0,Long Beach,2.0,False,1.0,One,6401.0,False,2.0,Mount Diablo,90806,0.0,6401.0,583.4932821497121,2.0,105.0,0,521.0,0.16278706452116856,13.317930160948304,13.579788224443204,13.405790560449693,663836.0998737867
False,False,2025-12-30,1170000.0,33.74142,-118.012322,1274.0,17 - Northwest Huntington Beach,True,2.0,0.1377,1962.0,2.0,Huntington Beach,3.0,True,1.0,One,6000.0,False,2.0,Huntington Beach Union High,92647,0.0,6000.0,918.3673469387757,1.5,63.0,0,424.6666666666667,0.21233333333333335,13.972514306773938,14.080942316715522,13.911107331175598,1100315.2979266949
False,False,2025-12-29,620000.0,32.57014842,-117.05642162,1744.0,92154 - Otay Mesa,True,4.0,0.1331,1970.0,2.0,San Diego,3.0,False,1.0,One,5800.0,False,2.0,Torrance Unified,92154,0.0,5800.0,355.5045871559633,1.5,55.0,0,581.3333333333334,0.3006896551724138,13.337474757021274,13.579788224443204,13.561103480609434,775376.0997415172
False,False,2025-12-30,900000.0,33.987293,-117.723129,1315.0,682 - Chino Hills,True,2.0,0.185,1983.0,2.0,Chino Hills,3.0,True,1.0,One,8060.0,False,2.0,Chino Valley Unified,91709,0.0,8060.0,684.4106463878327,1.5,42.0,0,438.3333333333333,0.163151364764268,13.710150042306449,13.901688254205327,13.658612772202243,854791.4262067657
True,False,2025-12-01,880000.0,34.166081,-118.057165,1318.0,656 - Sierra Madre,True,0.0,0.1719,1910.0,2.0,Sierra Madre,2.0,True,1.0,One,7489.0,False,2.0,Hesperia Unified,91024,134.0,7489.0,667.6783004552352,1.0,115.0,0,659.0,0.17599145413272801,13.687677186454389,14.28551418721001,14.065155745046479,1283569.9086979611
False,False,2025-12-24,1000000.0,34.189209000000005,-118.63352,1439.0,WEH - West Hills,True,2.0,0.1725,1957.0,2.0,West Hills,4.0,True,1.0,One,7512.0,False,2.0,Los Angeles Unified,91307,0.0,7512.0,694.9270326615705,2.0,68.0,0,359.75,0.19156017039403622,13.815510557964274,13.849911984681606,13.727621028009501,915862.0464568044
False,False,2025-12-31,329000.0,39.413374,-121.705014,1268.0,699 - Not Defined,False,2.0,0.38,1955.0,2.0,Biggs,3.0,False,1.0,One,16553.0,False,2.0,Biggs Unified,95917,0.0,16553.0,259.4637223974763,1.5,70.0,0,422.6666666666667,0.07660242856279828,12.70381302974751,12.627932665049833,12.51100785896063,271307.42295462824
False,False,2025-12-23,375000.0,35.320959,-119.093131,1251.0,BKSF - Bakersfield,True,2.0,0.1,1997.0,2.0,Bakersfield,3.0,True,1.0,One,4356.0,False,2.0,Bakersfield City,93311,0.0,4356.0,299.7601918465228,1.5,28.0,0,417.0,0.2871900826446281,12.834681304952548,13.112313041550827,12.941397178075427,417231.78182378586
True,False,2025-12-26,712500.0,34.252809,-117.224898,2168.0,287A - Arrowhead Woods,True,2.0,0.2273,1971.0,3.0,Lake Arrowhead,4.0,True,2.0,Two,9900.0,False,2.0,Rim of the World,92352,0.0,9900.0,328.6439114391144,1.3333333333333333,54.0,0,542.0,0.21898989898989898,13.476535191124942,13.412043452518782,13.491116433522123,722965.2479468539
False,True,2025-12-31,615000.0,33.92314477,-118.09743833,1358.0,M1 - Norwalk,False,4.0,0.1291,1951.0,1.0,Norwalk,3.0,True,1.0,One,5624.0,True,2.0,Norwalk - La Mirada,90650,0.0,5624.0,452.8718703976436,3.0,74.0,0,452.6666666666667,0.2414651493598862,13.329377546788654,13.541073712262515,13.435014376053136,683522.1737195967
True,False,2025-12-30,1110000.0,34.216965,-118.234534,1224.0,635 - La Crescenta/Glendale Montrose & Annex,False,2.0,0.1321,1952.0,2.0,Montrose,3.0,True,1.0,One,5754.0,False,2.0,Glendale Unified,91020,0.0,5754.0,906.8627450980392,1.5,73.0,0,408.0,0.2127215849843587,13.919870573288517,13.952048517995483,13.776536539758597,961775.6974801011
False,False,2025-12-04,480000.0,34.06477,-117.682906,959.0,685 - Montclair,False,2.0,0.2094,1949.0,1.0,Montclair,2.0,False,1.0,One,9120.0,False,2.0,Ontario-Montclair,91763,0.0,9120.0,500.5213764337852,2.0,76.0,0,479.5,0.10515350877192982,13.081541382884074,13.458835614025542,13.26824299356447,578528.444357536
False,False,2025-12-12,300000.0,33.669847999999995,-116.180091,1120.0,315 - Coachella,False,6.0,0.14,1969.0,2.0,Coachella,3.0,False,1.0,One,6098.0,False,1.0,Los Angeles Unified,92236,0.0,6098.0,267.85714285714283,1.5,56.0,0,373.3333333333333,0.18366677599212858,12.611537753638338,13.12126236606766,12.941856892735844,417423.6334858143
True,False,2025-12-24,754000.0,34.224246,-118.998956,1281.0,VC45 - Mission Oaks,True,2.0,0.12,1979.0,2.0,Camarillo,3.0,False,1.0,One,5227.0,False,1.0,Torrance Unified,93012,0.0,5227.0,588.6026541764247,1.5,46.0,0,427.0,0.24507365601683567,13.533147646990093,13.710150042306449,13.515361463226652,740707.7768169838
True,False,2025-12-31,580000.0,34.942292,-120.448403,988.0,SMSW - SM Southwest,True,1.0,0.17,1962.0,1.0,Santa Maria,3.0,False,1.0,One,7405.0,False,1.0,Santa Maria Joint Union,93458,0.0,7405.0,587.0445344129555,3.0,63.0,0,329.3333333333333,0.13342336259284268,13.270783382522602,13.357427688121273,13.198266127601453,539428.8251808145
True,False,2025-12-15,5500000.0,32.68586935,-117.18165518,3242.0,92118 - Coronado,True,2.0,0.1377,2019.0,5.0,Coronado,3.0,True,2.0,ThreeOrMore,36180.0,False,2.0,Palmdale,92118,0.0,6000.0,1696.4836520666256,0.6,6.0,0,1080.6666666666667,0.5403333333333333,15.520258650202699,14.925872877186109,15.472770374926876,5244919.097098681
False,False,2025-12-22,1125000.0,36.96646933,-122.057879,1087.0,699 - Not Defined,True,2.0,0.0559999999999999,1997.0,2.0,Santa Cruz,2.0,True,1.0,Two,2439.0,False,1.0,Other,95060,0.0,2439.0,1034.9586016559338,1.0,28.0,0,543.5,0.44567445674456746,13.933293593620657,14.204168547756057,13.743623831686545,930636.306479479
False,False,2025-12-30,700000.0,37.72435635,-121.4297459,1907.0,699 - Not Defined,True,3.0,0.2869,1999.0,2.0,Tracy,4.0,True,1.0,One,12498.0,False,3.0,Perris Union High,95376,0.0,12498.0,367.06869428421606,2.0,26.0,0,476.75,0.15258441350616098,13.458835614025542,13.279367126213993,13.324063936163583,611740.7962040246
False,False,2025-12-24,1350000.0,34.286244,-119.195914,2410.0,SUNV - Sun Valley,True,3.0,0.16,2000.0,3.0,Ventura,3.0,True,1.0,One,6969.0,True,3.0,El Rancho Unified,93003,0.0,6969.0,560.1659751037345,1.0,25.0,0,803.3333333333334,0.34581719041469366,14.115615150414612,13.825460888817442,14.011638602526553,1216682.6849625641
False,True,2025-12-24,1110000.0,33.601288000000004,-117.654901,2230.0,MC - Mission Viejo Central,True,2.0,0.1837,1973.0,3.0,Mission Viejo,4.0,True,2.0,Two,8000.0,False,2.0,Capistrano Unified,92692,0.0,8000.0,497.7578475336323,1.3333333333333333,52.0,0,557.5,0.27875,13.919870573288517,14.006130917572923,14.100313727944595,1329500.3167924783
True,False,2025-12-29,750000.0,34.269090000000006,-117.202359,1934.0,287A - Arrowhead Woods,False,2.0,0.3134,1965.0,2.0,Lake Arrowhead,3.0,True,2.0,ThreeOrMore,13650.0,False,2.0,Rim of the World,92352,0.0,13650.0,387.7973112719752,1.5,60.0,0,644.6666666666666,0.1416849816849817,13.527828485512494,13.412043452518782,13.404109679249348,662721.2075166979
False,False,2025-12-30,575000.0,38.43288742,-121.82049875,1917.0,CAN3 - Canyon Country 3,True,2.0,0.0714,2015.0,3.0,Dixon,3.0,False,2.0,Two,3109.0,False,2.0,Garden Grove Unified,95620,0.0,3109.0,299.94783515910274,1.0,10.0,0,639.0,0.6165969765197813,13.262125319779487,13.24842942435495,13.278027629199705,584216.9188311724
False,False,2025-12-04,552000.0,32.73180387,-117.08248368,1442.0,92105 - East San Diego,True,4.0,0.0558,1960.0,2.0,San Diego,3.0,False,1.0,One,7190.0,False,2.0,Paso Robles Joint Unified,92105,175.0,14881.0,382.8016643550624,1.5,65.0,0,480.6666666666667,0.09690208991331228,13.221303325259232,13.422467969854667,13.405236265902534,663468.2411038928
True,False,2025-12-29,575000.0,34.242051000000004,-116.889059,1432.0,289 - Big Bear Area,True,2.0,0.1687,1976.0,2.0,Big Bear Lake,4.0,True,1.0,One,7350.0,False,2.0,Bear Valley Unified,92315,0.0,7350.0,401.536312849162,2.0,49.0,0,358.0,0.1948299319727891,13.262125319779487,13.398478813484644,13.360446889256291,634407.5747517316
False,True,2025-12-22,2300000.0,37.50818658,-122.28276783,2100.0,699 - Not Defined,True,2.0,0.1599,1953.0,2.0,San Carlos,3.0,True,1.0,Two,6965.0,False,2.0,Other,94070,0.0,6965.0,1095.2380952380952,1.5,72.0,0,700.0,0.3015075376884422,14.648419680899378,14.74570419500742,14.683480791215299,2382070.89489627
False,False,2025-12-29,3966000.0,37.36480638,-122.06883999,1963.0,699 - Not Defined,True,2.0,0.1825,1964.0,3.0,Mountain View,4.0,True,1.0,Two,7950.0,False,2.0,Other,94040,42.0,7950.0,2020.3769740193584,1.3333333333333333,61.0,0,490.75,0.24691823899371068,15.193268588061878,15.025827937848204,14.855038640615497,2827882.1727512595
True,False,2025-12-05,1769000.0,37.33799013,-121.87539681,1500.0,699 - Not Defined,False,2.0,0.1458,1909.0,2.0,San Jose,3.0,True,1.0,One,6350.0,False,0.0,San Jose Unified,95112,0.0,6350.0,1179.3333333333333,1.5,116.0,0,500.0,0.23622047244094488,14.385924973141922,14.014227026169724,13.982269962322428,1181469.974583322
True,False,2025-12-31,1380000.0,37.91959598,-122.30939314,1591.0,688 - Rancho Cucamonga,True,1.0,0.0849,1950.0,2.0,El Cerrito,3.0,True,2.0,Two,3700.0,False,1.0,Tustin Unified,94530,195.0,3700.0,867.3790069138906,1.5,75.0,0,530.3333333333334,0.43,14.137594057133388,14.137594057133388,14.083148141020551,1306873.4211071315
False,False,2025-12-17,515000.0,34.085632000000004,-117.44285,852.0,264 - Fontana,False,0.0,0.5923,1944.0,1.0,Fontana,2.0,False,1.0,One,25800.0,False,0.0,Fontana Unified,92335,0.0,25800.0,604.4600938967136,2.0,81.0,0,426.0,0.03302325581395349,13.151922179645874,13.226723392728571,13.004312998465638,444325.6410892104
True,False,2025-12-23,616000.0,33.948513,-116.992921,2719.0,263 - Banning/Beaumont/Cherry Valley,True,2.0,0.13,2002.0,3.0,Beaumont,4.0,True,2.0,Two,5663.0,False,2.0,Beaumont,92223,0.0,5663.0,226.55388010297904,1.3333333333333333,23.0,0,679.75,0.4801342044852552,13.331002242515657,13.197470849891134,13.262597973977822,575271.8404022354
True,True,2025-12-01,1900000.0,33.670303000000004,-117.582891,1775.0,TC - Trabuco Canyon,True,2.0,1.7,1995.0,3.0,Trabuco Canyon,3.0,True,1.0,"Two,One",74052.0,False,2.0,Saddleback Valley Unified,92679,0.0,74052.0,1070.4225352112676,1.0,30.0,0,591.6666666666666,0.023969642953600174,14.457364444136669,14.357834848789636,14.120703800624433,1356887.1861623127
False,False,2025-12-22,1060000.0,33.862939000000004,-118.29279,1725.0,120 - South Gardena,False,0.0,0.1313,1957.0,2.0,Gardena,4.0,False,2.0,Two,5720.0,False,1.0,Downey Unified,90248,0.0,5720.0,614.4927536231884,2.0,68.0,0,431.25,0.30157342657342656,13.87377946608825,13.635187003832993,13.64160680313853,840377.7760717887
True,False,2025-12-23,561000.0,33.802414,-117.065061,1540.0,SRCAR - Southwest Riverside County,False,3.0,4.84,1999.0,3.0,Nuevo,3.0,False,1.0,One,210830.0,False,3.0,Nuview Union,92567,0.0,210830.0,364.2857142857143,1.0,26.0,0,513.3333333333334,0.007304463311672912,13.237476184504834,13.296316684527767,13.351415699988339,628703.9140577087
True,False,2025-12-02,1200000.0,33.16070882,-117.33894453,993.0,92008 - Carlsbad,True,3.0,0.1433,1946.0,2.0,Carlsbad,2.0,True,1.0,One,6244.0,False,0.0,Conejo Valley Unified,92008,0.0,6244.0,1208.4592145015106,1.0,79.0,0,496.5,0.15903267136450994,13.997832114758229,14.403297222866392,14.06406426145843,1282169.677512196
True,False,2025-12-23,450000.0,32.699929,-117.126669,750.0,92113 - Logan Heights,False,1.0,0.1494,1947.0,1.0,San Diego,2.0,False,1.0,One,6506.0,False,1.0,San Diego Unified,92113,0.0,6506.0,600.0,2.0,78.0,0,375.0,0.1152782047340916,13.017002861746503,13.442452134775017,13.161010626779545,519701.8843228472
False,False,2025-12-02,1830000.0,33.558161,-117.634261,2694.0,LD - Ladera Ranch,True,3.0,0.162,2002.0,3.0,Ladera Ranch,4.0,True,2.0,Two,7057.0,False,3.0,Capistrano Unified,92694,231.0,7057.0,679.2873051224944,1.3333333333333333,23.0,0,673.5,0.3817486183930849,14.419826524817603,14.232573444874031,14.350034756964183,1706636.0299139877
False,False,2025-12-30,470000.0,37.75202691,-121.45000638,1245.0,699 - Not Defined,True,4.0,0.1309,1978.0,2.0,Tracy,3.0,True,1.0,One,5700.0,False,2.0,Murrieta,95376,0.0,5700.0,377.5100401606426,1.5,47.0,0,415.0,0.21842105263157896,13.060487973686241,13.279367126213993,13.161062677499082,519728.93588389154
True,False,2025-12-30,427500.0,33.767527,-116.93828899999998,1544.0,SRCAR - Southwest Riverside County,True,2.0,0.14,1996.0,2.0,San Jacinto,3.0,False,1.0,One,6098.0,False,2.0,San Jacinto Unified,92583,0.0,6098.0,276.87823834196894,1.5,29.0,0,514.6666666666666,0.25319776976057723,12.965709567358951,13.064725287181727,13.027973205934638,454963.83257823467
False,False,2025-12-22,640000.0,34.668248,-118.176264,3992.0,LAC - Lancaster,True,3.0,0.2376,2005.0,4.0,Lancaster,5.0,True,2.0,Two,10352.0,False,3.0,Antelope Valley Union,93536,0.0,10352.0,160.32064128256513,1.25,20.0,0,798.4,0.3856259659969088,13.369223455335854,13.224918336616522,13.483644775960293,717583.6290279522
True,True,2025-12-09,1000000.0,32.65699,-117.023994,2742.0,91902 - Bonita,True,6.0,0.0,1964.0,3.0,Bonita,4.0,True,1.0,One,0.53,False,3.0,Sweetwater Union,91902,0.0,0.53,364.6973012399709,1.3333333333333333,61.0,0,685.5,5173.584905660377,13.815510557964274,13.9016461684345,14.17683397516397,1435227.563104574
True,False,2025-12-30,755000.0,33.988387,-117.452144,1405.0,251 - Jurupa Valley,True,2.0,0.46,1968.0,2.0,Jurupa Valley,3.0,True,1.0,One,20038.0,False,2.0,Jurupa Unified,92509,0.0,20038.0,537.3665480427046,1.5,57.0,0,468.3333333333333,0.07011677812156902,13.534473028231162,13.422467969854667,13.394065170711224,656097.8187192993
True,False,2025-12-30,715000.0,33.755892,-116.399479,1993.0,321 - Rancho Mirage,True,4.0,0.1,1988.0,3.0,Rancho Mirage,3.0,True,1.0,Two,4356.0,False,2.0,Hemet Unified,92270,964.0,4356.0,358.7556447566483,1.0,37.0,0,664.3333333333334,0.4575298438934803,13.480037821676145,13.9108207377686,13.804271980583755,988824.3395108875
False,False,2025-12-30,799000.0,32.748852,-117.06352,1260.0,92115 - San Diego,True,2.0,0.1194,1951.0,1.0,San Diego,4.0,False,1.0,One,5200.0,False,2.0,San Diego Unified,92115,0.0,5200.0,634.1269841269841,4.0,74.0,0,315.0,0.2423076923076923,13.591116224748411,13.748301808270824,13.563357570363317,777125.8383564355
True,False,2025-12-26,340000.0,33.921151,-117.237281,1177.0,259 - Moreno Valley,True,3.0,0.15,1978.0,2.0,Moreno Valley,3.0,False,1.0,One,6534.0,False,3.0,Moreno Valley Unified,92553,0.0,6534.0,288.8700084961767,1.5,47.0,0,392.3333333333333,0.18013468013468015,12.736700896592344,13.159174447339636,13.04358095925279,462120.5003171852
False,False,2025-12-02,1040000.0,33.964082,-118.420809,1845.0,C29 - Westchester,True,0.0,0.1122,1950.0,3.0,Los Angeles,3.0,True,2.0,Two,4887.0,False,2.0,San Diego Unified,90045,0.0,4887.0,563.6856368563685,1.0,75.0,0,615.0,0.3775322283609576,13.854731271117556,14.331323723241304,14.391831053297073,1779478.7695611103
True,False,2025-12-26,1300000.0,33.735452,-117.972562,1732.0,"67 - S of Bolsa, E of Beach",True,2.0,0.1377,1966.0,3.0,Westminster,3.0,True,1.0,One,6000.0,False,2.0,Huntington Beach Union High,92683,0.0,6000.0,750.5773672055427,1.0,59.0,0,577.3333333333334,0.2886666666666667,14.077874822431765,13.933293593620657,13.88288609992223,1069697.1189038595
False,False,2025-12-31,1200000.0,34.150406,-117.85093700000002,2501.0,629 - Glendora,True,3.0,0.3304,1965.0,3.0,Glendora,4.0,True,1.0,One,14392.0,False,3.0,Glendora Unified,91741,0.0,14392.0,479.80807676929226,1.3333333333333333,60.0,0,625.25,0.17377709838799332,13.997832114758229,13.868095806767045,14.070888785543369,1290949.8013635105
False,True,2025-12-19,1799000.0,37.28465482,-121.98708258,1587.0,699 - Not Defined,False,2.0,0.1427,1960.0,2.0,San Jose,4.0,True,1.0,Two,6215.0,False,2.0,Other,95130,0.0,6215.0,1133.5853812224325,2.0,65.0,0,396.75,0.2553499597747385,14.40274151293267,14.53335035111459,14.381549962844542,1761277.5120838352
True,False,2025-12-01,1328000.0,33.995019,-118.343009,1987.0,VWPK - View Park,False,2.0,0.1583,1949.0,2.0,View Park,3.0,True,2.0,"Two,MultiSplit",6896.0,False,2.0,Los Angeles Unified,90043,0.0,6896.0,668.3442375440362,1.5,76.0,0,662.3333333333334,0.2881380510440835,14.099184609018517,13.652991628466498,13.78107980524478,966155.2409930828
False,False,2025-12-09,775000.0,33.916131,-118.152956,1641.0,"D3 - Southwest Downey, S of Firestone, W of Downey",False,0.0,0.0685,1941.0,2.0,Downey,4.0,False,2.0,Two,2983.0,False,0.0,Downey Unified,90242,0.0,2983.0,472.27300426569167,2.0,84.0,0,410.25,0.5501173315454241,13.560618308335483,13.652991628466498,13.655814689726673,852402.9923725637
True,False,2025-12-30,747500.0,37.68259595,-122.11960105,1024.0,M3 - La Mirada,True,1.0,0.1202,1950.0,1.0,San Lorenzo,3.0,True,1.0,One,5238.0,False,1.0,Fallbrook Union,94580,13.0,5238.0,729.98046875,3.0,75.0,0,341.3333333333333,0.19549446353570066,13.524489584246979,13.652991628466498,13.514143922467131,739806.4836997082
True,False,2025-12-30,350000.0,37.344664,-120.597549,1110.0,264 - Fontana,True,2.0,0.1171,1955.0,2.0,Atwater,3.0,False,1.0,One,5102.0,False,2.0,Atwater,95301,0.0,5102.0,315.31531531531533,1.5,70.0,0,370.0,0.21756174049392396,12.765688433465597,13.038981768465277,12.888689022355306,395809.7804198594
True,False,2025-12-29,613000.0,34.063045,-117.155101,1519.0,268 - Redlands,True,2.0,0.2104,1978.0,2.0,Redlands,3.0,True,1.0,One,9167.0,False,2.0,Redlands Unified,92374,0.0,9167.0,403.55497037524685,1.5,47.0,0,506.3333333333333,0.16570306534307844,13.32612021491835,13.299666780812677,13.220687576328523,551660.2112132751
True,False,2025-12-29,1760000.0,33.431709000000005,-117.60957,1419.0,SC - San Clemente Central,True,2.0,0.1839,1962.0,2.0,San Clemente,3.0,True,1.0,One,8010.0,False,1.0,Capistrano Unified,92672,0.0,8010.0,1240.3100775193798,1.5,63.0,0,473.0,0.17715355805243446,14.380824367014334,14.43202387032261,14.220600103115212,1499436.761336569
True,False,2025-12-24,1275000.0,33.793918,-118.115461,1670.0,"34 - Los Altos, X-100",True,4.0,0.1518,1951.0,2.0,Long Beach,3.0,False,1.0,One,6612.0,False,2.0,Long Beach Unified,90815,0.0,6612.0,763.4730538922156,1.5,74.0,0,556.6666666666666,0.25257108287961283,14.058456736574664,13.937728190688523,13.899847498178262,1087995.4214665322
False,False,2025-12-29,1365000.0,33.662833,-117.91557,1352.0,C4 - Central Costa Mesa,True,2.0,0.1537,1958.0,2.0,Costa Mesa,3.0,True,1.0,One,6696.0,False,2.0,Newport Mesa Unified,92626,0.0,6696.0,1009.6153846153846,1.5,67.0,0,450.6666666666667,0.2019115890083632,14.126664986601197,14.28551418721001,14.114839408587853,1348953.1546272435
True,True,2025-12-05,1225000.0,33.629455,-116.254202,2849.0,313 - La Quinta South of HWY 111,True,4.0,0.21,2013.0,4.0,La Quinta,3.0,True,1.0,One,9148.0,False,2.0,Los Angeles Unified,92253,340.0,9148.0,429.9754299754299,0.75,12.0,0,949.6666666666666,0.31143419326628774,14.018451401960965,13.545013310266594,14.098814936392563,1327509.1654823658
False,False,2025-12-25,1050000.0,33.014661,-117.068941,1632.0,92128 - Rancho Bernardo,True,6.0,0.24,1968.0,2.0,San Diego,3.0,True,1.0,One,0.24,False,2.0,San Diego Unified,92128,47.0,10454.4,643.3823529411765,1.5,57.0,0,544.0,0.1561065197428834,13.864300722133706,13.983960916083914,13.92090024844517,1111143.5280540653
True,False,2025-12-02,3185000.0,35.110007,-120.565943,5826.0,ARRG - Arroyo Grande,True,20.0,3.71,2002.0,5.0,Arroyo Grande,4.0,True,1.0,One,161608.0,False,5.0,Lucia Mar Unified,93420,240.0,161608.0,546.6872639890148,0.8,23.0,0,1456.5,0.03605019553487451,14.973962846988401,13.953093847654955,14.904379016333442,2970910.4610205935
True,True,2025-12-30,670000.0,37.372135,-120.59356499999998,2678.0,264 - Fontana,True,3.0,0.2491,2022.0,3.0,Atwater,4.0,True,1.0,One,10850.0,False,3.0,Atwater,95301,0.0,10850.0,250.1867064973861,1.3333333333333333,3.0,0,669.5,0.24682027649769586,13.415032991367148,13.038981768465277,13.314437148344524,605879.9531676362
False,False,2025-12-26,850000.0,34.400022,-118.543122,1522.0,VAL1 - Valencia 1,True,2.0,0.1453,1984.0,2.0,Valencia,3.0,True,1.0,One,6328.0,False,2.0,William S. Hart Union,91355,62.0,6328.0,558.4756898817345,1.5,41.0,0,507.3333333333333,0.24051833122629582,13.652991628466498,13.697852514496041,13.607657989527524,812326.7904925711
False,False,2025-12-24,1251000.0,32.76594632,-117.03014442,2216.0,91942 - La Mesa,True,2.0,0.1676,1971.0,2.0,La Mesa,3.0,False,2.0,Two,7300.0,False,2.0,Los Angeles Unified,91942,280.0,7300.0,564.5306859205776,1.5,54.0,0,738.6666666666666,0.30356164383561646,14.039453789449048,13.683121369918528,13.776879469448023,962105.5754805825
True,False,2025-12-29,797720.0,35.322825,-120.831764,1120.0,OSOS - Los Osos,True,0.0,0.1435,1973.0,2.0,Los Osos,3.0,False,1.0,One,6250.0,False,0.0,San Luis Coastal Unified,93402,0.0,6250.0,712.25,1.5,52.0,0,373.3333333333333,0.1792,13.589512937667157,13.687677186454389,13.528312799121164,750363.3231805814
True,False,2025-12-18,1600000.0,32.859457,-117.20481,2324.0,92122 - University City,True,2.0,0.2571,1970.0,3.0,San Diego,5.0,True,2.0,Two,11200.0,False,2.0,Apple Valley Unified,92122,840.0,11200.0,688.4681583476764,1.6666666666666667,55.0,0,464.8,0.2075,14.28551418721001,14.333410696092393,14.379157679897505,1757069.0738213025
True,True,2025-12-30,950000.0,34.127790999999995,-117.708191,1768.0,683 - Claremont,True,2.0,0.2414,1979.0,2.0,Claremont,4.0,True,1.0,One,10517.0,False,2.0,Claremont Unified,91711,0.0,10517.0,537.3303167420814,2.0,46.0,0,442.0,0.1681087762669963,13.764217263576723,13.9108207377686,13.783572001414072,968566.0922929901
False,False,2025-12-23,795000.0,33.819089,-118.106495,1054.0,"33 - Lakewood Plaza, Rancho",True,2.0,0.1292,1953.0,1.0,Long Beach,3.0,False,1.0,One,5629.0,False,2.0,Long Beach Unified,90808,0.0,5629.0,754.26944971537,3.0,72.0,0,351.3333333333333,0.18724462604370226,13.58609739363647,13.869051324892304,13.671095178080904,865528.1503973925
True,False,2025-12-02,1585000.0,37.65445352,-122.03996995,2038.0,690 - Upland,True,2.0,0.1646,1987.0,2.0,Hayward,4.0,True,1.0,One,7168.0,False,2.0,Antelope Valley Union,94542,0.0,7168.0,777.7232580961727,2.0,38.0,0,509.5,0.28431919642857145,14.276094965293519,14.155547860749984,14.053195296674382,1268309.2809699583
True,False,2025-12-19,835000.0,35.740825,-120.877293,2055.0,PSOR - Paso Robles,True,2.0,0.3744,2025.0,2.0,Paso Robles,3.0,True,1.0,One,16309.0,True,2.0,Paso Robles Joint Unified,93446,150.0,16309.0,406.3260340632603,1.5,0.0,0,685.0,0.12600404684530014,13.635187003832993,13.591116224748411,13.669104104177759,863806.5343858155
False,False,2025-12-17,5310000.0,37.35899662,-122.10444187,1478.0,699 - Not Defined,True,2.0,0.4359,1951.0,2.0,Los Altos,3.0,True,1.0,One,18988.0,False,2.0,Other,94024,307.0,18988.0,3592.6928281461437,1.5,74.0,0,492.6666666666667,0.07783863492732251,15.485102393218122,15.303785285032884,14.956286226074726,3129194.6405663695
True,False,2025-12-19,825000.0,34.070159000000004,-118.161205,1028.0,601 - Alhambra,True,2.0,0.1027,1930.0,2.0,Alhambra,3.0,False,1.0,One,4473.0,False,2.0,Alhambra,91803,0.0,4473.0,802.5291828793775,1.5,95.0,0,342.6666666666667,0.2298233847529622,13.623138665316818,13.768418401049605,13.614618526454793,818000.7450919246
False,True,2025-12-17,935000.0,34.378099,-118.535347,2695.0,NEW1 - Newhall 1,True,2.0,0.2236,1989.0,3.0,Newhall,4.0,True,2.0,Two,9742.0,False,2.0,William S. Hart Union,91321,0.0,9742.0,346.9387755102041,1.3333333333333333,36.0,0,673.75,0.27663724081297475,13.748301808270824,13.723939611375346,13.951784154019146,1145995.3905248935
False,False,2025-12-23,785000.0,34.258381,-119.190452,1804.0,PAC - Pacoima,True,2.0,0.23,1974.0,2.0,Ventura,4.0,True,2.0,Two,10018.0,False,2.0,Azusa Unified,93003,0.0,10018.0,435.1441241685144,2.0,51.0,0,451.0,0.18007586344579757,13.573438996764546,13.825460888817442,13.82284431449406,1007360.714382686
True,False,2025-12-22,799900.0,33.461837,-117.098991,3083.0,SRCAR - Southwest Riverside County,True,3.0,0.16,2010.0,4.0,Temecula,4.0,True,2.0,Two,6970.0,False,3.0,Temecula Unified,92592,54.0,6970.0,259.4550762244567,1.0,15.0,0,770.75,0.4423242467718795,13.592241998836913,13.580420735596498,13.727949468937666,916162.9024414184
False,False,2025-12-01,7995000.0,33.570799,-117.827193,3988.0,CR - Crystal Cove,True,3.0,0.2595,2005.0,5.0,Newport Coast,4.0,True,2.0,Two,11305.0,False,3.0,Newport Mesa Unified,92657,945.0,11305.0,2004.764292878636,0.8,20.0,0,997.0,0.35276426360017693,15.894326904250192,15.524055765796309,15.655471832116476,6296294.426965674
False,False,2025-12-26,622000.0,37.92835922,-121.71675873,1234.0,699 - Not Defined,True,2.0,0.2115,1985.0,2.0,Brentwood,3.0,True,1.0,One,9215.0,False,2.0,Capistrano Unified,94513,0.0,9215.0,504.0518638573744,1.5,40.0,0,411.3333333333333,0.1339120998372219,13.340695371721317,13.591116224748411,13.409416298586327,666247.3644029187
True,True,2025-12-23,775000.0,33.340083,-117.183869,1710.0,92028 - Fallbrook,True,2.0,0.23,1987.0,2.0,Fallbrook,3.0,True,1.0,One,0.23,False,2.0,Fallbrook Union,92028,0.0,10018.8,453.2163742690058,1.5,38.0,0,570.0,0.1706791232482932,13.560618308335483,13.681979165339751,13.620206744205282,822584.7075366513
False,False,2025-12-31,1378000.0,33.65115,-117.938888,1237.0,C2 - Southwest Costa Mesa,True,1.0,0.1702,1954.0,2.0,Costa Mesa,4.0,False,1.0,One,7416.0,False,1.0,Newport Mesa Unified,92627,0.0,7416.0,1113.9854486661277,2.0,71.0,0,309.25,0.16680151024811218,14.136143730555741,14.375126345899696,14.145335546794069,1390724.7148045755
True,False,2025-12-30,2755000.0,37.37155173,-122.06276129,2493.0,699 - Not Defined,True,2.0,0.0918,1986.0,3.0,Mountain View,4.0,True,1.0,One,4000.0,False,2.0,Other,94040,370.0,4000.0,1105.0942639390294,1.3333333333333333,39.0,0,623.25,0.62325,14.828928000569151,15.025827937848204,14.902248923251332,2964588.880367853
False,False,2025-12-19,750000.0,33.788502,-117.82159,548.0,"75 - Orange, Orange Park Acres E of 55",False,7.0,0.1722,1953.0,1.0,Orange,1.0,False,1.0,One,7500.0,False,4.0,Orange Unified,92869,0.0,7500.0,1368.6131386861314,1.0,72.0,0,548.0,0.07306666666666667,13.527828485512494,14.115985383678474,13.425297700848999,676912.7734619912
False,False,2025-12-18,815000.0,33.769009000000004,-117.889444,1878.0,699 - Not Defined,False,2.0,0.188,1942.0,1.0,Santa Ana,4.0,True,1.0,One,8190.0,False,2.0,Santa Ana Unified,92706,0.0,8190.0,433.9723109691161,4.0,83.0,0,469.5,0.2293040293040293,13.610943392223,13.981024996441848,13.93056433705765,1121933.7725306584
True,False,2025-12-29,1075000.0,33.790565,-117.874069,1576.0,OTO - Old Towne Orange,True,4.0,0.1626,1959.0,2.0,Orange,3.0,True,1.0,One,7081.0,False,2.0,Orange Unified,92868,0.0,7081.0,682.1065989847716,1.5,66.0,0,525.3333333333334,0.22256743397825166,13.8878312195439,13.74562083670013,13.721149369037631,909954.0375563633
True,True,2025-12-29,930000.0,33.494509,-117.093509,2616.0,SRCAR - Southwest Riverside County,True,3.0,0.17,1999.0,3.0,Temecula,5.0,True,2.0,Two,7405.0,False,3.0,Temecula Unified,92592,120.0,7405.0,355.5045871559633,1.6666666666666667,26.0,0,523.2,0.35327481431465224,13.742939865129438,13.580420735596498,13.650597967073141,847967.8209602017
True,False,2025-12-01,8000000.0,37.38552387,-122.21859779999998,3750.0,699 - Not Defined,False,6.0,1.17,2004.0,5.0,Portola Valley,4.0,True,1.0,One,50965.2,False,2.0,Other,94028,240.0,50965.2,2133.333333333333,0.8,21.0,0,937.5,0.07357961903416449,15.89495209964411,15.268294660352998,15.327328892387554,4534969.3927360615
False,False,2025-12-29,925000.0,32.762758000000005,-117.054134,1067.0,92115 - San Diego,False,5.0,0.1377,1940.0,1.0,San Diego,2.0,False,1.0,One,6000.0,False,2.0,San Diego Unified,92115,0.0,6000.0,866.9165885660731,2.0,85.0,0,533.5,0.17783333333333334,13.737549016494562,13.748301808270824,13.535677352769378,755909.8127713102
True,False,2025-12-17,2160000.0,32.61658905,-117.13394763,2343.0,92118 - Coronado,True,2.0,0.1015,1988.0,3.0,Coronado,3.0,False,2.0,Two,4420.0,False,2.0,Capistrano Unified,92118,373.0,4420.0,921.8950064020488,1.0,37.0,0,781.0,0.5300904977375566,14.585618779660347,14.925872877186109,14.792573086037331,2656640.9607224236
True,True,2025-12-19,1717000.0,34.297795,-118.499717,3871.0,GH - Granada Hills,True,2.0,0.4117,1964.0,4.0,Granada Hills,5.0,True,1.0,One,17932.0,False,2.0,Los Angeles Unified,91344,0.0,17932.0,443.5546370446913,1.25,61.0,0,774.2,0.21587106848092796,14.356089139879613,13.892471599100402,14.331548489484264,1675376.5257705152
False,False,2025-12-19,690000.0,34.156895,-119.162689,1508.0,VC33 - Oxnard - Southwest / Port Huenem,True,2.0,0.13,1971.0,2.0,Oxnard,3.0,False,1.0,One,5662.0,False,2.0,Sweetwater Union,93033,760.0,5662.0,457.5596816976128,1.5,54.0,0,502.6666666666667,0.26633698339809253,13.444446876573442,13.459566775233457,13.42234207031868,674915.0231625929
False,False,2025-12-01,1575000.0,34.162219,-118.496839,1822.0,ENC - Encino,True,0.0,0.1895,1949.0,3.0,Encino,3.0,True,1.0,One,8253.0,False,2.0,Oceanside Unified,91436,0.0,8253.0,864.4346871569703,1.0,76.0,0,607.3333333333334,0.22076820550102993,14.269765830241871,14.68050799545088,14.416014653394182,1823037.5537007519
False,False,2025-12-23,750000.0,37.72488253,-122.14423322,1685.0,91901 - Alpine,False,0.0,0.151,1949.0,2.0,San Leandro,3.0,True,2.0,Two,6578.0,False,0.0,Perris Union High,94577,0.0,6578.0,445.1038575667656,1.5,76.0,0,561.6666666666666,0.2561568865916692,13.527828485512494,13.667799101765917,13.726345679496676,914694.7476725057
True,False,2025-12-22,750000.0,34.113368,-118.22446,1633.0,623 - Glassel Park,True,3.0,0.1186,1964.0,1.0,Los Angeles,3.0,True,2.0,Two,5168.0,False,1.0,Los Angeles Unified,90065,0.0,5168.0,459.2774035517453,3.0,61.0,0,544.3333333333334,0.3159829721362229,13.527828485512494,14.050977780915009,13.906493085104033,1095249.8679434028
False,False,2025-12-01,1992500.0,37.88115298,-122.25250051,1598.0,323 - South Palm Desert,False,1.0,0.148,1958.0,2.0,Berkeley,2.0,True,2.0,Two,6449.0,False,0.0,Capistrano Unified,94708,369.0,6449.0,1246.8710888610765,1.0,67.0,0,799.0,0.247790355093813,14.504900689646508,14.300900016543387,14.15026204927719,1397593.028055138
True,False,2025-12-26,1560000.0,33.463261,-117.666006,1122.0,CB - Capistrano Beach,True,2.0,0.1183,1970.0,2.0,Dana Point,3.0,True,1.0,One,5151.0,False,2.0,Orange Unified,92624,0.0,5151.0,1390.374331550802,1.5,55.0,0,374.0,0.21782178217821782,14.26019637922572,14.346138809026444,14.096047094711448,1323839.910582904
False,False,2025-12-15,1510000.0,37.47633493,-122.19286677,900.0,MN - Mission Viejo North,False,0.0,0.1228,1946.0,1.0,Menlo Park,2.0,True,1.0,One,5350.0,False,0.0,Snowline Joint Unified,94025,0.0,5350.0,1677.7777777777778,2.0,79.0,0,450.0,0.16822429906542055,14.227620208791107,14.871563232213587,14.348718559408436,1704391.2373621687
True,False,2025-12-23,1250000.0,37.72399241,-121.935199,1116.0,315 - Coachella,True,2.0,0.1607,1963.0,2.0,Dublin,3.0,True,1.0,One,6999.0,False,2.0,Corning Union,94568,33.0,6999.0,1120.0716845878137,1.5,62.0,0,372.0,0.1594513501928847,14.038654109278484,14.288629462085328,14.008484216276162,1212850.8445596532
False,False,2025-12-31,5275000.0,33.992829,-118.461618,2880.0,C11 - Venice,True,2.0,0.1217,2009.0,3.0,Venice,3.0,True,2.0,Two,5301.0,False,3.0,Lake Elsinore Unified,90291,450.0,5301.0,1831.5972222222224,1.0,16.0,0,960.0,0.5432937181663837,15.478489237326404,14.66457824156197,14.760683327918303,2573257.921838221
True,True,2025-12-24,450000.0,33.750825,-116.913191,1582.0,SRCAR - Southwest Riverside County,True,2.0,0.17,2002.0,2.0,Hemet,3.0,True,1.0,One,7405.0,False,2.0,Hemet Unified,92544,0.0,7405.0,284.45006321112515,1.5,23.0,0,527.3333333333334,0.21363943281566508,13.017002861746503,13.081541382884074,13.057976118745058,468820.9096495529
True,True,2025-12-29,1910000.0,34.180167,-118.20608500000002,2700.0,627 - Rossmoyne & Verdu Woodlands,True,2.0,0.3225,1968.0,3.0,Glendale,5.0,True,2.0,Two,14048.0,False,2.0,Hacienda La Puente Unified,91206,0.0,14048.0,707.4074074074074,1.6666666666666667,57.0,0,540.0,0.19219817767653757,14.462613800022813,14.269765830241871,14.428250319259625,1845480.655215009
True,False,2025-12-15,860000.0,38.01895352,-122.27758059,2015.0,15 - West Huntington Beach,True,2.0,0.0487,2018.0,3.0,Hercules,4.0,False,2.0,Two,2121.0,False,2.0,Colton Unified,94547,157.0,2121.0,426.7990074441687,1.3333333333333333,7.0,0,503.75,0.95002357378595,13.664687668229691,13.633374406790827,13.581430152520966,791298.1886559819
True,False,2025-12-31,635000.0,34.051944,-117.189079,1196.0,268 - Redlands,False,1.0,0.1313,1911.0,2.0,Redlands,3.0,True,1.0,One,5720.0,False,1.0,Redlands Unified,92373,0.0,5720.0,530.9364548494983,1.5,114.0,0,398.6666666666667,0.20909090909090908,13.36138027787483,13.621317169677567,13.517502662913696,742295.4792642872
False,False,2025-12-23,899999.0,33.213671999999995,-117.22054,1755.0,92084 - Vista,True,7.0,0.2292,1980.0,2.0,Vista,3.0,True,1.0,One,9985.0,False,3.0,Vista Unified,92084,0.0,9985.0,512.819943019943,1.5,45.0,0,585.0,0.1757636454682023,13.71014893119472,13.773646353865574,13.685949530998913,878480.9757522765
True,False,2025-12-22,300000.0,33.764503000000005,-116.989577,1124.0,SRCAR - Southwest Riverside County,True,1.0,0.19,2003.0,2.0,Hemet,2.0,False,1.0,One,0.19,False,1.0,Hemet Unified,92545,275.0,8276.4,266.9039145907473,1.0,22.0,0,562.0,0.13580783915712147,12.611537753638338,12.990536830078119,12.790179854929733,358677.82994369394
True,False,2025-12-19,545000.0,34.454712,-117.208957,2218.0,APPV - Apple Valley,True,3.0,0.5326,2025.0,3.0,Apple Valley,4.0,True,1.0,One,23200.0,True,3.0,Apple Valley Unified,92307,0.0,23200.0,245.71686203787195,1.3333333333333333,0.0,0,554.5,0.09560344827586206,13.208541073645382,13.049792684569493,13.28275186261065,586983.4255848452
True,False,2025-12-23,699000.0,33.16495935,-117.12232040000002,1410.0,92026 - Escondido,True,2.0,0.1294,1987.0,2.0,Escondido,3.0,True,1.0,One,5638.0,False,2.0,Las Virgenes,92026,325.0,5638.0,495.74468085106383,1.5,38.0,0,470.0,0.2500886839304718,13.457406021215947,13.709594177880103,13.55409663528264,769962.1488489971
True,False,2025-12-22,1552000.0,37.86461625,-122.104502,1178.0,RM - Lynwood,True,3.0,0.4488,1954.0,2.0,Lafayette,3.0,True,1.0,One,19550.0,False,2.0,Acalanes,94549,0.0,19550.0,1317.4872665534804,1.5,71.0,0,392.6666666666667,0.060255754475703326,14.255054979725301,14.527484500631974,14.332087447653906,1676279.7270082855
True,False,2025-12-23,310000.0,34.387724,-117.342606,1232.0,HSP - Hesperia,True,8.0,0.4132,1988.0,2.0,Hesperia,2.0,False,1.0,One,18000.0,False,2.0,Hesperia Unified,92345,0.0,18000.0,251.62337662337663,1.0,37.0,0,616.0,0.06844444444444445,12.644327576461329,13.064514272196533,12.830149562657223,373304.44145819417
False,False,2025-12-31,410000.0,33.95236,-118.253282,1024.0,C37 - Metropolitan South,True,0.0,0.1093,1939.0,1.0,Los Angeles,3.0,False,1.0,One,4760.0,False,2.0,Menifee Union,90002,345.0,4760.0,400.390625,3.0,86.0,0,341.3333333333333,0.21512605042016808,12.92391243868049,13.287734158360443,13.19028783445701,535142.2264913667
False,False,2025-12-22,915000.0,33.892163000000004,-117.778504,1337.0,85 - Yorba Linda,True,2.0,0.124,1984.0,2.0,Yorba Linda,3.0,True,1.0,One,5400.0,False,2.0,Placentia-Yorba Linda Unified,92886,122.0,5400.0,684.3679880329095,1.5,41.0,0,445.6666666666667,0.2475925925925926,13.726679344257658,14.20888790014483,13.983465290036188,1182883.0627703993
False,False,2025-12-24,1000000.0,37.72132251,-122.14464064,1490.0,92026 - Escondido,True,2.0,0.1155,1946.0,2.0,San Leandro,3.0,True,1.0,One,5032.0,False,1.0,Murrieta,94577,0.0,5032.0,671.1409395973154,1.5,79.0,0,496.6666666666667,0.2961049284578696,13.815510557964274,13.667799101765917,13.677838219295262,871384.1638690918
True,False,2025-12-30,240000.0,34.110746,-116.450931,1008.0,DC524 - Storey Park,True,2.0,0.2548,1985.0,2.0,Yucca Valley,2.0,False,1.0,One,11100.0,False,2.0,Morongo Unified,92284,0.0,11100.0,238.0952380952381,1.0,40.0,0,504.0,0.09081081081081081,12.388394202324129,12.86876061860541,12.637541113172524,307903.31895202113
False,False,2025-12-18,2430000.0,34.068948,-118.388399,1917.0,C01 - Beverly Hills,False,4.0,0.1321,1940.0,2.0,Beverly Hills,2.0,True,1.0,One,5756.0,False,2.0,Victor Valley Union High,90211,0.0,5756.0,1267.605633802817,1.0,85.0,0,958.5,0.33304378040305765,14.703401815316731,14.78192389924164,14.584110696729777,2156744.99589494
True,False,2025-12-23,400000.0,32.619908,-116.488672,480.0,91906 - Campo,False,12.0,20.25,1942.0,1.0,Campo,2.0,False,1.0,One,20.25,False,0.0,Mountain Empire Unified,91906,0.0,882090.0,833.3333333333334,2.0,83.0,0,240.0,0.0005441621603237764,12.89921982609012,13.112262023745568,12.788806543462247,358185.5916423142
True,True,2025-12-23,2600000.0,33.762426,-118.325772,2400.0,167 - PV Dr East,True,2.0,0.4629999999999999,1960.0,3.0,Rancho Palos Verdes,4.0,True,1.0,One,20167.0,False,2.0,Palos Verdes Peninsula Unified,90275,0.0,20167.0,1083.3333333333333,1.3333333333333333,65.0,0,600.0,0.11900629741657162,14.77102200299171,14.438232971730155,14.491556192028362,1966087.7098151522
True,False,2025-12-30,419000.0,34.66324,-118.183846,1244.0,LAC - Lancaster,True,2.0,0.1515,1986.0,2.0,Lancaster,3.0,True,1.0,One,6600.0,False,2.0,Lancaster,93536,0.0,6600.0,336.81672025723475,1.5,39.0,0,414.6666666666667,0.18848484848484848,12.945626198904275,13.224918336616522,13.064259136444347,471775.7927935735
False,True,2025-12-17,550000.0,33.965816,-118.023337,1496.0,WB - Woodbridge,False,2.0,0.1724,1951.0,3.0,Whittier,4.0,True,1.0,One,7509.0,False,2.0,Los Angeles Unified,90605,70.0,7509.0,367.6470588235294,1.3333333333333333,74.0,0,374.0,0.1992275935544014,13.217673557208654,13.602934236950354,13.632998903786287,833174.9339027755
True,False,2025-12-10,958000.0,33.995299,-117.943142,1312.0,631 - Hacienda Heights,True,2.0,0.1284,1971.0,2.0,Hacienda Heights,3.0,False,1.0,One,5595.0,False,2.0,Hacienda La Puente Unified,91745,0.0,5595.0,730.1829268292682,1.5,54.0,0,437.3333333333333,0.23449508489722967,13.772603056952997,13.845069360205818,13.694508884019807,886032.4764224731
False,False,2025-12-23,1612000.0,33.704066,-117.971045,2346.0,16 - Fountain Valley / Northeast HB,True,3.0,0.1694,1970.0,3.0,Fountain Valley,5.0,True,2.0,Two,7381.0,False,3.0,Huntington Beach Union High,92708,0.0,7381.0,687.1270247229327,1.6666666666666667,55.0,0,469.2,0.31784311068960847,14.292986202048711,14.22097566607244,14.308107874629707,1636561.3726932
False,False,2025-12-23,750000.0,33.01147379,-117.06004427,1150.0,92128 - Rancho Bernardo,True,2.0,0.2273,1965.0,2.0,San Diego,2.0,False,1.0,One,9900.0,False,1.0,Riverside Unified,92128,561.0,9900.0,652.1739130434783,1.0,60.0,0,575.0,0.11616161616161616,13.527828485512494,13.983960916083914,13.69436664070146,885906.4531860576
False,False,2025-12-18,1650000.0,33.691678,-117.96569,2606.0,16 - Fountain Valley / Northeast HB,True,2.0,0.1377,1971.0,3.0,Fountain Valley,4.0,True,2.0,Two,6000.0,False,2.0,Fountain Valley,92708,0.0,6000.0,633.1542594013814,1.3333333333333333,54.0,0,651.5,0.43433333333333335,14.316285845876763,14.22097566607244,14.325783516153056,1665745.8118571346
False,True,2025-12-12,1290000.0,34.233077,-118.513163,2000.0,NR - Northridge,True,2.0,0.4253,1952.0,2.0,Sherwood Forest,3.0,True,1.0,One,18524.0,False,2.0,William S. Hart Union,91325,0.0,18524.0,645.0,1.5,73.0,0,666.6666666666666,0.10796804145972792,14.070152776337855,13.955272500339433,14.047922397516995,1261639.214778466
True,False,2025-12-23,2925000.0,34.257215,-119.262315,3023.0,VC23 - Ventura Beach S. of Ventura River to S.C.,True,3.0,0.1,1969.0,3.0,Ventura,5.0,True,2.0,Two,0.1,False,3.0,San Jose Unified,93001,33.0,4356.0,967.5818723122726,1.6666666666666667,56.0,0,604.6,0.6939853076216712,14.888805038648094,13.90609809121013,14.120101975563443,1356070.8231272511
True,False,2025-12-18,450000.0,38.2605271,-122.0353821,934.0,WW - Wagon Wheel,True,1.0,0.24,1929.0,1.0,Martinez,2.0,True,1.0,One,10454.0,False,1.0,Palm Springs Unified,94533,0.0,10454.0,481.7987152034261,2.0,96.0,0,467.0,0.08934379185000957,13.017002861746503,13.127239523125667,12.892875307142072,397470.2260061937
False,False,2025-12-24,1450000.0,32.9754841,-117.13804064,1958.0,92129 - Rancho Penasquitos,True,4.0,0.1268,1987.0,3.0,San Diego,4.0,True,2.0,Two,5524.0,False,2.0,Covina Valley Unified,92129,160.0,5524.0,740.5515832482124,1.3333333333333333,38.0,0,489.5,0.35445329471397535,14.187074114396758,14.162640089059476,14.051506787882563,1266169.536595268
True,True,2025-12-19,1499000.0,34.021097999999995,-117.140877,3907.0,268 - Redlands,True,6.0,0.6795,1990.0,3.0,Redlands,4.0,True,1.0,One,29600.0,False,3.0,Redlands Unified,92373,0.0,29600.0,383.67033529562326,1.3333333333333333,35.0,0,976.75,0.13199324324324324,14.220308777084735,13.621317169677567,14.10653957787465,1337803.4063216725
True,False,2025-12-30,760000.0,33.514533,-117.11136299999998,2037.0,SRCAR - Southwest Riverside County,True,2.0,0.14,1997.0,2.0,Temecula,3.0,True,1.0,One,6098.0,False,2.0,Temecula Unified,92591,120.0,6098.0,373.09769268532153,1.5,28.0,0,679.0,0.33404394883568383,13.541073712262515,13.514405465180353,13.504526762215262,732725.749045077
True,False,2025-12-22,1450000.0,33.673215,-117.97626,1540.0,14 - South Huntington Beach,True,4.0,0.1791,1972.0,2.0,Huntington Beach,4.0,True,1.0,One,7800.0,False,2.0,Huntington Beach Union High,92646,0.0,7800.0,941.5584415584416,2.0,53.0,0,385.0,0.19743589743589743,14.187074114396758,14.19394699368452,14.098067688029904,1326517.5569671053
False,False,2025-12-22,880000.0,32.75976356,-117.1110536,982.0,92116 - Normal Heights,True,2.0,0.0592,1937.0,1.0,San Diego,2.0,False,1.0,One,2580.0,False,1.0,Saddleback Valley Unified,92116,0.0,2580.0,896.1303462321792,2.0,88.0,0,491.0,0.3806201550387597,13.687677186454389,14.115615150414612,13.739514249823815,926819.6282409531
True,False,2025-12-30,895000.0,37.94417747,-122.0105111,2311.0,699 - Not Defined,True,2.0,0.1732,1974.0,2.0,Concord,3.0,True,2.0,Two,7544.0,False,2.0,Val Verde,94518,0.0,7544.0,387.2782345305063,1.5,51.0,0,770.3333333333334,0.30633616118769885,13.704578997256993,13.753635154246187,13.837169821577202,1021895.5281517803
True,False,2025-12-23,706627.0,34.220941,-119.003977,1443.0,VC45 - Mission Oaks,True,2.0,0.084,1987.0,2.0,Camarillo,3.0,True,1.0,One,3659.0,False,2.0,Escondido Union,93012,302.0,3659.0,489.6930006930006,1.5,38.0,0,481.0,0.3943700464607816,13.46825822432915,13.710150042306449,13.522664502851551,746136.9958320309
True,False,2025-12-30,975000.0,34.255187,-117.21326,2489.0,287A - Arrowhead Woods,True,8.0,0.2645,1975.0,3.0,Lake Arrowhead,5.0,True,1.0,ThreeOrMore,11520.0,False,2.0,Rim of the World,92352,0.0,11520.0,391.72358376858176,1.6666666666666667,50.0,0,497.8,0.21605902777777777,13.790192749979985,13.412043452518782,13.540611044584669,759648.4538956186
False,False,2025-12-31,2300000.0,37.52594167,-122.3507846,1820.0,699 - Not Defined,True,2.0,0.2192,1960.0,2.0,San Mateo,4.0,True,2.0,Two,9550.0,False,1.0,Other,94402,0.0,9550.0,1263.7362637362637,2.0,65.0,0,455.0,0.1905759162303665,14.648419680899378,14.777515526790612,14.650344085124416,2304430.391282172
True,False,2025-12-16,660000.0,33.989475,-118.304943,1048.0,C34 - Los Angeles Southwest,True,0.0,0.1406,1913.0,2.0,Los Angeles,3.0,False,1.0,One,6126.0,False,0.0,Los Angeles Unified,90062,0.0,6126.0,629.7709923664122,1.5,112.0,0,349.3333333333333,0.17107411034933073,13.399995114002609,13.567049198665774,13.511247562509801,737666.8379121115
True,False,2025-12-30,995000.0,38.0156922,-121.97840955,3415.0,C34 - Los Angeles Southwest,True,2.0,0.1341,2019.0,4.0,Bay Point,5.0,True,2.0,Two,5840.0,False,2.0,Los Angeles Unified,94565,40.0,5840.0,291.3616398243045,1.25,6.0,0,683.0,0.5847602739726028,13.81049801614073,13.270783382522602,13.56924058033624,781711.1519116627
True,False,2025-12-23,550000.0,33.665453,-117.165575,2243.0,SRCAR - Southwest Riverside County,True,6.0,0.18,2005.0,3.0,Menifee,3.0,True,2.0,Two,7841.0,False,2.0,Perris Union High,92584,0.0,7841.0,245.20731163620152,1.0,20.0,0,747.6666666666666,0.2860604514730264,13.217673557208654,13.353475098367715,13.335380610429006,618702.9876537846
False,False,2025-12-24,1170000.0,32.95035849,-117.13796744,1439.0,92129 - Rancho Penasquitos,True,4.0,0.0912,1987.0,3.0,San Diego,3.0,True,2.0,Two,3974.0,False,2.0,Victor Valley Unified,92129,44.0,3974.0,813.0646282140375,1.0,38.0,0,479.6666666666667,0.36210367388022147,13.972514306773938,14.162640089059476,13.889701730224733,1077012.6807654973
True,False,2025-12-29,2750000.0,37.89312733,-122.27296261,2282.0,SVW - West Simi,False,3.0,0.1475,1912.0,4.0,Berkeley,4.0,True,1.0,ThreeOrMore,6426.0,False,0.0,Pomona Unified,94707,0.0,6426.0,1205.0832602979842,1.0,113.0,0,570.5,0.355119825708061,14.827111469642754,14.331212327451603,14.521517800541757,2025886.2164527643
True,False,2025-12-29,835000.0,34.028477,-117.585971,2034.0,686 - Ontario,True,3.0,0.2066,1979.0,3.0,Ontario,4.0,True,2.0,Two,9000.0,False,3.0,Ontario-Montclair,91761,0.0,9000.0,410.5211406096362,1.3333333333333333,46.0,0,508.5,0.226,13.635187003832993,13.532323657186438,13.579537698948222,789802.1096482883
True,False,2025-12-24,900000.0,32.762056,-117.032308,1415.0,91942 - La Mesa,True,0.0,0.1263,1949.0,2.0,La Mesa,3.0,False,2.0,MultiSplit,5500.0,False,0.0,Grossmont Union,91942,0.0,5500.0,636.0424028268551,1.5,76.0,0,471.6666666666667,0.25727272727272726,13.710150042306449,13.683121369918528,13.67151543162313,865891.9681109797
True,False,2025-12-31,437000.0,34.555724,-118.098887,1196.0,PLM - Palmdale,True,2.0,0.1804,1986.0,2.0,Palmdale,3.0,True,1.0,One,7858.0,False,2.0,Los Angeles Unified,93550,0.0,7858.0,365.38461538461536,1.5,39.0,0,398.6666666666667,0.15220157800967168,12.987688474077727,13.049792684569493,12.910861419569612,404683.8482214998
True,True,2025-12-19,390000.0,34.586052,-117.852895,1402.0,PLM - Palmdale,True,2.0,0.8947,1984.0,2.0,Palmdale,3.0,True,1.0,One,38974.0,False,2.0,Other,93591,0.0,38974.0,278.1740370898716,1.5,41.0,0,467.3333333333333,0.035972699748550316,12.873902018105829,12.911642346088676,12.854937173379694,382673.40402654477
False,False,2025-12-18,1215000.0,37.65517557,-121.85999273,1587.0,PRIC - PR Inside City Limit,True,2.0,0.1126,1990.0,2.0,Pleasanton,3.0,True,1.0,One,4905.0,False,2.0,Rancho Santa Fe,94566,194.0,4905.0,765.5954631379963,1.5,35.0,0,529.0,0.3235474006116208,14.010254634756786,14.430696197054507,14.128482610393688,1367483.312657146
False,False,2025-12-23,630000.0,33.949537,-117.377035,1186.0,252 - Riverside,False,2.0,0.19,1954.0,2.0,Riverside,3.0,True,1.0,One,8276.0,False,2.0,Riverside Unified,92506,0.0,8276.0,531.1973018549747,1.5,71.0,0,395.3333333333333,0.14330594490091833,13.353475098367715,13.493926933836812,13.436266565078888,684378.608781774
True,False,2025-12-19,810000.0,34.899119,-120.427131,1581.0,OREA - SM/Orcutt East,True,3.0,0.33,1959.0,2.0,Santa Maria,4.0,True,1.0,One,0.33,False,3.0,ABC Unified,93455,0.0,14374.8,512.3339658444023,2.0,66.0,0,395.25,0.10998413890975875,13.604789526648622,13.538369041771391,13.531361593287217,752654.5174177783
True,False,2025-12-16,975000.0,37.6736812,-121.79753357,1704.0,614 - Covina,True,2.0,0.1702,1966.0,2.0,Livermore,4.0,True,1.0,One,7414.0,False,2.0,Livermore Valley,94550,475.0,7414.0,572.1830985915493,2.0,59.0,0,426.0,0.22983544645265713,13.790192749979985,14.077490059042251,14.003088493261984,1206324.2609979387
True,False,2025-12-18,1230000.0,33.840239000000004,-117.834393,1471.0,"72 - Orange & Garden Grove, E of Harbor, N of 22 F",True,6.0,0.2663,1967.0,2.0,Orange,3.0,True,1.0,One,11600.0,False,2.0,Orange Unified,92865,0.0,11600.0,836.1658735554045,1.5,58.0,0,490.3333333333333,0.1268103448275862,14.0225247273486,13.913540599416507,13.796676028300348,981341.7317549239
True,False,2025-12-30,858840.0,33.620017,-117.631234,1472.0,MC - Mission Viejo Central,True,2.0,0.0798,1983.0,2.0,Mission Viejo,2.0,True,1.0,One,3478.0,False,2.0,Capistrano Unified,92692,584.0,3478.0,583.4510869565217,1.0,42.0,0,736.0,0.42323174238067857,13.663337920520643,14.006130917572923,13.739914495222848,927190.6577793701
False,False,2025-12-19,442630.0,33.934467,-116.497638,1747.0,340 - Desert Hot Springs,True,2.0,0.1653,2025.0,2.0,Desert Hot Springs,4.0,False,1.0,One,7200.0,True,2.0,Palm Springs Unified,92240,179.0,7200.0,253.36576989124217,2.0,0.0,0,436.75,0.24263888888888888,13.000489485594402,12.911642346088676,13.033102399876741,457303.42529527895
False,True,2025-12-29,1400000.0,32.83566085,-117.2219815,1570.0,92117 - Clairemont Mesa,True,4.0,0.1286,1958.0,2.0,San Diego,3.0,False,1.0,One,5600.0,False,2.0,Corona-Norco Unified,92117,248.0,5600.0,891.71974522293,1.5,67.0,0,523.3333333333334,0.28035714285714286,14.151982794585487,13.964016766263498,13.904103695658788,1092636.013470758
True,False,2025-12-26,773000.0,32.70716915,-117.03972432,1412.0,92114 - Encanto,True,4.0,0.1724,1971.0,2.0,San Diego,4.0,False,1.0,One,8250.0,False,2.0,Carlsbad Unified,92114,0.0,18135.0,547.4504249291784,2.0,54.0,0,353.0,0.07786049076371657,13.558034327569558,13.547631112808673,13.570101727923275,782384.6105158972
True,False,2025-12-22,1429000.0,32.80830614,-117.19657894,1312.0,92117 - Clairemont Mesa,True,3.0,0.2019999999999999,1970.0,2.0,San Diego,3.0,False,1.0,One,8800.0,False,1.0,Los Angeles Unified,92117,342.0,8800.0,1089.1768292682927,1.5,55.0,0,437.3333333333333,0.14909090909090908,14.172485456912005,13.964016766263498,13.816468891307075,1000958.7926909231
False,True,2025-12-05,1308000.0,37.35912713,-121.95571873,985.0,699 - Not Defined,True,1.0,0.1148,1954.0,1.0,Santa Clara,3.0,False,1.0,Two,5000.0,False,1.0,Other,95050,27.0,5000.0,1327.9187817258885,3.0,71.0,0,328.3333333333333,0.197,14.08400981099928,14.349071368752643,14.056337626507997,1272300.9954189071
True,True,2025-12-24,825000.0,33.695204,-116.237617,1909.0,314 - Indio South of East Valley,True,4.0,0.12,2006.0,3.0,Indio,4.0,True,2.0,Two,5227.0,False,2.0,Los Angeles Unified,92201,270.0,5227.0,432.1634363541121,1.3333333333333333,19.0,0,477.25,0.36521905490721257,13.623138665316818,13.235692062711331,13.236143862629234,560253.06511712
False,False,2025-12-25,1050000.0,34.131696000000005,-117.851163,1649.0,629 - Glendora,True,4.0,0.2316,1954.0,2.0,Glendora,4.0,True,2.0,Two,10087.0,False,2.0,Glendora Unified,91741,0.0,10087.0,636.7495451788963,2.0,71.0,0,412.25,0.1634777436304154,13.864300722133706,13.868095806767045,13.82608182657868,1010627.341888827
True,False,2025-12-11,625000.0,36.83231436,-121.39140056,1477.0,699 - Not Defined,True,2.0,0.1587,1995.0,2.0,Hollister,4.0,True,2.0,One,6913.0,False,2.0,Other,95023,193.0,6913.0,423.1550440081246,2.0,30.0,0,369.25,0.21365543179516852,13.345506928718539,13.527828485512494,13.40950032272887,666303.3476183723
True,False,2025-12-30,770000.0,34.077956,-117.728643,1289.0,687 - Pomona,False,2.0,0.1624,1957.0,2.0,Pomona,4.0,False,1.0,One,7072.0,False,2.0,Pomona Unified,91767,0.0,7072.0,597.3622963537626,2.0,68.0,0,322.25,0.1822680995475113,13.554145793829866,13.422467969854667,13.369273993760364,640032.3454090224
True,False,2025-12-31,675000.0,33.966865000000006,-118.32836,1450.0,101 - North Inglewood,False,2.0,0.1262,1940.0,2.0,Inglewood,3.0,False,1.0,One,5497.0,False,2.0,Inglewood Unified,90305,0.0,5497.0,465.5172413793103,1.5,85.0,0,483.3333333333333,0.26378024376932874,13.422467969854667,13.676248490630767,13.688303732930036,880551.5336612626
True,False,2025-12-29,570000.0,33.754788,-116.748053,2036.0,222 - Idyllwild,True,2.0,0.3,2006.0,3.0,Idyllwild,3.0,True,1.0,ThreeOrMore,13068.0,False,2.0,Hemet Unified,92549,0.0,13068.0,279.9607072691552,1.0,19.0,0,678.6666666666666,0.15580042852770126,13.253391639810733,13.132313708257497,13.27923880312684,584924.935810352
True,True,2025-12-19,596000.0,33.846335,-116.486192,1935.0,335 - Cathedral City North,True,2.0,0.19,2000.0,2.0,Cathedral City,3.0,True,1.0,One,8276.0,False,2.0,Palm Springs Unified,92234,0.0,8276.0,308.01033591731266,1.5,25.0,0,645.0,0.23380860318994684,13.297995946047488,13.224919965729422,13.250337009482909,568261.517275948
False,False,2025-12-26,1195000.0,34.132799,-118.230579,1600.0,623 - Glassel Park,True,0.0,0.1322,1940.0,2.0,Glassell Park,3.0,True,1.0,One,5759.0,False,0.0,Los Angeles Unified,90065,0.0,5759.0,746.875,1.5,85.0,0,533.3333333333334,0.277826011460323,13.993656743347747,14.050977780915009,14.022965882046933,1230542.739986294
True,False,2025-12-24,1685000.0,34.131542,-118.193481,2060.0,618 - Eagle Rock,True,0.0,0.1479,1912.0,2.0,Los Angeles,3.0,True,2.0,Two,6441.0,False,0.0,San Luis Coastal Unified,90041,0.0,6441.0,817.9611650485436,1.5,113.0,0,686.6666666666666,0.31982611395746,14.3372761217686,14.115615150414612,14.243125031127978,1533594.7250606045
False,False,2025-12-24,1139000.0,37.87236965,-122.27742493,1385.0,VANG - Solvang,True,1.0,0.0656,1909.0,2.0,Berkeley,3.0,True,2.0,Two,2856.0,False,1.0,Berkeley,94703,0.0,2856.0,822.3826714801444,1.5,116.0,0,461.6666666666667,0.4849439775910364,13.945661242429319,14.226294827550038,14.048920005867835,1262898.4646095133
True,True,2025-12-29,1995000.0,33.644253000000006,-116.246093,3980.0,313 - La Quinta South of HWY 111,True,3.0,0.33,2004.0,6.0,La Quinta,5.0,True,1.0,One,14375.0,False,3.0,Arcadia Unified,92253,724.0,14375.0,501.2562814070352,0.8333333333333334,21.0,0,796.0,0.2768695652173913,14.506154608306101,13.545013310266594,14.584501794276953,2157588.658539161
False,False,2025-12-29,1000000.0,33.154074,-117.262221,1482.0,92056 - Oceanside,True,2.0,0.11,1998.0,2.0,Oceanside,2.0,True,1.0,One,0.11,False,2.0,Vista Unified,92056,646.0,4791.6,674.7638326585695,1.0,27.0,0,741.0,0.30929125970448285,13.815510557964274,13.732128949025222,13.546319693165312,763997.4215170754
True,False,2025-12-30,740000.0,34.224916,-119.169471,1144.0,699 - Not Defined,False,2.0,0.13,1954.0,1.0,Oxnard,3.0,False,1.0,One,5662.0,False,2.0,Ventura Unified,93036,0.0,5662.0,646.8531468531469,3.0,71.0,0,381.3333333333333,0.20204874602613918,13.514405465180353,13.641157170819497,13.52609877440382,748703.8379845794
False,False,2025-12-22,2550000.0,36.59625422,-121.94735047,2259.0,699 - Not Defined,True,3.0,0.225,1975.0,3.0,Pebble Beach,3.0,True,2.0,One,9800.0,False,3.0,Other,93953,0.0,9800.0,1128.8180610889774,1.0,50.0,0,753.0,0.23051020408163264,14.75160391713461,14.812459192855883,14.688212801755732,2393369.591170622
False,False,2025-12-29,895000.0,32.61791198,-116.95617417,2225.0,91915 - Chula Vista,True,4.0,14.1978,2013.0,3.0,Chula Vista,4.0,False,2.0,Two,618458.0,False,2.0,Fullerton Joint Union High,91915,150.0,618458.0,402.247191011236,1.3333333333333333,12.0,0,556.25,0.0035976573995323852,13.704578997256993,13.72940414664144,13.822617240054807,1007131.9944825475
True,False,2025-12-10,953600.0,37.68814288,-121.80133614,1178.0,699 - Not Defined,True,2.0,0.1567,1976.0,2.0,Livermore,3.0,True,1.0,One,6825.0,False,2.0,Livermore Valley,94551,0.0,6825.0,809.5076400679117,1.5,49.0,0,392.6666666666667,0.1726007326007326,13.767999575293222,13.87377946608825,13.730504239426518,918506.4807652438
False,True,2025-12-23,1301000.0,32.96297773,-117.11326667,1586.0,92129 - Rancho Penasquitos,True,4.0,0.53,1981.0,2.0,San Diego,4.0,True,1.0,One,23086.0,False,2.0,Long Beach Unified,92129,0.0,23086.0,820.3026481715007,2.0,44.0,0,396.5,0.06869964480637616,14.078643757494643,14.162640089059476,13.958921863347607,1154204.4345471854
False,False,2025-12-05,1225000.0,33.62945481,-116.25420202,2849.0,OR - Ortega/Orange County,True,4.0,0.21,2013.0,4.0,La Quinta,3.0,True,1.0,One,9147.0,False,2.0,Los Angeles Unified,92253,340.0,9147.0,429.9754299754299,0.75,12.0,0,949.6666666666666,0.31146824095331804,14.018451401960965,13.545013310266594,14.098814936392563,1327509.1654823658
True,False,2025-12-26,685000.0,32.583441,-117.045813,1145.0,92154 - Otay Mesa,True,4.0,0.1148,1969.0,2.0,San Diego,4.0,False,1.0,One,5000.0,False,2.0,San Diego Unified,92154,0.0,5000.0,598.2532751091703,2.0,56.0,0,286.25,0.229,13.437174117244362,13.579788224443204,13.501583619962641,730572.4032892906
True,False,2025-12-29,539000.0,33.580175,-117.134285,1636.0,SRCAR - Southwest Riverside County,True,2.0,0.07,2005.0,3.0,Murrieta,3.0,True,2.0,Two,3049.0,False,2.0,Murrieta,92563,193.0,3049.0,329.4621026894865,1.0,20.0,0,545.3333333333334,0.5365693670055756,13.197470849891134,13.458835614025542,13.308722988726407,602427.7310732432
True,True,2025-12-29,700000.0,33.757686,-116.250369,2112.0,309 - Indio North of East Valley,True,4.0,0.21,2006.0,3.0,Indio,3.0,False,1.0,One,9148.0,False,2.0,San Luis Coastal Unified,92203,369.0,9148.0,331.43939393939394,1.0,19.0,0,704.0,0.23087013554875382,13.458835614025542,13.255142955086335,13.310649302868795,603589.3145595355
False,False,2025-12-19,430000.0,37.98285649,-122.30255882,1268.0,WHLL - Woodland Hills,True,1.0,0.1722,1950.0,1.0,El Sobrante,2.0,True,1.0,One,7500.0,False,1.0,Fullerton Joint Union High,94803,241.0,7500.0,339.1167192429022,2.0,75.0,0,634.0,0.16906666666666667,12.971540487669746,13.560618308335483,13.429386976705464,679686.5239736808
True,False,2025-12-31,1420000.0,37.53474606,-121.98869048,1558.0,WV - Westlake Village,True,2.0,0.1377,1963.0,2.0,Fremont,3.0,True,1.0,One,6000.0,False,2.0,Chaffey Joint Union High,94538,39.0,6000.0,911.4249037227214,1.5,62.0,0,519.3333333333334,0.25966666666666666,14.166167429577444,14.191890085177342,14.11639999985998,1351059.962652385
True,False,2025-12-18,950000.0,34.160951000000004,-118.290788,1161.0,624 - Glendale-Chevy Chase/E. Glenoaks,True,2.0,0.1185,1947.0,2.0,Glendale,2.0,False,1.0,One,5163.0,False,0.0,Glendale Unified,91201,0.0,5163.0,818.260120585702,1.0,78.0,0,580.5,0.22486926205694363,13.764217263576723,14.237541032947073,14.008549943988674,1212930.5650911797
True,False,2025-12-24,815000.0,34.021763,-117.987341,1172.0,631 - Hacienda Heights,True,2.0,0.1411,1959.0,2.0,Hacienda Heights,3.0,True,1.0,One,6145.0,False,2.0,Hacienda La Puente Unified,91745,0.0,6145.0,695.3924914675767,1.5,66.0,0,390.6666666666667,0.1907241659886086,13.610943392223,13.845069360205818,13.654308643649326,851120.2004039545
True,False,2025-12-17,480000.0,33.672999,-116.31433,1320.0,313 - La Quinta South of HWY 111,True,2.0,0.22,1979.0,2.0,La Quinta,4.0,False,1.0,One,9583.0,False,2.0,Desert Sands Unified,92253,0.0,9583.0,363.6363636363636,2.0,46.0,0,330.0,0.13774392152770532,13.081541382884074,13.545013310266594,13.321200515421948,609991.6304136155
False,False,2025-12-16,1360000.0,37.54120937,-121.99883734,1424.0,699 - Not Defined,True,2.0,0.1391,1962.0,2.0,Fremont,4.0,True,2.0,Two,6060.0,False,2.0,Fremont Unified,94536,0.0,6060.0,955.056179775281,2.0,63.0,0,356.0,0.23498349834983498,14.122995257712235,14.316285845876763,14.178513902266218,1437640.6671376475
True,False,2025-12-30,1160000.0,38.00125072,-122.10313271,2763.0,259 - Moreno Valley,True,4.0,0.0964,1998.0,3.0,Martinez,4.0,True,2.0,Two,4200.0,False,2.0,Palos Verdes Peninsula Unified,94553,1726.0,4200.0,419.833514296055,1.3333333333333333,27.0,0,690.75,0.6578571428571428,13.963930563082547,13.604789526648622,13.785848913640201,970773.944859745
True,True,2025-12-15,2500000.0,33.762567,-116.428715,4285.0,321 - Rancho Mirage,True,5.0,0.18,1988.0,5.0,Rancho Mirage,3.0,True,2.0,Two,7841.0,False,3.0,San Diego Unified,92270,1450.0,7841.0,583.4305717619603,0.6,37.0,0,1428.3333333333333,0.546486417548782,14.73180128983843,13.9108207377686,14.464755393444836,1914094.8265978678
False,False,2025-12-26,510000.0,37.75556074,-122.18561837,1006.0,222 - Idyllwild,False,0.0,0.1157,1950.0,2.0,Oakland,4.0,False,1.0,One,5040.0,False,0.0,Whittier Union High,94621,0.0,5040.0,506.9582504970179,2.0,75.0,0,251.5,0.19960317460317462,13.142166004700508,13.142166004700508,13.083674458434325,481024.96904368926
True,True,2025-12-19,515000.0,34.387006,-117.267604,1398.0,HSP - Hesperia,True,12.0,0.4144,1984.0,2.0,Hesperia,3.0,True,1.0,One,18050.0,False,2.0,Hesperia Unified,92345,0.0,18050.0,368.3834048640916,1.5,41.0,0,466.0,0.07745152354570638,13.151922179645874,13.064514272196533,12.920219777831859,408488.80094205216
False,False,2025-12-23,900000.0,33.936717,-117.924967,1292.0,699 - Not Defined,True,2.0,0.1446,1956.0,2.0,La Habra,3.0,True,1.0,One,6300.0,False,2.0,Fullerton Joint Union High,90631,0.0,6300.0,696.594427244582,1.5,69.0,0,430.6666666666667,0.20507936507936508,13.710150042306449,13.792724135316895,13.734612047300537,922287.2890197563
True,False,2025-12-17,850000.0,34.074327000000004,-117.940618,1355.0,669 - West Covina,False,8.0,0.3342,1948.0,2.0,West Covina,3.0,True,1.0,One,14559.0,False,2.0,West Covina,91790,0.0,14559.0,627.3062730627306,1.5,77.0,0,451.6666666666667,0.09306957895459853,13.652991628466498,13.652991628466498,13.648265647712934,845992.393753583
False,False,2025-12-31,762000.0,33.864857,-118.135987,808.0,"21 - Crest Gardens, Mayfair, Signature",False,2.0,0.1253,1944.0,1.0,Lakewood,2.0,False,1.0,One,5458.0,False,2.0,Bellflower Unified,90712,0.0,5458.0,943.0693069306932,2.0,81.0,0,404.0,0.14803957493587394,13.543701834668783,13.671639520838347,13.42480170594834,676577.1114283733
False,False,2025-12-23,1770000.0,33.660540000000005,-117.960403,1640.0,14 - South Huntington Beach,True,2.0,0.1377,1970.0,2.0,Huntington Beach,4.0,True,1.0,One,6000.0,False,2.0,Huntington Beach Union High,92646,0.0,6000.0,1079.2682926829268,2.0,55.0,0,410.0,0.2733333333333333,14.386490104550012,14.19394699368452,14.114603954011484,1348635.5748229548
True,False,2025-12-31,670000.0,33.870103,-118.167726,913.0,7 - North Long Beach,False,2.0,0.1182,1942.0,1.0,Long Beach,2.0,True,1.0,One,5150.0,False,2.0,Long Beach Unified,90805,0.0,5150.0,733.8444687842278,2.0,83.0,0,456.5,0.17728155339805826,13.415032991367148,13.526494262499357,13.355575439665166,631324.6055923576
False,False,2025-12-19,1420000.0,37.84485077,-122.24555265,2962.0,313 - La Quinta South of HWY 111,True,3.0,0.1714,1928.0,3.0,Oakland,4.0,True,2.0,Two,7467.0,False,1.0,Hemet Unified,94618,130.0,7467.0,479.4058068872383,1.3333333333333333,97.0,0,740.5,0.3966787197000134,14.166167429577444,14.478185245710499,14.735418644190968,2509059.7621873342
True,False,2025-12-23,495500.0,38.01900076,-121.90348742,1020.0,313 - La Quinta South of HWY 111,True,2.0,0.1607,1973.0,1.0,Pittsburg,3.0,False,1.0,One,7000.0,False,2.0,ABC Unified,94565,0.0,7000.0,485.7843137254902,3.0,52.0,0,340.0,0.1457142857142857,13.11332263275218,13.270783382522602,13.073261498885703,476042.0639184173
False,False,2025-12-23,1090000.0,34.268715,-118.892788,2701.0,SMP - South Moorpark,True,6.0,0.15,1986.0,3.0,Moorpark,4.0,True,2.0,Two,6534.0,False,3.0,Antelope Valley Union,93021,170.0,6534.0,403.55423917067753,1.3333333333333333,39.0,0,675.25,0.41337618610345883,13.901688254205327,13.8878312195439,14.013882818765252,1219416.2502099585
True,False,2025-12-31,520000.0,37.582675,-120.971304,1749.0,287A - Arrowhead Woods,True,2.0,0.1653,1988.0,2.0,Ceres,3.0,True,1.0,One,7200.0,False,2.0,Ceres Unified,95307,0.0,7200.0,297.3127501429388,1.5,37.0,0,583.0,0.24291666666666667,13.16158409055761,13.000052085908663,12.966951272935814,428031.15883730736
False,False,2025-12-22,2665000.0,32.80703578,-117.24087257,2918.0,92109 - Pacific Beach,False,5.0,0.1446,2004.0,3.0,San Diego,4.0,False,2.0,Two,6300.0,False,2.0,Capistrano Unified,92109,0.0,6300.0,913.29677861549,1.3333333333333333,21.0,0,729.5,0.4631746031746032,14.795714615582082,14.508657738524219,14.55272363731386,2090102.4404597476
True,False,2025-12-19,520000.0,37.76153547,-122.20370321,1459.0,YG20 - Coarsegold,True,1.0,0.0803,1920.0,2.0,Oakland,4.0,False,1.0,One,3500.0,False,1.0,Norwalk - La Mirada,94621,0.0,3500.0,356.4084989718985,2.0,105.0,0,364.75,0.41685714285714287,13.16158409055761,13.142166004700508,13.151921728210935,514999.76751105924
True,False,2025-12-11,745000.0,34.122189,-117.644348,1710.0,690 - Upland,True,3.0,0.241,1981.0,2.0,Upland,3.0,True,1.0,One,10500.0,False,3.0,Upland,91784,0.0,10500.0,435.67251461988303,1.5,44.0,0,570.0,0.16285714285714287,13.521139497361697,13.815510557964274,13.71346851951065,902991.590500868
True,True,2025-12-29,1030000.0,32.912868,-117.150837,2248.0,92126 - Mira Mesa,True,2.0,0.15,1974.0,2.0,San Diego,3.0,True,1.0,One,0.15,False,2.0,San Diego Unified,92126,0.0,6534.0,458.1850533807829,1.5,51.0,0,749.3333333333334,0.3440465258647077,13.845069360205818,13.885500212990994,14.052593514267965,1267546.2643667862
True,False,2025-12-30,439000.0,39.738172,-122.166616,1543.0,C05 - Westwood - Century City,True,7.0,0.2084,2016.0,2.0,Orland,3.0,False,1.0,One,9080.0,False,2.0,Orland Joint Unified,95963,0.0,9080.0,284.5106934543098,1.5,9.0,0,514.3333333333334,0.1699339207048458,12.992254692057308,12.834681304952548,12.942789702780269,417813.19210776064
True,True,2025-12-23,1400000.0,32.75387646,-117.02017286,2072.0,91941 - La Mesa,True,6.0,0.186,1976.0,3.0,La Mesa,4.0,True,1.0,One,8100.0,False,2.0,San Gabriel Unified,91941,0.0,8100.0,675.6756756756756,1.3333333333333333,49.0,0,518.0,0.25580246913580246,14.151982794585487,13.903955641362648,13.928630708749417,1119766.4656863455
False,False,2025-12-30,599000.0,34.083776,-117.180351,1802.0,268 - Redlands,True,3.0,0.1791,1987.0,3.0,Redlands,3.0,True,2.0,Two,7800.0,False,3.0,Redlands Unified,92374,0.0,7800.0,332.4084350721421,1.0,38.0,0,600.6666666666666,0.23102564102564102,13.303016877097587,13.299666780812677,13.271623442094665,580487.4392621398
False,False,2025-12-30,740000.0,34.896196999999994,-120.432301,1830.0,ORWE - SM/Orcutt West,False,2.0,0.32,1957.0,2.0,Santa Maria,3.0,True,1.0,One,13939.0,False,2.0,Orcutt Union,93455,0.0,13939.0,404.3715846994536,1.5,68.0,0,610.0,0.13128631896118803,13.514405465180353,13.538369041771391,13.566069520224607,779236.2250039256
False,False,2025-12-12,750000.0,33.807626,-118.102486,1224.0,7 - North Long Beach,False,2.0,0.1274,1951.0,2.0,Long Beach,3.0,True,1.0,One,5548.0,False,2.0,Long Beach Unified,90815,0.0,5548.0,612.7450980392157,1.5,74.0,0,408.0,0.220620043258832,13.527828485512494,13.937728190688523,13.778462820140117,963630.1326452029
True,False,2025-12-31,776180.0,34.403709,-118.548599,1374.0,VAL1 - Valencia 1,True,2.0,0.1146,1981.0,2.0,Valencia,2.0,True,1.0,One,4992.0,False,2.0,William S. Hart Union,91355,62.0,4992.0,564.90538573508,1.0,44.0,0,687.0,0.27524038461538464,13.562139731029967,13.697852514496041,13.43705882776276,684921.0312573226
True,False,2025-12-23,775000.0,34.051196000000004,-117.928387,1304.0,669 - West Covina,True,2.0,0.2107,1953.0,2.0,West Covina,3.0,True,1.0,One,9176.0,False,2.0,West Covina,91790,0.0,9176.0,594.3251533742331,1.5,72.0,0,434.6666666666667,0.14210985178727115,13.560618308335483,13.652991628466498,13.617598537791773,820442.0323111045
True,False,2025-12-09,8600000.0,37.28563807,-121.91451617,2750.0,699 - Not Defined,False,6.0,1.5975,1935.0,3.0,San Jose,4.0,True,1.0,One,69588.0,False,4.0,San Jose Unified,95124,0.0,69588.0,3127.2727272727275,1.3333333333333333,90.0,0,687.5,0.039518307754210495,15.967272761223736,14.507657238190635,14.708732559333,2442988.2958425367
False,False,2025-12-22,505000.0,35.611071,-120.654751,1176.0,PSOR - Paso Robles,True,2.0,0.1446,1974.0,2.0,Paso Robles,3.0,False,1.0,One,6300.0,False,2.0,Paso Robles Joint Unified,93446,0.0,6300.0,429.421768707483,1.5,51.0,0,392.0,0.18666666666666668,13.132313708257497,13.591116224748411,13.43371821865306,682636.795314855
True,False,2025-12-30,742500.0,34.229484,-118.440503,1014.0,PC - Panorama City,False,2.0,0.1559,1950.0,1.0,Panorama City,3.0,False,1.0,One,6792.0,False,2.0,Los Angeles Unified,91402,0.0,6792.0,732.2485207100592,3.0,75.0,0,338.0,0.14929328621908128,13.517778149658993,13.554145793829866,13.452005202621722,695235.0039845898
True,False,2025-12-23,920000.0,33.7784,-118.037405,1380.0,47 - Garden Park,True,2.0,0.1377,1964.0,2.0,Garden Grove,3.0,True,1.0,One,6000.0,False,2.0,Garden Grove Unified,92845,0.0,6000.0,666.6666666666666,1.5,61.0,0,460.0,0.23,13.732128949025222,13.955272500339433,13.790193557828642,975000.7876527598
True,False,2025-12-30,683000.0,33.706571999999994,-117.179867,2395.0,SRCAR - Southwest Riverside County,True,2.0,0.17,2025.0,4.0,Menifee,5.0,False,2.0,Two,7405.0,True,2.0,See Remarks,92584,15.0,7405.0,285.17745302713985,1.25,0.0,0,479.0,0.3234301147873059,13.434250138552928,13.353475098367715,13.493322153643515,724561.6669208022
True,False,2025-12-24,750000.0,32.649924,-117.078452,1337.0,91910 - Chula Vista,False,1.0,0.2781,1941.0,2.0,Chula Vista,3.0,True,1.0,One,12112.0,False,1.0,Sweetwater Union,91910,0.0,12112.0,560.9573672400898,1.5,84.0,0,445.6666666666667,0.11038639365918097,13.527828485512494,13.710150042306449,13.673104197279413,867268.7609429439
True,False,2025-12-23,383000.0,37.3597,-120.479089,1230.0,SRCAR - Southwest Riverside County,True,2.0,0.1217,2025.0,2.0,Merced,3.0,False,1.0,One,5300.0,True,2.0,Merced Union,95348,0.0,5300.0,311.3821138211382,1.5,0.0,0,410.0,0.2320754716981132,12.855790268162783,12.970364687642453,12.931525293761633,413133.1816802111
False,False,2025-12-30,1299000.0,33.11479211,-117.12454038,2452.0,92029 - Escondido,True,9.0,0.4458,1991.0,2.0,Escondido,4.0,False,1.0,One,19419.0,False,3.0,Los Angeles Unified,92029,0.0,19419.0,529.7716150081566,2.0,34.0,0,613.0,0.12626808795509553,14.077105295652737,14.163297674406381,14.18969099491918,1453799.4459373115
False,False,2025-12-30,1395000.0,37.8262847,-121.99809772,2370.0,699 - Not Defined,False,5.0,0.29,1931.0,3.0,Danville,4.0,True,1.0,One,12632.0,False,0.0,Los Angeles Unified,94526,314.0,12632.0,588.6075949367089,1.3333333333333333,94.0,0,592.5,0.1876187460417986,14.148404973237604,14.430696197054507,14.467711214883355,1919760.9189750142
True,True,2025-12-05,6600000.0,34.099379,-118.378329,4200.0,C03 - Sunset Strip - Hollywood Hills West,True,0.0,0.3116,1939.0,5.0,Los Angeles,4.0,True,2.0,MultiSplit,13573.0,False,2.0,San Jose Unified,90069,0.0,13573.0,1571.428571428571,0.8,86.0,0,1050.0,0.30943785456420836,15.702580206996654,14.827111469642754,15.404971892500129,4901108.159443445
False,False,2025-12-16,1125000.0,34.198336,-118.325075,988.0,610 - Burbank,False,2.0,0.1699,1944.0,1.0,Burbank,3.0,False,1.0,One,7402.0,False,2.0,Burbank Unified,91504,0.0,7402.0,1138.663967611336,3.0,81.0,0,329.3333333333333,0.133477438530127,13.933293593620657,14.151982794585487,13.769104546297038,954654.2827178856
False,False,2025-12-30,715000.0,34.110459000000006,-117.614826,1190.0,688 - Rancho Cucamonga,True,2.0,0.2019999999999999,1963.0,2.0,Rancho Cucamonga,3.0,True,1.0,One,8800.0,False,2.0,Chaffey Joint Union High,91730,0.0,8800.0,600.8403361344538,1.5,62.0,0,396.6666666666667,0.13522727272727272,13.480037821676145,13.500799813124575,13.462404510492261,702502.6907924651
False,False,2025-12-22,645000.0,33.98173,-117.584537,1656.0,686 - Ontario,True,2.0,0.055,2016.0,3.0,Ontario,3.0,False,2.0,Two,2396.0,False,2.0,Chaffey Joint Union High,91762,217.0,2396.0,389.4927536231884,1.0,9.0,0,552.0,0.6911519198664441,13.37700559577791,13.530491602931978,13.412457329576801,668276.5270949194
False,False,2025-12-19,550000.0,33.947759999999995,-118.294195,1032.0,C34 - Los Angeles Southwest,True,0.0,0.1493,1922.0,2.0,Los Angeles,3.0,False,1.0,One,6505.0,False,0.0,Los Angeles Unified,90044,0.0,6505.0,532.9457364341085,1.5,103.0,0,344.0,0.15864719446579553,13.217673557208654,13.38472764187182,13.308007621371777,601996.928050491
False,False,2025-12-30,290000.0,39.742389,-122.192681,1064.0,C42 - Downtown L.A.,True,0.0,0.14,1949.0,2.0,Orland,2.0,False,1.0,One,6098.0,False,0.0,Orland Joint Unified,95963,0.0,6098.0,272.5563909774436,1.0,76.0,0,532.0,0.17448343719252213,12.577636201962656,12.834681304952548,12.610596005077195,299717.6084234583
True,False,2025-12-19,600000.0,37.99198357,-122.32687569,1591.0,91941 - La Mesa,True,2.0,0.2571,1963.0,2.0,San Pablo,4.0,True,1.0,One,11200.0,False,2.0,Temecula Unified,94806,0.0,11200.0,377.1213073538655,2.0,62.0,0,397.75,0.14205357142857142,13.304684934198283,13.321214236149494,13.290999293749564,591844.5493041191
False,False,2025-12-17,1500000.0,34.128277000000004,-118.026903,1853.0,605 - Arcadia,False,2.0,0.2931,1955.0,2.0,Arcadia,4.0,True,1.0,One,12767.0,False,2.0,Arcadia Unified,91006,0.0,12767.0,809.4981111710739,2.0,70.0,0,463.25,0.14513981358189082,14.22097566607244,14.32771348302841,14.27083467406396,1576684.3290017615
False,False,2025-12-31,765000.0,37.35418902,-121.80556219,1000.0,699 - Not Defined,True,2.0,0.1148,1959.0,2.0,San Jose,3.0,False,2.0,Two,5000.0,False,2.0,Other,95127,0.0,5000.0,765.0,1.5,66.0,0,333.3333333333333,0.2,13.547631112808673,13.972514306773938,13.715734581795013,905040.1458876313
False,False,2025-12-15,406000.0,34.116124,-117.215842,1438.0,276 - Highland,True,2.0,0.1054,1988.0,3.0,Highland,4.0,True,2.0,Two,4590.0,False,2.0,San Bernardino City Unified,92346,0.0,4590.0,282.336578581363,1.3333333333333333,37.0,0,359.5,0.31328976034858386,12.91410843858387,13.28681753563043,13.223543401940365,553237.908315114
False,False,2025-12-01,500000.0,34.203539,-118.600636,1285.0,CP - Canoga Park,True,2.0,0.1722,1914.0,2.0,Canoga Park,2.0,False,1.0,One,7501.0,False,2.0,Fontana Unified,91303,164.0,7501.0,389.10505836575874,1.0,111.0,0,642.5,0.17131049193440875,13.122363377404328,13.651814465293484,13.583481767008267,792923.2939583729
False,False,2025-12-30,1025000.0,33.813768,-117.958554,2580.0,79 - Anaheim West of Harbor,True,2.0,0.1377,1971.0,3.0,Anaheim,4.0,True,2.0,Two,6000.0,False,2.0,Anaheim Union High,92804,0.0,6000.0,397.2868217054264,1.3333333333333333,54.0,0,645.0,0.43,13.840203170554645,13.766841941519797,13.948599946200648,1142352.106607315
False,False,2025-12-29,745000.0,33.971275,-118.097361,1317.0,649 - Pico Rivera,True,2.0,0.119,1950.0,1.0,Pico Rivera,4.0,False,1.0,One,5183.0,False,2.0,El Rancho Unified,90660,0.0,5183.0,565.6795747911921,4.0,75.0,0,329.25,0.2540999421184642,13.521139497361697,13.527828485512494,13.433083796614682,682203.8528363449
False,False,2025-12-30,561496.0,33.690817,-117.203185,1300.0,SRCAR - Southwest Riverside County,True,4.0,0.17,1990.0,2.0,Menifee,3.0,True,1.0,One,7405.0,False,2.0,Menifee Union,92586,0.0,7405.0,431.92,1.5,35.0,0,433.3333333333333,0.17555705604321403,13.23835992935966,12.89921982609012,12.82315978860382,370704.2258057604
True,False,2025-12-29,1695000.0,33.77274,-118.129902,1626.0,"2 - Belmont Heights, Alamitos Heights",True,2.0,0.1471,1950.0,3.0,Long Beach,3.0,True,1.0,One,6406.0,False,2.0,Long Beach Unified,90814,0.0,6406.0,1042.4354243542437,1.0,75.0,0,542.0,0.2538245394942242,14.343193298796688,14.053739746696525,14.094684067554889,1322036.7100186832
True,False,2025-12-19,333000.0,38.6824068,-121.36193662,1045.0,699 - Not Defined,True,2.0,0.15,1970.0,1.0,North Highlands,3.0,True,1.0,One,6534.0,False,2.0,Oceanside Unified,95660,0.0,6534.0,318.66028708133973,3.0,55.0,0,348.3333333333333,0.15993265993265993,12.71589776896258,12.779873068457553,12.576061791250352,289543.78012639825
False,False,2025-12-26,539990.0,33.775719,-116.992495,2097.0,SRCAR - Southwest Riverside County,True,2.0,0.1653,2025.0,2.0,San Jacinto,4.0,False,1.0,One,7200.0,True,2.0,Hemet Unified,92582,0.0,7200.0,257.50596089651884,2.0,0.0,0,524.25,0.29125,13.199305899850469,13.154789908438397,13.252196384681046,569319.1115748315
False,True,2025-12-16,390000.0,34.073619,-117.481541,743.0,264 - Fontana,False,1.0,0.186,1950.0,1.0,Fontana,2.0,False,1.0,One,8100.0,False,1.0,Fontana Unified,92335,0.0,8100.0,524.8990578734858,2.0,75.0,0,371.5,0.09172839506172839,12.873902018105829,13.226723392728571,12.960687483439894,425358.44116976217
False,False,2025-12-29,455000.0,33.733299,-116.327116,1400.0,324 - East Palm Desert,True,2.0,0.15,1978.0,2.0,Palm Desert,3.0,False,1.0,One,6534.0,False,2.0,Palm Springs Unified,92211,0.0,6534.0,325.0,1.5,47.0,0,466.6666666666667,0.21426385062748698,13.028052697933088,13.226723392728571,13.152045716668823,515063.62549679057
False,False,2025-12-19,725000.0,34.149879,-119.188191,1398.0,VC33 - Oxnard - Southwest / Port Huenem,True,2.0,0.13,1957.0,2.0,Port Hueneme,4.0,True,1.0,One,5662.0,False,2.0,Other,93041,75.0,5662.0,518.5979971387696,2.0,68.0,0,349.5,0.24690921935711763,13.493926933836812,13.458835614025542,13.4185151928821,672337.1418528398
True,True,2025-12-29,2400000.0,32.661746,-116.942447,4467.0,91914 - Chula Vista,True,7.0,0.44,2013.0,6.0,Chula Vista,6.0,True,2.0,Two,0.44,False,3.0,Sweetwater Union,91914,255.0,19166.4,537.2733378106111,1.0,12.0,0,744.5,0.23306411219634357,14.690979295318174,14.0623706358958,14.661407460713402,2330066.7209049165
False,False,2025-12-18,915000.0,33.881365,-117.940472,1630.0,83 - Fullerton,False,2.0,0.2066,1948.0,2.0,Fullerton,2.0,True,1.0,One,9000.0,False,2.0,Fullerton Joint Union High,92835,0.0,9000.0,561.3496932515337,1.0,77.0,0,815.0,0.1811111111111111,13.726679344257658,14.145874202616191,14.121793788376857,1358366.9829103078
True,False,2025-12-24,665000.0,33.910999,-118.249453,1192.0,"RN - Compton N of Rosecrans, E of Central",False,2.0,0.1148,1951.0,2.0,Compton,3.0,False,1.0,One,5001.0,False,2.0,Compton Unified,90222,0.0,5001.0,557.8859060402684,1.5,74.0,0,397.3333333333333,0.2383523295340932,13.407542319637992,13.304684934198283,13.216000362461438,549080.512344504
True,True,2025-12-19,525000.0,33.822552,-116.477856,1636.0,335 - Cathedral City North,True,4.0,0.12,2004.0,2.0,Cathedral City,3.0,True,1.0,One,5227.0,False,2.0,Riverside Unified,92234,220.0,5227.0,320.9046454767726,1.5,21.0,0,545.3333333333334,0.3129902429691984,13.17115354157376,13.224919965729422,13.128262795110556,502958.426770546
False,False,2025-12-30,885000.0,33.876927,-118.296062,1248.0,119 - Central Gardena,False,2.0,0.107,1958.0,2.0,Gardena,3.0,True,1.0,One,4663.0,False,2.0,Los Angeles Unified,90247,0.0,4663.0,709.1346153846154,1.5,67.0,0,416.0,0.2676388591035814,13.693342923990066,13.652991628466498,13.584009459196984,793341.8238045998
True,False,2025-12-19,660000.0,32.838084,-116.886984,1530.0,92021 - El Cajon,True,2.0,0.1722,1974.0,2.0,El Cajon,4.0,True,1.0,One,7500.0,False,2.0,Grossmont Union,92021,0.0,7500.0,431.3725490196079,2.0,51.0,0,382.5,0.204,13.399995114002609,13.612780503903942,13.561006079953815,775300.5812788846
False,False,2025-12-22,389000.0,33.2095,-117.330327,1046.0,92057 - Oceanside,True,1.0,0.0415,1973.0,2.0,Oceanside,2.0,False,1.0,One,1809.0,False,1.0,Oceanside Unified,92057,510.0,1809.0,371.8929254302103,1.0,52.0,0,523.0,0.578220011055832,12.871334622600584,13.681979165339751,13.10981631374637,493765.6612818951
True,True,2025-12-16,1350000.0,33.593606,-117.59928899999998,2000.0,WW - Wagon Wheel,True,6.0,0.0976,1996.0,3.0,Trabuco Canyon,4.0,True,2.0,Two,4251.0,False,3.0,Capistrano Unified,92679,101.0,4251.0,675.0,1.3333333333333333,29.0,0,500.0,0.4704775346977182,14.115615150414612,14.357834848789636,14.182340129973293,1443151.9446686967
True,False,2025-12-16,875000.0,32.79903512,-117.06827576,1125.0,92120 - Del Cerro,False,2.0,0.1354,1957.0,2.0,San Diego,3.0,False,1.0,One,5900.0,False,2.0,Pomona Unified,92120,0.0,5900.0,777.7777777777778,1.5,68.0,0,375.0,0.1906779661016949,13.681979165339751,13.996998434009651,13.807847332297602,992366.0619867531
True,False,2025-12-23,1799000.0,33.628932,-117.635618,3415.0,MN - Mission Viejo North,True,3.0,0.1687,1980.0,3.0,Mission Viejo,5.0,True,2.0,Two,7350.0,False,3.0,Capistrano Unified,92692,193.0,7350.0,526.7935578330893,1.6666666666666667,45.0,0,683.0,0.46462585034013604,14.40274151293267,14.006130917572923,14.311565795891696,1642230.2687097336
True,False,2025-12-19,754000.0,38.013081,-122.089766,1867.0,SRCAR - Southwest Riverside County,True,7.0,0.1461,2005.0,3.0,Martinez,4.0,False,2.0,Two,6365.0,False,2.0,Los Angeles Unified,94553,0.0,6365.0,403.8564542046064,1.3333333333333333,20.0,0,466.75,0.29332285938727415,13.533147646990093,13.604789526648622,13.571575418444707,783538.45329529
True,False,2025-12-23,1199000.0,34.153328,-119.218304,772.0,VC32 - Oxnard - Port Hueneme Beaches,True,2.0,0.05,1947.0,2.0,Oxnard,2.0,False,1.0,One,2178.0,False,1.0,Oxnard Union,93035,0.0,2178.0,1553.1088082901554,1.0,78.0,0,386.0,0.3544536271808999,13.996998434009651,14.077874822431765,13.694376821415283,885915.4723920416
True,False,2025-12-26,1475000.0,33.568139,-117.590694,2037.0,CC - Coto De Caza,True,2.0,0.1121,1998.0,2.0,Coto de Caza,3.0,True,1.0,One,4881.0,False,2.0,Capistrano Unified,92679,353.0,4881.0,724.1040746195386,1.5,27.0,0,679.0,0.4173325138291334,14.204168547756057,14.357834848789636,14.250013005643089,1544194.5501977229
False,True,2025-12-24,819900.0,33.8562,-116.547287,1912.0,331 - North End Palm Springs,False,0.0,0.19,1951.0,2.0,Palm Springs,3.0,True,1.0,One,8276.0,False,0.0,Palm Springs Unified,92262,101.0,8276.0,428.8179916317992,1.5,74.0,0,637.3333333333334,0.23102948284195263,13.616937660584268,13.737549016494562,13.809834110194132,994339.6328182401
False,False,2025-12-17,545500.0,34.18003,-117.303244,1158.0,699 - Not Defined,True,2.0,0.1682,1981.0,2.0,San Bernardino,3.0,True,1.0,One,7326.0,False,2.0,San Bernardino City Unified,92407,0.0,7326.0,471.0708117443869,1.5,44.0,0,386.0,0.15806715806715807,13.209458084255262,13.304684934198283,13.163388374135241,520939.07438385446
True,False,2025-12-19,628175.0,33.023979,-116.884958,1280.0,92065 - Ramona,False,2.0,1.23,1972.0,2.0,Ramona,3.0,False,1.0,One,1.23,True,2.0,Ramona Unified,92065,0.0,53578.8,490.76171875,1.5,53.0,0,426.6666666666667,0.023890046062995066,13.350574069051557,13.623138665316818,13.514411940573797,740004.7918066637
True,False,2025-12-23,365000.0,37.325323,-120.540511,1488.0,C11 - Venice,True,2.0,0.1404,2000.0,2.0,Merced,3.0,True,1.0,One,6115.0,False,2.0,Merced City,95348,0.0,6115.0,245.2956989247312,1.5,25.0,0,496.0,0.24333605887162715,12.80765263256463,12.970364687642453,12.934053887114487,414179.1493533967
True,False,2025-12-23,2700000.0,37.8506765,-122.24965675,1836.0,92084 - Vista,True,3.0,0.0868,1923.0,2.0,Oakland,3.0,True,2.0,Two,3780.0,False,2.0,Placentia-Yorba Linda Unified,94618,129.0,3780.0,1470.5882352941176,1.5,102.0,0,612.0,0.4857142857142857,14.808762330974558,14.478185245710499,14.33307715064641,1677939.5673093495
False,False,2025-12-11,1125000.0,37.90573914,-122.31080507,1611.0,674 - Montebello,True,1.0,0.1148,1941.0,1.0,Richmond,3.0,False,2.0,Two,5000.0,False,1.0,Rim of the World,94804,123.0,5000.0,698.3240223463687,3.0,84.0,0,537.0,0.3222,13.933293593620657,13.337442237753596,13.3225237631047,610799.3347036169
True,False,2025-12-22,845000.0,33.253913,-117.301714,1310.0,92057 - Oceanside,True,2.0,0.14,1964.0,2.0,Oceanside,3.0,True,1.0,One,6100.0,False,2.0,Oceanside Unified,92057,0.0,6100.0,645.0381679389313,1.5,61.0,0,436.6666666666667,0.21475409836065573,13.64709190633931,13.681979165339751,13.581379842845102,791258.3797019955
True,False,2025-12-15,220000.0,39.509186,-121.54748,954.0,VIC - Victorville,True,3.0,0.11,1950.0,1.0,Oroville,3.0,False,1.0,One,4792.0,False,1.0,Oroville Union,95966,0.0,4792.0,230.60796645702305,3.0,75.0,0,318.0,0.19908180300500836,12.301382825334498,12.821258284620408,12.487534890965135,265013.19361757144
True,False,2025-12-10,925000.0,32.814147,-117.014098,1577.0,92119 - San Carlos,True,4.0,0.1423,1968.0,2.0,San Diego,3.0,True,1.0,One,6200.0,False,2.0,Grossmont Union,92119,0.0,6200.0,586.5567533291058,1.5,57.0,0,525.6666666666666,0.2543548387096774,13.737549016494562,13.8878312195439,13.766706314682512,952367.5437969336
False,False,2025-12-12,335000.0,34.137454,-117.32467,915.0,274 - San Bernardino,True,0.0,0.1846,1954.0,1.0,San Bernardino,3.0,False,1.0,One,8040.0,False,0.0,San Bernardino City Unified,92411,0.0,8040.0,366.120218579235,3.0,71.0,0,305.0,0.11380597014925373,12.721885810807203,12.994530005894443,12.764650750164025,349636.9992169483
True,True,2025-12-16,1235000.0,33.859063,-118.141893,2315.0,23 - Lakewood Park,True,2.0,0.1216,1950.0,3.0,Lakewood,4.0,True,2.0,Two,5298.0,False,2.0,Bellflower Unified,90712,0.0,5298.0,533.4773218142549,1.3333333333333333,75.0,0,578.75,0.436957342393356,14.026581528044215,13.671639520838347,13.91774846807918,1107646.9607990521
False,False,2025-12-26,880000.0,37.73013452,-121.4535675,3054.0,699 - Not Defined,True,2.0,0.1328,2004.0,4.0,Tracy,5.0,True,2.0,Two,5785.0,False,2.0,Other,95377,398.0,5785.0,288.1466928618205,1.25,21.0,0,610.8,0.5279170267934313,13.687677186454389,13.569648381962956,13.74964582466364,936257.5001884226
True,False,2025-12-12,900000.0,33.505986,-117.728044,1428.0,LNSMT - Summit,True,2.0,0.085,1976.0,2.0,Laguna Niguel,2.0,True,1.0,One,3701.0,False,2.0,Capistrano Unified,92677,396.0,3701.0,630.2521008403361,1.0,49.0,0,714.0,0.385841664415023,13.710150042306449,14.349075668699754,13.993333446218957,1194613.7223756823
False,False,2025-12-31,659990.0,33.811068,-117.191765,1898.0,SRCAR - Southwest Riverside County,True,6.0,0.2052,2025.0,3.0,Perris,4.0,False,1.0,One,8937.0,True,3.0,Val Verde,92571,0.0,8937.0,347.7291886195996,1.3333333333333333,0.0,0,474.5,0.2123755175114692,13.39997996237267,13.214938819306386,13.29157280313418,592184.0750586756
True,False,2025-12-18,923000.0,33.860281,-117.952919,1666.0,83 - Fullerton,True,7.0,0.1562,1966.0,2.0,Fullerton,4.0,True,1.0,One,6804.0,False,2.0,Fullerton Joint Union High,92833,0.0,6804.0,554.0216086434574,2.0,59.0,0,416.5,0.2448559670781893,13.73538451348499,13.87377946608825,13.857670795579216,1043061.6030641169
True,False,2025-12-04,650000.0,37.102456700000005,-121.64018455,908.0,699 - Not Defined,True,1.0,0.0382,1982.0,2.0,Morgan Hill,2.0,True,2.0,Two,1664.0,False,1.0,Other,95037,100.0,1664.0,715.8590308370044,1.0,43.0,0,454.0,0.5456730769230769,13.38472764187182,14.187074114396758,13.518860532551024,743304.1043932489
True,False,2025-12-09,775000.0,37.10280889,-121.64033278,1270.0,699 - Not Defined,True,1.0,0.0918,1982.0,2.0,Morgan Hill,3.0,True,1.0,One,4000.0,False,1.0,Other,95037,100.0,4000.0,610.2362204724409,1.5,43.0,0,423.3333333333333,0.3175,13.560618308335483,14.187074114396758,13.886990720113127,1074096.8427166792
True,False,2025-12-15,755000.0,34.141288,-117.947369,1311.0,617 - Duarte,True,4.0,0.0975,1978.0,2.0,Duarte,3.0,True,1.0,One,4249.0,False,2.0,Duarte Unified,91010,0.0,4249.0,575.8962623951182,1.5,47.0,0,437.0,0.30854318663214875,13.534473028231162,13.655924188192698,13.456688022041275,698498.2987090138
True,False,2025-12-26,804000.0,34.009716999999995,-117.877964,1414.0,669 - West Covina,True,2.0,0.1495,1963.0,2.0,West Covina,3.0,True,1.0,One,6511.0,False,2.0,Rowland Unified,91792,0.0,6511.0,568.5997171145686,1.5,62.0,0,471.3333333333333,0.21717094148364308,13.597354548161103,13.636980191648608,13.568833775840725,781393.2129747495
False,False,2025-12-22,557000.0,33.782109000000005,-116.995729,1890.0,SRCAR - Southwest Riverside County,True,6.0,0.1758,2025.0,3.0,San Jacinto,4.0,False,1.0,One,7657.0,True,3.0,San Jacinto Unified,92582,0.0,7657.0,294.70899470899474,1.3333333333333333,0.0,0,472.5,0.24683296330155413,13.230320518909421,13.154789908438397,13.259759602597287,573641.3203797633
True,False,2025-12-18,1750000.0,33.644627,-117.905226,1352.0,C5 - East Costa Mesa,True,10.0,0.1653,1955.0,2.0,Costa Mesa,3.0,True,1.0,One,7200.0,False,2.0,Newport Mesa Unified,92627,0.0,7200.0,1294.378698224852,1.5,70.0,0,450.6666666666667,0.18777777777777777,14.375126345899696,14.375126345899696,14.18136334583458,1441742.9849761568
False,False,2025-12-29,492000.0,38.71639687,-121.30659828,1346.0,SRCAR - Southwest Riverside County,True,2.0,0.17,1960.0,2.0,Citrus Heights,4.0,True,1.0,One,7405.0,False,2.0,Temecula Unified,95621,0.0,7405.0,365.5274888558693,2.0,65.0,0,336.5,0.18176907494935854,13.106233995474446,13.698976741708323,13.611611243986339,815544.4809831758
False,False,2025-12-23,365000.0,33.993685,-117.398754,1280.0,251 - Jurupa Valley,True,0.0,0.19,1969.0,3.0,Jurupa Valley,4.0,False,2.0,Two,8276.0,False,0.0,Jurupa Unified,92509,0.0,8276.0,285.15625,1.3333333333333333,56.0,0,320.0,0.15466408893185113,12.80765263256463,13.422467969854667,13.358384322060465,633100.415015069
True,False,2025-12-30,575000.0,33.884554,-118.144045,738.0,"RG - Bellflower North of 91 Frwy, S of Alondra",True,0.0,0.1636,1942.0,1.0,Bellflower,2.0,False,1.0,One,7125.0,False,0.0,Bellflower Unified,90706,0.0,7125.0,779.1327913279133,2.0,83.0,0,369.0,0.10357894736842105,13.262125319779487,13.586096602527896,13.336754469823099,619553.5827307538
False,False,2025-12-17,660000.0,33.826475,-118.073278,1135.0,54 - Hawaiian Gardens,True,0.0,0.1148,1949.0,2.0,Hawaiian Gardens,3.0,False,1.0,One,5000.0,False,0.0,ABC Unified,90716,0.0,5000.0,581.4977973568282,1.5,76.0,0,378.3333333333333,0.227,13.399995114002609,13.415032991367148,13.358946757252891,633456.5931229753
True,True,2025-12-26,2905000.0,34.057473,-118.47914,2379.0,C06 - Brentwood,True,2.0,0.1188,1965.0,4.0,Los Angeles,4.0,True,2.0,Two,5176.0,False,2.0,Los Angeles Unified,90049,0.0,5176.0,1221.1013030685162,1.0,60.0,0,594.75,0.45962132921174653,14.881943948268148,15.137266397946593,14.935262363711661,3064093.6184849422
False,False,2025-12-22,785000.0,32.68933078,-117.02689866,2090.0,92139 - Paradise Hills,True,4.0,0.0885,1985.0,3.0,San Diego,4.0,True,2.0,Two,13939.0,False,2.0,Los Angeles Unified,92139,110.0,7458.0,375.5980861244019,1.3333333333333333,40.0,0,522.5,0.28023598820059,13.573438996764546,13.567049198665774,13.610205195148,814398.5913902239
True,True,2025-12-31,1395000.0,34.176355,-118.647336,1919.0,WHLL - Woodland Hills,True,0.0,0.2661,1963.0,3.0,Woodland Hills,3.0,True,1.0,One,11590.0,False,0.0,Los Angeles Unified,91367,0.0,11590.0,726.941115164148,1.0,62.0,0,639.6666666666666,0.16557377049180327,14.148404973237604,14.130321297804308,14.037618102594859,1248705.6622325266
True,False,2025-12-15,395000.0,34.129319,-117.312312,1517.0,274 - San Bernardino,False,2.0,0.1861,1954.0,2.0,San Bernardino,3.0,False,1.0,One,8107.0,False,2.0,San Bernardino City Unified,92411,0.0,8107.0,260.3823335530653,1.5,71.0,0,505.6666666666667,0.18712224003947206,12.886641043883259,12.994530005894443,12.9538423788623,422456.760640285
False,False,2025-12-17,890000.0,34.215903999999995,-118.877153,1206.0,TOW - Thousand Oaks West,True,2.0,0.33,1963.0,2.0,Thousand Oaks,3.0,True,1.0,One,14374.0,False,2.0,Riverside Unified,91360,260.0,14374.0,737.9767827529022,1.5,62.0,0,402.0,0.08390148879922081,13.698976741708323,13.909911233385758,13.696652547282406,887933.8689361679
True,False,2025-12-23,915000.0,33.183301,-117.238878,1872.0,92081 - Vista,False,3.0,1.06,1954.0,2.0,Vista,4.0,True,2.0,Two,1.06,False,3.0,Vista Unified,92081,0.0,46173.6,488.78205128205127,2.0,71.0,0,468.0,0.04054264774676439,13.726679344257658,13.835313185260453,13.89423748554657,1081908.842265166
False,True,2025-12-30,880000.0,34.218242,-118.62166299999998,1370.0,WEH - West Hills,True,6.0,0.1722,1957.0,2.0,West Hills,3.0,False,1.0,One,7502.0,False,2.0,Los Angeles Unified,91304,0.0,7502.0,642.3357664233577,1.5,68.0,0,456.6666666666667,0.18261796854172221,13.687677186454389,13.846039762999096,13.719095678694936,908087.1913552856
False,False,2025-12-23,850000.0,33.785111,-117.954094,1182.0,"63 - Garden Grove S of Chapman, W of Euclid",True,2.0,0.1655,1953.0,2.0,Garden Grove,3.0,True,1.0,One,7208.0,False,2.0,Garden Grove Unified,92840,0.0,7208.0,719.1201353637902,1.5,72.0,0,394.0,0.163984461709212,13.652991628466498,13.864300722133706,13.713984195678295,903457.3618269374
False,False,2025-12-17,1910000.0,37.22299611,-121.86638141,1531.0,699 - Not Defined,True,2.0,0.1837,1976.0,2.0,San Jose,3.0,True,1.0,Two,8000.0,False,2.0,San Jose Unified,95120,0.0,8000.0,1247.550620509471,1.5,49.0,0,510.3333333333333,0.191375,14.462613800022813,14.622185682591283,14.413189085057956,1817893.7070806348
False,False,2025-12-22,1275000.0,34.189996,-118.232551,1088.0,627 - Rossmoyne & Verdu Woodlands,True,2.0,0.198,1941.0,1.0,Glendale,2.0,True,1.0,One,8627.0,False,2.0,Glendale Unified,91208,0.0,8627.0,1171.875,2.0,84.0,0,544.0,0.1261156833198099,14.058456736574664,14.246322223230198,13.928313403942447,1119411.2147684922
True,False,2025-12-24,800000.0,33.963538,-118.200781,1505.0,"T5 - WalnutPk, HuntPk, Bell N of Florence, and Cud",False,5.0,0.1424,1938.0,2.0,Huntington Park,3.0,True,1.0,One,6205.0,False,2.0,Los Angeles Unified,90255,0.0,6205.0,531.5614617940199,1.5,87.0,0,501.6666666666667,0.24254633360193392,13.592367006650065,13.465953081794405,13.495341161718056,726026.0405704826
True,False,2025-12-22,1198000.0,32.595915000000005,-116.999874,2891.0,91913 - Chula Vista,True,2.0,0.0985,2018.0,4.0,Chula Vista,4.0,False,1.0,One,4290.0,False,2.0,San Diego Unified,91913,143.0,4290.0,414.3894846074023,1.0,7.0,0,722.75,0.6738927738927739,13.996164057657532,13.764217263576723,13.975224104024635,1173174.76232173
False,False,2025-12-26,1594000.0,33.659147,-117.912479,1587.0,C4 - Central Costa Mesa,True,2.0,0.1743,1957.0,2.0,Costa Mesa,3.0,True,1.0,One,7592.0,False,2.0,Newport Mesa Unified,92626,0.0,7592.0,1004.4108380592312,1.5,68.0,0,529.0,0.20903582718651212,14.281757138332297,14.28551418721001,14.199689673309175,1468408.4326112932
True,True,2025-12-29,3575000.0,33.689376,-116.389043,4832.0,323 - South Palm Desert,True,2.0,0.69,2000.0,6.0,Palm Desert,4.0,True,2.0,One,30056.0,False,2.0,Other,92260,3588.0,30056.0,739.8592715231788,0.6666666666666666,25.0,0,1208.0,0.16076656907106734,15.089475734110245,13.624349319661324,14.6260364415022,2249090.435369335
False,False,2025-12-15,1770000.0,33.681143,-117.975039,2960.0,14 - South Huntington Beach,True,3.0,0.1377,1976.0,3.0,Huntington Beach,4.0,True,2.0,Two,6000.0,False,3.0,Huntington Beach Union High,92646,0.0,6000.0,597.972972972973,1.3333333333333333,49.0,0,740.0,0.49333333333333335,14.386490104550012,14.19394699368452,14.37603658551875,1751593.6445225035
True,False,2025-12-22,440000.0,39.763105,-121.813076,1451.0,LAC - Lancaster,True,2.0,0.13,2000.0,2.0,Chico,3.0,False,1.0,One,5663.0,False,2.0,Chico Unified,95973,0.0,5663.0,303.2391454169538,1.5,25.0,0,483.6666666666667,0.25622461592795337,12.994530005894443,13.151922179645874,13.085883137515431,482088.57297780714
False,False,2025-12-26,1325000.0,33.02092132,-117.05643909999998,1849.0,92128 - Rancho Bernardo,True,4.0,0.1492,1970.0,2.0,San Diego,4.0,True,1.0,One,0.61,False,2.0,West Contra Costa,92128,699.75,11000.0,716.6035694970254,2.0,55.0,0,462.25,0.1680909090909091,14.09692301740246,13.983960916083914,13.970567929702437,1167724.9535936525
True,False,2025-12-24,1176500.0,35.02304,-120.49482,3013.0,NPMO - Nipomo,True,5.0,1.06,1986.0,4.0,Nipomo,5.0,True,1.0,One,46174.0,False,5.0,Lucia Mar Unified,93444,0.0,46174.0,390.4746100232327,1.25,39.0,0,602.6,0.06525317278121887,13.978054487149555,13.855084652589102,14.164578249182474,1417745.1559906402
True,False,2025-12-24,660000.0,34.450518,-118.389425,1040.0,CAN2 - Canyon Country 2,False,2.0,0.1778,1972.0,1.0,Canyon Country,3.0,True,1.0,One,7745.0,False,2.0,William S. Hart Union,91387,0.0,7745.0,634.6153846153846,3.0,53.0,0,346.6666666666667,0.1342801807617818,13.399995114002609,13.737549016494562,13.444554663490704,690074.3769812717
True,False,2025-12-15,1155000.0,33.536997,-117.703412,1650.0,LNLAK - Lake Area,True,2.0,0.053,1996.0,3.0,Laguna Niguel,3.0,True,2.0,Two,2310.0,False,2.0,Capistrano Unified,92677,105.0,2310.0,700.0,1.0,29.0,0,550.0,0.7142857142857143,13.959610901938031,14.349075668699754,14.098685415759087,1327337.2367887052
True,True,2025-12-24,665000.0,33.982146,-117.442631,1747.0,251 - Jurupa Valley,True,2.0,0.27,1960.0,2.0,Jurupa Valley,3.0,True,1.0,One,11761.0,False,2.0,Jurupa Unified,92509,0.0,11761.0,380.6525472238122,1.5,65.0,0,582.3333333333334,0.14854179066405918,13.407542319637992,13.422467969854667,13.421505059769629,674350.3485207761
False,False,2025-12-17,365000.0,37.94942515,-122.34405074,863.0,LD - Ladera Ranch,True,1.0,0.0872,1942.0,1.0,Richmond,2.0,False,1.0,One,3800.0,False,1.0,Los Angeles Unified,94804,143.0,3800.0,422.94322132097335,2.0,83.0,0,431.5,0.22710526315789473,12.80765263256463,13.337442237753596,13.137719202498833,507737.1657939917
True,False,2025-12-15,560000.0,34.105691,-117.78119,1049.0,684 - La Verne,False,2.0,0.1425,1947.0,1.0,La Verne,3.0,True,1.0,One,6208.0,False,2.0,Bonita Unified,91750,0.0,6208.0,533.8417540514776,3.0,78.0,0,349.6666666666667,0.16897551546391754,13.235692062711331,13.758940206475879,13.537593326293647,757359.504301131
False,False,2025-12-30,635000.0,33.743922,-117.207774,3046.0,SRCAR - Southwest Riverside County,True,2.0,0.125,2022.0,3.0,Perris,5.0,False,2.0,Two,5445.0,False,2.0,Perris Union High,92570,75.0,5445.0,208.47012475377545,1.6666666666666667,3.0,0,609.2,0.5594123048668503,13.36138027787483,13.32666315004938,13.459757585502075,700645.6776360178
False,False,2025-12-30,929000.0,34.165029,-118.942334,1295.0,NBPK - Newbury Park,True,2.0,0.2,1971.0,2.0,Newbury Park,3.0,True,1.0,One,8712.0,False,2.0,Conejo Valley Unified,91320,0.0,8712.0,717.3745173745174,1.5,54.0,0,431.6666666666667,0.1486455463728191,13.741864017795976,13.933293593620657,13.759282884236885,945323.8859752412
True,False,2025-12-15,1137000.0,35.311502000000004,-120.857669,1896.0,OSOS - Los Osos,True,2.0,0.1531,1999.0,3.0,Los Osos,4.0,True,1.0,One,6670.0,False,2.0,San Luis Coastal Unified,93402,65.0,6670.0,599.6835443037975,1.3333333333333333,26.0,0,474.0,0.28425787106446776,13.943903772732673,13.687677186454389,13.711694052626175,901390.6826256387
False,False,2025-12-30,820000.0,32.79793195,-116.9787992,1608.0,92020 - El Cajon,True,2.0,0.1428,1960.0,2.0,El Cajon,4.0,False,1.0,One,6534.0,False,0.0,Other,92020,0.0,4442.0,509.9502487562189,2.0,65.0,0,402.0,0.3619990995047276,13.617059619240436,13.7694117933985,13.685869670452538,878410.8225828455
False,False,2025-12-12,1825000.0,32.77563369,-117.08578876,2370.0,92115 - San Diego,True,2.0,1.2374,1959.0,4.0,San Diego,4.0,True,1.0,One,53900.0,False,2.0,Moreno Valley Unified,92115,0.0,53900.0,770.042194092827,1.0,66.0,0,592.5,0.04397031539888683,14.417090544998729,13.748301808270824,14.0492918848206,1263368.1973044178
True,False,2025-12-22,799000.0,33.175938,-117.322583,1452.0,92010 - Carlsbad,False,2.0,0.0498,1974.0,3.0,Carlsbad,3.0,False,2.0,Two,2171.0,False,2.0,Carlsbad Unified,92010,438.0,2171.0,550.2754820936639,1.0,51.0,0,484.0,0.6688162137263933,13.591116224748411,14.187074114396758,13.828186939651356,1012757.0675880571
False,True,2025-12-30,1450000.0,33.79045,-116.414899,3241.0,321 - Rancho Mirage,True,3.0,0.31,2000.0,4.0,Rancho Mirage,3.0,True,1.0,One,13504.0,False,3.0,Alvord Unified,92270,350.0,13504.0,447.3927800061709,0.75,25.0,0,1080.3333333333333,0.24000296208530805,14.187074114396758,13.9108207377686,14.1495497209541,1396597.83745041
True,False,2025-12-29,570000.0,37.9642929,-121.75557761,1499.0,84 - Placentia,True,2.0,0.1033,1993.0,3.0,Antioch,3.0,True,2.0,Two,4500.0,False,2.0,San Diego Unified,94531,0.0,4500.0,380.2535023348899,1.0,32.0,0,499.6666666666667,0.33311111111111114,13.253391639810733,13.415032991367148,13.312790343048034,604883.00796435
False,False,2025-12-30,750000.0,33.955317,-118.096432,1058.0,699 - Not Defined,False,2.0,0.1455,1950.0,1.0,Pico Rivera,3.0,False,1.0,One,6340.0,False,2.0,El Rancho Unified,90660,0.0,6340.0,708.8846880907372,3.0,75.0,0,352.6666666666667,0.1668769716088328,13.527828485512494,13.527828485512494,13.431804780661215,681331.8609896655
True,False,2025-12-26,1660000.0,32.74232073,-117.2260694,1766.0,92106 - Point Loma,True,2.0,0.1354,1952.0,2.0,San Diego,3.0,True,1.0,One,5900.0,False,1.0,Tustin Unified,92106,150.0,5900.0,939.9773499433747,1.5,73.0,0,588.6666666666666,0.2993220338983051,14.322328160332725,14.53335035111459,14.3734137051474,1747005.4437149977
True,False,2025-12-12,749000.0,37.89415907,-121.59615216,2554.0,699 - Not Defined,True,3.0,0.1951,1991.0,3.0,Discovery Bay,3.0,True,2.0,Two,8500.0,False,3.0,Placentia-Yorba Linda Unified,94505,135.0,8500.0,293.265465935787,1.0,34.0,0,851.3333333333334,0.3004705882352941,13.526494262499357,13.589232200143268,13.670111300240194,864676.9952147283
False,False,2025-12-30,409500.0,34.478390999999995,-117.325075,1134.0,VIC - Victorville,True,2.0,0.4132,1983.0,2.0,Victorville,3.0,False,1.0,One,18000.0,False,2.0,Victor Valley Unified,92395,0.0,18000.0,361.1111111111111,1.5,42.0,0,378.0,0.063,12.922692182275261,12.947950462906661,12.769633938132742,351383.65444609226
True,False,2025-12-19,715000.0,33.378248,-117.243084,1641.0,92028 - Fallbrook,True,4.0,0.17,1960.0,3.0,Fallbrook,4.0,False,1.0,One,7405.0,False,0.0,Fallbrook Union,92028,0.0,7405.0,435.7099329677026,1.3333333333333333,65.0,0,410.25,0.22160702228224172,13.480037821676145,13.681979165339751,13.697800822235415,888954.0467680262
True,False,2025-12-23,3435000.0,37.28490685,-121.76602351,3370.0,699 - Not Defined,True,3.0,0.2458,1998.0,3.0,San Jose,4.0,True,1.0,Two,10708.0,False,3.0,Other,95138,205.0,10708.0,1019.2878338278932,1.3333333333333333,27.0,0,842.5,0.31471796787448636,15.049527483638586,14.91078394536687,15.121946570759146,3692988.4664999885
True,True,2025-12-29,505000.0,33.792232,-116.285647,1692.0,307 - Sun City,True,2.0,0.13,2002.0,3.0,Palm Desert,3.0,False,1.0,One,5662.0,False,2.0,Palmdale,92211,398.0,5662.0,298.46335697399525,1.0,23.0,0,564.0,0.2988343341575415,13.132313708257497,13.226723392728571,13.207096452845988,544213.2500788051
True,False,2025-12-26,785000.0,34.205319,-118.537931,1293.0,RES - Reseda,False,6.0,0.1436,1950.0,2.0,Reseda,3.0,False,1.0,One,6254.0,False,2.0,Los Angeles Unified,91335,0.0,6254.0,607.1152358855375,1.5,75.0,0,431.0,0.20674768148385034,13.573438996764546,13.652991628466498,13.631551444415168,831969.8194244454
True,False,2025-12-24,299000.0,40.161563,-122.246192,1193.0,C34 - Los Angeles Southwest,True,2.0,0.1378,1981.0,2.0,Red Bluff,3.0,False,1.0,One,6004.0,False,2.0,Red Bluff Joint Union,96080,0.0,6004.0,250.628667225482,1.5,44.0,0,397.6666666666667,0.19870086608927381,12.608198852372823,12.730801174465157,12.629431598974863,305416.4698134639
True,False,2025-12-30,426000.0,37.358311,-120.47968600000002,1509.0,688 - Rancho Cucamonga,True,2.0,0.1148,2025.0,2.0,Merced,4.0,False,1.0,One,5000.0,True,2.0,Merced Union,95348,0.0,5000.0,282.3061630218688,2.0,0.0,0,377.25,0.3018,12.962194625251508,12.970364687642453,13.013129503975634,448260.3603015509
True,False,2025-12-23,535990.0,37.358285,-120.48003,2814.0,699 - Not Defined,True,2.0,0.1148,2025.0,3.0,Merced,5.0,False,2.0,Two,5000.0,True,2.0,Merced Union,95348,0.0,5000.0,190.4726368159204,1.6666666666666667,0.0,0,562.8,0.5628,13.191870783162482,12.970364687642453,13.217898518335884,550123.7425380854
True,False,2025-12-22,1610000.0,37.86431141,-121.69330249,4442.0,SRCAR - Southwest Riverside County,True,2.0,11.4,2002.0,4.0,Brentwood,4.0,True,2.0,Two,496584.0,False,2.0,Fullerton Joint Union High,94513,0.0,496584.0,362.4493471409275,1.0,23.0,0,1110.5,0.008945113012098658,14.291744736960645,13.591116224748411,14.360829921359366,1725159.2471229716
True,False,2025-12-19,460653.0,37.357873,-120.484151,1620.0,92116 - Normal Heights,True,2.0,0.1234,2025.0,2.0,Merced,3.0,False,1.0,One,5376.0,True,2.0,Merced Union,95348,0.0,5376.0,284.35370370370373,1.5,0.0,0,540.0,0.3013392857142857,13.040400327052504,12.970364687642453,13.04757920685965,463971.8711548387
False,False,2025-12-29,385000.0,34.538416999999995,-117.327541,1196.0,VIC - Victorville,True,2.0,0.3696,1979.0,2.0,Victorville,3.0,False,1.0,One,16100.0,False,2.0,Victor Valley Unified,92394,0.0,16100.0,321.90635451505017,1.5,46.0,0,398.6666666666667,0.07428571428571429,12.86099861326992,12.948009990259552,12.877030976958157,391222.2050699396
False,False,2025-12-30,790000.0,32.74082896,-117.08064576,1359.0,92105 - East San Diego,True,2.0,0.1492,1950.0,2.0,San Diego,3.0,False,1.0,One,6500.0,False,1.0,Paradise Unified,92105,0.0,6500.0,581.3097866077999,1.5,75.0,0,453.0,0.20907692307692308,13.579788224443204,13.422467969854667,13.41888556055023,672586.1999109435
False,False,2025-12-19,890000.0,33.23227625,-117.22285947,1457.0,92084 - Vista,True,4.0,1.01,1963.0,2.0,Vista,2.0,True,1.0,One,43995.0,False,0.0,Mount Diablo,92084,0.0,43995.0,610.8442004118051,1.0,62.0,0,728.5,0.03311739970451188,13.698976741708323,13.773646353865574,13.617613700602542,820454.4726127018
True,False,2025-12-23,427000.0,33.94271,-117.264746,1042.0,259 - Moreno Valley,True,2.0,0.16,1984.0,2.0,Moreno Valley,3.0,True,1.0,One,6970.0,False,2.0,Moreno Valley Unified,92557,0.0,6970.0,409.78886756238006,1.5,41.0,0,347.3333333333333,0.14949784791965567,12.96453929221076,13.262125319779487,13.10910280063807,493413.478668539
True,False,2025-12-22,925000.0,33.855988,-117.73487,1979.0,77 - Anaheim Hills,True,2.0,0.0937,1990.0,3.0,Anaheim Hills,3.0,True,2.0,Two,4080.0,False,2.0,Orange Unified,92808,115.0,4080.0,467.4077817079333,1.0,35.0,0,659.6666666666666,0.48504901960784313,13.737549016494562,14.137594057133388,14.030468796885811,1239810.1200772368
True,False,2025-12-18,700000.0,33.582257,-117.21518,2882.0,SRCAR - Southwest Riverside County,True,2.0,0.29,1988.0,3.0,Murrieta,5.0,True,2.0,Two,12632.0,False,2.0,Murrieta,92562,0.0,12632.0,242.88688410825816,1.6666666666666667,37.0,0,576.4,0.22815072830905636,13.458835614025542,13.487006490992238,13.62044554775962,822781.1671452473
False,False,2025-12-16,650000.0,37.6425407,-122.08408045,1042.0,16 - Fountain Valley / Northeast HB,True,1.0,0.1156,1952.0,1.0,Hayward,3.0,False,1.0,One,5035.0,False,1.0,Other,94544,584.0,5035.0,623.8003838771593,3.0,73.0,0,347.3333333333333,0.20695134061569018,13.38472764187182,13.732128949025222,13.550044216720426,766848.2536096232
False,False,2025-12-16,605000.0,36.850833,-121.40728625,1328.0,699 - Not Defined,False,2.0,0.1478,1904.0,1.0,Hollister,2.0,True,1.0,One,6438.0,False,2.0,Other,95023,330.0,6438.0,455.5722891566265,2.0,121.0,0,664.0,0.20627524075799938,13.312983737012978,13.527828485512494,13.169704442509563,524239.77394576033
True,False,2025-12-26,230000.0,37.980868,-120.379284,668.0,PHEL - Phelan,True,1.0,0.13,1950.0,1.0,Sonora,1.0,False,1.0,One,5663.0,False,0.0,Sonora Union,95370,0.0,5663.0,344.311377245509,1.0,75.0,0,668.0,0.11795867914532933,12.345834587905333,12.917807502890149,12.573834349612792,288899.55600682175
True,False,2025-12-26,615000.0,34.585484,-118.170067,3416.0,PLM - Palmdale,True,2.0,0.1722,2002.0,3.0,Palmdale,5.0,True,2.0,Two,7501.0,False,2.0,Antelope Valley Union,93551,65.0,7501.0,180.03512880562062,1.6666666666666667,23.0,0,683.2,0.4554059458738835,13.329377546788654,13.345506928718539,13.448592212575463,692866.218456294
True,False,2025-12-30,875000.0,33.168362,-117.2383,1815.0,92081 - Vista,True,2.0,0.2485,1989.0,3.0,Vista,3.0,True,2.0,Two,10823.0,False,2.0,Vista Unified,92081,174.0,10823.0,482.09366391184574,1.0,36.0,0,605.0,0.16769842003141458,13.681979165339751,13.835313185260453,13.784251597359239,969224.5495990538
True,True,2025-12-19,650000.0,34.106165000000004,-116.459204,2027.0,DC522 - Highlands,True,0.0,11.69,1984.0,2.0,Yucca Valley,2.0,True,1.0,One,509216.0,False,0.0,Morongo Unified,92284,0.0,509216.0,320.6709422792304,1.0,41.0,0,1013.5,0.0039806290454345505,13.38472764187182,12.86876061860541,13.14288181373548,510365.1932965728
False,False,2025-12-08,875000.0,32.63365426,-117.06417691,1639.0,91910 - Chula Vista,True,4.0,0.146,1956.0,2.0,Chula Vista,3.0,True,1.0,One,3000.0,False,2.0,Charter Oak Unified,91910,0.0,14810.4,533.8621110433191,1.5,69.0,0,546.3333333333334,0.11066547831253713,13.681979165339751,13.710150042306449,13.72294300975568,911587.6327731663
True,False,2025-12-24,1425000.0,34.09843,-118.414788,1768.0,C02 - Beverly Hills Post Office,True,0.0,0.1879,1927.0,2.0,Beverly Hills,3.0,True,2.0,Two,8185.0,False,2.0,Los Angeles Unified,90210,0.0,8185.0,805.9954751131222,1.5,98.0,0,589.3333333333334,0.2160048869883934,14.169682371684887,15.053884789007542,14.817803279849432,2724521.2425846774
True,False,2025-12-30,1225000.0,34.19426,-118.236264,1613.0,627 - Rossmoyne & Verdu Woodlands,True,2.0,0.3335,1952.0,2.0,Glendale,4.0,True,2.0,Two,14527.0,False,2.0,Glendale Unified,91208,0.0,14527.0,759.454432734036,2.0,73.0,0,403.25,0.11103462518069801,14.018451401960965,14.246322223230198,14.205387777088353,1476799.4600194436
True,False,2025-12-24,1260000.0,33.984449,-117.863628,1993.0,699 - Not Defined,True,0.0,0.2529,1975.0,2.0,Walnut,3.0,True,1.0,One,11015.0,False,0.0,Rowland Unified,91789,0.0,11015.0,632.2127446061214,1.5,50.0,0,664.3333333333334,0.18093508851566045,14.04662227892766,13.963930563082547,13.971288638270336,1168566.8463158645
True,True,2025-12-31,1115000.0,34.078877,-117.869817,2792.0,614 - Covina,True,2.0,0.5547,1959.0,3.0,Covina,3.0,True,2.0,Two,24163.0,False,2.0,Charter Oak Unified,91724,0.0,24163.0,399.35530085959886,1.0,66.0,0,930.6666666666666,0.11554856598932252,13.924364962876357,13.681962838542578,14.017151529672079,1223408.6909194689
False,False,2025-12-12,1250000.0,34.199363,-118.623762,2155.0,WEH - West Hills,True,0.0,0.1963,1956.0,4.0,West Hills,5.0,True,1.0,One,8553.0,False,0.0,Los Angeles Unified,91307,0.0,8553.0,580.046403712297,1.25,69.0,0,431.0,0.2519583771775985,14.038654109278484,13.849911984681606,13.986664210536961,1186673.070384483
True,False,2025-12-18,615000.0,33.560159000000006,-117.175957,1493.0,SRCAR - Southwest Riverside County,True,2.0,0.18,1988.0,2.0,Murrieta,4.0,True,1.0,One,7841.0,False,2.0,Murrieta,92563,0.0,7841.0,411.9223040857334,2.0,37.0,0,373.25,0.190409386557837,13.329377546788654,13.458835614025542,13.36605262889771,637973.8850066517
True,False,2025-12-29,1950000.0,37.7965665,-121.89688275,2893.0,699 - Not Defined,True,2.0,0.1146,1999.0,3.0,Danville,5.0,True,2.0,Two,4994.0,False,2.0,San Ramon Valley,94506,36.0,4994.0,674.0407881092292,1.6666666666666667,26.0,0,578.6,0.579295154185022,14.48333993053993,14.68050799545088,14.49802026136426,1978837.8014339937
True,False,2025-12-19,860000.0,33.766113,-118.01442,1190.0,59 - Westminster North of 405 & Westminster,True,2.0,0.1672,1955.0,2.0,Westminster,3.0,False,1.0,One,7283.0,False,2.0,Huntington Beach Union High,92683,0.0,7283.0,722.6890756302521,1.5,70.0,0,396.6666666666667,0.1633942056844707,13.664687668229691,13.933293593620657,13.770969349452292,956436.185969498
False,False,2025-12-16,985000.0,33.755763,-118.033047,1576.0,"65 - N of Blsa, S of GGrv, E of Bch, W of Brookhrs",True,2.0,0.1243,1998.0,2.0,Westminster,3.0,True,1.0,One,5414.0,False,2.0,Huntington Beach Union High,92683,0.0,5414.0,625.0,1.5,27.0,0,525.3333333333334,0.29109715552271886,13.800396920154226,13.933293593620657,13.750902733146274,937435.0300509525
False,False,2025-12-17,1615000.0,32.77445942,-116.99109065,3102.0,91941 - La Mesa,True,6.0,0.79,1968.0,4.0,La Mesa,4.0,True,1.0,ThreeOrMore,34412.0,False,0.0,Other,91941,0.0,34412.0,520.6318504190845,1.0,57.0,0,775.5,0.09014297338137858,14.294845514638894,13.903955641362648,14.277164288587386,1586695.783929822
True,False,2025-12-19,535000.0,33.925521,-117.20753,2135.0,259 - Moreno Valley,True,2.0,0.15,2003.0,3.0,Moreno Valley,3.0,True,2.0,Two,6534.0,False,2.0,Moreno Valley Unified,92555,0.0,6534.0,250.5854800936768,1.0,22.0,0,711.6666666666666,0.32675237220691766,13.190022025878143,13.304684934198283,13.338176607080717,620435.2997765727
False,True,2025-12-30,350000.0,35.404569,-118.924403,2639.0,BKSF - Bakersfield,True,2.0,0.171,1982.0,3.0,Bakersfield,3.0,True,2.0,Two,7448.0,False,2.0,Other,93306,0.0,7448.0,132.6259946949602,1.0,43.0,0,879.6666666666666,0.3543233082706767,12.765688433465597,12.873902018105829,13.042118358713426,461445.0966674432
False,True,2025-12-31,515000.0,34.071337,-117.782434,913.0,687 - Pomona,False,1.0,0.061,1987.0,2.0,Pomona,2.0,False,1.0,One,2656.0,False,1.0,Pasadena Unified,91768,220.0,2656.0,564.0744797371303,1.0,38.0,0,456.5,0.34375,13.151922179645874,13.373053959873324,13.017221725449984,450098.4994451501
False,False,2025-12-10,419900.0,33.732365,-116.169174,1600.0,309 - Indio North of East Valley,True,4.5,0.12,2018.0,2.0,Indio,2.0,False,1.0,One,5227.0,False,2.5,Los Angeles Unified,92203,300.0,5227.0,262.4375,1.0,7.0,0,800.0,0.3061029271092405,12.947771866672285,13.255142955086335,13.109577794575737,493647.902750271
True,False,2025-12-26,835000.0,37.981665,-122.26572866,1436.0,HASC - Hasley Canyon,False,2.0,0.1928,1985.0,2.0,Pinole,3.0,True,1.0,One,8400.0,False,2.0,Downey Unified,94564,0.0,8400.0,581.4763231197771,1.5,40.0,0,478.6666666666667,0.17095238095238094,13.635187003832993,13.504212795659775,13.41014741023364,666734.6437171104
True,False,2025-12-23,960000.0,33.112068,-117.065067,2208.0,92025 - Escondido,True,4.0,0.55,1972.0,2.0,Escondido,4.0,True,1.0,One,23958.0,False,2.0,Escondido Union,92025,0.0,23958.0,434.7826086956522,2.0,53.0,0,552.0,0.09216128224392688,13.77468856344402,13.740514638062564,13.864556789823467,1050268.9055017852
False,False,2025-12-31,1265000.0,37.5643748,-122.29514315,1300.0,699 - Not Defined,True,2.0,0.1533,1955.0,2.0,San Mateo,3.0,True,1.0,Two,6678.0,False,2.0,Other,94403,445.0,6678.0,973.0769230769232,1.5,70.0,0,433.3333333333333,0.1946690625935909,14.050582680143757,14.580978400103845,14.373949970370601,1747942.5532263694
False,False,2025-12-15,2325000.0,32.78415404,-117.07680984,2701.0,92120 - Del Cerro,True,4.0,0.5119,1965.0,3.0,San Diego,4.0,True,1.0,MultiSplit,22300.0,False,2.0,Fallbrook Union,92120,79.0,22300.0,860.7922991484635,1.3333333333333333,60.0,0,675.25,0.12112107623318386,14.659230597003594,13.996998434009651,14.253918100928232,1550236.5667018471
False,False,2025-12-31,1426578.0,33.520039000000004,-117.574854,2461.0,RIEN - Rienda,True,4.0,0.0841,2025.0,3.0,Rancho Mission Viejo,3.0,False,2.0,Two,3665.0,True,2.0,Capistrano Unified,92694,246.0,3665.0,579.6741162129216,1.0,0.0,0,820.3333333333334,0.6714870395634379,14.170789127425797,14.232573444874031,14.353282475334879,1712187.713372832
True,False,2025-12-30,380000.0,34.443345,-117.049406,1100.0,APPV - Apple Valley,True,6.0,4.31,1986.0,2.0,Apple Valley,3.0,True,1.0,One,4.31,False,6.0,Apple Valley Unified,92308,0.0,187743.6,345.45454545454544,1.5,39.0,0,366.6666666666667,0.005859054582952494,12.84792653170257,12.936033799212835,12.897065591368136,399139.2335905321
True,False,2025-12-24,960000.0,37.6083324,-122.02754931,1230.0,87 - La Habra,True,7.0,0.1462,1957.0,2.0,Union City,3.0,True,1.0,One,6370.0,False,2.0,New Haven,94587,0.0,6370.0,780.4878048780488,1.5,68.0,0,410.0,0.19309262166405022,13.77468856344402,14.117095535585046,13.92304614468857,1113530.4869438824
True,False,2025-12-15,3300000.0,33.713747,-118.0549,2738.0,17 - Northwest Huntington Beach,True,2.0,0.1148,1964.0,3.0,Huntington Beach,4.0,True,2.0,Two,5000.0,False,2.0,Huntington Beach Union High,92649,0.0,5000.0,1205.2593133674216,1.3333333333333333,61.0,0,684.5,0.5476,15.009433026436708,14.330128979968961,14.525725215689723,2034427.9174483314
False,False,2025-12-19,722500.0,37.9199325,-121.6862861,2842.0,687 - Pomona,True,2.0,0.0884,2016.0,3.0,Brentwood,5.0,True,2.0,Two,3849.0,False,2.0,San Diego Unified,94513,109.0,3849.0,254.22237860661505,1.6666666666666667,9.0,0,568.4,0.7383736035333853,13.490472698968725,13.591116224748411,13.661430877939337,857203.7162767426
True,False,2025-12-19,515000.0,35.100841,-118.494479,2158.0,THP - Tehachapi,False,2.0,2.46,1973.0,2.0,Tehachapi,3.0,True,1.0,One,107158.0,False,2.0,Other,93561,0.0,107158.0,238.6468952734013,1.5,52.0,0,719.3333333333334,0.020138487093824074,13.151922179645874,13.060487973686241,13.100826919222472,489346.89771116234
True,True,2025-12-17,1350000.0,33.71772,-117.817454,1972.0,71 - Tustin,True,2.0,0.2078,1968.0,3.0,Tustin,3.0,True,2.0,Two,9050.0,False,2.0,Tustin Unified,92780,55.0,9050.0,684.5841784989858,1.0,57.0,0,657.3333333333334,0.21790055248618784,14.115615150414612,14.077874822431765,14.079096025646123,1301588.533942624
False,True,2025-12-22,700000.0,33.55019,-117.155505,1862.0,SRCAR - Southwest Riverside County,True,2.0,0.15,1997.0,3.0,Murrieta,4.0,True,1.0,One,6534.0,False,2.0,Murrieta,92563,0.0,6534.0,375.9398496240602,1.3333333333333333,28.0,0,465.5,0.2849709213345577,13.458835614025542,13.458835614025542,13.437702296832482,685361.8985831708
False,False,2025-12-08,860000.0,34.164405,-118.529171,792.0,TAR - Tarzana,True,0.0,0.1263,1950.0,1.0,Tarzana,2.0,False,1.0,One,5500.0,False,1.0,William S. Hart Union,91356,0.0,5500.0,1085.858585858586,2.0,75.0,0,396.0,0.144,13.664687668229691,14.42416726859578,13.863648463384997,1049315.3516220762
True,False,2025-12-11,1625000.0,33.650895,-117.943742,2734.0,C2 - Southwest Costa Mesa,True,2.0,0.0895,2006.0,4.0,Costa Mesa,4.0,True,2.0,Two,3900.0,False,2.0,Newport Mesa Unified,92627,276.0,3900.0,594.3672275054864,1.0,19.0,0,683.5,0.701025641025641,14.301018373745976,14.375126345899696,14.54111419657919,2065977.8276364703
True,True,2025-12-15,2350000.0,33.653315,-116.241311,4154.0,313 - La Quinta South of HWY 111,True,8.0,0.52,2021.0,5.0,La Quinta,4.0,True,1.0,One,22651.0,False,4.0,Los Angeles Unified,92253,590.0,22651.0,565.7197881559943,0.8,4.0,0,1038.5,0.1833914617456183,14.669925886120343,13.545013310266594,14.937694675019268,3071555.5191946807
True,False,2025-12-22,850000.0,37.70934034,-121.73821132,1036.0,264 - Fontana,True,2.0,0.1405,1963.0,2.0,Livermore,2.0,False,1.0,One,6119.0,False,2.0,Alta Loma,94551,450.0,6119.0,820.4633204633204,1.0,62.0,0,518.0,0.16930871057362315,13.652991628466498,13.87377946608825,13.619736664593827,822198.1181079666
False,False,2025-12-22,810000.0,37.95010496,-121.71410823,1965.0,659 - Sunland/Tujunga,True,2.0,0.1567,2001.0,3.0,Brentwood,3.0,True,2.0,Two,6826.0,False,2.0,Claremont Unified,94513,0.0,6826.0,412.21374045801525,1.0,24.0,0,655.0,0.28786990917081745,13.604789526648622,13.591116224748411,13.529533101486802,751279.5522434941
True,False,2025-12-24,621000.0,33.562706,-117.103527,2324.0,SRCAR - Southwest Riverside County,True,2.0,0.14,2005.0,3.0,Murrieta,3.0,True,2.0,Two,6098.0,False,2.0,Temecula Unified,92563,0.0,6098.0,267.2117039586919,1.0,20.0,0,774.6666666666666,0.3811085601836668,13.339086360915616,13.458835614025542,13.455817899681085,697890.7840651199
True,False,2025-12-19,905000.0,34.104229,-117.89531399999998,2133.0,614 - Covina,True,2.0,0.1517,1956.0,3.0,Covina,4.0,True,1.0,One,6610.0,False,2.0,Covina Valley Unified,91722,0.0,6610.0,424.2850445382091,1.3333333333333333,69.0,0,533.25,0.3226928895612708,13.715690222682063,13.592367006650065,13.729060347396196,917181.2135794775
False,False,2025-12-17,960000.0,33.812009,-117.935159,1315.0,79 - Anaheim West of Harbor,True,2.0,0.168,1956.0,2.0,Anaheim,3.0,True,1.0,One,7320.0,False,2.0,Anaheim Union High,92802,0.0,7320.0,730.0380228136883,1.5,69.0,0,438.3333333333333,0.1796448087431694,13.77468856344402,13.815510557964274,13.738943571749491,926290.863491838
True,False,2025-12-09,980000.0,33.793248,-118.138506,1472.0,35 - Artcraft Manor,False,6.0,0.1258,1943.0,2.0,Long Beach,3.0,True,1.0,One,5482.0,False,2.0,Long Beach Unified,90815,0.0,5482.0,665.7608695652174,1.5,82.0,0,490.6666666666667,0.2685151404596862,13.795307850646754,13.937728190688523,13.876002466724938,1062359.001734605
True,False,2025-12-26,730000.0,38.0232831,-121.8837163,2487.0,654 - San Gabriel,True,4.0,0.0755,2025.0,4.0,Pittsburg,5.0,False,2.0,Two,3288.0,True,2.0,San Marcos Unified,94565,162.0,3288.0,293.5263369521512,1.25,0.0,0,497.4,0.7563868613138686,13.500799813124575,13.270783382522602,13.449185582774083,693277.4666210932
True,True,2025-12-23,515000.0,34.138764,-117.309949,1466.0,274 - San Bernardino,False,2.0,0.1798,1948.0,2.0,San Bernardino,3.0,True,1.0,One,7830.0,False,2.0,San Bernardino City Unified,92405,0.0,7830.0,351.29604365620736,1.5,77.0,0,488.6666666666667,0.1872286079182631,13.151922179645874,13.071070083016778,13.024403945138417,453342.84259581217
False,False,2025-12-30,819000.0,37.97091128,-121.71084459,3373.0,"RP - Compton S of Rosecrans, E of Central,W of Ala",True,3.0,0.1552,2007.0,4.0,Oakley,4.0,True,2.0,Two,6760.0,False,3.0,Atascadero Unified,94561,0.0,6760.0,242.81055440260897,1.0,18.0,0,843.25,0.4989644970414201,13.615839362835207,13.415032991367148,13.613493166749482,817080.7177924054
True,False,2025-12-22,240000.0,34.052321,-116.576862,910.0,DC511 - NW Morongo,False,1.0,0.1653,1972.0,1.0,Morongo Valley,2.0,True,1.0,One,7200.0,False,1.0,Morongo Unified,92256,0.0,7200.0,263.7362637362637,2.0,53.0,0,455.0,0.12638888888888888,12.388394202324129,12.834681304952548,12.561729159964905,285423.4539769482
False,False,2025-12-23,1500000.0,37.31561916,-121.78684498,1398.0,699 - Not Defined,True,2.0,0.1033,1983.0,3.0,San Jose,3.0,True,2.0,Two,4500.0,False,2.0,Other,95148,0.0,4500.0,1072.961373390558,1.0,42.0,0,466.0,0.31066666666666665,14.22097566607244,14.239034472530271,14.007101083579542,1211174.4704915616
False,False,2025-12-22,1215000.0,32.869324,-116.935392,3880.0,92040 - Lakeside,True,31.0,1.37,1968.0,6.0,Lakeside,6.0,False,1.0,One,59677.0,False,6.0,Grossmont Union,92040,0.0,59677.0,313.1443298969072,1.0,57.0,0,646.6666666666666,0.06501667309013523,14.010254634756786,13.623138665316818,14.307338377476956,1635302.5277775158
False,True,2025-12-23,1100000.0,33.983087,-117.98114,2191.0,631 - Hacienda Heights,True,3.0,0.2621,1962.0,3.0,Hacienda Heights,4.0,True,1.0,ThreeOrMore,11417.0,False,3.0,Hacienda La Puente Unified,91745,0.0,11417.0,502.0538566864445,1.3333333333333333,63.0,0,547.75,0.19190680564071122,13.9108207377686,13.845069360205818,13.960464054133679,1155985.8112496943
False,False,2025-12-17,900000.0,33.898349,-117.999732,1545.0,M3 - La Mirada,True,2.0,0.1401,1958.0,2.0,La Mirada,3.0,True,1.0,One,6102.0,False,2.0,Norwalk - La Mirada,90638,0.0,6102.0,582.5242718446602,1.5,67.0,0,515.0,0.25319567354965583,13.710150042306449,13.709037694795391,13.707049655122763,897213.9726481315
False,False,2025-12-22,445000.0,33.777947,-116.294589,1548.0,307 - Sun City,True,2.0,0.12,1994.0,2.0,Palm Desert,2.0,False,1.0,One,5227.0,False,2.0,Compton Unified,92211,678.0,5227.0,287.46770025839794,1.0,31.0,0,774.0,0.29615458197819017,13.005829561148378,13.226723392728571,13.031122370339903,456398.846847454
True,True,2025-12-24,960000.0,33.819073,-117.950722,1375.0,79 - Anaheim West of Harbor,True,7.0,0.1377,1955.0,2.0,Anaheim,4.0,True,1.0,One,6000.0,False,2.0,Anaheim Union High,92804,0.0,6000.0,698.1818181818181,2.0,70.0,0,343.75,0.22916666666666666,13.77468856344402,13.766841941519797,13.699795842962041,890729.2987597985
False,False,2025-12-19,750000.0,32.576009,-117.09816,1888.0,92154 - Otay Mesa,True,2.0,0.1199,1976.0,2.0,San Diego,4.0,True,1.0,One,5223.0,False,2.0,Sweetwater Union,92154,0.0,5223.0,397.2457627118644,2.0,49.0,0,472.0,0.3614780777331036,13.527828485512494,13.579788224443204,13.609800846315107,814069.356837575
True,False,2025-12-30,473888.0,38.65158012,-121.50159406,1505.0,669 - West Covina,True,2.0,0.0562,2018.0,3.0,Sacramento,3.0,False,2.0,Two,2448.0,False,2.0,Other,95834,125.0,2448.0,314.87574750830566,1.0,7.0,0,501.6666666666667,0.6147875816993464,13.06872628583723,13.180632285528304,13.071999614801667,475441.73286838725
True,False,2025-12-30,1180000.0,33.916455,-117.581268,2270.0,250 - Norco,True,6.0,0.46,1991.0,2.0,Norco,4.0,True,1.0,One,0.46,False,3.0,Corona-Norco Unified,92860,0.0,20037.6,519.8237885462555,2.0,34.0,0,567.5,0.11328702040164491,13.981024996441848,13.753635154246187,13.867988054614386,1053878.8460072817
True,False,2025-12-24,405000.0,33.69539,-117.191444,1404.0,SRCAR - Southwest Riverside County,True,1.0,0.14,1964.0,2.0,Menifee,2.0,False,1.0,One,6098.0,False,1.0,Perris Union High,92586,34.0,6098.0,288.46153846153845,1.0,61.0,0,702.0,0.23023942276156117,12.911642346088676,12.89921982609012,12.769923003217459,351485.2418739146
False,False,2025-12-09,350000.0,38.00475092,-121.89036364,1198.0,637 - Los Feliz,True,2.0,0.171,1956.0,2.0,Pittsburg,3.0,True,1.0,One,7448.0,False,2.0,Saddleback Valley Unified,94565,350.0,7448.0,292.1535893155259,1.5,69.0,0,399.3333333333333,0.1608485499462943,12.765688433465597,13.270783382522602,13.16539402004493,521984.9421772268
True,False,2025-12-17,1550000.0,33.688838,-117.809442,1662.0,WP - Westpark,True,2.0,0.0727,1996.0,3.0,Irvine,3.0,True,2.0,Two,3168.0,False,2.0,Irvine Unified,92606,134.0,3168.0,932.6113116726837,1.0,29.0,0,554.0,0.5246212121212122,14.253765488895429,14.394928973195876,14.137243079668526,1379515.7360863225
True,False,2025-12-09,350000.0,37.99346321,-121.83789723,1288.0,699 - Not Defined,True,2.0,0.1369999999999999,1972.0,2.0,Antioch,3.0,True,1.0,One,5967.0,False,2.0,Apple Valley Unified,94509,0.0,5967.0,271.7391304347826,1.5,53.0,0,429.3333333333333,0.21585386291268643,12.765688433465597,13.199324418540456,13.090472115399528,484305.95063463267
True,False,2025-12-08,253888.0,37.98526569,-122.0221179,848.0,VC42 - Camarillo Heights,True,1.0,0.123,1950.0,1.0,Concord,2.0,True,1.0,One,5357.0,False,1.0,Capistrano Unified,94519,0.0,5357.0,299.3962264150944,2.0,75.0,0,424.0,0.15829755460145603,12.444648503874001,13.514405465180353,13.330310553922944,615574.0671503171
True,False,2025-12-30,855000.0,34.212501,-118.508865,1772.0,LKBL - Lake Balboa,False,2.0,0.1273,1954.0,2.0,Lake Balboa,3.0,False,1.0,"MultiSplit,One",5545.0,False,2.0,Los Angeles Unified,91406,0.0,5545.0,482.5056433408578,1.5,71.0,0,590.6666666666666,0.31956717763751125,13.658856747918897,13.708480036117827,13.785692858004625,970622.4619349681
True,True,2025-12-04,908000.0,33.779695000000004,-117.92773400000002,1450.0,699 - Not Defined,True,2.0,0.1911,1960.0,2.0,Garden Grove,3.0,True,1.0,One,8323.0,False,2.0,Garden Grove Unified,92840,0.0,8323.0,626.2068965517242,1.5,65.0,0,483.3333333333333,0.17421602787456447,13.71899965758343,13.864300722133706,13.737503051182117,924957.4830631474
True,False,2025-12-17,730000.0,33.975588,-118.10221,822.0,649 - Pico Rivera,True,1.0,0.2175,1950.0,1.0,Pico Rivera,2.0,False,1.0,One,9473.0,False,1.0,El Rancho Unified,90660,0.0,9473.0,888.0778588807785,2.0,75.0,0,411.0,0.08677293360076005,13.500799813124575,13.527828485512494,13.32238804722926,610716.4451620305
True,False,2025-12-23,982000.0,34.016255,-117.74871,1608.0,682 - Chino Hills,True,2.0,0.1225,1985.0,3.0,Chino Hills,4.0,True,2.0,Two,5335.0,False,2.0,Chino Valley Unified,91709,16.0,5335.0,610.6965174129353,1.3333333333333333,40.0,0,402.0,0.3014058106841612,13.797346587336603,13.901688254205327,13.750333572148994,936901.6304039003
True,False,2025-12-23,369999.0,33.789304,-117.257211,1152.0,SRCAR - Southwest Riverside County,True,0.0,0.17,1979.0,2.0,Perris,4.0,False,1.0,One,7405.0,False,0.0,Perris Union High,92570,0.0,7405.0,321.1796875,2.0,46.0,0,288.0,0.15557056043214046,12.821255581914052,13.32666315004938,13.221470718686458,552092.4089059345
True,False,2025-12-24,930000.0,34.254085,-119.19619,1765.0,91902 - Bonita,True,5.0,0.15,1985.0,2.0,Ventura,4.0,True,1.0,One,6534.0,False,2.0,Laguna Beach Unified,93003,241.0,6534.0,526.9121813031162,2.0,40.0,0,441.25,0.27012549739822467,13.742939865129438,13.825460888817442,13.798331476431404,982967.6375206974
True,False,2025-12-23,1553000.0,33.775403999999995,-118.050267,1914.0,48 - College Park East,True,2.0,0.1253,1968.0,2.0,Seal Beach,4.0,True,1.0,One,5460.0,False,2.0,Los Alamitos Unified,90740,0.0,5460.0,811.3897596656217,2.0,57.0,0,478.5,0.3505494505494505,14.255699102130825,14.28551418721001,14.233120081956573,1518327.68810228
True,False,2025-12-29,544990.0,34.409959,-117.37673999999998,2132.0,HSP - Hesperia,True,2.0,0.1109,2023.0,3.0,Hesperia,4.0,False,2.0,Two,4832.0,False,2.0,Hesperia Unified,92344,0.0,4832.0,255.6238273921201,1.3333333333333333,2.0,0,533.0,0.4412251655629139,13.20852272485319,13.180613417425775,13.238115095423613,561358.5435519336
True,False,2025-12-26,735000.0,33.473934,-117.085528,1871.0,SRCAR - Southwest Riverside County,True,3.0,0.19,1998.0,2.0,Temecula,4.0,True,1.0,One,8276.0,False,3.0,Temecula Unified,92592,0.0,8276.0,392.83805451630144,2.0,27.0,0,467.75,0.22607539874335428,13.507625778194974,13.580420735596498,13.533372144043899,754169.2897803867
True,False,2025-12-26,905000.0,34.183691,-118.640171,1472.0,WHLL - Woodland Hills,True,2.0,0.1789,1959.0,2.0,Woodland Hills,3.0,True,1.0,One,7795.0,False,2.0,Los Angeles Unified,91367,0.0,7795.0,614.8097826086956,1.5,66.0,0,490.6666666666667,0.1888389993585632,13.715690222682063,14.130321297804308,13.94786738147166,1141515.5661933406
True,True,2025-12-30,2199999.0,33.626870000000004,-117.616425,3157.0,R2 - Rancho Santa Margarita Central,True,3.0,0.2066,1994.0,4.0,Rancho Santa Margarita,4.0,True,2.0,Two,9000.0,False,3.0,Capistrano Unified,92688,81.0,9000.0,696.8637947418435,1.0,31.0,0,789.25,0.3507777777777778,14.603967463782986,14.041051233878205,14.33077166688643,1674075.5608003305
True,False,2025-12-16,1075000.0,32.640939,-116.947798,2356.0,91915 - Chula Vista,True,4.0,0.1397,2002.0,3.0,Chula Vista,4.0,True,2.0,Two,6087.0,False,2.0,Sweetwater Union,91915,127.0,6087.0,456.2818336162988,1.3333333333333333,23.0,0,589.0,0.38705437818301297,13.8878312195439,13.72940414664144,13.865793155894908,1051568.2253944403
False,False,2025-12-30,755000.0,33.868037,-118.172027,1081.0,7 - North Long Beach,False,2.0,0.1166,1949.0,1.0,Long Beach,3.0,True,1.0,One,5078.0,False,2.0,Long Beach Unified,90805,0.0,5078.0,698.427382053654,3.0,76.0,0,360.3333333333333,0.2128790862544309,13.534473028231162,13.526494262499357,13.432794172705682,682006.2988993045
True,True,2025-12-22,1290000.0,32.658637,-116.986072,2959.0,91913 - Chula Vista,True,3.0,0.4335,1990.0,3.0,Chula Vista,4.0,True,1.0,One,18882.0,False,3.0,Sweetwater Union,91913,119.0,18882.0,435.958093950659,1.3333333333333333,35.0,0,739.75,0.15671009426967483,14.070152776337855,13.764217263576723,14.059275463796205,1276044.3046494524
True,False,2025-12-23,400000.0,34.566536,-118.079835,1629.0,PLM - Palmdale,True,2.0,0.1523,1971.0,2.0,Palmdale,4.0,True,1.0,One,6634.0,False,2.0,Antelope Valley Union,93550,0.0,6634.0,245.54941682013504,2.0,54.0,0,407.25,0.24555321073258968,12.89921982609012,13.049792684569493,12.997735604148986,441412.72633879323
False,False,2025-12-16,799900.0,34.502312,-118.619501,2190.0,NLAK - Northlake,True,2.0,0.0902,2000.0,3.0,Castaic,3.0,True,2.0,Two,3930.0,False,2.0,William S. Hart Union,91384,226.0,3930.0,365.2511415525114,1.0,25.0,0,730.0,0.5572519083969466,13.592241998836913,13.602317337503232,13.633245762423186,833380.6357198477
True,False,2025-12-31,1059000.0,33.903485,-117.901771,1636.0,83 - Fullerton,True,2.0,0.2073,1963.0,2.0,Fullerton,4.0,True,1.0,One,9030.0,False,2.0,Fullerton Joint Union High,92835,0.0,9030.0,647.3105134474328,2.0,62.0,0,409.0,0.18117386489479512,13.872835624583544,14.145874202616191,14.053170835265943,1268278.2567180602
False,False,2025-12-30,875000.0,33.843339,-118.108057,1786.0,23 - Lakewood Park,True,2.0,0.1642,1950.0,2.0,Lakewood,3.0,True,1.0,One,7154.0,False,2.0,Long Beach Unified,90713,0.0,7154.0,489.9216125419933,1.5,75.0,0,595.3333333333334,0.24965054514956667,13.681979165339751,13.721199878493033,13.831704108362167,1016325.3765516768
True,False,2025-12-26,710000.0,34.141352000000005,-117.587825,1412.0,688 - Rancho Cucamonga,True,2.0,0.2009,1977.0,2.0,Alta Loma,4.0,True,1.0,One,8750.0,False,2.0,Chaffey Joint Union High,91737,0.0,8750.0,502.8328611898017,2.0,48.0,0,353.0,0.16137142857142858,13.473020249017498,13.75893124807979,13.623152078093065,825011.0656146143
False,False,2025-12-20,700000.0,33.753013,-118.038826,1367.0,"58 - Westminster North of Rancho, S of 405",False,2.0,0.0462,1973.0,3.0,Westminster,3.0,True,2.0,Two,2012.0,False,2.0,Huntington Beach Union High,92683,375.0,2012.0,512.0702267739575,1.0,52.0,0,455.6666666666667,0.6794234592445328,13.458835614025542,13.933293593620657,13.620922710415249,823173.861274
True,False,2025-12-24,615000.0,33.914742,-117.176448,1895.0,259 - Moreno Valley,True,2.0,0.1802,2022.0,3.0,Moreno Valley,4.0,True,1.0,One,7850.0,False,2.0,Moreno Valley Unified,92555,37.0,7850.0,324.5382585751979,1.3333333333333333,3.0,0,473.75,0.24140127388535032,13.329377546788654,13.304684934198283,13.358295591792933,633044.2423380155
True,False,2025-12-30,840000.0,34.134556,-117.55437,2016.0,688 - Rancho Cucamonga,True,2.0,0.1148,1998.0,3.0,Rancho Cucamonga,4.0,True,2.0,Two,5000.0,False,2.0,Chaffey Joint Union High,91701,0.0,5000.0,416.6666666666667,1.3333333333333333,27.0,0,504.0,0.4032,13.641157170819497,13.654166717138976,13.73677774300072,924286.8470715241
True,False,2025-12-29,690000.0,38.27628049,-121.99948174,2146.0,DC551 - Airport Area,True,4.0,0.0606,2025.0,3.0,Fairfield,4.0,False,2.0,Two,2640.0,True,2.0,Long Beach Unified,94533,0.0,2640.0,321.5284249767008,1.3333333333333333,0.0,0,536.5,0.8128787878787879,13.444446876573442,13.127239523125667,13.252680906736009,569595.0260786348
False,False,2025-12-18,1025000.0,34.210694000000004,-118.548301,1992.0,SRCAR - Southwest Riverside County,False,2.0,0.5003,1941.0,2.0,Reseda,3.0,True,1.0,One,21795.0,False,0.0,Apple Valley Unified,91335,0.0,21795.0,514.5582329317269,1.5,84.0,0,664.0,0.09139710942876807,13.840203170554645,13.652991628466498,13.816882772861899,1001373.1568152757
False,False,2025-12-30,1400000.0,33.72468,-118.009097,2145.0,17 - Northwest Huntington Beach,True,2.0,0.1412,1970.0,2.0,Huntington Beach,4.0,True,1.0,One,6150.0,False,2.0,Huntington Beach Union High,92647,0.0,6150.0,652.6806526806527,2.0,55.0,0,536.25,0.348780487804878,14.151982794585487,14.080942316715522,14.09016311219136,1316073.3313053725
True,False,2025-12-31,1510000.0,34.169044,-118.453746,2011.0,SO - Sherman Oaks,True,4.0,0.2003,1957.0,3.0,Sherman Oaks,4.0,True,1.0,One,8725.0,False,2.0,Los Angeles Unified,91411,0.0,8725.0,750.8702138239681,1.3333333333333333,68.0,0,502.75,0.23048710601719197,14.227620208791107,13.961752072660685,14.033594884798749,1243691.9398015754
False,False,2025-12-29,810000.0,33.12757431,-117.05132414,1510.0,92027 - Escondido,True,4.0,0.1538,1971.0,2.0,Escondido,3.0,True,1.0,One,6700.0,False,2.0,Other,92027,353.0,6700.0,536.4238410596026,1.5,54.0,0,503.3333333333333,0.2253731343283582,13.604789526648622,13.658839648348096,13.654255498954804,851074.9690828152
True,False,2025-12-12,670000.0,37.99300061,-122.03511421,1161.0,DC625 - North Central,True,1.0,0.124,1954.0,2.0,Concord,4.0,False,1.0,One,5400.0,False,1.0,Mount Diablo,94520,0.0,5400.0,577.0887166236004,2.0,71.0,0,290.25,0.215,13.415032991367148,13.38472764187182,13.325388469828534,612551.6043356142
True,False,2025-12-31,1600000.0,33.780844,-118.39623,2108.0,173 - Los Verdes,True,2.0,0.2079,1964.0,3.0,Rancho Palos Verdes,4.0,True,2.0,MultiSplit,9056.0,False,2.0,Palos Verdes Peninsula Unified,90275,0.0,9056.0,759.0132827324478,1.3333333333333333,61.0,0,527.0,0.232773851590106,14.28551418721001,14.438232971730155,14.365668748980678,1733527.2246119264
True,False,2025-12-08,921000.0,33.828140000000005,-117.550119,3255.0,248 - Corona,True,3.0,0.21,1999.0,3.0,Corona,5.0,True,2.0,Two,9148.0,False,3.0,Corona-Norco Unified,92881,0.0,9148.0,282.94930875576034,1.6666666666666667,26.0,0,651.0,0.3558154787931788,13.733215315237445,13.6909268947726,13.91774305596005,1107640.9660979686
False,False,2025-12-22,505000.0,34.112543,-117.287725,1288.0,274 - San Bernardino,False,1.0,0.1498,1922.0,2.0,San Bernardino,3.0,False,1.0,One,6525.0,False,1.0,San Bernardino City Unified,92401,0.0,6525.0,392.0807453416149,1.5,103.0,0,429.3333333333333,0.19739463601532567,13.132313708257497,13.102160670086809,13.026991452953393,454517.38966343197
False,False,2025-12-04,650000.0,33.986563000000004,-118.332308,1734.0,PHHT - Park Hills Heights,False,2.0,0.155,1924.0,2.0,Los Angeles,3.0,True,1.0,One,6751.0,False,2.0,Bakersfield City,90043,0.0,6751.0,374.85582468281433,1.5,101.0,0,578.0,0.25685083691304994,13.38472764187182,13.652991628466498,13.740147830062682,927407.0289054777
False,False,2025-12-30,530000.0,33.829368,-117.186672,1548.0,SRCAR - Southwest Riverside County,True,4.0,0.16,2010.0,2.0,Perris,4.0,False,1.0,One,6970.0,False,2.0,Val Verde,92571,0.0,6970.0,342.3772609819122,2.0,15.0,0,387.0,0.22209469153515066,13.180632285528304,13.214938819306386,13.136007092867843,506868.607847805
True,False,2025-12-16,665000.0,37.318715000000005,-119.598714,2210.0,633 - Industry/La Puente/Valinda,True,5.0,5.46,1993.0,2.0,Oakhurst,3.0,True,2.0,ThreeOrMore,5.46,False,2.0,Bass Lake Joint Union,93644,0.0,237837.6,300.90497737556564,1.5,32.0,0,736.6666666666666,0.009292054746600201,13.407542319637992,13.17115354157376,13.287489927511542,589771.1902406787
True,False,2025-12-19,820000.0,33.962917,-118.067326,1259.0,670 - Whittier,True,2.0,0.1131,1961.0,2.0,Whittier,3.0,False,1.0,One,4925.0,False,2.0,Whittier Union High,90606,0.0,4925.0,651.3105639396347,1.5,64.0,0,419.6666666666667,0.2556345177664975,13.617059619240436,13.595482281525381,13.525877701991469,748538.3385153369
True,False,2025-12-22,899000.0,32.80259126,-117.02386666,1300.0,92119 - San Carlos,True,4.0,0.13,1968.0,2.0,San Diego,3.0,True,1.0,One,9406.0,False,2.0,Los Angeles Unified,92119,0.0,107158.0,691.5384615384615,1.5,57.0,0,433.3333333333333,0.012131618731219321,13.709038313453757,13.8878312195439,13.75607705363978,942298.1902626978
True,True,2025-12-18,510000.0,33.78286,-116.29515,1380.0,307 - Sun City,True,2.0,0.14,2000.0,2.0,Palm Desert,2.0,False,1.0,One,6098.0,False,2.0,Los Angeles Unified,92211,398.0,6098.0,369.5652173913044,1.0,25.0,0,690.0,0.22630370613315842,13.142166004700508,13.226723392728571,13.030865734568609,456281.73360574216
True,False,2025-12-17,495000.0,37.72229125,-120.95734375,1785.0,252 - Riverside,True,2.0,0.0709,2016.0,3.0,Riverbank,3.0,False,2.0,Two,3087.0,False,2.0,Brea-Olinda Unified,95367,138.0,3087.0,277.3109243697479,1.0,9.0,0,595.0,0.5782312925170068,13.112313041550827,13.089840185698769,13.089127726098313,483655.29236309335
False,False,2025-12-26,955000.0,33.939626000000004,-117.920748,1552.0,87 - La Habra,True,4.0,0.1663,1959.0,2.0,La Habra,3.0,True,1.0,One,7245.0,False,2.0,Fullerton Joint Union High,90631,0.0,7245.0,615.3350515463917,1.5,66.0,0,517.3333333333334,0.21421670117322292,13.769466619462868,13.792724135316895,13.779585024727629,964712.129798256
True,False,2025-12-02,935000.0,34.119031,-117.919776,2335.0,607 - Azusa,True,2.0,0.0964,2000.0,3.0,Azusa,4.0,False,2.0,Two,4201.0,False,2.0,Azusa Unified,91702,0.0,4201.0,400.42826552462526,1.3333333333333333,25.0,0,583.75,0.5558200428469412,13.748301808270824,13.534473028231162,13.58353325277043,792964.1192694505
True,False,2025-12-30,1639000.0,33.893887,-117.863279,2779.0,699 - Not Defined,True,3.0,0.1607,1967.0,4.0,Placentia,4.0,True,2.0,Two,7000.0,False,3.0,Placentia-Yorba Linda Unified,92870,0.0,7000.0,589.7804965815042,1.0,58.0,0,694.75,0.397,14.309596857725968,13.980176819817759,14.217354574679673,1494578.1852785342
False,False,2025-12-29,1070000.0,37.70542784,-122.05915314,2018.0,SMIG - San Miguel,False,4.0,0.1263,1953.0,2.0,Castro Valley,3.0,True,2.0,Two,5500.0,False,2.0,Orange Unified,94546,0.0,5500.0,530.2279484638256,1.5,72.0,0,672.6666666666666,0.3669090909090909,13.883169206438088,13.885500212990994,13.967847603362069,1164552.6774135954
True,False,2025-12-22,655000.0,33.254203000000004,-117.15058799999998,1324.0,92026 - Escondido,True,2.0,0.0739,1987.0,2.0,Escondido,2.0,True,1.0,One,3218.0,False,2.0,Escondido Union,92026,475.0,3218.0,494.7129909365559,1.0,38.0,0,662.0,0.41143567433188316,13.39239051461739,13.709594177880103,13.388928710578481,652736.4386180419
False,False,2025-12-23,765000.0,32.692732,-117.036823,1065.0,92114 - Encanto,True,2.0,0.1653,1961.0,2.0,San Diego,3.0,False,1.0,One,7200.0,False,2.0,San Diego Unified,92114,0.0,7200.0,718.3098591549295,1.5,64.0,0,355.0,0.14791666666666667,13.547631112808673,13.547631112808673,13.448738118635143,692967.3192115418
False,False,2025-12-19,1300000.0,33.728045,-118.019171,1413.0,17 - Northwest Huntington Beach,True,2.0,0.1607,1964.0,2.0,Huntington Beach,3.0,True,1.0,One,7000.0,False,2.0,Huntington Beach Union High,92647,0.0,7000.0,920.0283085633404,1.5,61.0,0,471.0,0.20185714285714285,14.077874822431765,14.080942316715522,13.941312427983156,1134057.4552403714
False,False,2025-12-15,1150000.0,37.35302309,-121.89547039,1096.0,699 - Not Defined,False,0.0,0.1573,1940.0,1.0,San Jose,2.0,True,1.0,One,6850.0,False,0.0,San Jose Unified,95112,255.0,6850.0,1049.2700729927008,2.0,85.0,0,548.0,0.16,13.955272500339433,14.014227026169724,13.800054326120456,984662.6026751922
False,False,2025-12-15,1200000.0,34.119454,-118.204901,1027.0,632 - Highland Park,False,1.0,0.0872,1923.0,2.0,Los Angeles,2.0,False,1.0,One,3800.0,False,1.0,Los Angeles Unified,90042,0.0,3800.0,1168.4518013631937,1.0,102.0,0,513.5,0.2702631578947368,13.997832114758229,14.018451401960965,13.83282017495602,1017460.2965582779
True,False,2025-12-12,999000.0,33.917084,-117.91627,1920.0,83 - Fullerton,True,3.0,0.1865,1977.0,2.0,Fullerton,4.0,True,1.0,One,8125.0,False,2.0,Murrieta,92835,0.0,8125.0,520.3125,2.0,48.0,0,480.0,0.2363076923076923,13.81451005763069,14.145874202616191,14.079005862789677,1301471.1842928547
True,True,2025-12-15,2200000.0,33.783151000000004,-116.419746,4343.0,321 - Rancho Mirage,True,3.0,0.4431,2005.0,5.0,Rancho Mirage,4.0,True,1.0,One,19302.0,False,3.0,Los Angeles Unified,92270,325.0,19302.0,506.5622841353903,0.8,20.0,0,1085.75,0.22500259040513937,14.603967918328545,13.9108207377686,14.59744766025284,2185702.0959005607
True,False,2025-12-30,1075000.0,34.144434999999994,-117.867652,1716.0,629 - Glendora,True,6.0,0.1713,1953.0,2.0,Glendora,3.0,True,1.0,One,7461.0,False,2.0,Glendora Unified,91741,0.0,7461.0,626.4568764568764,1.5,72.0,0,572.0,0.22999597909127462,13.8878312195439,13.868095806767045,13.854748209872772,1040017.6164546256
True,False,2025-12-23,680000.0,34.011486,-117.906504,1316.0,633 - Industry/La Puente/Valinda,True,0.0,0.1386,1960.0,2.0,La Puente,3.0,False,1.0,One,6038.0,False,0.0,Hacienda La Puente Unified,91744,0.0,6038.0,516.7173252279636,1.5,65.0,0,438.6666666666667,0.21795296455780058,13.42984807715229,13.547631112808673,13.510018111586934,736760.4700190615
True,False,2025-12-22,1915000.0,37.27235622,-121.81569071,2234.0,699 - Not Defined,True,3.0,0.285,1978.0,3.0,San Jose,4.0,True,1.0,Two,12413.0,False,3.0,Other,95111,0.0,12413.0,857.2068039391227,1.3333333333333333,47.0,0,558.5,0.17997260936115364,14.465228180596883,13.915345655528558,14.006290889820676,1210193.581903233
True,False,2025-12-31,2000000.0,33.985555,-118.422659,1876.0,C12 - Marina Del Rey,True,2.0,0.1149,1968.0,3.0,Los Angeles,4.0,True,2.0,Two,5005.0,False,2.0,Los Angeles Unified,90066,0.0,5005.0,1066.098081023454,1.3333333333333333,57.0,0,469.0,0.3748251748251748,14.508657738524219,14.628660530918916,14.519564026891416,2021931.9574658386
True,True,2025-12-30,2050000.0,33.672241,-117.938184,2300.0,C1 - Mesa Verde,True,2.0,0.2324,1965.0,3.0,Costa Mesa,4.0,True,2.0,Two,10125.0,False,2.0,Newport Mesa Unified,92626,0.0,10125.0,891.304347826087,1.3333333333333333,60.0,0,575.0,0.2271604938271605,14.53335035111459,14.28551418721001,14.365175328843135,1732672.078360864
False,True,2025-12-11,785000.0,34.221693,-118.550827,1449.0,NR - Northridge,True,2.0,0.1722,1956.0,3.0,Northridge,4.0,True,1.0,One,7502.0,False,2.0,Los Angeles Unified,91324,0.0,7502.0,541.7529330572809,1.3333333333333333,69.0,0,362.25,0.193148493735004,13.573438996764546,13.767367980495198,13.73953007245635,926834.2930833756
False,True,2025-12-23,725000.0,34.176525,-118.367985,1235.0,NHO - North Hollywood,False,2.0,0.1396,1952.0,2.0,North Hollywood,2.0,True,1.0,One,6080.0,False,2.0,Los Angeles Unified,91601,0.0,6080.0,587.0445344129555,1.0,73.0,0,617.5,0.203125,13.493926933836812,13.878386160617055,13.761815102573118,947720.685782481
True,False,2025-12-23,1410000.0,33.746182,-117.805339,1542.0,71 - Tustin,True,2.0,0.2121,1954.0,2.0,Tustin,3.0,True,1.0,One,9240.0,False,2.0,Tustin Unified,92780,0.0,9240.0,914.3968871595332,1.5,71.0,0,514.0,0.16688311688311688,14.15910026235435,14.077874822431765,14.018403945184486,1224941.8668282318
True,False,2025-12-12,651900.0,34.916262,-120.42793600000002,1341.0,ORCT - Orcutt,True,2.0,0.13,1990.0,2.0,Santa Maria,3.0,True,1.0,One,0.13,False,2.0,ABC Unified,93455,0.0,5662.8,486.1297539149888,1.5,35.0,0,447.0,0.23680864589955497,13.38764645491263,13.538369041771391,13.380055997077395,646970.5127375163
True,False,2025-12-31,525000.0,38.00348263,-121.88985139,1450.0,C09 - Beverlywood Vicinity,False,2.0,0.1217,1956.0,2.0,Pittsburg,3.0,True,1.0,One,5300.0,False,0.0,Pittsburg,94565,0.0,5300.0,362.0689655172414,1.5,69.0,0,483.3333333333333,0.27358490566037735,13.17115354157376,13.270783382522602,13.214914379365373,548484.5438541442
False,False,2025-12-08,1143800.0,34.108644,-118.076368,1246.0,661 - Temple City,False,2.0,0.2067,1928.0,1.0,Temple City,2.0,True,1.0,One,9006.0,False,2.0,Conejo Valley Unified,91780,240.0,9006.0,917.9775280898876,2.0,97.0,0,623.0,0.13835220963801909,13.949866610463353,13.981024996441848,13.829766488810565,1014358.0312301718
False,False,2025-12-24,710000.0,34.46968,-118.199894,1794.0,ACTO - Acton,True,2.0,0.2233,1988.0,2.0,Acton,3.0,True,1.0,One,9729.0,False,2.0,Huntington Beach Union High,93510,125.0,9729.0,395.7636566332218,1.5,37.0,0,598.0,0.18439716312056736,13.473020249017498,13.616449491037821,13.565350103984361,778675.8314109654
True,False,2025-12-23,330000.0,34.456015,-117.23715,1814.0,APPV - Apple Valley,True,2.0,0.109,2004.0,2.0,Apple Valley,3.0,True,1.0,One,4750.0,False,2.0,Apple Valley Unified,92308,96.0,4750.0,181.9184123484013,1.5,21.0,0,604.6666666666666,0.3818947368421053,12.706847933442663,12.936033799212835,12.889912945024975,396294.51756286994
True,False,2025-12-24,725000.0,34.418321,-118.445991,1196.0,CAN2 - Canyon Country 2,True,4.0,0.186,1961.0,2.0,Canyon Country,3.0,False,1.0,One,8103.0,False,2.0,William S. Hart Union,91387,0.0,8103.0,606.1872909698997,1.5,64.0,0,398.6666666666667,0.14759965444896953,13.493926933836812,13.737549016494562,13.604506871889198,809771.0819987723
False,False,2025-12-19,628000.0,33.153108,-117.198786,827.0,92069 - San Marcos,True,1.0,0.12,1972.0,1.0,San Marcos,2.0,False,1.0,One,0.12,False,1.0,San Marcos Unified,92069,90.0,5227.2,759.3712212817412,2.0,53.0,0,413.5,0.1582108968472605,13.350295445450335,13.859515996625632,13.350549123238745,628159.3298594895
True,False,2025-12-30,1860000.0,37.76609314,-122.25572375,2910.0,"T5 - WalnutPk, HuntPk, Bell N of Florence, and Cud",False,2.0,0.1515,1890.0,2.0,Alameda,4.0,False,2.0,Two,6600.0,False,0.0,Fontana Unified,94501,0.0,6600.0,639.1752577319587,2.0,135.0,0,727.5,0.4409090909090909,14.436087045689384,14.096915897380246,14.541313351144366,2066389.3175260797
False,False,2025-12-16,1660000.0,37.57498548,-122.30784026,1514.0,699 - Not Defined,True,2.0,0.1955,1948.0,2.0,San Mateo,3.0,True,1.0,One,8515.0,False,2.0,Other,94401,322.0,8515.0,1096.433289299868,1.5,77.0,0,504.6666666666667,0.17780387551379917,14.322328160332725,14.204168547756057,14.161180053142386,1412935.5566247897
True,False,2025-12-29,1379135.0,37.93454556,-121.97430927,3240.0,263 - Banning/Beaumont/Cherry Valley,True,3.0,0.1639999999999999,2000.0,4.0,Concord,5.0,True,2.0,Two,7144.0,False,3.0,Mount Diablo,94521,123.0,7144.0,425.6589506172839,1.25,25.0,0,648.0,0.45352743561030234,14.136967049010668,13.656514826473817,13.910665387072418,1099829.1275071255
True,False,2025-12-11,331000.0,39.780502,-121.582665,1290.0,669 - West Covina,True,2.0,0.42,1966.0,2.0,Paradise,3.0,True,1.0,One,18295.0,False,2.0,Paradise Unified,95969,0.0,18295.0,256.5891472868217,1.5,59.0,0,430.0,0.0705110685979776,12.7098736543592,12.89921982609012,12.802789627999546,363229.3122545936
False,False,2025-12-11,950000.0,33.807805,-117.84793,1716.0,699 - Not Defined,True,2.0,0.162,1959.0,2.0,Orange,3.0,True,1.0,One,7056.0,False,2.0,Orange Unified,92867,0.0,7056.0,553.6130536130536,1.5,66.0,0,572.0,0.24319727891156462,13.764217263576723,14.026983356405268,14.014337280287684,1219970.5539208215
False,True,2025-12-31,1150000.0,32.779305,-116.978417,2120.0,92020 - El Cajon,True,6.0,0.17,1980.0,3.0,El Cajon,4.0,True,2.0,Two,0.17,False,3.0,Cajon Valley Union,92020,450.0,7405.2,542.4528301886793,1.3333333333333333,45.0,0,530.0,0.2862853130232809,13.955272500339433,13.7694117933985,13.816812993757724,1001303.2843312963
False,False,2025-12-31,1842000.0,32.75539961,-117.1762706,1967.0,92103 - Mission Hills,False,4.0,0.2548,1956.0,2.0,San Diego,3.0,False,1.0,MultiSplit,11100.0,False,2.0,Other,92103,0.0,11100.0,936.451448906965,1.5,69.0,0,655.6666666666666,0.1772072072072072,14.42636249579739,14.346138809026444,14.350988878089765,1708265.1444665259
False,False,2025-12-22,1860000.0,34.176762,-118.342216,1695.0,610 - Burbank,False,0.0,0.1549,1950.0,2.0,Burbank,3.0,False,2.0,MultiSplit,6747.0,False,0.0,Moreno Valley Unified,91505,0.0,6747.0,1097.345132743363,1.5,75.0,0,565.0,0.2512227656736327,14.436087045689384,13.95440217810054,13.970197221786469,1167292.148936695
False,False,2025-12-16,920000.0,33.808368,-118.105529,1314.0,"33 - Lakewood Plaza, Rancho",True,1.0,0.1199,1951.0,1.0,Long Beach,2.0,True,1.0,One,5223.0,False,1.0,Long Beach Unified,90815,0.0,5223.0,700.152207001522,2.0,74.0,0,657.0,0.25157955198161974,13.732128949025222,13.937728190688523,13.7467344398274,933535.658386596
False,False,2025-12-12,550000.0,33.863044,-118.17888700000002,1134.0,7 - North Long Beach,False,3.0,0.1051,1929.0,1.0,Long Beach,2.0,False,1.0,One,4577.0,False,1.0,Long Beach Unified,90805,0.0,4577.0,485.0088183421517,2.0,96.0,0,567.0,0.24776054183963295,13.217673557208654,13.526494262499357,13.406758821724134,664479.1779454247
True,False,2025-12-29,809000.0,33.607904,-117.18277,2809.0,SRCAR - Southwest Riverside County,True,3.0,0.17,2006.0,3.0,Murrieta,4.0,True,2.0,Two,7405.0,False,3.0,Murrieta,92562,250.0,7405.0,288.00284798860804,1.3333333333333333,19.0,0,702.25,0.37933828494260635,13.603554196040628,13.487006490992238,13.502244512534038,731055.3927479843
True,False,2025-12-26,809000.0,36.60268908,-121.924002,945.0,699 - Not Defined,False,2.0,0.1515,1954.0,1.0,Pacific Grove,3.0,True,1.0,One,6600.0,False,0.0,Other,93950,0.0,6600.0,856.0846560846561,3.0,71.0,0,315.0,0.1431818181818182,13.603554196040628,14.077867425927353,13.719810842337832,908736.8545791919
False,False,2025-12-23,759000.0,36.69983935,-121.65630296,1769.0,699 - Not Defined,True,2.0,0.1699,1951.0,2.0,Salinas,3.0,True,1.0,One,7400.0,False,2.0,Other,93906,487.0,7400.0,429.055963821368,1.5,74.0,0,589.6666666666666,0.23905405405405405,13.539757056377766,13.472921052508891,13.500412494172522,729717.311913763
False,True,2025-12-24,710000.0,33.962755,-117.327492,1773.0,252 - Riverside,True,2.0,0.21,1963.0,2.0,Riverside,3.0,True,1.0,One,9148.0,False,2.0,Riverside Unified,92507,0.0,9148.0,400.4512126339538,1.5,62.0,0,591.0,0.19381285526891123,13.473020249017498,13.38472764187182,13.367465856630712,638876.1247788442
True,False,2025-12-22,2345000.0,33.08103389,-117.29031555,2793.0,92024 - Encinitas,True,4.0,0.1525,1985.0,3.0,Encinitas,4.0,True,2.0,ThreeOrMore,7685.0,False,2.0,Apple Valley Unified,92024,375.0,6780.0,839.5989974937344,1.3333333333333333,40.0,0,698.25,0.4119469026548673,14.667795959862516,14.603967918328545,14.6647779780496,2337933.501294594
False,False,2025-12-31,620000.0,32.85265765,-116.92933114,1268.0,92040 - Lakeside,True,2.0,0.0376,1978.0,3.0,Lakeside,3.0,False,2.0,Two,1639.0,False,1.0,Los Angeles Unified,92040,368.0,1639.0,488.9589905362776,1.0,47.0,0,422.6666666666667,0.7736424649176327,13.337474757021274,13.623138665316818,13.367599884317354,638961.7576063555
False,False,2025-12-22,730000.0,33.908043,-117.602319,1545.0,248 - Corona,True,6.0,0.17,1995.0,3.0,Corona,3.0,True,2.0,Two,7405.0,False,3.0,Corona-Norco Unified,92878,0.0,7405.0,472.4919093851133,1.0,30.0,0,515.0,0.2086428089128967,13.500799813124575,13.592054408953105,13.52072918956083,744694.3833910816
False,False,2025-12-12,1640000.0,32.77048461,-117.11019327,2044.0,92116 - Normal Heights,True,2.0,0.2045,1931.0,3.0,San Diego,4.0,False,2.0,Two,8910.0,False,0.0,Los Angeles Unified,92116,0.0,8910.0,802.348336594912,1.3333333333333333,94.0,0,511.0,0.22940516273849607,14.310206799800381,14.115615150414612,14.30440819240082,1630517.802204851
False,False,2025-12-26,790000.0,38.06276418,-122.1587973,1579.0,92129 - Rancho Penasquitos,True,2.0,0.2,1978.0,2.0,Benicia,3.0,True,1.0,One,8712.0,False,2.0,Capistrano Unified,94510-2617,0.0,8712.0,500.316656111463,1.5,47.0,0,526.3333333333334,0.18124426078971534,13.579788224443204,13.698976741708323,13.61926877648725,821813.5113707293
True,False,2025-12-23,860000.0,34.130047,-117.578567,1874.0,688 - Rancho Cucamonga,True,2.0,0.1653,1977.0,2.0,Rancho Cucamonga,4.0,True,1.0,One,7200.0,False,2.0,Alta Loma,91701,0.0,7200.0,458.9114194236926,2.0,48.0,0,468.5,0.2602777777777778,13.664687668229691,13.654166717138976,13.712746303920873,902339.6713381987
False,False,2025-12-29,940000.0,33.857689,-118.021602,1243.0,82 - Buena Park,False,6.0,0.1778,1963.0,2.0,Buena Park,3.0,False,1.0,One,7743.0,False,2.0,Fullerton Joint Union High,90620,0.0,7743.0,756.2349155269509,1.5,62.0,0,414.3333333333333,0.1605320935038099,13.753635154246187,13.741593969296583,13.592810812387379,800355.1233869209
False,False,2025-12-19,1770000.0,33.900308,-117.891075,3141.0,83 - Fullerton,True,2.0,0.1871,2001.0,3.0,Fullerton,3.0,True,1.0,One,8149.0,False,2.0,Fullerton Joint Union High,92835,220.0,8149.0,563.5148042024833,1.0,24.0,0,1047.0,0.38544606700208617,14.386490104550012,14.145874202616191,14.407920687071956,1808341.5040333853
True,False,2025-12-22,1125000.0,33.969055,-117.586293,3849.0,249 - Eastvale,True,3.0,0.24,2005.0,4.0,Eastvale,5.0,True,2.0,Two,10454.0,False,3.0,Corona-Norco Unified,92880,0.0,10454.0,292.2837100545596,1.25,20.0,0,769.8,0.36818442701358334,13.933293593620657,13.764217263576723,13.988443121856246,1188785.9352841391
True,False,2025-12-17,615000.0,33.30007013,-117.256664,1400.0,92028 - Fallbrook,True,7.0,2.76,1987.0,3.0,Fallbrook,2.0,True,2.0,ThreeOrMore,2.76,False,3.0,Fallbrook Union,92028,0.0,120225.6,439.2857142857143,0.6666666666666666,38.0,0,700.0,0.011644774490624293,13.329377546788654,13.681979165339751,13.560218882722767,774690.5069639817
False,True,2025-12-19,925000.0,34.170753000000005,-118.620286,1368.0,WHLL - Woodland Hills,True,2.0,0.155,1954.0,2.0,Woodland Hills,3.0,True,1.0,One,6751.0,False,2.0,Los Angeles Unified,91367,0.0,6751.0,676.1695906432749,1.5,71.0,0,456.0,0.2026366464227522,13.737549016494562,14.130321297804308,13.9140817673583,1103592.9877843326
True,False,2025-12-15,1275000.0,32.77646975,-116.96755617,2902.0,92020 - El Cajon,False,8.0,0.3293,1980.0,5.0,El Cajon,4.0,False,2.0,Two,14346.0,False,2.0,Lakeport Unified,92020,295.0,14346.0,439.3521709166092,0.8,45.0,0,725.5,0.20228635159626376,14.058456736574664,13.7694117933985,14.191515465663825,1456454.2815935696
False,False,2025-12-27,238000.0,36.97622,-120.053481,1024.0,M1 - Norwalk,True,2.0,0.18,1976.0,2.0,Madera,3.0,False,1.0,One,7841.0,False,2.0,Madera Unified,93638,0.0,7841.0,232.421875,1.5,49.0,0,341.3333333333333,0.1305955872975386,12.380025952653611,12.983035246782094,12.843675516065835,378388.0427133474
True,False,2025-12-23,1350000.0,32.80996,-117.198315,1730.0,92117 - Clairemont Mesa,False,5.0,0.2043,1953.0,2.0,San Diego,5.0,False,1.0,One,8900.0,False,2.0,San Diego Unified,92117,0.0,8900.0,780.3468208092486,2.5,72.0,0,346.0,0.1943820224719101,14.115615150414612,13.964016766263498,13.926847287925451,1117771.2305542391
True,False,2025-12-31,345000.0,36.815902,-119.870958,1103.0,683 - Claremont,True,2.0,0.1234,1983.0,2.0,Fresno,3.0,False,1.0,One,5375.0,False,2.0,Fresno Unified,93722,0.0,5375.0,312.7833182230281,1.5,42.0,0,367.6666666666667,0.2052093023255814,12.751299696013497,12.834681304952548,12.67150688248402,318541.1300794334
True,False,2025-12-17,1305000.0,37.88592098,-122.02902343,1521.0,92104 - North Park,True,2.0,0.2634,1950.0,2.0,Walnut Creek,5.0,True,1.0,One,11475.0,False,2.0,Oakland,94596,0.0,11475.0,857.9881656804733,2.5,75.0,0,304.2,0.13254901960784313,14.081713598738931,14.269765830241871,14.119886461424326,1355778.6021812258
False,False,2025-12-16,1175000.0,32.633509000000004,-116.94776,2500.0,91915 - Chula Vista,True,6.0,0.16,2002.0,3.0,Chula Vista,3.0,True,1.0,One,0.16,False,3.0,Sweetwater Union,91915,128.0,6969.6,470.0,1.0,23.0,0,833.3333333333334,0.35870064279155184,13.976778705560397,13.72940414664144,13.905742518554414,1094428.1184564654
False,False,2025-12-26,1595000.0,33.964477,-118.411228,2182.0,C29 - Westchester,False,2.0,0.1378,1946.0,2.0,Los Angeles,4.0,True,2.0,Two,6002.0,False,2.0,Los Angeles Unified,90045,29.45,6002.0,730.980751604033,2.0,79.0,0,545.5,0.3635454848383872,14.282384294201082,14.331323723241304,14.384665383255953,1766773.1882209335
False,True,2025-12-31,1230000.0,34.246648,-118.548883,2793.0,NR - Northridge,True,2.0,0.306,1962.0,3.0,Northridge,4.0,True,1.0,One,13328.0,False,2.0,Los Angeles Unified,91324,0.0,13328.0,440.3866809881848,1.3333333333333333,63.0,0,698.25,0.20955882352941177,14.0225247273486,13.767367980495198,14.026378029870077,1234748.7053248114
False,False,2025-12-24,834500.0,34.265101,-118.788957,2261.0,SVW - West Simi,True,8.0,0.22,1960.0,2.0,Simi Valley,3.0,False,1.0,One,9583.0,False,6.0,Simi Valley Unified,93065,0.0,9583.0,369.0844758956214,1.5,65.0,0,753.6666666666666,0.23593864134404674,13.634588022084026,13.676248490630767,13.826041412074126,1010586.4987108503
True,False,2025-12-22,900000.0,33.860123,-117.935945,1107.0,83 - Fullerton,False,1.0,0.1461,1952.0,1.0,Fullerton,3.0,True,1.0,One,6363.0,False,1.0,Fullerton Joint Union High,92832,0.0,6363.0,813.0081300813008,3.0,73.0,0,369.0,0.173974540311174,13.710150042306449,13.779883380321124,13.578762775839014,789190.3108209608
True,False,2025-12-19,1560000.0,37.53086498,-122.00853885,1456.0,11 - Westside,True,4.0,0.1679,1967.0,2.0,Newark,3.0,True,1.0,One,7314.0,False,2.0,Riverside Unified,94560,0.0,7314.0,1071.428571428571,1.5,58.0,0,485.3333333333333,0.19907027618266337,14.26019637922572,14.151982794585487,14.029251631797123,1238301.984493658
False,False,2025-12-15,1295000.0,34.277752,-119.243954,1790.0,N7 - West Bay - Santa Ana Heights,False,2.0,0.16,1953.0,2.0,Ventura,3.0,True,1.0,One,6969.0,False,2.0,Capistrano Unified,93003,0.0,6969.0,723.463687150838,1.5,72.0,0,596.6666666666666,0.2568517721337351,14.074021253115776,13.825460888817442,13.873819603431686,1060042.5464378872
True,False,2025-12-15,2150000.0,37.74093426,-122.43891418,2589.0,C42 - Downtown L.A.,True,2.0,0.0879,1968.0,3.0,San Francisco,4.0,True,2.0,ThreeOrMore,3828.0,False,2.0,Yucaipa/Calimesa Unified,94131-2524,0.0,3828.0,830.4364619544226,1.3333333333333333,57.0,0,647.25,0.6763322884012539,14.580978400103845,13.698976741708323,13.921899066162176,1112253.9123394575
True,False,2025-12-09,670000.0,37.96444857,-121.72548316,1801.0,BBC - Big Bear City,True,2.0,0.1156,2005.0,2.0,Brentwood,3.0,True,1.0,One,5037.0,False,2.0,Claremont Unified,94513-5143,50.0,5037.0,372.0155469183787,1.5,20.0,0,600.3333333333334,0.3575540996624975,13.415032991367148,13.698976741708323,13.639612168202687,838703.1998396595
False,True,2025-12-31,950000.0,34.246508,-118.544214,1704.0,NR - Northridge,True,2.0,0.1726,1960.0,2.0,Northridge,3.0,True,1.0,One,7517.0,False,2.0,Los Angeles Unified,91324,0.0,7517.0,557.5117370892019,1.5,65.0,0,568.0,0.22668617799654117,13.764217263576723,13.767367980495198,13.714851313030929,904241.1051323449
True,True,2025-12-23,940000.0,33.922523,-117.987647,1419.0,670 - Whittier,True,2.0,0.1481,1960.0,2.0,Whittier,4.0,True,1.0,One,6453.0,False,2.0,Fullerton Joint Union High,90604,0.0,6453.0,662.4383368569415,2.0,65.0,0,354.75,0.2198977219897722,13.753635154246187,13.636672835828117,13.5764233770717,787346.2378327063
True,False,2025-12-26,405000.0,39.742491,-121.853651,1226.0,92024 - Encinitas,True,1.0,0.18,1948.0,2.0,Chico,3.0,True,1.0,One,7841.0,False,0.0,Chico Unified,95926,0.0,7841.0,330.3425774877651,1.5,77.0,0,408.6666666666667,0.1563576074480296,12.911642346088676,13.060487973686241,12.922725358300191,409513.5858075691
False,False,2025-12-19,720000.0,34.341899,-119.077354,1234.0,SPL - Santa Paula,True,2.0,0.14,1974.0,2.0,Santa Paula,3.0,True,1.0,One,6098.0,False,2.0,Norwalk - La Mirada,93060,0.0,6098.0,583.4683954619125,1.5,51.0,0,411.3333333333333,0.20236142997704165,13.487006490992238,13.54098713967118,13.405610832174201,663716.8004774052
True,False,2025-12-12,580000.0,34.075402000000004,-117.992642,1095.0,608 - Baldwin Pk/Irwindale,True,2.0,0.1814,1964.0,2.0,Baldwin Park,3.0,False,1.0,One,7900.0,False,2.0,Baldwin Park Unified,91706,0.0,7900.0,529.6803652968036,1.5,61.0,0,365.0,0.13860759493670885,13.270783382522602,13.527828485512494,13.411887785513697,667896.022533743
True,True,2025-12-17,1350000.0,37.27027145,-121.84728309,1466.0,699 - Not Defined,True,2.0,0.1263,1968.0,2.0,San Jose,4.0,True,1.0,One,5500.0,False,2.0,Other,95136,0.0,5500.0,920.8731241473396,2.0,57.0,0,366.5,0.26654545454545453,14.115615150414612,14.22097566607244,14.098850261841175,1327556.0611674744
True,False,2025-12-18,700000.0,33.916672,-118.101792,1049.0,M1 - Norwalk,False,2.0,0.1341,1953.0,1.0,Norwalk,3.0,False,1.0,One,5841.0,False,2.0,Norwalk - La Mirada,90650,0.0,5841.0,667.302192564347,3.0,72.0,0,349.6666666666667,0.17959253552473892,13.458835614025542,13.541073712262515,13.420935772022805,673966.558384173
True,True,2025-12-16,775000.0,34.397258,-118.467822,1192.0,NEW4 - Newhall 4,True,4.0,0.1799,1966.0,2.0,Newhall,3.0,False,1.0,One,7837.0,False,2.0,William S. Hart Union,91321,0.0,7837.0,650.1677852348994,1.5,59.0,0,397.3333333333333,0.15209901748117902,13.560618308335483,13.723939611375346,13.59056350724571,798558.5007387655
False,False,2025-12-18,1950000.0,33.172576,-117.362197,2826.0,92054 - Oceanside,True,5.0,0.1764,1975.0,4.0,Oceanside,7.0,True,2.0,Two,7685.0,False,5.0,Oceanside Unified,92054,0.0,7685.0,690.0212314225053,1.75,50.0,0,403.7142857142857,0.36772934287573195,14.48333993053993,14.09692301740246,14.330269734749375,1673235.4993210721
True,False,2025-12-23,675000.0,33.94829,-117.392506,1636.0,252 - Riverside,False,2.0,0.16,1952.0,2.0,Riverside,3.0,True,1.0,One,6970.0,False,2.0,Riverside Unified,92506,0.0,6970.0,412.5916870415648,1.5,73.0,0,545.3333333333334,0.23472022955523672,13.422467969854667,13.493926933836812,13.500490385560749,729774.1528218808
True,False,2025-12-18,1179000.0,33.166735,-117.253369,2585.0,92056 - Oceanside,True,4.0,0.1085,1990.0,3.0,Oceanside,4.0,True,2.0,Two,4725.0,False,2.0,Vista Unified,92056,216.0,4725.0,456.0928433268859,1.3333333333333333,35.0,0,646.25,0.5470899470899471,13.980177179519508,13.732128949025222,13.947157301528952,1140705.2866011867
True,False,2025-12-23,298000.0,34.160737,-116.059942,1314.0,DC727 - Adobe,True,2.0,0.1656,2007.0,2.0,29 Palms,3.0,True,1.0,One,7215.0,False,2.0,Morongo Unified,92277,162.0,7215.0,226.78843226788436,1.5,18.0,0,438.0,0.18212058212058213,12.604848765487542,12.666637149787377,12.643968887500417,309888.82636168774
False,False,2025-12-23,705000.0,33.963722,-118.101308,840.0,649 - Pico Rivera,False,2.0,0.1156,1950.0,1.0,Pico Rivera,2.0,False,1.0,One,5036.0,False,2.0,Other,90660,0.0,5036.0,839.2857142857143,2.0,75.0,0,420.0,0.16679904686258937,13.465953081794405,13.527828485512494,13.324768489495627,612171.9520886596
False,False,2025-12-10,535000.0,34.617701000000004,-118.187658,1973.0,PLM - Palmdale,True,2.0,0.1671,1991.0,3.0,Palmdale,5.0,True,2.0,Two,7279.0,False,2.0,Antelope Valley Union,93551,0.0,7279.0,271.1606690319311,1.6666666666666667,34.0,0,394.6,0.27105371616980356,13.190022025878143,13.345506928718539,13.335709363430572,618906.4215559746
False,False,2025-12-18,660000.0,34.116155,-117.475245,1628.0,264 - Fontana,True,2.0,0.1615,1990.0,2.0,Fontana,4.0,True,1.0,One,7035.0,False,2.0,Fontana Unified,92336,0.0,7035.0,405.4054054054054,2.0,35.0,0,407.0,0.23141435678749112,13.399995114002609,13.487006490992238,13.38268653449166,648674.6332709381
False,False,2025-12-09,695000.0,32.84722529,-117.00782296,1290.0,92071 - Santee,True,2.0,0.2538,1961.0,2.0,Santee,3.0,False,1.0,One,6735.0,False,2.0,Los Angeles Unified,92071,0.0,8712.0,538.7596899224807,1.5,64.0,0,430.0,0.14807162534435261,13.45166712454693,13.652403046879991,13.59896150131715,805293.0289777113
True,False,2025-12-30,1135000.0,33.954724,-117.710253,2404.0,682 - Chino Hills,True,2.0,0.0964,1999.0,3.0,Chino Hills,4.0,False,2.0,Two,4200.0,False,2.0,Chino Valley Unified,91709,88.0,4200.0,472.1297836938436,1.3333333333333333,26.0,0,601.0,0.5723809523809524,13.94214320889764,13.901688254205327,13.952494174822206,1146809.3600258213
False,False,2025-12-30,1200000.0,33.30935012,-117.22665137,2676.0,92028 - Fallbrook,False,6.0,2.45,1979.0,3.0,Fallbrook,5.0,True,1.0,One,106722.0,False,3.0,Downey Unified,92028,180.0,106722.0,448.4304932735426,1.6666666666666667,46.0,0,535.2,0.02507449260696014,13.997832114758229,13.681979165339751,13.89688209586616,1084773.856307309
False,False,2025-12-16,765000.0,34.20185,-118.513884,1070.0,LKBL - Lake Balboa,True,1.0,0.1396,1950.0,1.0,Lake Balboa,2.0,False,1.0,One,6079.0,False,1.0,Los Angeles Unified,91406,0.0,6079.0,714.9532710280374,2.0,75.0,0,535.0,0.17601579207106433,13.547631112808673,13.708480036117827,13.50617464852239,733934.1931896236
False,False,2025-12-23,1040000.0,33.844099,-117.897808,1821.0,78 - Anaheim East of Harbor,True,2.0,0.1779,1956.0,3.0,Anaheim,3.0,True,1.0,One,7749.0,False,2.0,Anaheim Union High,92805,0.0,7749.0,571.1147721032399,1.0,69.0,0,607.0,0.23499806426635694,13.854731271117556,13.670484785914017,13.819466115779818,1003963.3913596333
False,True,2025-12-22,715000.0,36.857304,-119.775731,2359.0,SRCAR - Southwest Riverside County,True,3.0,0.3099,1984.0,2.0,Fresno,4.0,True,1.0,One,13500.0,False,3.0,Clovis Unified,93720,0.0,13500.0,303.09453158117844,2.0,41.0,0,589.75,0.17474074074074075,13.480037821676145,13.253237722616966,13.373645670980604,642836.4851646536
True,False,2025-12-19,519000.0,33.587213,-117.209718,1263.0,SRCAR - Southwest Riverside County,True,2.0,0.11,1998.0,2.0,Murrieta,3.0,True,1.0,One,4792.0,False,2.0,Murrieta,92562,348.0,4792.0,410.9263657957245,1.5,27.0,0,421.0,0.2635642737896494,13.159659162148026,13.487006490992238,13.294658320449832,594014.0910975344
False,False,2025-12-16,755000.0,37.95011262,-122.32067101,1072.0,688 - Rancho Cucamonga,False,0.0,0.1148,1951.0,1.0,Richmond,3.0,True,1.0,One,5000.0,False,0.0,Desert Sands Unified,94805,0.0,5000.0,704.2910447761194,3.0,74.0,0,357.3333333333333,0.2144,13.534473028231162,13.458835614025542,13.35248722398137,629377.946442579
False,False,2025-12-23,774888.0,34.025684000000005,-117.709074,1488.0,681 - Chino,True,2.0,0.1616,1984.0,2.0,Chino,3.0,True,1.0,One,7040.0,False,2.0,Chino Valley Unified,91710,0.0,7040.0,520.758064516129,1.5,41.0,0,496.0,0.21136363636363636,13.56047378176299,13.567049198665774,13.486937191247534,719950.1059126571
True,False,2025-12-22,1005000.0,33.889595,-117.853923,1486.0,84 - Placentia,True,2.0,0.1837,1964.0,3.0,Placentia,3.0,True,1.0,One,8000.0,False,2.0,Placentia-Yorba Linda Unified,92870,0.0,8000.0,676.3122476446837,1.0,61.0,0,495.3333333333333,0.18575,13.820498099475314,13.980176819817759,13.882867542783567,1069677.2685702797
True,False,2025-12-19,815000.0,34.030181,-117.141924,2392.0,268 - Redlands,True,3.0,0.3775,1978.0,3.0,Redlands,4.0,True,1.0,One,16445.0,False,3.0,Redlands Unified,92373,0.0,16445.0,340.7190635451505,1.3333333333333333,47.0,0,598.0,0.14545454545454545,13.610943392223,13.621317169677567,13.749286347657755,935920.997631607
True,False,2025-12-04,910000.0,37.71331082,-121.75148913,1110.0,N6 - Newport Heights,True,2.0,0.1263,1986.0,2.0,Livermore,3.0,True,1.0,One,5500.0,False,2.0,San Diego Unified,94551,78.0,5500.0,819.8198198198198,1.5,39.0,0,370.0,0.2018181818181818,13.721199878493033,13.87377946608825,13.693380489711709,885033.2462881099
True,False,2025-12-22,1456000.0,33.181834,-117.360136,1656.0,92054 - Oceanside,False,2.0,0.2089,1958.0,2.0,Oceanside,3.0,True,1.0,One,9100.0,False,2.0,Oceanside Unified,92054,0.0,9100.0,879.2270531400966,1.5,67.0,0,552.0,0.181978021978022,14.191203507738768,14.09692301740246,14.065697202527723,1284265.0954177664
True,False,2025-12-23,1375000.0,34.262611,-118.575057,2576.0,CHT - Chatsworth,True,2.0,0.4189,1964.0,3.0,Chatsworth,5.0,True,1.0,One,18246.0,False,2.0,Los Angeles Unified,91311,0.0,18246.0,533.7732919254659,1.6666666666666667,61.0,0,515.2,0.14118162885015895,14.133964289082808,13.944283046980045,14.09376660997848,1320824.3536505941
True,False,2025-12-08,270000.0,33.705431,-117.187094,992.0,SRCAR - Southwest Riverside County,True,1.0,0.18,1964.0,1.0,Menifee,2.0,False,1.0,One,7841.0,False,1.0,Menifee Union,92586,435.0,7841.0,272.1774193548387,2.0,61.0,0,496.0,0.1265144751944905,12.506177237980511,12.89921982609012,12.63105012147252,305911.1934937163
True,True,2025-12-17,366000.0,34.181071,-117.304072,1458.0,274 - San Bernardino,True,2.0,0.2117,1991.0,2.0,San Bernardino,3.0,False,1.0,One,9222.0,False,2.0,San Bernardino City Unified,92407,0.0,9222.0,251.02880658436217,1.5,34.0,0,486.0,0.15810019518542615,12.810388612383504,13.304684934198283,13.214350037401703,548175.0983343815
False,False,2025-12-22,575000.0,33.638959,-117.151369,2469.0,SRCAR - Southwest Riverside County,True,2.0,0.18,2003.0,3.0,Menifee,5.0,False,2.0,Two,7841.0,False,2.0,Menifee Union,92584,0.0,7841.0,232.88780882948564,1.6666666666666667,22.0,0,493.8,0.3148833057008035,13.262125319779487,13.353475098367715,13.382839171976103,648773.6528920438
True,False,2025-12-19,2800000.0,37.82527623,-122.01246562,2376.0,C36 - Metropolitan Southwest,True,2.0,0.2594,1954.0,3.0,Danville,4.0,True,1.0,One,11300.0,False,2.0,San Ramon Valley,94526,0.0,11300.0,1178.4511784511783,1.3333333333333333,71.0,0,594.0,0.21026548672566372,14.845129975145433,14.430696197054507,14.48751148775798,1958151.5270349232
True,True,2025-12-29,1125000.0,33.918696000000004,-117.583743,2807.0,250 - Norco,True,7.0,0.42,1973.0,3.0,Norco,5.0,True,1.0,One,18295.0,False,2.0,Corona-Norco Unified,92860,0.0,18295.0,400.7837548984681,1.6666666666666667,52.0,0,561.4,0.15342989887947528,13.933293593620657,13.753635154246187,14.011641206357663,1216685.8530029147
False,False,2025-12-17,415000.0,34.147553,-117.229114,1114.0,276 - Highland,True,2.0,0.1722,1978.0,2.0,Highland,3.0,True,1.0,One,7500.0,False,2.0,San Bernardino City Unified,92346,0.0,7500.0,372.5314183123878,1.5,47.0,0,371.3333333333333,0.14853333333333332,12.936033799212835,13.28681753563043,13.131077234944733,504375.96685672365
True,False,2025-12-23,1125000.0,33.846053999999995,-117.929791,1617.0,78 - Anaheim East of Harbor,False,2.0,0.1515,1960.0,3.0,Anaheim,4.0,False,1.0,One,6600.0,False,2.0,Anaheim Union High,92805,0.0,6600.0,695.7328385899815,1.3333333333333333,65.0,0,404.25,0.245,13.933293593620657,13.670484785914017,13.710089367926164,899945.3947143324
False,True,2025-12-31,860000.0,34.431164,-118.405186,1634.0,CAN2 - Canyon Country 2,True,2.0,0.1617,1968.0,2.0,Canyon Country,4.0,True,1.0,One,7044.0,False,2.0,William S. Hart Union,91387,0.0,7044.0,526.3157894736842,2.0,57.0,0,408.5,0.23197047132311188,13.664687668229691,13.737549016494562,13.695827302841025,887201.4087174447
False,False,2025-12-03,630000.0,33.47455835,-117.1057676,1629.0,SRCAR - Southwest Riverside County,True,4.0,0.14,1996.0,3.0,Temecula,3.0,True,2.0,Two,6098.0,False,2.0,Kern Union,92592,70.0,6098.0,386.7403314917127,1.0,29.0,0,543.0,0.267136766152837,13.353475098367715,13.580420735596498,13.473058761170202,710027.3441549578
False,True,2025-12-09,1075000.0,32.670684,-117.018843,1812.0,91902 - Bonita,True,6.0,0.2535,1958.0,2.0,Bonita,3.0,True,1.0,One,11042.0,False,6.0,Other,91902,0.0,11042.0,593.2671081677704,1.5,67.0,0,604.0,0.16410070639376925,13.8878312195439,13.9016461684345,13.86257584273034,1048190.4377134766
True,False,2025-12-29,379000.0,34.111569,-117.222673,1820.0,276 - Highland,True,2.0,0.1873,1962.0,2.0,Highland,4.0,False,1.0,One,8160.0,False,2.0,San Bernardino City Unified,92346,0.0,8160.0,208.24175824175825,2.0,63.0,0,455.0,0.22303921568627452,12.845291484064564,13.28681753563043,13.300041078652118,597220.1462875591
True,False,2025-12-19,2120000.0,37.90604294,-122.27541642,2762.0,289 - Big Bear Area,True,4.0,0.186,1946.0,4.0,Kensington,4.0,True,1.0,"Two,One",8103.0,False,2.0,West Contra Costa,94708,0.0,8103.0,767.5597393193339,1.0,79.0,0,690.5,0.34086140935456005,14.566926646648195,14.300900016543387,14.646983708834567,2296699.634434429
True,True,2025-12-30,1175000.0,34.46223,-118.526745,3341.0,COPN - Copper Hill North,True,3.0,0.1686,1999.0,4.0,Saugus,4.0,True,2.0,Two,7346.0,False,3.0,William S. Hart Union,91390,0.0,7346.0,351.69111044597423,1.0,26.0,0,835.25,0.4548053362374081,13.976778705560397,13.751477381367541,14.008173064874333,1212473.5230242647
False,False,2025-12-26,1225000.0,33.650834,-117.928004,1200.0,C2 - Southwest Costa Mesa,False,4.0,0.1405,1956.0,2.0,Costa Mesa,3.0,True,1.0,One,6120.0,False,2.0,Newport Mesa Unified,92627,0.0,6120.0,1020.8333333333334,1.5,69.0,0,400.0,0.19607843137254902,14.018451401960965,14.375126345899696,14.147339726329673,1393514.771771273
False,False,2025-12-17,720000.0,34.30078,-118.439937,1107.0,SYL - Sylmar,False,2.0,0.1701,1953.0,2.0,Sylmar,3.0,False,1.0,One,7410.0,False,2.0,Los Angeles Unified,91342,0.0,7410.0,650.4065040650406,1.5,72.0,0,369.0,0.1493927125506073,13.487006490992238,13.667586227071855,13.58043992073825,790515.0078692192
True,False,2025-12-29,665000.0,33.665642,-117.289375,2486.0,234 - Lake Elsinore East,True,0.0,0.44,2000.0,3.0,Lake Elsinore,5.0,True,2.0,Two,19166.0,False,3.0,Riverside Unified,92532,0.0,19166.0,267.4979887369268,1.6666666666666667,25.0,0,497.2,0.12970885943858917,13.407542319637992,13.353475098367715,13.521534013192294,745293.9722783412
False,False,2025-12-05,1173000.0,33.800463,-117.973442,2066.0,"62 - Garden Grove N of Chapman, W of Euclid",True,2.0,0.2344,1955.0,2.0,Garden Grove,3.0,True,1.0,One,10212.0,False,2.0,Garden Grove Unified,92841,0.0,10212.0,567.7637947725073,1.5,70.0,0,688.6666666666666,0.20231100665883275,13.975075127635613,13.866678844538674,13.944800829370825,1138020.4110123871
True,False,2025-12-29,1365000.0,37.06162533,-122.01090314,1638.0,699 - Not Defined,True,2.0,0.078,1997.0,3.0,Scotts Valley,3.0,True,1.0,One,3398.0,False,2.0,Other,95066,260.0,3398.0,833.3333333333334,1.0,28.0,0,546.0,0.4820482636845203,14.126664986601197,14.187074114396758,14.006020597657889,1209866.5202656796
True,False,2025-12-23,443000.0,33.215536,-117.322788,994.0,92057 - Oceanside,True,2.0,0.0402,1970.0,2.0,Oceanside,2.0,False,1.0,One,1752.0,False,1.0,Oceanside Unified,92057,638.0,1752.0,445.6740442655936,1.0,55.0,0,497.0,0.567351598173516,13.001325049027272,13.681979165339751,13.126727820121824,502186.9903843282
False,False,2025-12-22,3200000.0,37.34805817,-122.00085262,2295.0,699 - Not Defined,True,2.0,0.1492,1968.0,3.0,Sunnyvale,4.0,True,1.0,Two,6500.0,False,2.0,Other,94087,0.0,6500.0,1394.3355119825708,1.3333333333333333,57.0,0,573.75,0.35307692307692307,14.978661367769956,14.866332182796036,14.911628225364185,2992525.4631409654
True,False,2025-12-30,830000.0,34.067932,-117.920235,1185.0,669 - West Covina,True,1.0,0.1711,1954.0,2.0,West Covina,3.0,False,1.0,One,7453.0,False,1.0,West Covina,91790,0.0,7453.0,700.42194092827,1.5,71.0,0,395.0,0.15899637729773244,13.62918097977278,13.652991628466498,13.59450724707136,801714.0258965143
False,False,2025-12-19,3005000.0,33.89317,-118.400174,2230.0,143 - Manhattan Bch Tree,True,2.0,0.1024,1985.0,3.0,Manhattan Beach,3.0,True,2.0,Two,4459.0,False,2.0,Hesperia Unified,90266,0.0,4459.0,1347.5336322869955,1.0,40.0,0,743.3333333333334,0.500112132765194,14.915788125951446,15.040754419423045,14.8292907398636,2755999.528029291
False,False,2025-12-19,825000.0,37.1295545,-121.652262,876.0,699 - Not Defined,False,3.0,0.1286,1900.0,1.0,Morgan Hill,2.0,False,2.0,Two,5600.0,False,0.0,Other,95037,0.0,5600.0,941.7808219178082,2.0,125.0,0,438.0,0.15642857142857142,13.623138665316818,14.187074114396758,13.734444574854278,922132.8442442934
True,False,2025-12-19,520000.0,34.564467,-118.176435,2202.0,PLM - Palmdale,True,2.0,0.1544,2016.0,3.0,Palmdale,3.0,False,2.0,Two,6727.0,False,2.0,Antelope Valley Union,93551,73.0,6727.0,236.14895549500457,1.0,9.0,0,734.0,0.3273375947673554,13.16158409055761,13.345506928718539,13.350309296820607,628008.6987207745
False,True,2025-12-22,835100.0,34.27296,-118.731848,1781.0,SVC - Central Simi,True,2.0,0.14,1968.0,3.0,Simi Valley,4.0,True,2.0,Two,6098.0,False,2.0,Lake Elsinore Unified,93063,0.0,6098.0,468.89387984278494,1.3333333333333333,57.0,0,445.25,0.2920629714660544,13.63530675714132,13.637546696375418,13.70620797189339,896459.1204119918
True,False,2025-12-29,750000.0,37.89130525,-122.30141823,522.0,PLM - Palmdale,True,1.0,0.0872,1910.0,1.0,Albany,1.0,False,1.0,One,3800.0,False,1.0,Albany,94706-1616,584.0,3800.0,1436.7816091954023,1.0,115.0,0,522.0,0.13736842105263158,13.527828485512494,13.698976741708323,13.18907296639661,534492.4940421433
True,True,2025-12-24,1200000.0,33.684514,-116.281891,3439.0,313 - La Quinta South of HWY 111,True,3.0,0.28,1999.0,4.0,La Quinta,3.0,True,1.0,One,12196.0,False,3.0,Barstow Unified,92253,300.0,12196.0,348.93864495492875,0.75,26.0,0,1146.3333333333333,0.2819776976057724,13.997832114758229,13.545013310266594,14.369964113770289,1740989.371262199
True,False,2025-12-30,865000.0,37.34627281,-121.88336282,1208.0,699 - Not Defined,False,0.0,0.132,1934.0,1.0,San Jose,2.0,True,2.0,Two,5750.0,False,0.0,San Jose Unified,95112,122.0,5750.0,716.0596026490066,2.0,91.0,0,604.0,0.21008695652173914,13.670484785914017,14.014227026169724,13.840636253500533,1025444.0061583418
True,True,2025-12-17,1582000.0,33.686026,-117.96506399999998,2092.0,14 - South Huntington Beach,True,6.0,0.1423,1963.0,3.0,Huntington Beach,4.0,True,2.0,"Two,MultiSplit",6200.0,False,2.0,Huntington Beach Union High,92646,0.0,6200.0,756.2141491395794,1.3333333333333333,62.0,0,523.0,0.33741935483870966,14.274200427309736,14.19394699368452,14.248610585184478,1542030.4580067236
False,False,2025-12-23,910000.0,34.051769,-117.231358,3165.0,267 - Loma Linda,True,3.0,0.2066,2008.0,3.0,Loma Linda,4.0,True,2.0,Two,9000.0,False,3.0,Redlands Unified,92354,130.0,9000.0,287.51974723538706,1.3333333333333333,17.0,0,791.25,0.3516666666666667,13.721199878493033,13.422467969854667,13.53977990747978,759017.3441845936
False,False,2025-12-24,760000.0,37.6915692,-122.11241774,1022.0,M3 - La Mirada,True,2.0,0.1802,1939.0,2.0,San Lorenzo,2.0,False,1.0,One,7850.0,False,2.0,Temecula Unified,94580,0.0,7850.0,743.6399217221135,1.0,86.0,0,511.0,0.13019108280254776,13.541073712262515,13.652991628466498,13.502411465810795,731177.45503036
True,True,2025-12-08,890000.0,33.680651,-117.209181,3443.0,SRCAR - Southwest Riverside County,True,3.0,0.29,2017.0,4.0,Menifee,5.0,True,2.0,Two,12632.0,False,3.0,Menifee Union,92584,130.0,12632.0,258.49549811211153,1.25,8.0,0,688.6,0.27256174794173527,13.698976741708323,13.353475098367715,13.703391549258289,893937.8647811338
False,True,2025-12-31,800000.0,33.854883,-117.55063,1527.0,248 - Corona,True,2.0,0.2,1983.0,2.0,Corona,4.0,True,1.0,One,8712.0,False,2.0,Corona-Norco Unified,92879,0.0,8712.0,523.9030779305829,2.0,42.0,0,381.75,0.17527548209366392,13.592367006650065,13.500799813124575,13.453052494414326,695963.4993051934
True,False,2025-12-19,1350000.0,37.54650494,-122.28747739,1100.0,699 - Not Defined,True,2.0,0.1148,1957.0,2.0,San Mateo,3.0,True,1.0,One,5000.0,False,2.0,Other,94403,65.0,5000.0,1227.2727272727273,1.5,68.0,0,366.6666666666667,0.22,14.115615150414612,14.580978400103845,14.310388875932965,1640298.6320434962
True,True,2025-12-08,3200000.0,37.43596299,-122.11583949,1004.0,699 - Not Defined,False,2.0,0.1585,1952.0,1.0,Palo Alto,3.0,True,1.0,One,6903.0,False,1.0,Palo Alto Unified,94303,0.0,6903.0,3187.2509960159364,3.0,73.0,0,334.6666666666667,0.1454440098507895,14.978661367769956,14.978661367769956,14.269863515267772,1575153.8614306522
False,False,2025-12-12,1375000.0,34.037586,-118.393192,1328.0,C09 - Beverlywood Vicinity,True,2.0,0.1434,1948.0,2.0,Los Angeles,3.0,True,1.0,One,6245.0,True,2.0,Val Verde,90034,0.0,6245.0,1035.3915662650602,1.5,77.0,0,442.6666666666667,0.21265012009607687,14.133964289082808,14.291744736960645,14.108457372629285,1340371.500428647
False,False,2025-12-11,1130000.0,37.0279273,-121.60529040000002,2117.0,699 - Not Defined,True,2.0,0.1445,1998.0,3.0,Gilroy,4.0,True,1.0,One,6296.0,False,2.0,Gilroy Unified,95020,0.0,6296.0,533.774208786018,1.3333333333333333,27.0,0,529.25,0.33624523506988563,13.937728190688523,13.965653216393994,14.004733012696896,1208309.7168028217
False,False,2025-12-15,781000.0,33.919077,-118.04883999999998,1353.0,670 - Whittier,False,6.0,0.2685,1957.0,2.0,Whittier,3.0,False,1.0,One,11694.0,False,2.0,Whittier Union High,90605,0.0,11694.0,577.2357723577236,1.5,68.0,0,451.0,0.11570035915854285,13.568330428821824,13.602934236950354,13.569703486963764,782073.0949511447
False,False,2025-12-22,580000.0,33.898059,-117.173691,2407.0,259 - Moreno Valley,True,6.0,0.12,1990.0,3.0,Moreno Valley,4.0,True,2.0,Two,5227.0,False,3.0,Moreno Valley Unified,92555,0.0,5227.0,240.9638554216868,1.3333333333333333,35.0,0,601.75,0.4604935909699637,13.270783382522602,13.304684934198283,13.375707833153259,644163.4860227914
True,False,2025-12-30,717500.0,36.60692908,-121.85197646,837.0,699 - Not Defined,False,3.0,0.0941,1944.0,1.0,Seaside,2.0,True,2.0,One,4100.0,False,1.0,Other,93955,40.0,4100.0,857.2281959378734,2.0,81.0,0,418.5,0.20414634146341462,13.483528226615913,13.564794368589576,13.358327220782735,633064.2652045507
False,False,2025-12-09,724000.0,34.090308,-117.8718,1311.0,614 - Covina,True,2.0,0.1639,1955.0,2.0,Covina,3.0,False,2.0,Two,7141.0,False,2.0,Charter Oak Unified,91724,0.0,7141.0,552.2501906941267,1.5,70.0,0,437.0,0.18358773281053073,13.492546671367853,13.681962838542578,13.636115340994946,835775.521447225
False,False,2025-12-17,999000.0,32.82425225,-116.91822884,2700.0,92021 - El Cajon,True,8.0,1.12,1977.0,4.0,El Cajon,4.0,False,1.0,One,48787.0,False,2.0,Colton Unified,92021,0.0,48787.0,370.0,1.0,48.0,0,675.0,0.05534261176132986,13.81451005763069,13.612780503903942,13.990400103362155,1191114.6452519416
True,False,2025-12-19,1835700.0,37.57371394,-122.02434227,1579.0,"65 - N of Blsa, S of GGrv, E of Bch, W of Brookhrs",True,2.0,0.2096,1972.0,2.0,Fremont,3.0,True,1.0,One,9128.0,False,2.0,Lakeport Unified,94536,0.0,9128.0,1162.5712476250792,1.5,53.0,0,526.3333333333334,0.17298422436459246,14.422936438118741,14.316285845876763,14.181001670550758,1441221.6364579876
True,True,2025-12-29,1058000.0,33.645717,-116.25409,2450.0,313 - La Quinta South of HWY 111,True,3.0,0.25,1997.0,3.0,La Quinta,3.0,True,1.0,One,10890.0,False,3.0,Coachella Valley Unified,92253,963.38,10890.0,431.83673469387753,1.0,28.0,0,816.6666666666666,0.22497704315886133,13.871890891400382,13.545013310266594,13.71437707499587,903812.3812740425
True,False,2025-12-19,1681000.0,32.92275774,-117.07034702,2320.0,92131 - Scripps Miramar,True,4.0,0.1882,1978.0,3.0,San Diego,5.0,True,2.0,Two,8200.0,False,2.0,Los Angeles Unified,92131,166.0,8200.0,724.5689655172414,1.6666666666666667,47.0,0,464.0,0.28292682926829266,14.334899412390753,14.323804784559034,14.333053592735816,1677900.0390246431
False,True,2025-12-23,403000.0,37.124078,-120.272745,2023.0,C42 - Downtown L.A.,True,3.0,0.19,1996.0,3.0,Chowchilla,3.0,True,1.0,One,8276.0,False,3.0,Chowchilla Union,93610,0.0,8276.0,199.20909540286704,1.0,29.0,0,674.3333333333334,0.2444417593040116,12.90669184092882,12.896716695872,13.065661080402137,472437.6598575722
True,False,2025-12-29,1160000.0,34.165442,-118.824631,1699.0,WV - Westlake Village,True,2.0,0.16,1970.0,2.0,Westlake Village,3.0,True,1.0,One,6969.0,False,2.0,Conejo Valley Unified,91362,40.0,6969.0,682.7545615067687,1.5,55.0,0,566.3333333333334,0.2437939446118525,13.963930563082547,14.119312012295937,13.977985461360998,1176418.793962451
False,False,2025-12-11,755000.0,34.19631,-118.433761,1422.0,VN - Van Nuys,True,1.0,0.1551,1948.0,2.0,Van Nuys,4.0,False,1.0,One,6757.0,False,1.0,Los Angeles Unified,91405,0.0,6757.0,530.9423347398031,2.0,77.0,0,355.5,0.21044842385674115,13.534473028231162,13.68482817589707,13.66740503475805,862340.1132471286
True,False,2025-12-12,1200000.0,33.787941,-118.071555,1323.0,52 - Los Alamitos,True,2.0,0.1764,1961.0,2.0,Los Alamitos,3.0,True,1.0,One,7684.0,False,2.0,Los Alamitos Unified,90720,0.0,7684.0,907.02947845805,1.5,64.0,0,441.0,0.17217595002602812,13.997832114758229,14.283636643008586,14.110566210309166,1343201.1088976169
True,False,2025-12-23,740000.0,33.85602,-117.60291200000002,1500.0,248 - Corona,True,2.0,0.18,1976.0,2.0,Corona,4.0,True,1.0,One,7841.0,False,2.0,Corona-Norco Unified,92882,150.0,7841.0,493.3333333333333,2.0,49.0,0,375.0,0.19130212983037878,13.514405465180353,13.623138665316818,13.515938854156177,741135.5782611984
False,False,2025-12-30,640000.0,34.881646999999994,-120.413036,1546.0,ORCT - Orcutt,True,2.0,0.1,1989.0,3.0,Santa Maria,3.0,True,2.0,Two,4356.0,False,2.0,Orcutt Union,93455,185.0,4356.0,413.9715394566624,1.0,36.0,0,515.3333333333334,0.3549127640036731,13.369223455335854,13.538369041771391,13.402357596278529,661561.0815898264
True,True,2025-12-15,4200000.0,33.473162,-117.71578999999998,1425.0,MB - Monarch Beach,True,4.0,0.1263,1972.0,2.0,Dana Point,3.0,True,1.0,One,5500.0,False,2.0,Capistrano Unified,92629,387.0,5500.0,2947.368421052632,1.5,53.0,0,475.0,0.2590909090909091,15.250595083253597,14.716674768252918,14.513355225841556,2009417.075614576
False,False,2025-12-12,1250000.0,32.81469033,-117.04519868,1789.0,92119 - San Carlos,True,4.0,0.1676,1974.0,3.0,San Diego,4.0,True,2.0,Two,7300.0,False,2.0,Other,92119,391.29,7300.0,698.714365567356,1.3333333333333333,51.0,0,447.25,0.24506849315068494,14.038654109278484,13.8878312195439,13.840510521976741,1025315.0836258677
True,False,2025-12-29,1195000.0,37.68385687,-122.10260804,2036.0,M1 - Norwalk,False,4.0,0.3702,1929.0,3.0,Hayward,4.0,False,1.0,One,16128.0,False,0.0,Corona-Norco Unified,94541,650.0,16128.0,586.9351669941061,1.3333333333333333,96.0,0,509.0,0.12624007936507936,13.993656743347747,13.647074399642998,13.858616526443761,1044048.5252235715
True,False,2025-12-22,1620000.0,33.498464,-117.645505,2559.0,OR - Ortega/Orange County,True,2.0,0.1641,1983.0,3.0,San Juan Capistrano,4.0,True,2.0,Two,7150.0,False,2.0,Capistrano Unified,92675,80.0,7150.0,633.0597889800704,1.3333333333333333,42.0,0,639.75,0.3579020979020979,14.297936707208567,14.32231001513485,14.354309762729496,1713947.5259898936
True,False,2025-12-29,480000.0,34.174402,-117.292767,980.0,274 - San Bernardino,True,1.0,0.1653,1955.0,1.0,San Bernardino,3.0,False,1.0,One,7200.0,False,1.0,San Bernardino City Unified,92407,0.0,7200.0,489.7959183673469,3.0,70.0,0,326.6666666666667,0.1361111111111111,13.081541382884074,13.304684934198283,13.124248702151885,500943.5515448332
True,False,2025-12-26,1160000.0,33.796537,-118.100908,1824.0,"33 - Lakewood Plaza, Rancho",True,1.0,0.127,1952.0,2.0,Long Beach,4.0,True,1.0,One,5534.0,False,1.0,Long Beach Unified,90815,0.0,5534.0,635.9649122807018,2.0,73.0,0,456.0,0.32959884351282975,13.963930563082547,13.937728190688523,13.929623704466367,1120878.9412410755
False,False,2025-12-12,999000.0,33.917107,-117.916268,1920.0,83 - Fullerton,True,4.0,0.1865,1977.0,2.0,Fullerton,4.0,True,1.0,One,8125.0,False,2.0,Call Listing Office,92835,0.0,8125.0,520.3125,2.0,48.0,0,480.0,0.2363076923076923,13.81451005763069,14.145874202616191,14.079005862789677,1301471.1842928547
True,False,2025-12-29,980000.0,37.73040434,-122.14745363,1109.0,APPV - Apple Valley,True,1.0,0.1001,1937.0,3.0,San Leandro,3.0,True,2.0,Two,4360.0,False,1.0,Simi Valley Unified,94577,150.0,4360.0,883.6789900811542,1.0,88.0,0,369.6666666666667,0.2543577981651376,13.795307850646754,13.667799101765917,13.628788374780719,829674.2018157701
True,False,2025-12-15,450000.0,34.249218,-116.881089,1112.0,289 - Big Bear Area,False,2.0,0.1791,1988.0,3.0,Big Bear Lake,2.0,True,2.0,Two,7800.0,False,2.0,Other,92315,0.0,7800.0,404.67625899280574,0.6666666666666666,37.0,0,556.0,0.14256410256410257,13.017002861746503,13.398478813484644,13.171320495315523,525087.65803164
False,False,2025-12-18,680000.0,34.242242,-119.161723,1152.0,VC36 - El Rio / Nyeland Acres,True,2.0,0.14,1955.0,2.0,Oxnard,4.0,False,1.0,One,6098.0,False,2.0,Irvine Unified,93036,235.0,6098.0,590.2777777777778,2.0,70.0,0,288.0,0.18891439816333225,13.42984807715229,13.641157170819497,13.55103950933297,767611.8719601971
False,False,2025-12-15,660000.0,33.888459000000005,-117.473361,1570.0,252 - Riverside,True,2.0,0.18,1978.0,2.0,Riverside,4.0,True,1.0,One,7841.0,False,2.0,Alvord Unified,92503,0.0,7841.0,420.3821656050956,2.0,47.0,0,392.5,0.20022956255579646,13.399995114002609,13.399995114002609,13.364873408113617,637222.0163384498
False,False,2025-12-23,860000.0,34.059257,-118.114288,933.0,641 - Monterey Park,False,2.0,0.1366,1948.0,1.0,Monterey Park,2.0,False,1.0,One,5951.0,False,2.0,Alhambra,91755,0.0,5951.0,921.7577706323686,2.0,77.0,0,466.5,0.1567803730465468,13.664687668229691,13.792750300313369,13.561248445824921,775488.5104525242
False,False,2025-12-08,1555000.0,37.80275923,-121.93408423,1618.0,222 - Idyllwild,True,2.0,0.1183,1989.0,2.0,Danville,3.0,True,1.0,One,5153.0,False,2.0,Upland,94506,400.0,5153.0,961.0630407911,1.5,36.0,0,539.3333333333334,0.31399184940811176,14.256986103595471,14.68050799545088,14.273362165924846,1580674.4261554084
True,False,2025-12-10,770000.0,33.899299,-118.028659,1998.0,M3 - La Mirada,False,2.0,0.1722,1954.0,3.0,La Mirada,4.0,True,1.0,One,7503.0,False,2.0,Norwalk - La Mirada,90638,0.0,7503.0,385.3853853853854,1.3333333333333333,71.0,0,499.5,0.26629348260695723,13.554145793829866,13.709037694795391,13.84860204283777,1033645.0978069132
True,False,2025-12-24,950000.0,33.978645,-117.909757,2180.0,652 - Rowland Heights,True,2.0,0.2011,1965.0,2.0,Rowland Heights,4.0,True,2.0,Two,8760.0,False,2.0,Rowland Unified,91748,0.0,8760.0,435.7798165137615,2.0,60.0,0,545.0,0.24885844748858446,13.764217263576723,13.9016461684345,13.918527104988586,1108509.7514620582
False,False,2025-12-26,825000.0,35.362025,-120.839669,780.0,MRBY - Morro Bay,True,1.0,0.1148,1953.0,1.0,Morro Bay,2.0,True,1.0,One,5000.0,False,1.0,San Luis Coastal Unified,93442,0.0,5000.0,1057.6923076923076,2.0,72.0,0,390.0,0.156,13.623138665316818,13.883057393779731,13.54050044753154,759564.4436609322
True,False,2025-12-30,1280000.0,34.1381,-118.20015,1263.0,618 - Eagle Rock,True,4.0,0.1606,1947.0,1.0,Los Angeles,3.0,True,1.0,One,6995.0,False,2.0,Santa Paula,90041,0.0,6995.0,1013.4600158353128,3.0,78.0,0,421.0,0.18055754110078628,14.0623706358958,14.115615150414612,13.86944694595992,1055417.4627994294
True,False,2025-12-30,706875.0,34.28023,-118.750479,1650.0,SVC - Central Simi,True,4.0,0.14,1968.0,2.0,Simi Valley,3.0,True,1.0,One,6098.0,False,2.0,Simi Valley Unified,93065,0.0,6098.0,428.4090909090909,1.5,57.0,0,550.0,0.2705805182026894,13.468609125852522,13.676248490630767,13.65029145614635,847707.9493862834
True,False,2025-12-23,1275000.0,32.737592,-117.123485,1021.0,92104 - North Park,False,0.0,0.0476,1943.0,2.0,San Diego,3.0,True,1.0,One,2073.0,False,0.0,San Diego Unified,92104,0.0,2073.0,1248.7757100881488,1.5,82.0,0,340.3333333333333,0.49252291365171247,14.058456736574664,13.980515688011007,13.740758577856182,927973.6137046542
False,False,2025-12-10,1045200.0,33.807537,-117.846471,1649.0,699 - Not Defined,True,5.0,0.1625,1959.0,2.0,Orange,3.0,True,1.0,One,7080.0,False,2.0,Orange Unified,92867,0.0,7080.0,633.8386901152213,1.5,66.0,0,549.6666666666666,0.23290960451977402,13.859718812628595,14.026983356405268,13.985599547448851,1185410.3356815812
False,False,2025-12-26,3450000.0,33.879519,-118.391344,3508.0,147 - Manhattan Bch Mira Costa,True,3.0,0.1148,2006.0,5.0,Manhattan Beach,5.0,True,1.0,ThreeOrMore,5000.0,False,3.0,Manhattan Unified,90266,0.0,5000.0,983.466362599772,1.0,19.0,0,701.6,0.7016,15.053884789007542,15.040754419423045,15.289642608674239,4367243.5814869255
False,False,2025-12-22,1800000.0,37.78446395,-121.95554046,2362.0,91941 - La Mesa,True,6.0,0.2479,1979.0,3.0,San Ramon,4.0,True,1.0,One,10800.0,False,3.0,San Ramon Valley,94582,180.0,10800.0,762.0660457239627,1.3333333333333333,46.0,0,590.5,0.2187037037037037,14.403297222866392,14.516102044771095,14.507603289815796,1997892.214054534
True,True,2025-12-29,530000.0,33.688784000000005,-117.157173,1329.0,SRCAR - Southwest Riverside County,True,2.0,0.2,1989.0,2.0,Menifee,3.0,True,1.0,One,8712.0,False,2.0,Menifee Union,92584,100.0,8712.0,398.7960872836719,1.5,36.0,0,443.0,0.15254820936639119,13.180632285528304,13.353475098367715,13.261671861713756,574739.3207202323
True,False,2025-12-18,360000.0,34.110921000000005,-117.208397,1386.0,276 - Highland,True,2.0,0.2479,1962.0,2.0,Highland,3.0,True,1.0,One,10800.0,False,2.0,San Bernardino City Unified,92346,0.0,10800.0,259.7402597402597,1.5,63.0,0,462.0,0.12833333333333333,12.793859310432293,13.28681753563043,13.215100522939343,548586.6502303325
False,False,2025-12-22,569990.0,33.622378000000005,-117.07992,2154.0,SRCAR - Southwest Riverside County,True,2.0,0.1267,2025.0,3.0,French Valley,3.0,False,2.0,Two,5520.0,True,2.0,Temecula Unified,92596,152.0,5520.0,264.619312906221,1.0,0.0,0,718.0,0.39021739130434785,13.253374095797188,13.337474757021274,13.340770164581679,622046.5228989141
False,False,2025-12-23,615000.0,34.218882,-118.45873600000002,1184.0,PC - Panorama City,True,2.0,0.1651,1953.0,2.0,Panorama City,3.0,False,1.0,One,7193.0,False,2.0,Los Angeles Unified,91402,0.0,7193.0,519.4256756756756,1.5,72.0,0,394.6666666666667,0.16460447657444738,13.329377546788654,13.554145793829866,13.516202088408495,741330.6962107449
True,False,2025-12-10,750000.0,33.464162,-117.100623,2081.0,SRCAR - Southwest Riverside County,True,2.0,0.13,2008.0,2.0,Temecula,3.0,True,1.0,One,5663.0,False,2.0,Temecula Unified,92592,52.0,5663.0,360.4036520903411,1.5,17.0,0,693.6666666666666,0.36747307081052444,13.527828485512494,13.580420735596498,13.509885633788674,736662.8720790709
True,False,2025-12-05,280000.0,33.74945,-116.895232,880.0,SRCAR - Southwest Riverside County,True,0.0,0.19,1950.0,1.0,Hemet,2.0,True,1.0,One,8276.0,False,0.0,Hemet Unified,92544,0.0,8276.0,318.1818181818182,2.0,75.0,0,440.0,0.10633156114064765,12.542544882151386,13.081541382884074,12.818432258601032,368955.8464702736
True,False,2025-12-22,235000.0,39.476529,-121.525505,954.0,LAC - Lancaster,True,2.0,0.15,1976.0,1.0,Oroville,2.0,False,1.0,One,6534.0,False,2.0,Oroville Union,95966,0.0,6534.0,246.33123689727464,2.0,49.0,0,477.0,0.14600550964187328,12.367340793126296,12.821258284620408,12.496400526214009,267373.14972576173
True,False,2025-12-19,1308888.0,37.66413961,-122.43761448,1350.0,604 - Altadena,True,2.0,0.1347,1956.0,2.0,South San Francisco,3.0,True,1.0,One,5869.0,False,2.0,Menifee Union,94080,0.0,5869.0,969.5466666666666,1.5,69.0,0,450.0,0.23002215028113818,14.084688479734117,14.045827997585093,13.917877336416893,1107789.7106194317
True,False,2025-12-19,850000.0,32.693132,-117.070309,2139.0,92114 - Encanto,True,4.0,0.1263,1968.0,3.0,San Diego,4.0,False,2.0,Two,5500.0,False,2.0,San Diego Unified,92114,0.0,5500.0,397.3819541841982,1.3333333333333333,57.0,0,534.75,0.3889090909090909,13.652991628466498,13.547631112808673,13.682824044059608,875739.581264116
True,False,2025-12-17,1531000.0,34.177875,-118.195345,2324.0,624 - Glendale-Chevy Chase/E. Glenoaks,True,2.0,0.2269999999999999,1960.0,3.0,Glendale,3.0,True,1.0,One,9886.0,False,2.0,El Rancho Unified,91206,0.0,9886.0,658.7779690189328,1.0,65.0,0,774.6666666666666,0.23507991098523165,14.24143167463982,14.269765830241871,14.421126426609888,1832380.3670664039
True,False,2025-12-29,733900.0,34.085569,-117.194685,2418.0,268 - Redlands,True,2.0,0.0803,2025.0,3.0,Redlands,5.0,False,2.0,Two,3500.0,True,2.0,Redlands Unified,92374,84.0,3500.0,303.5153019023987,1.6666666666666667,0.0,0,483.6,0.6908571428571428,13.506128058533154,13.299666780812677,13.383567740302903,649246.501056985
True,False,2025-12-12,1005000.0,37.09988837,-122.09939352,2537.0,150 - Hermosa Bch East,True,2.0,0.789,1956.0,3.0,Ben Lomond,4.0,True,1.0,One,34369.0,False,2.0,Yucaipa/Calimesa Unified,95005,85.0,34369.0,396.1371698856918,1.3333333333333333,69.0,0,634.25,0.07381652070179522,13.820498099475314,13.849911984681606,14.148614479743411,1395292.2921930917
True,True,2025-12-19,531000.0,39.773124,-121.875575,1750.0,699 - Not Defined,True,2.0,0.1,2014.0,3.0,Chico,4.0,False,2.0,Two,0.1,False,2.0,Chico Unified,95973,0.0,4356.0,303.42857142857144,1.3333333333333333,11.0,0,437.5,0.4017447199265381,13.182517300224076,13.151922179645874,13.202748311734295,541852.0711622703
False,False,2025-12-16,1060000.0,37.96238488,-122.07457635,1649.0,274 - San Bernardino,True,2.0,0.1736,1965.0,2.0,Pleasant Hill,4.0,True,2.0,Two,7560.0,False,2.0,Hayward,94523,786.0,7560.0,642.8138265615524,2.0,60.0,0,412.25,0.21812169312169313,13.87377946608825,13.92391643180806,13.839822457474135,1024609.843366056
False,False,2025-12-19,399000.0,35.42005,-119.139803,1708.0,BKSF - Bakersfield,True,2.0,0.17,2004.0,2.0,Bakersfield,3.0,False,1.0,One,7405.0,False,2.0,Los Angeles Unified,93312,150.0,7405.0,233.6065573770492,1.5,21.0,0,569.3333333333334,0.23065496286293044,12.896716695872,13.06577902835151,13.04308059765189,461889.3308028353
False,False,2025-12-19,905500.0,33.835743,-118.306159,1365.0,122 - Harbor Gateway,False,2.0,0.1286,1958.0,2.0,Torrance,4.0,False,1.0,One,5600.0,False,2.0,Los Angeles Unified,90501,0.0,5600.0,663.3699633699633,2.0,67.0,0,341.25,0.24375,13.716242556305605,13.9016461684345,13.744854460600557,931782.2794157506
False,True,2025-12-22,995000.0,33.792447,-117.942041,1531.0,699 - Not Defined,True,2.0,0.1597,1956.0,2.0,Garden Grove,3.0,True,1.0,One,6958.0,False,2.0,Garden Grove Unified,92840,0.0,6958.0,649.9020248203789,1.5,69.0,0,510.3333333333333,0.22003449267030756,13.81049801614073,13.864300722133706,13.812922226740394,997415.0156171817
False,False,2025-12-18,415000.0,33.785588,-116.97768899999998,1315.0,SRCAR - Southwest Riverside County,True,2.0,0.16,1984.0,2.0,San Jacinto,3.0,True,1.0,One,6970.0,False,2.0,San Jacinto Unified,92582,0.0,6970.0,315.5893536121673,1.5,41.0,0,438.3333333333333,0.18866571018651362,12.936033799212835,13.154789908438397,13.066207668836151,472695.9594035845
True,False,2025-12-30,1830000.0,33.632326,-117.70696,2425.0,LS - Lake Forest South,True,4.0,0.0771,1977.0,3.0,Lake Forest,4.0,True,2.0,Two,3360.0,False,2.0,Saddleback Valley Unified,92630,280.0,3360.0,754.639175257732,1.3333333333333333,48.0,0,606.25,0.7217261904761905,14.419826524817603,14.077874822431765,14.195745344071652,1462627.9538478758
True,False,2025-12-24,1040000.0,34.260562,-118.509863,1550.0,GH - Granada Hills,True,4.0,0.1453,1967.0,2.0,Granada Hills,3.0,False,1.0,One,6328.0,False,2.0,Los Angeles Unified,91344,0.0,6328.0,670.9677419354839,1.5,58.0,0,516.6666666666666,0.24494310998735777,13.854731271117556,13.892471599100402,13.765363326180832,951089.3836055709
True,False,2025-12-12,659000.0,34.272848,-117.178227,1820.0,287A - Arrowhead Woods,True,0.0,0.2204,1979.0,2.0,Lake Arrowhead,4.0,True,2.0,ThreeOrMore,9600.0,False,0.0,Rim of the World,92352,0.0,9600.0,362.0879120879121,2.0,46.0,0,455.0,0.18958333333333333,13.398478813484644,13.412043452518782,13.395607521967555,657110.5327939321
True,False,2025-12-18,1480000.0,37.89286732,-122.10248523,1932.0,252 - Riverside,True,2.0,0.2732,1950.0,2.0,Lafayette,3.0,True,1.0,One,11900.0,False,2.0,Acalanes,94549,0.0,11900.0,766.0455486542443,1.5,75.0,0,644.0,0.1623529411764706,14.207552645740298,14.527484500631974,14.472372596248094,1928730.5459320978
False,False,2025-12-16,1150000.0,33.652333,-117.675374,1465.0,LN - Lake Forest North,True,2.0,0.0918,1985.0,3.0,Lake Forest,4.0,True,2.0,Two,4000.0,False,2.0,Saddleback Valley Unified,92630,84.0,4000.0,784.9829351535836,1.3333333333333333,40.0,0,366.25,0.36625,13.955272500339433,14.077874822431765,13.933820127965001,1125592.5071113694
False,False,2025-12-17,780000.0,34.057275,-117.978633,1499.0,633 - Industry/La Puente/Valinda,True,2.0,0.1404,1954.0,2.0,La Puente,4.0,False,1.0,One,6115.0,False,2.0,Bassett Unified,91746,0.0,6115.0,520.3468979319547,2.0,71.0,0,374.75,0.24513491414554375,13.567049198665774,13.541073712262515,13.510294843371057,736964.3832717387
False,False,2025-12-29,563000.0,33.883387,-117.443892,1209.0,252 - Riverside,True,4.0,0.13,1986.0,2.0,Riverside,3.0,True,1.0,One,5662.0,False,2.0,Alvord Unified,92503,75.0,5662.0,465.6741108354012,1.5,39.0,0,403.0,0.21352878841398798,13.241034907121827,13.399995114002609,13.29231267688816,592622.3786379996
False,False,2025-12-18,905000.0,33.866584,-118.31433,1619.0,133 - N Torrance - East,True,2.0,0.1171,1961.0,2.0,Torrance,4.0,True,1.0,One,5102.0,False,2.0,Torrance Unified,90504,0.0,5102.0,558.9870290302656,2.0,64.0,0,404.75,0.3173265386123089,13.715690222682063,13.822979494146377,13.793975876983588,978695.5347596288
True,True,2025-12-03,1940000.0,33.640258,-116.254987,3669.0,313 - La Quinta South of HWY 111,True,3.0,0.38,2004.0,4.0,La Quinta,3.0,True,1.0,One,16553.0,False,3.0,Compton Unified,92253,532.0,16553.0,528.7544289997275,0.75,21.0,0,1223.0,0.22165166435087294,14.47819853103951,13.545013310266594,14.409153104558936,1810571.5095920567
False,False,2025-12-05,245000.0,33.973532,-116.50887,1890.0,340 - Desert Hot Springs,True,6.0,0.18,1981.0,2.0,Desert Hot Springs,2.0,False,1.0,One,7841.0,False,2.0,Riverside Unified,92240,0.0,7841.0,129.62962962962962,1.0,44.0,0,945.0,0.24104068358627725,12.409013489526863,12.911642346088676,12.904392310466635,402074.35390732216
True,False,2025-12-29,3780000.0,34.124189,-118.102461,2700.0,655 - San Marino,False,7.0,0.1951,2025.0,3.0,San Marino,4.0,True,1.0,One,8498.0,True,2.0,San Marino Unified,91108,0.0,8498.0,1400.0,1.3333333333333333,0.0,0,675.0,0.31772181689809365,15.14523456759577,14.878494177522658,15.099877086852782,3612378.8945929846
False,False,2025-12-23,555000.0,33.912717,-117.238718,1336.0,259 - Moreno Valley,True,2.0,0.17,1978.0,2.0,Moreno Valley,3.0,True,1.0,One,7405.0,False,2.0,Riverside Unified,92553,0.0,7405.0,415.4191616766467,1.5,47.0,0,445.3333333333333,0.18041863605671843,13.226723392728571,13.159174447339636,13.079055319477261,478808.17165898514
False,True,2025-12-18,701000.0,34.261368,-118.501798,1887.0,GH - Granada Hills,False,2.0,0.1573,1962.0,2.0,Granada Hills,3.0,True,1.0,One,6851.0,False,2.0,Los Angeles Unified,91344,0.0,6851.0,371.48913619501855,1.5,63.0,0,629.0,0.27543424317617865,13.460263166016727,13.892471599100402,13.829823431326423,1014415.7929729847
True,False,2025-12-24,780000.0,34.427335,-118.46445,1400.0,CAN1 - Canyon Country 1,True,4.0,0.2082,1967.0,2.0,Canyon Country,3.0,True,1.0,One,9068.0,False,2.0,William S. Hart Union,91351,0.0,9068.0,557.1428571428571,1.5,58.0,0,466.6666666666667,0.15438906043228937,13.567049198665774,13.527828485512494,13.472115290255942,709357.7699189944
False,False,2025-12-18,325000.0,35.332592,-119.071416,1652.0,BKSF - Bakersfield,True,2.0,0.1903,1977.0,2.0,Bakersfield,3.0,True,1.0,One,8290.0,False,2.0,Other,93309,0.0,8290.0,196.7312348668281,1.5,48.0,0,550.6666666666666,0.19927623642943304,12.691580461311874,12.80765263256463,12.776134220187487,353675.18704473437
True,False,2025-12-09,705000.0,35.650323,-120.681839,1573.0,PRNE - PR North 46-East 101,True,2.0,0.1205,2006.0,2.0,Paso Robles,2.0,True,1.0,One,5250.0,False,2.0,Paso Robles Joint Unified,93446,395.0,5250.0,448.1881754609027,1.0,19.0,0,786.5,0.2996190476190476,13.465953081794405,13.591116224748411,13.34049488626455,621875.3105455196
False,False,2025-12-05,1050000.0,33.871788,-118.089874,1860.0,RC - Artesia,True,2.0,0.1934,1979.0,3.0,Artesia,3.0,True,2.0,Two,8424.0,False,2.0,ABC Unified,90701,0.0,8424.0,564.516129032258,1.0,46.0,0,620.0,0.2207977207977208,13.864300722133706,13.715690222682063,13.742222352871323,929332.952935793
True,False,2025-12-31,730000.0,34.195015000000005,-118.89059,1395.0,TOW - Thousand Oaks West,True,2.0,0.02,1981.0,3.0,Thousand Oaks,2.0,True,2.0,Two,871.0,False,2.0,Conejo Valley Unified,91360,606.0,871.0,523.2974910394265,0.6666666666666666,44.0,0,697.5,1.6016073478760047,13.500799813124575,13.909911233385758,13.537267459829758,757112.7464448101
True,False,2025-12-24,2251000.0,33.420406,-117.609917,2170.0,SW - San Clemente Southwest,False,6.0,0.1225,1952.0,4.0,San Clemente,3.0,True,2.0,Two,5335.0,False,2.0,Capistrano Unified,92672,0.0,5335.0,1037.327188940092,0.75,73.0,0,723.3333333333334,0.40674789128397376,14.62688511988887,14.43202387032261,14.585295218635327,2159301.2212408376
True,False,2025-12-30,1200000.0,34.141352000000005,-118.217472,1029.0,618 - Eagle Rock,False,1.0,0.1652,1922.0,1.0,Los Angeles,2.0,True,1.0,One,7196.0,False,1.0,Los Angeles Unified,90041,0.0,7196.0,1166.1807580174927,2.0,103.0,0,514.5,0.14299610894941633,13.997832114758229,14.115615150414612,13.822556963134716,1007071.2894973675
True,False,2025-12-01,3800000.0,34.060590000000005,-118.474454,2845.0,C06 - Brentwood,True,2.0,0.1562,1951.0,5.0,Los Angeles,4.0,True,1.0,One,6805.0,False,2.0,Long Beach Unified,90049,0.0,6805.0,1335.676625659051,0.8,74.0,0,711.25,0.4180749448934607,15.150511624696614,15.137266397946593,15.173084966811528,3886754.182143465
True,False,2025-12-22,1845000.0,33.830324,-118.388059,1288.0,157 - S Redondo Bch W of PCH,False,0.0,0.1459,1940.0,2.0,Redondo Beach,3.0,True,2.0,Two,6355.0,False,2.0,Long Beach Unified,90277,0.0,6355.0,1432.4534161490683,1.5,85.0,0,429.3333333333333,0.2026750590086546,14.427989835456765,14.508657738524219,14.31429290099326,1646714.915525684
False,False,2025-12-19,1230000.0,34.19852,-118.6252,1766.0,WEH - West Hills,True,2.0,0.1723,1956.0,3.0,West Hills,4.0,True,1.0,One,7507.0,False,2.0,Los Angeles Unified,91307,0.0,7507.0,696.489241223103,1.3333333333333333,69.0,0,441.5,0.2352471027041428,14.0225247273486,13.849911984681606,13.861024640905011,1046565.7432335065
True,False,2025-12-18,840000.0,37.8510816,-122.27231435,1204.0,59 - Westminster North of 405 & Westminster,True,1.0,0.0909,1910.0,3.0,Berkeley,2.0,False,1.0,One,3960.0,False,1.0,Corona-Norco Unified,94703,0.0,3960.0,697.6744186046511,0.6666666666666666,115.0,0,602.0,0.30404040404040406,13.641157170819497,14.226294827550038,14.035787871083915,1246422.3319305307
False,False,2025-12-23,290000.0,36.935079,-120.05512,1056.0,M1 - Norwalk,True,1.0,0.15,1970.0,2.0,Madera,3.0,False,1.0,One,6534.0,False,1.0,Madera Unified,93637,0.0,6534.0,274.6212121212121,1.5,55.0,0,352.0,0.16161616161616163,12.577636201962656,12.92391243868049,12.752141762137242,345290.635162531
False,False,2025-12-10,340000.0,37.73867828,-122.1701742,902.0,84 - Placentia,True,0.0,0.1148,1950.0,1.0,Oakland,2.0,False,1.0,One,5000.0,False,0.0,Irvine Unified,94603,415.0,5000.0,376.940133037694,2.0,75.0,0,451.0,0.1804,12.736700896592344,13.146062737589267,12.916194903976269,406847.9892918374
False,False,2025-12-19,720000.0,33.940153,-118.001077,1044.0,670 - Whittier,False,2.0,0.1444,1953.0,1.0,Whittier,2.0,False,1.0,One,6288.0,False,2.0,Whittier Union High,90603,0.0,6288.0,689.6551724137931,2.0,72.0,0,522.0,0.16603053435114504,13.487006490992238,13.711260536590475,13.518490131188681,743028.8345236613
False,False,2025-12-04,765000.0,34.137834000000005,-117.881682,1357.0,629 - Glendora,True,2.0,0.081,1977.0,2.0,Glendora,3.0,True,1.0,One,3528.0,False,2.0,Glendora Unified,91741,310.0,3528.0,563.7435519528372,1.5,48.0,0,452.3333333333333,0.38463718820861675,13.547631112808673,13.868095806767045,13.628422614466613,829370.7954095026
True,False,2025-12-11,1615000.0,37.89409253,-122.04809459,2004.0,641 - Monterey Park,True,2.0,0.3673,1960.0,3.0,Walnut Creek,4.0,True,1.0,One,16000.0,False,1.0,Redlands Unified,94596,69.0,16000.0,805.8882235528943,1.3333333333333333,65.0,0,501.0,0.12525,14.294845514638894,14.269765830241871,14.285092419910056,1599325.3146101928
False,False,2025-12-03,300000.0,38.08932815,-122.2282018,875.0,682 - Chino Hills,False,1.0,0.15,1944.0,1.0,Vallejo,3.0,False,1.0,One,6534.0,False,1.0,Pasadena Unified,94591,264.0,6534.0,342.85714285714283,3.0,81.0,0,291.6666666666667,0.13391490664217937,12.611537753638338,13.304684934198283,13.151794723574307,514934.36430606607
False,False,2025-12-29,640000.0,37.7466295,-122.1782515,1407.0,NOH - North Hills,False,6.0,0.1,1944.0,2.0,Oakland,3.0,True,1.0,One,4355.0,False,0.0,Hesperia Unified,94603,244.0,4355.0,454.8685145700071,1.5,81.0,0,469.0,0.3230769230769231,13.369223455335854,13.146062737589267,13.123837380447569,500737.5449598398
True,False,2025-12-18,1035000.0,33.753060999999995,-117.803544,1437.0,71 - Tustin,True,2.0,0.0735,1984.0,2.0,Tustin,2.0,True,2.0,Two,3200.0,False,2.0,Tustin Unified,92780,70.0,3200.0,720.250521920668,1.0,41.0,0,718.5,0.4490625,13.849911984681606,14.077874822431765,13.788815999745728,973658.5921252826
True,False,2025-12-19,675000.0,33.683733000000004,-116.221673,2620.0,314 - Indio South of East Valley,True,6.0,0.1843,2019.0,4.0,Indio,5.0,False,2.0,Two,8028.0,False,2.0,San Ramon Valley,92201,166.0,8028.0,257.6335877862596,1.25,6.0,0,524.0,0.32635774788241156,13.422467969854667,13.235692062711331,13.448922719632877,693095.2534780987
True,True,2025-12-30,847500.0,33.563893,-117.121202,2732.0,SRCAR - Southwest Riverside County,True,2.0,0.1,2019.0,5.0,Murrieta,4.0,True,2.0,Two,4356.0,False,2.0,Murrieta,92563,100.0,4356.0,310.21229868228403,0.8,6.0,0,683.0,0.6271808999081726,13.650046118236743,13.458835614025542,13.765181221229668,950916.2012889732
True,False,2025-12-17,1899000.0,34.202296999999994,-118.321731,1828.0,610 - Burbank,False,2.0,0.1385,1951.0,4.0,Burbank,3.0,True,1.0,One,6033.0,False,2.0,Burbank Unified,91504,0.0,6033.0,1038.840262582057,0.75,74.0,0,609.3333333333334,0.3030001657550141,14.456837989794423,14.151982794585487,14.239968335998215,1528761.2669514853
False,False,2025-12-29,360000.0,33.914757,-117.439868,924.0,252 - Riverside,True,0.0,0.09,1949.0,1.0,Riverside,3.0,False,1.0,One,3920.0,False,0.0,Riverbank Unified,92503,0.0,3920.0,389.6103896103896,3.0,76.0,0,308.0,0.2357142857142857,12.793859310432293,13.399995114002609,13.27440593804123,582104.8924438148
False,False,2025-12-08,945000.0,32.7957607,-116.99197279999998,2567.0,92020 - El Cajon,True,4.0,0.14,1959.0,3.0,El Cajon,4.0,False,2.0,Two,5584.0,False,2.0,Garden Grove Unified,92020,0.0,7045.0,368.13400857031553,1.3333333333333333,66.0,0,641.75,0.3643718949609652,13.758940206475879,13.7694117933985,14.004760279198125,1208342.6636303705
False,False,2025-12-16,1355000.0,34.18459,-118.522279,2204.0,ENC - Encino,True,4.0,0.1226,1970.0,4.0,Encino,4.0,True,2.0,Two,5342.0,False,2.0,Los Angeles Unified,91316,0.0,5342.0,614.7912885662432,1.0,55.0,0,551.0,0.41257955821789594,14.119312012295937,14.300596894375873,14.369903085107927,1740883.124251774
True,False,2025-12-23,1100000.0,37.017595,-121.9522372,1768.0,699 - Not Defined,False,0.0,2.049,1950.0,2.0,Soquel,2.0,True,2.0,Two,89254.0,False,0.0,Other,95073,0.0,89254.0,622.1719457013575,1.0,75.0,0,884.0,0.019808636027516972,13.9108207377686,14.276094965293519,14.19392263480763,1459964.4364728862
False,False,2025-12-23,2740000.0,34.124565000000004,-118.032911,3628.0,605 - Arcadia,True,2.0,0.1626,2014.0,5.0,Arcadia,4.0,True,2.0,Two,7081.0,False,2.0,Arcadia Unified,91007,0.0,7081.0,755.2370452039692,0.8,11.0,0,907.0,0.5123570117215083,14.823468478364253,14.550138498881392,14.853134441353422,2822502.4452667874
False,False,2025-12-18,740000.0,34.029271,-117.644214,1196.0,686 - Ontario,True,2.0,0.1649,1981.0,2.0,Ontario,3.0,True,1.0,One,7182.0,False,2.0,Chino Valley Unified,91761,0.0,7182.0,618.7290969899666,1.5,44.0,0,398.6666666666667,0.1665274296853244,13.514405465180353,13.532323657186438,13.37713023363558,645080.3964283124
False,True,2025-12-31,1350000.0,34.214468,-118.631836,1768.0,WEH - West Hills,False,2.0,0.2008,1958.0,3.0,West Hills,4.0,True,1.0,One,8748.0,False,2.0,Los Angeles Unified,91304,0.0,8748.0,763.5746606334842,1.3333333333333333,67.0,0,442.0,0.20210333790580703,14.115615150414612,13.846039762999096,13.839531571497723,1024311.8420756266
True,False,2025-12-15,1325000.0,32.794209,-117.253156,589.0,92109 - Pacific Beach,True,0.0,0.0428,1949.0,1.0,San Diego,2.0,False,1.0,One,1865.0,False,0.0,San Diego Unified,92109,0.0,1865.0,2249.5755517826824,2.0,76.0,0,294.5,0.3158176943699732,14.09692301740246,14.508657738524219,13.945853202901638,1139218.6639647188
True,False,2025-12-11,1390000.0,34.059206,-118.101767,2538.0,651 - Rosemead/S. San Gabriel,True,2.0,0.1594,1989.0,4.0,Rosemead,5.0,True,2.0,Two,6944.0,False,2.0,San Gabriel Unified,91770,0.0,6944.0,547.6753349093775,1.25,36.0,0,507.6,0.3654953917050691,14.144814305106875,13.726664413759128,13.951279394548784,1145417.0844635444
False,False,2025-12-18,925000.0,33.85801,-118.074125,1633.0,RC - Artesia,True,2.0,0.1233,1962.0,2.0,Artesia,4.0,False,2.0,Two,5372.0,False,2.0,ABC Unified,90701,0.0,5372.0,566.4421310471524,2.0,63.0,0,408.25,0.3039836187639613,13.737549016494562,13.715690222682063,13.69993855322028,890856.4240388699
False,False,2025-12-09,690000.0,32.76131186,-117.033025,1164.0,91942 - La Mesa,False,6.0,0.14,1943.0,2.0,La Mesa,3.0,False,1.0,One,6100.0,False,2.0,San Jose Unified,91942,0.0,6100.0,592.7835051546392,1.5,82.0,0,388.0,0.19081967213114753,13.444446876573442,13.683121369918528,13.62882713374503,829706.3597517489
False,False,2025-12-26,1000000.0,33.914559000000004,-117.93913899999998,2183.0,87 - La Habra,True,2.0,0.1377,1963.0,2.0,La Habra,4.0,True,2.0,Two,6000.0,False,2.0,Fullerton Joint Union High,90631,0.0,6000.0,458.0852038479157,2.0,62.0,0,545.75,0.36383333333333334,13.815510557964274,13.792724135316895,13.89562366665839,1083409.6037903547
True,False,2025-12-22,610000.0,34.069891,-117.741482,1126.0,687 - Pomona,False,5.0,0.1349,1928.0,2.0,Pomona,3.0,False,1.0,One,5876.0,False,1.0,Pomona Unified,91767,0.0,5876.0,541.7406749555951,1.5,97.0,0,375.3333333333333,0.19162695711368277,13.321214236149494,13.422467969854667,13.39789580202205,658615.9074222181
False,False,2025-12-18,1250000.0,34.161121,-118.412973,1887.0,VVL - Valley Village,True,2.0,0.1137,1960.0,2.0,Valley Village,3.0,True,1.0,One,4951.0,False,2.0,Perris Union High,91607,0.0,4951.0,662.4271330153683,1.5,65.0,0,629.0,0.3811351242173298,14.038654109278484,14.132142793443558,14.023434268063715,1231119.244001427
False,False,2025-12-18,535000.0,33.947720000000004,-117.283588,1504.0,259 - Moreno Valley,True,2.0,0.35,1990.0,2.0,Moreno Valley,3.0,True,1.0,One,15246.0,False,2.0,Moreno Valley Unified,92557,0.0,15246.0,355.718085106383,1.5,35.0,0,501.3333333333333,0.09864882592155319,13.190022025878143,13.262125319779487,13.21067038301933,546161.7099898593
False,False,2025-12-11,1240000.0,34.002225,-118.418684,1020.0,C28 - Culver City,False,6.0,0.1377,1939.0,1.0,Los Angeles,2.0,True,1.0,One,5999.0,False,2.0,Culver City Unified,90066,0.0,5999.0,1215.686274509804,2.0,86.0,0,510.0,0.17002833805634274,14.03062193758122,14.628660530918916,14.177153772735869,1435686.618792913
False,False,2025-12-04,532000.0,36.66795228,-121.62443794,1061.0,699 - Not Defined,True,1.0,0.14,1952.0,1.0,Salinas,3.0,True,1.0,One,6100.0,False,1.0,Other,93905,0.0,6100.0,501.4137606032045,3.0,73.0,0,353.6666666666667,0.1739344262295082,13.184398768323781,13.403597805863242,13.29100314752817,591846.8301463753
False,True,2025-12-26,1130000.0,34.229939,-118.50476299999998,1319.0,92009 - Carlsbad,True,6.0,0.3818,1953.0,2.0,Sherwood Forest,3.0,True,1.0,One,16632.0,False,2.0,Moreno Valley Unified,91325,450.0,16632.0,856.7096285064442,1.5,72.0,0,439.6666666666667,0.07930495430495431,13.937728190688523,13.955272500339433,13.858832081018761,1044273.598916666
True,False,2025-12-23,494500.0,35.285164,-119.103952,2554.0,BKSF - Bakersfield,True,2.0,0.14,2023.0,4.0,Bakersfield,5.0,True,2.0,Two,6098.0,False,2.0,ABC Unified,93311,0.0,6098.0,193.6178543461237,1.25,2.0,0,510.8,0.4188258445391932,13.111302430044903,13.112313041550827,13.258975154014554,573191.5047106929
False,False,2025-12-31,920000.0,34.016678000000006,-118.305343,1934.0,C34 - Los Angeles Southwest,True,0.0,0.1242,1922.0,3.0,Los Angeles,5.0,False,1.0,One,5411.0,True,0.0,Los Angeles Unified,90062,0.0,5411.0,475.6980351602896,1.6666666666666667,103.0,0,386.8,0.35742007022731476,13.732128949025222,13.567049198665774,13.736862194315504,924364.9076071079
False,False,2025-12-24,629000.0,34.944244,-120.432975,1174.0,SMSE - SM Southeast,False,2.0,0.14,1938.0,2.0,Santa Maria,2.0,True,1.0,One,6098.0,False,2.0,Santa Maria Joint Union,93454,0.0,6098.0,535.7751277683135,1.0,87.0,0,587.0,0.19252213840603477,13.351886535682578,13.422467969854667,13.3425857341418,623176.9174753509
True,True,2025-12-19,411375.0,33.739004,-116.317226,1436.0,324 - East Palm Desert,True,5.0,0.14,1961.0,2.0,Palm Desert,2.0,True,1.0,One,6098.0,False,1.0,Bakersfield City,92211,418.0,6098.0,286.4728412256267,1.0,64.0,0,718.0,0.23548704493276484,12.927260486245642,13.226723392728571,13.065625617461809,472420.90612610185
True,False,2025-12-26,545000.0,34.008808,-117.053868,2213.0,269 - Yucaipa/Calimesa/Oak Glen,True,2.0,0.023,2023.0,3.0,Yucaipa,4.0,False,2.0,Two,1000.0,False,2.0,Yucaipa/Calimesa Unified,92399,227.0,1000.0,246.27202892001807,1.3333333333333333,2.0,0,553.25,2.213,13.208541073645382,13.274219822166483,13.32141042382172,610119.6862201539
False,False,2025-12-09,1100000.0,33.836773,-118.109102,2130.0,23 - Lakewood Park,False,2.0,0.1194,1950.0,2.0,Lakewood,4.0,True,2.0,ThreeOrMore,5201.0,False,2.0,Long Beach Unified,90713,0.0,5201.0,516.4319248826291,2.0,75.0,0,532.5,0.40953662757162085,13.9108207377686,13.721199878493033,13.868843972387626,1054781.2657858925
True,False,2025-12-23,1280000.0,34.159308,-118.00422,1700.0,639 - Monrovia,False,1.0,0.1435,1936.0,2.0,Monrovia,3.0,True,1.0,One,6250.0,False,1.0,Monrovia Unified,91016,0.0,6250.0,752.9411764705883,1.5,89.0,0,566.6666666666666,0.272,14.0623706358958,13.819990428650009,13.91859948300798,1108589.986105926
True,False,2025-12-15,1950000.0,34.094907,-118.394102,2106.0,C03 - Sunset Strip - Hollywood Hills West,True,2.0,0.1299,1952.0,3.0,Los Angeles,4.0,True,2.0,Two,5657.0,False,2.0,ABC Unified,90069,42.0,5657.0,925.925925925926,1.3333333333333333,73.0,0,526.5,0.37228212833657415,14.48333993053993,14.827111469642754,14.65094663095805,2305819.3346223254
True,False,2025-12-23,615000.0,34.012195,-118.114841,828.0,674 - Montebello,False,2.0,0.1538,1938.0,1.0,Montebello,2.0,True,1.0,One,6701.0,False,2.0,Montebello Unified,90640,0.0,6701.0,742.7536231884058,2.0,87.0,0,414.0,0.12356364721683331,13.329377546788654,13.66988634579858,13.422114630434976,674761.5380231978
False,False,2025-12-09,1762500.0,32.92517756,-117.23272813,2734.0,92130 - Carmel Valley,True,4.0,1.9029,2000.0,3.0,San Diego,4.0,True,2.0,Two,82891.0,False,2.0,West Covina,92130,250.0,82891.0,644.6598390636431,1.3333333333333333,25.0,0,683.5,0.032983074157628696,14.38224381366856,14.674172177001793,14.660992110249918,2329099.12757152
False,False,2025-12-08,920000.0,35.109674,-120.598824,1587.0,AG-West of Hwy 101,True,2.0,0.1153,1997.0,2.0,Arroyo Grande,3.0,True,1.0,One,5024.0,False,2.0,Lucia Mar Unified,93420,0.0,5024.0,579.7101449275362,1.5,28.0,0,529.0,0.3158837579617834,13.732128949025222,13.953093847654955,13.759844688659966,945855.1223271191
True,True,2025-12-16,715000.0,33.491762,-117.107624,1539.0,SRCAR - Southwest Riverside County,True,2.0,0.13,1995.0,3.0,Temecula,3.0,True,2.0,Two,5663.0,False,2.0,Temecula Unified,92592,130.0,5663.0,464.5873944119558,1.0,30.0,0,513.0,0.2717640826417093,13.480037821676145,13.580420735596498,13.464718843389582,704130.3986826623
False,False,2025-12-18,1025000.0,37.7083479,-121.4502633,2775.0,92040 - Lakeside,True,2.0,0.1492,2025.0,3.0,Tracy,3.0,True,1.0,One,6500.0,False,2.0,Huntington Beach Union High,95377,375.0,6500.0,369.3693693693694,1.0,0.0,0,925.0,0.4269230769230769,13.840203170554645,13.569648381962956,13.777544101999357,962745.2347094932
True,False,2025-12-22,1815000.0,37.28430482,-121.95345474,1902.0,699 - Not Defined,True,2.0,0.0258,2024.0,4.0,Campbell,4.0,False,1.0,Two,1122.0,False,2.0,Other,95008,145.0,1122.0,954.2586750788644,1.0,1.0,0,475.5,1.695187165775401,14.411596025681089,14.518608069377388,14.363651939854568,1730034.5542935315
True,False,2025-12-12,795000.0,34.870815,-120.40887,1862.0,ORCT - Orcutt,True,4.0,0.26,1979.0,3.0,Santa Maria,4.0,True,1.0,One,11326.0,False,2.0,Orcutt Union,93455,0.0,11326.0,426.9602577873255,1.3333333333333333,46.0,0,465.5,0.16440049443757726,13.58609739363647,13.538369041771391,13.56656962772793,779626.0243495752
False,False,2025-12-11,831000.0,34.186003,-119.218577,1542.0,VC33 - Oxnard - Southwest / Port Huenem,True,2.0,0.1377,1970.0,2.0,Oxnard,4.0,True,1.0,One,6000.0,False,2.0,Los Angeles Unified,93035,0.0,6000.0,538.9105058365759,2.0,55.0,0,385.5,0.257,13.630385073837585,14.077874822431765,13.949741361742575,1143656.7494843334
True,True,2025-12-31,1407000.0,33.811079,-118.09616499999998,1222.0,"33 - Lakewood Plaza, Rancho",False,1.0,0.1224,1954.0,2.0,Long Beach,3.0,True,1.0,One,5330.0,False,1.0,Long Beach Unified,90808,0.0,5330.0,1151.3911620294598,1.5,71.0,0,407.3333333333333,0.22926829268292684,14.156970336096526,13.869051324892304,13.753086475364743,939484.3833183703
True,False,2025-12-18,220000.0,39.522545,-121.528703,819.0,661 - Temple City,True,0.0,0.13,1949.0,1.0,Oroville,2.0,False,1.0,One,5663.0,False,0.0,Oroville Union,95966,0.0,5663.0,268.62026862026863,2.0,76.0,0,409.5,0.1446229913473424,12.301382825334498,12.821258284620408,12.466469745372873,259489.03993361111
True,False,2025-12-22,1150000.0,34.005896,-117.953311,2307.0,631 - Hacienda Heights,True,2.0,0.0848,2025.0,3.0,Hacienda Heights,3.0,True,2.0,Two,3694.0,True,2.0,Hacienda La Puente Unified,91745,114.0,3694.0,498.4828781967924,1.0,0.0,0,769.0,0.6245262587980509,13.955272500339433,13.845069360205818,13.919349441949565,1109421.6949133037
False,False,2025-12-22,876000.0,34.191589,-118.616001,1399.0,WEH - West Hills,True,2.0,0.1727,1957.0,2.0,West Hills,4.0,True,1.0,One,7522.0,False,2.0,Los Angeles Unified,91307,0.0,7522.0,626.1615439599714,2.0,68.0,0,349.75,0.1859877692103164,13.683121369918528,13.849911984681606,13.725206003960423,913652.8862502013
True,False,2025-12-30,635000.0,35.745364,-120.694826,1805.0,SMIG - San Miguel,True,2.0,0.2442,2019.0,3.0,San Miguel,4.0,False,2.0,Two,10638.0,False,2.0,San Miguel Joint Union,93451,0.0,10638.0,351.8005540166205,1.3333333333333333,6.0,0,451.25,0.169674750893025,13.36138027787483,13.304684934198283,13.325480129765591,612607.7533503802
True,False,2025-12-30,1530000.0,37.8975501,-122.17973033,1690.0,LCCLW - Clearlake West,True,2.0,0.4545,1956.0,2.0,Orinda,3.0,True,1.0,One,19800.0,False,2.0,Acalanes,94563,580.0,19800.0,905.3254437869824,1.5,69.0,0,563.3333333333334,0.08535353535353535,14.240778293368619,14.408837403242009,14.237926193395932,1525642.5040027255
True,True,2025-12-22,842500.0,33.900772,-117.299901,2854.0,252 - Riverside,True,2.0,0.23,2004.0,4.0,Riverside,4.0,True,2.0,Two,10019.0,False,2.0,Riverside Unified,92508,65.0,10019.0,295.19971969166085,1.0,21.0,0,713.5,0.2848587683401537,13.644128941208654,13.56126305375042,13.759399339400355,945433.9802333122
False,False,2025-12-26,1735000.0,37.62536432,-122.44974161,2230.0,70 - Santa Ana North of First,True,2.0,0.1358,1967.0,3.0,San Bruno,4.0,True,2.0,Two,5914.0,False,2.0,Merced Union,94066-2534,0.0,5914.0,778.0269058295964,1.3333333333333333,58.0,0,557.5,0.3770713561041596,14.366517971363097,13.698976741708323,13.832577941750426,1017213.8637373894
False,False,2025-12-24,2302517.0,32.94605125,-117.20726725,2935.0,92130 - Carmel Valley,True,5.0,0.19,1998.0,4.0,San Diego,6.0,False,2.0,Two,18000.0,False,3.0,Orange Unified,92130,488.0,18000.0,784.5032367972743,1.5,27.0,0,489.1666666666667,0.16305555555555556,14.649513430363386,14.674172177001793,14.75942207080378,2570014.4278467074
True,False,2025-12-09,350000.0,37.320888,-120.453886,1389.0,FBC - Fort Bragg Central,True,2.0,0.1712,1967.0,2.0,Merced,3.0,True,1.0,One,7456.0,False,2.0,Merced City,95340,0.0,7456.0,251.97984161267092,1.5,58.0,0,463.0,0.18629291845493562,12.765688433465597,12.934827526010142,12.848125393792209,380075.57510832633
True,False,2025-12-19,1810000.0,33.828569,-118.367199,1659.0,130 - Southwood,False,2.0,0.1517,1955.0,3.0,Torrance,3.0,True,1.0,One,6606.0,False,2.0,Torrance Unified,90503,0.0,6606.0,1091.0186859553949,1.0,70.0,0,553.0,0.2511353315168029,14.408837403242009,14.148404973237604,14.139426415543069,1382530.972721783
False,False,2025-12-30,1085000.0,33.844251,-118.140977,1385.0,29 - Lakewood Village,False,6.0,0.1665,1943.0,2.0,Long Beach,3.0,False,1.0,One,7252.0,False,2.0,Long Beach Unified,90808,0.0,7252.0,783.3935018050541,1.5,82.0,0,461.6666666666667,0.19098179812465527,13.897090544956697,13.869051324892304,13.855633890902395,1040939.1483594157
True,False,2025-12-11,437000.0,34.103582,-117.392553,1056.0,699 - Not Defined,True,2.0,0.1699,1960.0,2.0,Rialto,3.0,False,1.0,One,7400.0,False,2.0,Rialto Unified,92376,0.0,7400.0,413.8257575757576,1.5,65.0,0,352.0,0.14270270270270272,12.987688474077727,13.253391639810733,13.117010729070476,497330.8257813786
True,False,2025-12-22,440000.0,37.434853,-120.725793,936.0,250 - Norco,True,0.0,4.1,1938.0,1.0,Delhi,2.0,True,1.0,One,178596.0,False,0.0,Delhi Unified,95315,0.0,178596.0,470.0854700854701,2.0,87.0,0,468.0,0.005240878855069542,12.994530005894443,13.005261128067511,12.83536444034056,375256.2632918005
False,True,2025-12-09,735000.0,34.041115999999995,-117.959942,1230.0,633 - Industry/La Puente/Valinda,True,2.0,0.1327,1960.0,2.0,La Puente,3.0,False,1.0,One,5782.0,False,2.0,Bassett Unified,91744,0.0,5782.0,597.560975609756,1.5,65.0,0,410.0,0.21272915946039433,13.507625778194974,13.547631112808673,13.501024049799831,730163.7111272712
True,False,2025-12-17,2663000.0,32.963711,-117.195429,3187.0,92130 - Carmel Valley,True,5.0,0.1302,2007.0,4.0,San Diego,5.0,True,2.0,Two,5673.0,False,3.0,San Dieguito Union,92130,138.0,5673.0,835.5820520866018,1.25,18.0,0,637.4,0.5617838885950996,14.794963864796069,14.674172177001793,14.795554460168962,2664573.22000051
False,False,2025-12-05,362500.0,36.993456,-120.627373,1555.0,SRA - Santa Rosa Valley,True,2.0,0.2897,1980.0,2.0,Dos Palos,4.0,True,1.0,One,12620.0,False,2.0,Dos Palos Oro Loma Joint Unified,93620,0.0,12620.0,233.11897106109325,2.0,45.0,0,388.75,0.12321711568938193,12.800779753276867,13.069683119575416,13.051924514122211,465992.3581353831
False,False,2025-12-31,1100000.0,34.044287,-118.109406,1701.0,641 - Monterey Park,False,2.0,0.1389,1962.0,2.0,Monterey Park,4.0,True,1.0,One,6051.0,False,2.0,Los Angeles Unified,91755,0.0,6051.0,646.6784244562023,2.0,63.0,0,425.25,0.2811105602379772,13.9108207377686,13.792750300313369,13.777033157078735,962253.4505699683
True,False,2025-12-22,890000.0,33.79711,-117.946793,1098.0,"62 - Garden Grove N of Chapman, W of Euclid",True,2.0,0.188,1957.0,2.0,Garden Grove,3.0,True,1.0,One,8190.0,False,2.0,Garden Grove Unified,92840,0.0,8190.0,810.5646630236794,1.5,68.0,0,366.0,0.13406593406593406,13.698976741708323,13.864300722133706,13.686665474698508,879110.1438696801
False,False,2025-12-02,570000.0,36.70819918,-121.63343265,870.0,699 - Not Defined,True,2.0,0.07,1972.0,2.0,Salinas,2.0,False,2.0,One,3049.0,False,2.0,Other,93906,323.0,3049.0,655.1724137931035,1.0,53.0,0,435.0,0.28533945555919976,13.253391639810733,13.472921052508891,13.125475922776634,501558.69718562835
True,True,2025-12-09,735000.0,34.253663,-118.507832,1789.0,NR - Northridge,True,2.0,0.2537,1960.0,3.0,Northridge,4.0,False,1.0,One,11053.0,False,2.0,Los Angeles Unified,91325,0.0,11053.0,410.84404695360536,1.3333333333333333,65.0,0,447.25,0.16185650954491992,13.507625778194974,13.955272500339433,13.976799211904645,1175024.095201543
True,False,2025-12-18,4400000.0,32.84675821,-117.26219036,2681.0,92037 - La Jolla,True,2.0,0.1593,2000.0,4.0,La Jolla,3.0,True,2.0,Two,6940.0,False,2.0,Colton Unified,92037,0.0,6940.0,1641.1786646773592,0.75,25.0,0,893.6666666666666,0.3863112391930836,15.29711509888849,15.084846812896313,15.07530925159984,3524711.869010406
True,False,2025-12-08,799900.0,33.765801,-118.184117,1260.0,"4 - Downtown Area, Alamitos Beach",True,0.0,0.7623,1965.0,2.0,Long Beach,3.0,False,1.0,One,33204.0,False,0.0,Long Beach Unified,90802,1020.0,33204.0,634.8412698412699,1.5,60.0,0,420.0,0.03794723527285869,13.592241998836913,13.641157170819497,13.532865197511157,753787.0631662466
True,False,2025-12-30,642000.0,34.417784999999995,-118.483636,1172.0,RBGL - Rainbow Glen,True,2.0,7.9002,1986.0,2.0,Canyon Country,3.0,True,1.0,One,344132.0,False,2.0,William S. Hart Union,91351,245.0,344132.0,547.7815699658703,1.5,39.0,0,390.6666666666667,0.003405669917357293,13.372343582672098,13.527828485512494,13.531623793919477,752851.8897825675
False,False,2025-12-14,1800000.0,37.30356516,-121.89476993,1140.0,699 - Not Defined,False,1.0,0.1725,1923.0,1.0,San Jose,2.0,False,1.0,One,7515.0,False,1.0,San Jose Unified,95125,0.0,7515.0,1578.9473684210527,2.0,102.0,0,570.0,0.15169660678642716,14.403297222866392,14.462613800022813,14.118351089963385,1353698.5756234054
True,False,2025-12-12,920000.0,37.8930481,-121.61224054,2960.0,263 - Banning/Beaumont/Cherry Valley,True,3.0,0.2011,1991.0,3.0,Discovery Bay,3.0,True,2.0,Two,8760.0,False,3.0,Other,94505,963.38,8760.0,310.81081081081084,1.0,34.0,0,986.6666666666666,0.3378995433789954,13.732128949025222,13.589232200143268,13.697077196490053,888311.0094205908
True,False,2025-12-15,730000.0,33.516765,-117.10383600000002,1846.0,SRCAR - Southwest Riverside County,True,2.0,0.33,1987.0,3.0,Temecula,4.0,True,2.0,Two,14375.0,False,2.0,Temecula Unified,92591,0.0,14375.0,395.4496208017335,1.3333333333333333,38.0,0,461.5,0.12841739130434782,13.500799813124575,13.514405465180353,13.520495449998712,744520.3391932958
True,False,2025-12-15,850000.0,37.69845694,-122.10435291,1884.0,SRCAR - Southwest Riverside County,False,0.0,0.1009999999999999,1962.0,2.0,San Leandro,4.0,True,1.0,One,4400.0,False,0.0,Moreno Valley Unified,94578,385.0,4400.0,451.167728237792,2.0,63.0,0,471.0,0.42818181818181816,13.652991628466498,13.652991628466498,13.73193568384533,919822.2132150498
False,False,2025-12-18,605000.0,37.97895701,-122.03625889,2054.0,SMIA - Santa Maria,False,0.0,0.143,1940.0,2.0,Concord,4.0,True,1.0,One,6229.0,False,0.0,Whittier Union High,94520,0.0,6229.0,294.5472249269717,2.0,85.0,0,513.5,0.32974795312249155,13.312983737012978,13.38472764187182,13.464727833313109,704136.7287895533
True,False,2025-12-04,337000.0,33.697165000000005,-117.200374,1715.0,SRCAR - Southwest Riverside County,True,2.0,0.14,1989.0,2.0,Menifee,3.0,True,1.0,One,6098.0,False,2.0,Menifee Union,92586,75.0,6098.0,196.50145772594752,1.5,36.0,0,571.6666666666666,0.2812397507379469,12.727838209334498,12.89921982609012,12.952966748627862,422087.0066354438
False,False,2025-12-10,583000.0,35.376571000000006,-119.149109,2462.0,BKSF - Bakersfield,True,0.0,0.38,1999.0,3.0,Bakersfield,3.0,True,1.0,One,16553.0,False,2.0,Bakersfield City,93314,193.0,16553.0,236.79935012185217,1.0,26.0,0,820.6666666666666,0.14873436839243642,13.27594246533263,13.399995114002609,13.59117379804184,799046.002385691
False,False,2025-12-12,945000.0,33.874282,-118.328218,1786.0,133 - N Torrance - East,True,1.0,0.1389,1948.0,2.0,Torrance,3.0,False,1.0,One,6052.0,False,1.0,Torrance Unified,90504,0.0,6052.0,529.1153415453527,1.5,77.0,0,595.3333333333334,0.29510905485789823,13.758940206475879,13.822979494146377,13.905877197765397,1094575.5250980195
True,False,2025-12-19,790000.0,33.97869,-117.897842,1040.0,652 - Rowland Heights,True,2.0,0.1393,1960.0,2.0,Rowland Heights,3.0,False,1.0,One,6070.0,False,2.0,Rowland Unified,91748,0.0,6070.0,759.6153846153846,1.5,65.0,0,346.6666666666667,0.171334431630972,13.579788224443204,13.9016461684345,13.643347817538807,841842.160268695
False,False,2025-12-24,1301790.0,32.849949,-117.221701,1606.0,92122 - University City,True,2.0,0.1607,1962.0,2.0,San Diego,4.0,True,1.0,One,7000.0,False,1.0,Rim of the World,92122,0.0,7000.0,810.5790784557908,2.0,63.0,0,401.5,0.22942857142857143,14.079250798419388,14.333410696092393,14.231596562067503,1516016.2468817607
True,False,2025-12-22,680000.0,33.927183,-117.220972,3026.0,259 - Moreno Valley,True,3.0,0.19,2007.0,3.0,Moreno Valley,4.0,True,2.0,Two,8276.0,False,3.0,Moreno Valley Unified,92553,35.0,8276.0,224.7191011235955,1.3333333333333333,18.0,0,756.5,0.36563557274045433,13.42984807715229,13.159174447339636,13.281765465641968,586404.7123805793
True,False,2025-12-05,1500000.0,33.971775,-118.38573999999998,1292.0,C29 - Westchester,True,4.0,0.1893,1950.0,2.0,Los Angeles,3.0,True,1.0,One,8248.0,False,2.0,Rosemead,90045,0.0,8248.0,1160.9907120743037,1.5,75.0,0,430.6666666666667,0.15664403491755577,14.22097566607244,14.331323723241304,14.148273762594375,1394816.973160494
False,True,2025-12-02,2500000.0,33.571808000000004,-117.697155,2792.0,S2 - Laguna Hills,True,3.0,0.3329,1977.0,3.0,Laguna Hills,4.0,True,1.0,One,14500.0,False,3.0,Saddleback Valley Unified,92653,191.0,14500.0,895.4154727793697,1.3333333333333333,48.0,0,698.0,0.19255172413793104,14.73180128983843,14.226450581665564,14.408922766483883,1810154.5140626098
True,False,2025-12-19,770000.0,35.405926,-120.866371,1133.0,MRBY - Morro Bay,True,1.0,0.0551,1984.0,2.0,Morro Bay,2.0,False,1.0,One,2400.0,False,1.0,San Luis Coastal Unified,93442,0.0,2400.0,679.6116504854369,1.0,41.0,0,566.5,0.47208333333333335,13.554145793829866,13.883057393779731,13.538084163394759,757731.3356915769
True,False,2025-12-15,390000.0,33.738413,-116.966939,952.0,SRCAR - Southwest Riverside County,False,1.0,0.18,1971.0,1.0,Hemet,2.0,False,1.0,One,7841.0,False,1.0,Hemet Unified,92543,0.0,7841.0,409.66386554621846,2.0,54.0,0,476.0,0.1214130850656804,12.873902018105829,12.919503857231216,12.617752556267325,301870.2463750802
True,False,2025-12-23,775928.0,35.405853,-120.86646299999998,1353.0,MRBY - Morro Bay,True,1.0,0.0551,1987.0,2.0,Morro Bay,3.0,False,2.0,Two,2400.0,False,1.0,San Luis Coastal Unified,93442,0.0,2400.0,573.4870657797487,1.5,38.0,0,451.0,0.56375,13.561815011355545,13.883057393779731,13.716543676853515,905772.7057127188
True,False,2025-12-19,826000.0,34.261939,-118.755674,1580.0,SVC - Central Simi,True,2.0,0.15,1964.0,2.0,Simi Valley,4.0,False,2.0,Two,6534.0,False,2.0,Simi Valley Unified,93065,0.0,6534.0,522.7848101265823,2.0,61.0,0,395.0,0.24181205999387817,13.624350052503114,13.676248490630767,13.654906510027901,851629.2087002136
True,False,2025-12-24,350000.0,32.679331,-116.511372,672.0,91906 - Campo,True,0.0,0.104,1946.0,1.0,Campo,3.0,True,1.0,One,4531.0,False,0.0,Mountain Empire Unified,91906,0.0,4531.0,520.8333333333334,3.0,79.0,0,224.0,0.14831163098653719,12.765688433465597,13.112262023745568,12.83612645935842,375542.324679266
True,True,2025-12-12,1250000.0,33.630469,-117.710154,2003.0,LS - Lake Forest South,True,4.0,0.1325,1977.0,3.0,Lake Forest,4.0,True,2.0,Two,5771.0,False,2.0,Saddleback Valley Unified,92630,0.0,5771.0,624.0639041437843,1.3333333333333333,48.0,0,500.75,0.34708022872985617,14.038654109278484,14.077874822431765,14.072046849520286,1292445.6698129824
True,False,2025-12-19,749000.0,38.800622,-121.239964,1856.0,SRCAR - Southwest Riverside County,True,4.0,0.1894,1965.0,2.0,Rocklin,4.0,True,1.0,One,8250.0,False,2.0,Temecula Unified,95677,122.0,8250.0,403.5560344827586,2.0,60.0,0,464.0,0.22496969696969696,13.526494262499357,13.427180941569794,13.440188190504358,687067.7547999225
True,False,2025-12-23,375000.0,34.170010999999995,-116.039299,1684.0,DC727 - Adobe,True,3.0,0.5404,2005.0,2.0,29 Palms,4.0,False,1.0,One,23538.0,False,3.0,Morongo Unified,92277,0.0,23538.0,222.68408551068885,2.0,20.0,0,421.0,0.07154388648143428,12.834681304952548,12.666637149787377,12.768973589393665,351151.69528834434
True,False,2025-12-26,600000.0,33.881397,-117.505604,1386.0,252 - Riverside,True,2.0,0.12,1987.0,2.0,Riverside,4.0,True,1.0,One,5227.0,False,2.0,Riverside Unified,92503,55.0,5227.0,432.9004329004329,2.0,38.0,0,346.5,0.2651616606083796,13.304684934198283,13.399995114002609,13.333325820484673,617432.9882141087
False,True,2025-12-17,499000.0,34.501542,-117.263183,1867.0,VIC - Victorville,True,3.0,0.1763,1999.0,2.0,Victorville,3.0,True,1.0,One,7680.0,False,3.0,Victor Valley Unified,92395,97.0,7680.0,267.2737011247991,1.5,26.0,0,622.3333333333334,0.24309895833333334,13.120361374733656,12.947950462906661,13.004459618373527,444390.79284993565
True,False,2025-12-16,1950000.0,33.77285,-118.38509,2244.0,174 - Crest,True,2.0,0.2138,1969.0,3.0,Rancho Palos Verdes,4.0,True,2.0,Two,9313.0,False,2.0,Palos Verdes Peninsula Unified,90275,0.0,9313.0,868.9839572192514,1.3333333333333333,56.0,0,561.0,0.2409535058520348,14.48333993053993,14.438232971730155,14.416929700591771,1824706.4825632535
True,False,2025-12-12,925000.0,36.598933,-121.83586027,1723.0,699 - Not Defined,True,3.0,0.1399,1956.0,2.0,Seaside,3.0,True,1.0,One,6095.0,False,1.0,Other,93955,0.0,6095.0,536.8543238537435,1.5,69.0,0,574.3333333333334,0.2826907301066448,13.737549016494562,13.564794368589576,13.567873821218505,780643.4708649602
True,True,2025-12-16,2550000.0,33.833146,-116.555666,3139.0,332 - Central Palm Springs,True,2.0,0.38,1958.0,4.0,Palm Springs,4.0,True,1.0,One,16553.0,False,2.0,Palm Springs Unified,92262,65.0,16553.0,812.360624402676,1.0,67.0,0,784.75,0.18963329909986104,14.75160391713461,13.737549016494562,14.1830931117526,1444239.0210107805
False,False,2025-12-26,960000.0,33.623564,-117.662779,936.0,MN - Mission Viejo North,True,2.0,0.1148,1971.0,2.0,Mission Viejo,2.0,True,1.0,One,5000.0,False,2.0,Saddleback Valley Unified,92691,150.0,5000.0,1025.6410256410256,1.0,54.0,0,468.0,0.1872,13.77468856344402,14.092573789669016,13.658122897414,854372.787986387
False,True,2025-12-17,4200000.0,34.146317,-118.38083600000002,3698.0,STUD - Studio City,False,0.0,0.155,2025.0,6.0,Studio City,5.0,True,2.0,Two,6750.0,True,0.0,Los Angeles Unified,91604,0.0,6750.0,1135.7490535424554,0.8333333333333334,0.0,0,739.6,0.5478518518518518,15.250595083253597,14.603967918328545,15.193529030362106,3967033.0486816494
False,False,2025-12-11,1401500.0,36.97705253,-121.92124029,1340.0,699 - Not Defined,True,2.0,0.1009999999999999,1964.0,2.0,Aptos,3.0,True,2.0,One,4400.0,False,2.0,Other,95003,0.0,4400.0,1045.8955223880596,1.5,61.0,0,446.6666666666667,0.30454545454545456,14.15305364958698,14.188463383490559,14.031615705002284,1241232.8841006835
True,False,2025-12-23,405000.0,34.549647,-117.169604,2010.0,APPV - Apple Valley,True,2.0,0.3214,1996.0,2.0,Apple Valley,4.0,True,1.0,One,14000.0,False,2.0,Apple Valley Unified,92307,0.0,14000.0,201.49253731343285,2.0,29.0,0,502.5,0.14357142857142857,12.911642346088676,13.049792684569493,13.109687352609921,493701.98880680243
True,False,2025-12-29,490000.0,38.00782032,-121.7998259,1021.0,SRCAR - Southwest Riverside County,True,2.0,0.1283,1951.0,1.0,Antioch,3.0,True,1.0,One,5590.0,False,2.0,Vista Unified,94509,320.0,5590.0,479.9216454456415,3.0,74.0,0,340.3333333333333,0.18264758497316635,13.102160670086809,13.199324418540456,13.055415101764574,467621.7874806532
True,True,2025-12-23,647000.0,33.672348,-116.31721,1696.0,313 - La Quinta South of HWY 111,True,2.0,0.11,1995.0,2.0,La Quinta,3.0,True,1.0,One,4792.0,False,2.0,Desert Sands Unified,92253,0.0,4792.0,381.4858490566038,1.5,30.0,0,565.3333333333334,0.35392320534223703,13.380101573483037,13.545013310266594,13.343427461544852,623701.6833876809
False,False,2025-12-22,1875000.0,33.701567,-117.894178,3702.0,699 - Not Defined,True,2.0,0.1379,2004.0,5.0,Santa Ana,4.0,True,2.0,Two,6006.0,False,2.0,Santa Ana Unified,92704,419.0,6006.0,506.4829821717991,0.8,21.0,0,925.5,0.6163836163836164,14.444119217386648,13.737549016494562,14.170986448310263,1426859.521406832
False,False,2025-12-17,695000.0,32.811567100000005,-116.86416076,1319.0,92021 - El Cajon,True,2.0,0.2897,2004.0,2.0,El Cajon,2.0,False,1.0,One,12618.0,False,0.0,San Jose Unified,92021,0.0,12618.0,526.9143290371494,1.0,21.0,0,659.5,0.10453320653035346,13.45166712454693,13.612780503903942,13.343735534786592,623893.8587876902
True,False,2025-12-16,640000.0,34.100190999999995,-117.945951,704.0,608 - Baldwin Pk/Irwindale,True,0.0,0.1536,1951.0,1.0,Baldwin Park,2.0,False,1.0,One,6689.0,False,0.0,Baldwin Park Unified,91706,0.0,6689.0,909.0909090909092,2.0,74.0,0,352.0,0.10524742113918373,13.369223455335854,13.527828485512494,13.220215204678118,551399.6841064956
True,False,2025-12-16,1949000.0,37.22392666,-121.88544233,1630.0,699 - Not Defined,True,2.0,0.2137,1972.0,2.0,San Jose,3.0,True,1.0,Two,9310.0,False,2.0,San Jose Unified,95120,0.0,9310.0,1195.7055214723923,1.5,53.0,0,543.3333333333334,0.17508055853920515,14.482826978489697,14.622185682591283,14.454478510963298,1894524.6315445106
True,False,2025-12-17,769800.0,37.9997314,-122.31647556,1692.0,SRCAR - Southwest Riverside County,True,2.0,0.1584,1989.0,3.0,Pinole,3.0,True,2.0,Two,6900.0,False,2.0,West Contra Costa,94564-2683,0.0,6900.0,454.9645390070922,1.0,36.0,0,564.0,0.24521739130434783,13.553886019831783,13.698976741708323,13.634815084809564,834689.5053584478
True,False,2025-12-09,665000.0,33.569854,-117.168984,2607.0,SRCAR - Southwest Riverside County,True,3.0,0.17,1988.0,3.0,Murrieta,5.0,True,2.0,Two,7405.0,False,3.0,Murrieta,92563,0.0,7405.0,255.0824702723437,1.6666666666666667,37.0,0,521.4,0.35205941931127616,13.407542319637992,13.458835614025542,13.538095252178785,757739.7380572942
False,True,2025-12-22,717000.0,33.756573,-117.472485,2316.0,248 - Corona,True,3.0,0.19,2005.0,3.0,Corona,4.0,True,2.0,Two,8276.0,False,3.0,Corona-Norco Unified,92883,85.0,8276.0,309.5854922279793,1.3333333333333333,20.0,0,579.0,0.27984533591106814,13.482831119581757,13.547957803444275,13.567415483181145,780285.7542524734
True,False,2025-12-30,1540000.0,33.485155,-117.689192,1686.0,699 - Not Defined,True,3.0,0.5337,1964.0,2.0,Dana Point,3.0,True,1.0,One,23250.0,False,3.0,Capistrano Unified,92629,0.0,23250.0,913.4045077105576,1.5,61.0,0,562.0,0.07251612903225807,14.247292974389811,14.716674768252918,14.537785452229805,2059112.1490008684
False,False,2025-12-12,945000.0,36.98014882,-122.01493337,1029.0,699 - Not Defined,False,1.0,0.131,1903.0,2.0,Santa Cruz,2.0,False,2.0,One,5706.0,False,1.0,Other,95062,0.0,5706.0,918.3673469387757,1.0,122.0,0,514.5,0.18033648790746581,13.758940206475879,14.444785440003537,14.068233425757922,1287526.4123522025
False,True,2025-12-15,1750000.0,33.894077,-117.941369,2590.0,83 - Fullerton,True,2.0,0.4784,1962.0,3.0,Fullerton,4.0,True,1.0,One,20838.0,False,2.0,Fullerton Joint Union High,92835,0.0,20838.0,675.6756756756756,1.3333333333333333,63.0,0,647.5,0.12429215855648335,14.375126345899696,14.145874202616191,14.359977446030598,1723689.2180973652
True,False,2025-12-23,299000.0,34.237935,-116.831984,988.0,SGLF - Sugarloaf,True,0.0,0.1148,1973.0,2.0,Sugarloaf,2.0,True,2.0,Two,5000.0,False,0.0,Bear Valley Unified,92386,0.0,5000.0,302.63157894736844,1.0,52.0,0,494.0,0.1976,12.608198852372823,12.644327576461329,12.55485411790562,283467.8857357887
True,False,2025-12-22,570000.0,33.959351,-116.970538,2550.0,263 - Banning/Beaumont/Cherry Valley,True,3.0,0.19,2004.0,3.0,Beaumont,5.0,True,2.0,Two,8276.0,False,3.0,Beaumont,92223,0.0,8276.0,223.52941176470588,1.6666666666666667,21.0,0,510.0,0.30811986466892216,13.253391639810733,13.197470849891134,13.274247112893812,582012.4468899935
True,True,2025-12-24,1315000.0,34.279947,-118.500351,2200.0,GH - Granada Hills,True,2.0,0.1628,1957.0,2.0,Granada Hills,4.0,True,2.0,Two,7093.0,False,2.0,Los Angeles Unified,91344,0.0,7093.0,597.7272727272727,2.0,68.0,0,550.0,0.31016495136049627,14.089347223594002,13.892471599100402,13.949382652259509,1143246.5825327062
False,False,2025-12-16,732500.0,33.981163,-118.090973,1544.0,649 - Pico Rivera,True,2.0,0.1685,1949.0,2.0,Pico Rivera,3.0,True,1.0,One,7338.0,False,2.0,Rancho Santa Fe,90660,0.0,7338.0,474.4170984455959,1.5,76.0,0,514.6666666666666,0.21041155628236577,13.50421861987336,13.527828485512494,13.551061154036532,767628.4868714281
True,False,2025-12-16,1600000.0,37.75425807,-122.23177729,2607.0,699 - Not Defined,True,2.0,0.079,1895.0,2.0,Alameda,3.0,True,2.0,Two,3440.0,False,1.0,Palos Verdes Peninsula Unified,94501,0.0,3440.0,613.7322593018796,1.5,130.0,0,869.0,0.7578488372093023,14.28551418721001,14.096915897380246,14.177743450700024,1436533.4612130667
True,True,2025-12-22,635000.0,33.696903000000006,-117.207716,1995.0,SRCAR - Southwest Riverside County,True,3.0,0.17,2005.0,2.0,Menifee,4.0,True,1.0,One,7405.0,False,3.0,Menifee Union,92584,0.0,7405.0,318.29573934837094,2.0,20.0,0,498.75,0.26941255908170153,13.36138027787483,13.353475098367715,13.291799576077542,592318.3816123595
False,False,2025-12-09,2900000.0,32.69140288,-117.18264394,2038.0,92118 - Coronado,False,2.0,0.0786,2005.0,5.0,Coronado,3.0,True,1.0,ThreeOrMore,3423.0,False,2.0,Yucaipa/Calimesa Unified,92118,0.0,3423.0,1422.963689892051,0.6,20.0,0,679.3333333333334,0.5953841659363132,14.880221294956703,14.925872877186109,14.867591147209367,2863602.905711286
True,True,2025-12-11,620000.0,33.85068,-116.551713,1956.0,331 - North End Palm Springs,True,2.0,0.23,1989.0,3.0,Palm Springs,3.0,True,1.0,One,10018.0,False,2.0,Menifee Union,92262,0.0,10018.0,316.97341513292434,1.0,36.0,0,652.0,0.19524855260531043,13.337474757021274,13.737549016494562,13.750552878828197,937107.1217211891
True,False,2025-12-18,910000.0,37.96705509,-122.06641214,1524.0,SRCAR - Southwest Riverside County,True,4.0,0.1527,1956.0,2.0,Pleasant Hill,3.0,True,1.0,One,6650.0,False,2.0,Mount Diablo,94523,0.0,6650.0,597.1128608923884,1.5,69.0,0,508.0,0.22917293233082706,13.721199878493033,13.92391643180806,13.845030851328099,1029960.33661965
True,False,2025-12-26,1500000.0,33.978553000000005,-117.744551,3227.0,682 - Chino Hills,True,3.0,0.1423,1995.0,3.0,Chino Hills,4.0,True,2.0,Two,6200.0,False,3.0,Chino Valley Unified,91709,0.0,6200.0,464.8280136349551,1.3333333333333333,30.0,0,806.75,0.520483870967742,14.22097566607244,13.901688254205327,14.068424552903632,1287772.5171183231
True,False,2025-12-16,2050000.0,37.53982809,-122.00814899,1906.0,"RN - Compton N of Rosecrans, E of Central",True,2.0,0.1894,1954.0,2.0,Fremont,4.0,True,1.0,One,8250.0,False,2.0,Fremont Unified,94536,43.0,8250.0,1075.5508919202518,2.0,71.0,0,476.5,0.23103030303030303,14.53335035111459,14.316285845876763,14.326377662019848,1666735.8019165033
True,False,2025-12-17,790000.0,34.149012,-117.910409,1073.0,607 - Azusa,True,2.0,0.1699,1956.0,2.0,Azusa,3.0,False,1.0,One,7400.0,False,2.0,Azusa Unified,91702,0.0,7400.0,736.2534948741845,1.5,69.0,0,357.6666666666667,0.145,13.579788224443204,13.534473028231162,13.450318411056097,694063.2759520458
True,False,2025-12-31,235000.0,34.614074,-117.819419,1134.0,PLM - Palmdale,True,2.0,0.5027,1983.0,2.0,Palmdale,3.0,True,1.0,One,21896.0,False,2.0,Antelope Valley Union,93591,0.0,21896.0,207.2310405643739,1.5,42.0,0,378.0,0.05179028132992328,12.367340793126296,12.911642346088676,12.76606154362294,350130.6129200583
False,True,2025-12-22,530000.0,34.398003,-117.270794,1413.0,HSP - Hesperia,True,5.0,0.4132,1980.0,2.0,Hesperia,3.0,True,1.0,One,18000.0,False,5.0,Hesperia Unified,92345,0.0,18000.0,375.0884642604388,1.5,45.0,0,471.0,0.0785,13.180632285528304,13.064514272196533,12.919606956730512,408238.5470734284
True,False,2025-12-24,450000.0,34.672585,-118.090382,1660.0,LAC - Lancaster,True,2.0,0.1513,1992.0,2.0,Lancaster,4.0,True,1.0,One,6591.0,False,2.0,Antelope Valley Union,93535,0.0,6591.0,271.0843373493976,2.0,33.0,0,415.0,0.2518585950538613,13.017002861746503,12.994530005894443,12.98560747030891,436091.54692800395
False,True,2025-12-12,1515000.0,33.773295000000005,-117.875687,2234.0,70 - Santa Ana North of First,True,2.0,0.2176,1962.0,2.0,Santa Ana,3.0,True,1.0,One,9480.0,False,2.0,Santa Ana Unified,92706,0.0,9480.0,678.1557743957028,1.5,63.0,0,744.6666666666666,0.23565400843881856,14.230925996925606,13.981024996441848,14.091043935391946,1317233.0699166139
True,False,2025-12-19,535000.0,39.734029,-121.568385,1810.0,259 - Moreno Valley,True,2.0,0.53,2025.0,2.0,Paradise,3.0,True,1.0,One,23087.0,True,2.0,Paradise Unified,95969,0.0,23087.0,295.5801104972376,1.5,0.0,0,603.3333333333334,0.0783990990600771,13.190022025878143,12.89921982609012,13.101790619792542,489818.70890129
True,False,2025-12-02,1460000.0,33.695840999999994,-117.786477,2952.0,IRSP - Irvine Spectrum,True,2.0,0.1148,2005.0,4.0,Irvine,5.0,True,1.0,One,5001.0,False,2.0,Irvine Unified,92604,0.0,5001.0,494.579945799458,1.25,20.0,0,590.4,0.5902819436112777,14.19394699368452,14.271780330445122,14.468097104353156,1920501.8774530238
False,False,2025-12-15,620000.0,33.47427122,-117.09070007,1001.0,SRCAR - Southwest Riverside County,False,4.0,0.13,1993.0,2.0,Temecula,3.0,True,1.0,One,5662.0,False,2.0,William S. Hart Union,92592,370.0,5662.0,619.3806193806194,1.5,32.0,0,333.6666666666667,0.1767926527728718,13.337474757021274,13.580420735596498,13.339329986750952,621151.3100745172
True,False,2025-12-26,850000.0,33.021858,-116.870269,2376.0,92065 - Ramona,True,2.0,1.1,1976.0,2.0,Ramona,4.0,True,1.0,One,1.1,False,2.0,Ramona Unified,92065,0.0,47916.0,357.74410774410774,2.0,49.0,0,594.0,0.049586776859504134,13.652991628466498,13.623138665316818,13.794854724142661,979556.0366193722
True,True,2025-12-16,878000.0,34.252818,-118.761795,1717.0,SVC - Central Simi,True,3.0,0.18,1972.0,2.0,Simi Valley,4.0,True,1.0,One,7840.0,False,3.0,Hacienda La Puente Unified,93065,0.0,7840.0,511.3570180547467,2.0,53.0,0,429.25,0.21900510204081633,13.685401872617254,13.676248490630767,13.670679354328689,865168.318052849
True,True,2025-12-18,1705000.0,33.575586,-117.653876,2350.0,MS - Mission Viejo South,True,2.0,0.1455,1983.0,3.0,Mission Viejo,4.0,True,2.0,Two,6338.0,False,2.0,Capistrano Unified,92692,91.0,6338.0,725.531914893617,1.3333333333333333,42.0,0,587.5,0.3707794256863364,14.349075668699754,14.006130917572923,14.129283989750405,1368579.6247768442
False,False,2025-12-10,1500000.0,33.93070455,-117.59559799,4341.0,699 - Not Defined,True,6.0,0.55,2007.0,4.0,Corona,4.0,True,2.0,Two,23958.0,False,4.0,Lucia Mar Unified,92880,240.0,23958.0,345.54250172771253,1.0,18.0,0,1085.25,0.18119208615076385,14.22097566607244,13.764217263576723,14.338166932335309,1686501.68456384
True,False,2025-12-03,830000.0,34.032082,-117.169939,2062.0,268 - Redlands,True,2.0,0.4304,1954.0,3.0,Redlands,4.0,True,1.0,One,18750.0,False,2.0,Redlands Unified,92373,0.0,18750.0,402.5218234723569,1.3333333333333333,71.0,0,515.5,0.10997333333333334,13.62918097977278,13.621317169677567,13.704943620753504,895326.3975318661
False,False,2025-12-11,1001250.0,34.274315,-119.221,1561.0,252 - Riverside,True,2.0,0.16,1962.0,2.0,Ventura,4.0,True,1.0,One,6969.0,False,2.0,Mariposa County Unified,93003,0.0,6969.0,641.4157591287636,2.0,63.0,0,390.25,0.22399196441383268,13.816759777364705,13.825460888817442,13.793160448386324,977897.8037231241
True,False,2025-12-29,1099000.0,37.5412115,-122.50609625,860.0,699 - Not Defined,True,2.0,0.1435,1963.0,1.0,Montara,2.0,True,1.0,One,6250.0,False,2.0,Other,94037,0.0,6250.0,1277.906976744186,2.0,62.0,0,430.0,0.1376,13.909911233385758,14.163924507164033,13.69189190698053,883716.7811578895
True,False,2025-12-18,835000.0,34.104359,-117.894339,1637.0,614 - Covina,True,4.0,0.1542,1955.0,2.0,Covina,3.0,True,1.0,One,6717.0,False,2.0,Covina Valley Unified,91722,0.0,6717.0,510.0794135613928,1.5,70.0,0,545.6666666666666,0.24370998957868095,13.635187003832993,13.592367006650065,13.594979912729016,802093.0581545252
False,False,2025-12-11,1290425.0,33.836159,-118.09844,2504.0,25 - Carson Park,False,2.0,0.1432,1953.0,3.0,Lakewood,4.0,False,2.0,Two,6238.0,False,2.0,Long Beach Unified,90713,0.0,6238.0,515.345447284345,1.3333333333333333,72.0,0,626.0,0.40141070856043604,14.070482179443035,13.721199878493033,14.002090227626976,1205120.629815286
True,False,2025-12-16,750000.0,34.100186,-117.897397,1612.0,614 - Covina,True,2.0,0.185,1954.0,2.0,Covina,3.0,False,1.0,One,8059.0,False,2.0,Covina Valley Unified,91722,0.0,8059.0,465.2605459057072,1.5,71.0,0,537.3333333333334,0.20002481697481078,13.527828485512494,13.592367006650065,13.602582202430352,808214.0392056003
False,False,2025-12-23,849000.0,33.974036,-118.173546,1358.0,"T6 - Maywood, Bell",False,2.0,0.2075,1938.0,2.0,Bell,2.0,True,1.0,One,9038.0,False,2.0,Los Angeles Unified,90201,0.0,9038.0,625.1840942562592,1.0,87.0,0,679.0,0.15025448107988493,13.651814465293484,13.534473028231162,13.47506208238157,711451.182720964
True,False,2025-12-29,1050000.0,33.03243813,-117.05510587,1597.0,92128 - Rancho Bernardo,True,2.0,0.13,1987.0,2.0,San Diego,2.0,True,1.0,One,2503.0,False,2.0,Los Angeles Unified,92128,392.0,820234.8,657.4827802128992,1.0,38.0,0,798.5,0.0019470034677875163,13.864300722133706,13.983960916083914,13.967596666463688,1164260.484839207
True,False,2025-12-08,1700000.0,37.59958952,-122.42236616,1760.0,699 - Not Defined,True,2.0,0.2686,1958.0,2.0,Millbrae,3.0,True,2.0,One,11700.0,False,2.0,Other,94030,0.0,11700.0,965.9090909090908,1.5,67.0,0,586.6666666666666,0.15042735042735042,14.346138809026444,14.445876127036545,14.316772794197636,1650803.660384097
True,False,2025-12-17,463500.0,34.206453,-117.117903,1399.0,288 - Running Springs,False,2.0,0.3353,1971.0,2.0,Running Springs,3.0,True,1.0,ThreeOrMore,14607.0,False,2.0,Rim of the World,92382,0.0,14607.0,331.30807719799856,1.5,54.0,0,466.3333333333333,0.09577599780926953,13.046561663988047,12.793859310432293,12.745386476085024,342965.95891769044
False,False,2025-12-26,830000.0,35.116078,-120.622881,1576.0,GRVC - Grover Beach,True,2.0,0.0861,2001.0,3.0,Grover Beach,4.0,False,2.0,Two,3750.0,False,2.0,Lucia Mar Unified,93433,0.0,3750.0,526.6497461928934,1.3333333333333333,24.0,0,394.0,0.4202666666666667,13.62918097977278,13.576613610603875,13.471704718146828,709066.5871831274
False,False,2025-12-26,950000.0,32.79538557,-117.16833589,1475.0,92111 - Linda Vista,True,4.0,0.124,1959.0,2.0,San Diego,3.0,False,1.0,One,5400.0,False,2.0,San Dieguito Union,92111,0.0,5400.0,644.0677966101695,1.5,66.0,0,491.6666666666667,0.27314814814814814,13.764217263576723,13.818004328719795,13.76440680489309,950180.081316434
False,False,2025-12-12,4151000.0,37.41097299,-122.13802302,2098.0,699 - Not Defined,False,2.0,0.2726,1939.0,2.0,Palo Alto,3.0,True,2.0,One,11875.0,False,2.0,Palo Alto Unified,94306,370.0,11875.0,1978.5510009532888,1.5,86.0,0,699.3333333333334,0.17667368421052632,15.238859827035176,15.01245418366469,14.897461828743793,2950431.0277478853
True,False,2025-12-26,895000.0,33.19491926,-117.22770659,2038.0,92084 - Vista,True,4.0,0.2594,1964.0,3.0,Vista,3.0,True,1.0,One,11300.0,False,2.0,Upland,92084,245.0,11300.0,439.15603532875366,1.0,61.0,0,679.3333333333334,0.18035398230088495,13.704578997256993,13.773646353865574,13.827979243144911,1012546.7433258048
True,False,2025-12-22,899000.0,37.93714658,-121.72035735,2513.0,SWR - Simi Wood Ranch,True,2.0,0.1762,1995.0,3.0,Brentwood,4.0,True,2.0,Two,7675.0,False,2.0,Fontana Unified,94513,500.0,7675.0,357.73975328292875,1.3333333333333333,30.0,0,628.25,0.3274267100977199,13.709038313453757,13.591116224748411,13.627419219702997,828539.0264623809
True,True,2025-12-23,770000.0,34.044625,-117.43215,3099.0,264 - Fontana,True,6.0,0.1377,1999.0,3.0,Fontana,4.0,False,2.0,Two,6000.0,False,3.0,Fontana Unified,92337,0.0,6000.0,248.4672474991933,1.3333333333333333,26.0,0,774.75,0.5165,13.554145793829866,13.304684934198283,13.47522462479058,711566.833108888
True,False,2025-12-23,850000.0,33.986593,-118.321275,1228.0,PHHT - Park Hills Heights,False,4.0,0.1102,1923.0,2.0,Los Angeles,2.0,True,1.0,One,4802.0,False,1.0,Los Angeles Unified,90043,0.0,4802.0,692.1824104234528,1.0,102.0,0,614.0,0.25572678050812164,13.652991628466498,13.652991628466498,13.564753307296064,778211.2588949804
True,False,2025-12-19,690000.0,34.198806,-118.52407,1022.0,RES - Reseda,False,2.0,0.1571,1950.0,1.0,Reseda,3.0,False,1.0,One,6844.0,False,2.0,Los Angeles Unified,91335,0.0,6844.0,675.146771037182,3.0,75.0,0,340.6666666666667,0.14932787843366452,13.444446876573442,13.652991628466498,13.512533106687393,738615.7510247721
False,False,2025-12-12,735000.0,34.171528,-119.149495,1178.0,VC34 - Oxnard - Southeast,True,1.0,0.1446,1961.0,2.0,Oxnard,3.0,False,1.0,One,6300.0,False,1.0,Riverside Unified,93033,0.0,6300.0,623.9388794567063,1.5,64.0,0,392.6666666666667,0.18698412698412697,13.507625778194974,13.459566775233457,13.39805529121993,658720.9579219903
False,False,2025-12-18,750000.0,34.230073,-118.432539,1070.0,ARL - Arleta,False,2.0,0.152,1951.0,3.0,Arleta,4.0,False,1.0,One,6623.0,False,2.0,Los Angeles Unified,91331,0.0,6623.0,700.9345794392524,1.3333333333333333,74.0,0,267.5,0.1615582062509437,13.527828485512494,13.541073712262515,13.49027404910017,722356.4897245904
False,True,2025-12-22,2200000.0,33.666083,-117.97938,2405.0,14 - South Huntington Beach,True,6.0,0.1597,1974.0,4.0,Huntington Beach,5.0,True,2.0,Two,6955.0,False,3.0,Huntington Beach Union High,92646,0.0,6955.0,914.7609147609148,1.25,51.0,0,481.0,0.34579439252336447,14.603967918328545,14.19394699368452,14.338039287255164,1686286.4246598755
True,False,2025-12-16,1160000.0,34.165908,-118.076153,1264.0,646 - Pasadena (NE),False,5.0,0.1685,1951.0,2.0,Pasadena,3.0,True,1.0,One,7338.0,False,2.0,Pasadena Unified,91107,0.0,7338.0,917.7215189873418,1.5,74.0,0,421.3333333333333,0.17225402016898336,13.963930563082547,14.263026495559501,14.067188674966085,1286181.9705389985
True,False,2025-12-17,1465000.0,34.242116,-118.813951,3787.0,SWR - Simi Wood Ranch,True,3.0,0.243,1992.0,4.0,Simi Valley,4.0,True,2.0,Two,10585.0,False,3.0,Simi Valley Unified,93065,360.0,10585.0,386.8497491418009,1.0,33.0,0,946.75,0.3577704298535664,14.197365800433305,13.676248490630767,14.043665650055413,1256280.1494395551
False,False,2025-12-22,1456250.0,37.91168954,-121.58866907,3774.0,VIC - Victorville,True,3.0,0.1653,1991.0,4.0,Discovery Bay,4.0,True,2.0,Two,7200.0,False,3.0,Riverside Unified,94505,357.0,7200.0,385.86380498145206,1.0,34.0,0,943.5,0.5241666666666667,14.191375196296148,13.589232200143268,13.854381129355897,1039635.9163120466
True,True,2025-12-22,1565000.0,33.183325,-117.202179,3140.0,92084 - Vista,False,12.0,1.0,1979.0,4.0,Vista,4.0,True,1.0,One,43560.0,False,4.0,Vista Unified,92084,0.0,43560.0,498.4076433121019,1.0,46.0,0,785.0,0.07208448117539026,14.26339638195639,13.773646353865574,14.189922370231,1454135.8581546792
True,False,2025-12-19,1220000.0,37.67871625,-122.4813785,1320.0,71 - Tustin,True,0.0,0.0781,1959.0,2.0,Daly City,3.0,True,2.0,Two,3400.0,False,2.0,Mount Diablo,94015,0.0,3400.0,924.2424242424242,1.5,66.0,0,440.0,0.38823529411764707,14.01436141670944,14.028601732812717,13.900329348601604,1088519.7988465447
True,False,2025-12-18,675000.0,34.225833,-118.470192,1600.0,NOH - North Hills,True,2.0,0.1881,1957.0,2.0,North Hills,3.0,True,1.0,One,8194.0,False,2.0,Los Angeles Unified,91343,0.0,8194.0,421.875,1.5,68.0,0,533.3333333333334,0.1952648279228704,13.422467969854667,13.715690222682063,13.733510676915646,921272.0682829187
True,False,2025-12-12,640000.0,38.0262258,-121.97241688,1441.0,NW - Northwood,True,2.0,0.1393,1991.0,2.0,Bay Point,3.0,True,1.0,One,6070.0,False,2.0,Antelope Valley Union,94565-6740,0.0,6070.0,444.1360166551006,1.5,34.0,0,480.3333333333333,0.23739703459637562,13.369223455335854,13.698976741708323,13.542511193551027,761093.2713695815
False,False,2025-12-15,630000.0,36.60816675,-121.83065217,768.0,699 - Not Defined,True,1.0,0.0872,1956.0,1.0,Seaside,2.0,False,1.0,Two,3800.0,False,1.0,Other,93955,380.0,3800.0,820.3125,2.0,69.0,0,384.0,0.20210526315789473,13.353475098367715,13.564794368589576,13.278824696131387,584682.764448507
False,False,2025-12-12,3000000.0,37.53676725,-122.30893575,2480.0,699 - Not Defined,True,2.0,0.1313,1940.0,4.0,San Mateo,4.0,True,1.0,One,5720.0,False,2.0,Other,94403,325.0,5720.0,1209.6774193548388,1.0,85.0,0,620.0,0.43356643356643354,14.914122846632385,14.580978400103845,14.698677565412426,2418547.1471030423
True,False,2025-12-16,1400000.0,37.40218433,-121.87739588,1150.0,92057 - Oceanside,True,2.0,0.1894,1965.0,2.0,San Jose,3.0,True,1.0,One,8250.0,False,2.0,Other,95132,0.0,8250.0,1217.391304347826,1.5,60.0,0,383.3333333333333,0.1393939393939394,14.151982794585487,14.316285845876763,14.0707471881531,1290767.0191817135
False,False,2025-12-11,1100000.0,37.75398975,-122.12326425,1922.0,263 - Banning/Beaumont/Cherry Valley,True,2.0,0.1377,1955.0,3.0,Oakland,4.0,True,1.0,MultiSplit,6000.0,False,2.0,Palmdale,94605-5608,0.0,6000.0,572.3204994797086,1.3333333333333333,70.0,0,480.5,0.32033333333333336,13.9108207377686,13.698976741708323,13.840366748280237,1025167.6808827863
True,False,2025-12-17,595000.0,34.018607,-118.125523,973.0,674 - Montebello,False,2.0,0.1126,1942.0,1.0,Montebello,2.0,True,1.0,One,4906.0,False,2.0,Montebello Unified,90640,0.0,4906.0,611.5107913669065,2.0,83.0,0,486.5,0.19832857725234407,13.296316684527767,13.66988634579858,13.476512303637826,712483.6928520446
False,False,2025-12-16,2000000.0,34.058153999999995,-118.35071299999998,1870.0,C19 - Beverly Center-Miracle Mile,False,2.0,0.1768,1926.0,2.0,Los Angeles,4.0,True,1.0,One,7703.0,False,2.0,Fontana Unified,90036,0.0,7703.0,1069.51871657754,2.0,99.0,0,467.5,0.24276256004154226,14.508657738524219,14.676279640441766,14.43190492452425,1852237.4978091375
True,False,2025-12-17,730000.0,33.895241,-117.527474,1699.0,248 - Corona,True,2.0,0.11,1988.0,3.0,Corona,3.0,True,2.0,Two,4792.0,False,2.0,Corona-Norco Unified,92879,0.0,4792.0,429.664508534432,1.0,37.0,0,566.3333333333334,0.3545492487479132,13.500799813124575,13.500799813124575,13.443265938541757,689185.6337108422
True,True,2025-12-31,1475000.0,34.207275,-118.645171,2449.0,WEH - West Hills,True,2.0,0.257,1978.0,3.0,West Hills,4.0,True,2.0,Two,11194.0,False,2.0,Los Angeles Unified,91304,0.0,11194.0,602.2866476112699,1.3333333333333333,47.0,0,612.25,0.2187779167411113,14.204168547756057,13.846039762999096,13.986416841748339,1186379.5608086218
True,False,2025-12-09,1205000.0,32.71509809,-117.1324025,1332.0,92102 - San Diego,True,3.0,0.1641,1932.0,2.0,San Diego,3.0,False,1.0,One,7147.0,False,2.0,Lancaster,92102,0.0,7147.0,904.6546546546548,1.5,93.0,0,444.0,0.1863719042955086,14.001990124906893,13.623138665316818,13.549616799813395,766520.5597368422
True,False,2025-12-02,415000.0,38.279511,-122.03189377,1474.0,SRCAR - Southwest Riverside County,True,2.0,0.14,1975.0,2.0,Fairfield,4.0,True,1.0,One,6098.0,False,2.0,Murrieta,94533,117.0,6098.0,281.5468113975577,2.0,50.0,0,368.5,0.2417185962610692,12.936033799212835,13.127239523125667,13.09136953546874,484740.771593716
False,False,2025-12-12,455000.0,33.7867,-116.296457,1931.0,307 - Sun City,True,2.0,0.16,2001.0,2.0,Palm Desert,2.0,False,1.0,One,6970.0,False,2.0,Los Angeles Unified,92211,398.0,6970.0,235.62920766442252,1.0,24.0,0,965.5,0.2770444763271162,13.028052697933088,13.226723392728571,13.139941940722604,508866.98778413003
True,False,2025-12-26,480000.0,33.925992,-117.280556,952.0,259 - Moreno Valley,True,1.0,0.17,1956.0,2.0,Moreno Valley,3.0,False,1.0,One,7405.0,False,1.0,Moreno Valley Unified,92553,0.0,7405.0,504.20168067226894,1.5,69.0,0,317.3333333333333,0.12856178257933829,13.081541382884074,13.159174447339636,13.030080625438137,455923.6432390226
True,False,2025-12-30,800000.0,33.866717,-117.463473,2089.0,252 - Riverside,True,2.0,0.1,1991.0,3.0,Riverside,4.0,True,2.0,Two,4356.0,False,2.0,Alvord Unified,92503,109.0,4356.0,382.9583532790809,1.3333333333333333,34.0,0,522.25,0.47956841138659323,13.592367006650065,13.399995114002609,13.424549430536304,676406.4491866623
False,False,2025-12-17,920000.0,32.778976,-116.969378,1855.0,92020 - El Cajon,True,1.0,0.14,1952.0,2.0,El Cajon,3.0,True,1.0,One,0.14,False,1.0,Other,92020,0.0,6098.4,495.9568733153639,1.5,73.0,0,618.3333333333334,0.304178145087236,13.732128949025222,13.7694117933985,13.798207238213301,982845.5229587642
False,True,2025-12-24,1465000.0,34.165628000000005,-118.455447,2601.0,SO - Sherman Oaks,False,0.0,0.1569,1950.0,4.0,Sherman Oaks,4.0,False,1.0,One,6835.0,False,0.0,Los Angeles Unified,91411,0.0,6835.0,563.2449058054594,1.0,75.0,0,650.25,0.3805413313825896,14.197365800433305,13.961752072660685,14.257755274481262,1556196.5208329079
False,False,2025-12-05,695000.0,37.99576769,-122.0241948,1103.0,16 - Fountain Valley / Northeast HB,True,4.0,0.1607,1963.0,2.0,Concord,3.0,True,1.0,One,7000.0,False,2.0,Other,94519,0.0,7000.0,630.0997280145059,1.5,62.0,0,367.6666666666667,0.15757142857142858,13.45166712454693,13.514405465180353,13.429024661673663,679440.307935712
True,True,2025-12-18,850000.0,34.19773,-118.423288,1360.0,NHO - North Hollywood,True,2.0,0.1366,1954.0,2.0,North Hollywood,4.0,True,1.0,One,5951.0,False,2.0,Los Angeles Unified,91605,0.0,5951.0,625.0,2.0,71.0,0,340.0,0.22853301966056125,13.652991628466498,13.670484785914017,13.645434401688686,843600.5686725791
False,False,2025-12-10,875000.0,32.77491388,-117.17638416,1585.0,92111 - Linda Vista,True,4.0,0.2663,1966.0,2.0,San Diego,3.0,True,1.0,One,11600.0,False,2.0,Perris Union High,92111,0.0,11600.0,552.0504731861199,1.5,59.0,0,528.3333333333334,0.13663793103448277,13.681979165339751,13.818004328719795,13.747390566255117,934148.3767916679
True,False,2025-12-16,288000.0,34.206171999999995,-117.103678,1024.0,288 - Running Springs,True,0.0,0.0551,1972.0,1.0,Running Springs,2.0,True,2.0,Two,2400.0,False,0.0,Rim of the World,92382,0.0,2400.0,281.25,2.0,53.0,0,512.0,0.4266666666666667,12.570715759118084,12.793859310432293,12.438531866629159,252339.79892230176
True,False,2025-12-03,1025000.0,33.856825,-117.781608,1328.0,77 - Anaheim Hills,True,2.0,0.1148,1974.0,2.0,Anaheim,3.0,True,1.0,One,5000.0,False,2.0,Orange Unified,92807,0.0,5000.0,771.8373493975904,1.5,51.0,0,442.6666666666667,0.2656,13.840203170554645,13.997832114758229,13.818195776888295,1002688.8273534409
True,False,2025-12-23,655000.0,35.508796000000004,-120.670859,1064.0,ATSC - Atascadero,True,0.0,0.174,1972.0,2.0,Atascadero,3.0,False,1.0,One,7580.0,False,0.0,Atascadero Unified,93422,0.0,7580.0,615.6015037593985,1.5,53.0,0,354.6666666666667,0.14036939313984167,13.39239051461739,13.64826835113874,13.435578672953785,683907.9920115465
False,False,2025-12-17,237500.0,37.928574,-121.270902,1196.0,336 - Cathedral City South,True,1.0,0.1286,1973.0,2.0,Stockton,4.0,False,1.0,One,5600.0,False,1.0,See Remarks,95206,0.0,5600.0,198.57859531772576,2.0,52.0,0,299.0,0.21357142857142858,12.377922902456833,12.977320898870284,12.876020196610309,390826.96513744217
True,True,2025-12-16,1165000.0,33.12138946,-117.12358227,2271.0,92029 - Escondido,True,7.0,0.4606,1989.0,3.0,Escondido,4.0,True,2.0,Two,20064.0,False,3.0,Hacienda La Puente Unified,92029,0.0,20064.0,512.9898723029503,1.3333333333333333,36.0,0,567.75,0.1131877990430622,13.968231644981937,14.163297674406381,14.167272776414636,1421570.460300579
True,False,2025-12-23,2058000.0,34.212706,-118.190473,1793.0,634 - La Canada Flintridge,True,1.0,0.3926,1958.0,2.0,La Canada Flintridge,3.0,True,1.0,One,17100.0,False,1.0,San Marcos Unified,91011,330.0,17100.0,1147.7969882877858,1.5,67.0,0,597.6666666666666,0.10485380116959064,14.537245195376132,14.635290389457586,14.483495998600736,1950304.3564681164
True,False,2025-12-10,1450000.0,37.81234695,-122.22039161,1729.0,RES - Reseda,True,2.0,0.079,1932.0,2.0,Oakland,4.0,True,1.0,One,3440.0,False,2.0,Antelope Valley Union,94602,0.0,3440.0,838.6350491613649,2.0,93.0,0,432.25,0.5026162790697675,14.187074114396758,13.92839261528267,13.90338325834041,1091849.1211985638
False,False,2025-12-08,1310000.0,37.58142665,-122.07151619,1805.0,92020 - El Cajon,True,2.0,0.1612,1971.0,2.0,Union City,4.0,True,1.0,One,7020.0,False,2.0,New Haven,94587,213.0,7020.0,725.7617728531856,2.0,54.0,0,451.25,0.2571225071225071,14.085537695177335,14.117095535585046,14.079627163345066,1302280.0403078054
True,False,2025-12-30,1750000.0,37.92212524,-122.05158332,2300.0,276 - Highland,True,6.0,0.3581,1951.0,2.0,Walnut Creek,4.0,True,1.0,One,15600.0,False,2.0,Walnut Creek,94597,140.0,15600.0,760.8695652173913,2.0,74.0,0,575.0,0.14743589743589744,14.375126345899696,14.077874822431765,14.257755804641919,1556197.345867296
True,False,2025-12-01,1500000.0,33.879290999999995,-116.36773,2950.0,344 - Sky Valley,False,12.0,15.0,1992.0,4.0,Desert Hot Springs,5.0,True,1.0,One,653400.0,False,2.0,Long Beach Unified,92241,194.0,653400.0,508.4745762711864,1.25,33.0,0,590.0,0.004514845423936333,14.22097566607244,13.117346290220361,13.473621929049814,710427.3213654195
False,True,2025-12-31,2655000.0,33.756487,-118.38971399999998,2881.0,171 - Country Club,True,3.0,0.3505,1976.0,4.0,Rancho Palos Verdes,5.0,True,1.0,One,15269.0,False,3.0,Palos Verdes Peninsula Unified,90275,0.0,15269.0,921.5550156195766,1.25,49.0,0,576.2,0.18868295238718974,14.791955212658177,14.438232971730155,14.594957017908841,2180265.067366517
False,False,2025-12-01,1300000.0,33.874056,-118.05851,2402.0,RA - Cerritos North of 91 Frwy,True,2.0,0.1217,1969.0,3.0,Cerritos,4.0,True,2.0,Two,5302.0,False,2.0,ABC Unified,90703,0.0,5302.0,541.2156536219817,1.3333333333333333,56.0,0,600.5,0.45303658996605056,14.077874822431765,14.01436141670944,14.147625001300833,1393912.3633663706
True,False,2025-12-11,638000.0,38.012621,-121.95374152,1656.0,91941 - La Mesa,True,2.0,0.1676,1998.0,2.0,Pittsburg,3.0,True,1.0,One,7300.0,False,2.0,Chico Unified,94565-7333,0.0,7300.0,385.2657004830918,1.5,27.0,0,552.0,0.22684931506849315,13.366093562326927,13.698976741708323,13.621021341071028,823255.0554558099
False,False,2025-12-23,1290000.0,34.204586,-118.499825,2400.0,LKBL - Lake Balboa,True,10.0,0.3725,1948.0,3.0,Lake Balboa,4.0,True,1.0,One,16224.0,False,3.0,Desert Sands Unified,91406,0.0,16224.0,537.5,1.3333333333333333,77.0,0,600.0,0.14792899408284024,14.070152776337855,13.708480036117827,13.97014326958026,1167229.1726488401
True,False,2025-12-20,395000.0,34.118857,-117.251241,1110.0,274 - San Bernardino,False,2.0,0.2573,1949.0,2.0,San Bernardino,3.0,False,1.0,One,11210.0,False,2.0,San Bernardino City Unified,92410,0.0,11210.0,355.85585585585585,1.5,76.0,0,370.0,0.09901873327386262,12.886641043883259,12.971540487669746,12.871223878729241,388956.92301934765
True,False,2025-12-23,699900.0,33.750402,-117.46971,2106.0,248 - Corona,True,2.0,0.15,2010.0,3.0,Corona,3.0,False,1.0,One,6534.0,False,2.0,Corona-Norco Unified,92883,89.0,6534.0,332.33618233618233,1.0,15.0,0,702.0,0.32231404958677684,13.458692746677631,13.547957803444275,13.566339332027429,779446.5005007477
False,False,2025-12-12,665000.0,34.12021,-117.359355,2259.0,272 - Rialto,True,2.0,0.2537,1962.0,2.0,Rialto,4.0,False,1.0,One,11050.0,False,2.0,Rialto Unified,92376,0.0,11050.0,294.37804338202744,2.0,63.0,0,564.75,0.20443438914027148,13.407542319637992,13.253391639810733,13.344152223234579,624153.8823220558
True,False,2025-12-09,450000.0,37.79010377,-122.21112402,1296.0,268 - Redlands,True,1.0,0.0918,1917.0,2.0,Oakland,3.0,True,1.0,One,4000.0,False,1.0,Los Angeles Unified,94602-3615,80.0,4000.0,347.22222222222223,1.5,108.0,0,432.0,0.324,13.017002861746503,13.698976741708323,13.656279738333494,852799.4933855918
False,False,2025-12-15,925000.0,32.797794800000005,-117.07212799,1462.0,92120 - Del Cerro,True,5.0,0.1607,1956.0,2.0,San Diego,4.0,False,1.0,One,7000.0,False,2.0,Santa Maria Joint Union,92120,0.0,7000.0,632.6949384404925,2.0,69.0,0,365.5,0.20885714285714285,13.737549016494562,13.996998434009651,13.878966822188795,1065512.8837501325
False,False,2025-12-17,1109000.0,36.6652778,-121.80378029,2280.0,699 - Not Defined,True,1.0,0.0826,2016.0,3.0,Marina,3.0,True,1.0,One,3600.0,False,2.0,Other,93933,169.0,3600.0,486.4035087719298,1.0,9.0,0,760.0,0.6333333333333333,13.918969266332503,13.795307850646754,13.84875199359148,1033800.105289851
False,False,2025-12-30,625000.0,37.9862286,-121.72566337,1800.0,CAC - California City,True,2.0,0.1391,1986.0,2.0,Oakley,3.0,True,1.0,One,6060.0,False,2.0,Beaumont,94561,0.0,6060.0,347.22222222222223,1.5,39.0,0,600.0,0.297029702970297,13.345506928718539,13.415032991367148,13.346441789743597,625584.5613398945
True,False,2025-12-22,1275000.0,33.56692,-117.631046,1681.0,LD - Ladera Ranch,True,2.0,0.0866,2000.0,3.0,Ladera Ranch,3.0,True,2.0,Two,3771.0,False,2.0,Capistrano Unified,92694,273.0,3771.0,758.4770969660916,1.0,25.0,0,560.3333333333334,0.44577035269159376,14.058456736574664,14.232573444874031,14.04851450587363,1262386.4631047521
True,False,2025-12-08,740000.0,32.729355,-117.082339,972.0,92105 - East San Diego,False,5.0,0.1538,1949.0,1.0,San Diego,3.0,False,1.0,One,6700.0,False,2.0,San Diego Unified,92105,0.0,6700.0,761.3168724279835,3.0,76.0,0,324.0,0.14507462686567163,13.514405465180353,13.422467969854667,13.287626645543243,589851.8281091622
False,False,2025-12-24,445000.0,34.666462,-118.075224,1361.0,LAC - Lancaster,True,2.0,0.1607,2010.0,2.0,Lancaster,3.0,False,1.0,One,6999.0,False,2.0,Antelope Valley Union,93535,0.0,6999.0,326.96546656869947,1.5,15.0,0,453.6666666666667,0.19445635090727248,13.005829561148378,12.994530005894443,12.941168868794783,417136.5348091184
True,False,2025-12-19,537000.0,38.01525118,-121.93400838,992.0,SRCAR - Southwest Riverside County,True,4.0,0.2019999999999999,1980.0,1.0,Pittsburg,3.0,True,1.0,One,8800.0,False,2.0,Claremont Unified,94565,0.0,8800.0,541.3306451612904,3.0,45.0,0,330.6666666666667,0.11272727272727273,13.193753373491,13.270783382522602,13.06084014542996,470165.5498688299
False,False,2025-12-24,1049000.0,34.22659,-119.004089,2213.0,VC45 - Mission Oaks,True,3.0,0.147,1990.0,3.0,Camarillo,4.0,True,2.0,Two,6403.0,False,3.0,Oxnard Union,93012,0.0,6403.0,474.017171260732,1.3333333333333333,35.0,0,553.25,0.3456192409807903,13.863347887378435,13.710150042306449,13.782197166946627,967235.389203149
True,False,2025-12-22,760000.0,32.828896,-116.936091,1822.0,92040 - Lakeside,True,4.0,0.0,1958.0,2.0,Lakeside,4.0,True,2.0,Two,0.26,False,0.0,Lakeside Union,92040,0.0,0.26,417.1240395170143,2.0,67.0,0,455.5,7007.692307692308,13.541073712262515,13.623138665316818,13.632408253986629,832682.9646000732
False,False,2025-12-10,1735000.0,32.93877917,-117.24233307,1518.0,92014 - Del Mar,True,6.0,0.2089,1972.0,2.0,Del Mar,3.0,True,1.0,One,9100.0,False,2.0,West Covina,92014,0.0,9100.0,1142.9512516469038,1.5,53.0,0,506.0,0.16681318681318683,14.366517971363097,14.859308410932126,14.68467744813959,2384923.1227555457
True,False,2025-12-09,1300000.0,33.161139,-117.263304,2050.0,92056 - Oceanside,True,3.0,0.104,1987.0,3.0,Oceanside,3.0,True,2.0,Two,4530.0,False,2.0,Vista Unified,92056,696.0,4530.0,634.1463414634146,1.0,38.0,0,683.3333333333334,0.45253863134657835,14.077874822431765,13.732128949025222,13.80713013036894,991654.5902980883
True,True,2025-12-26,1050000.0,34.41013,-118.491996,2996.0,RBGL - Rainbow Glen,True,3.0,0.267,1999.0,3.0,Canyon Country,4.0,True,2.0,Two,11629.0,False,3.0,Other,91351,128.0,11629.0,350.4672897196262,1.3333333333333333,26.0,0,749.0,0.2576317826124344,13.864300722133706,13.527828485512494,13.839669054127178,1024452.6768420024
True,False,2025-12-23,730000.0,36.60753296,-121.84895714,756.0,699 - Not Defined,True,2.0,0.0918,1947.0,1.0,Seaside,2.0,False,1.0,One,4000.0,False,1.0,Other,93955,270.0,4000.0,965.6084656084656,2.0,78.0,0,378.0,0.189,13.500799813124575,13.564794368589576,13.310264746523831,603357.2450836241
False,False,2025-12-10,840000.0,33.847399,-118.110103,888.0,23 - Lakewood Park,True,2.0,0.1263,1951.0,1.0,Lakewood,2.0,False,1.0,One,5501.0,False,2.0,San Diego Unified,90713,0.0,5501.0,945.945945945946,2.0,74.0,0,444.0,0.16142519541901473,13.641157170819497,13.721199878493033,13.491601620316562,723316.1062470201
True,False,2025-12-08,4100000.0,37.42225769,-122.12107006,1696.0,699 - Not Defined,True,2.0,0.1653,1948.0,2.0,Palo Alto,4.0,True,1.0,One,7200.0,False,1.0,Palo Alto Unified,94306,0.0,7200.0,2417.4528301886794,2.0,77.0,0,424.0,0.23555555555555555,15.226497531674536,15.01245418366469,14.873465819928876,2880475.146503096
False,False,2025-12-18,1825000.0,33.859359999999995,-118.37146,2264.0,152 - N Redondo Bch/Villas South,True,2.0,0.1283,1955.0,3.0,Redondo Beach,5.0,True,2.0,Two,5587.0,False,2.0,Redondo Unified,90278,0.0,5587.0,806.095406360424,1.6666666666666667,70.0,0,452.8,0.4052264184714516,14.417090544998729,14.253765488895429,14.364099188976606,1730808.4837857767
True,False,2025-12-24,758000.0,33.622195,-117.154873,2858.0,SRCAR - Southwest Riverside County,True,3.0,0.15,2021.0,3.0,Murrieta,5.0,False,2.0,Two,6534.0,False,3.0,Murrieta,92563,0.0,6534.0,265.22043386983904,1.6666666666666667,4.0,0,571.6,0.4374043464952556,13.53843866462451,13.458835614025542,13.541334017957372,760197.858078767
True,False,2025-12-18,885000.0,33.82951,-117.891808,1664.0,78 - Anaheim East of Harbor,True,2.0,0.1377,1955.0,2.0,Anaheim,4.0,True,1.0,One,6000.0,False,2.0,Anaheim Union High,92805,0.0,6000.0,531.8509615384615,2.0,70.0,0,416.0,0.2773333333333333,13.693342923990066,13.670484785914017,13.705223204207316,895576.7509740867
True,False,2025-12-23,760000.0,34.152507,-117.453204,2240.0,264 - Fontana,True,2.0,0.0918,2017.0,3.0,Fontana,4.0,False,2.0,Two,3999.0,False,2.0,Fontana Unified,92336,125.0,3999.0,339.2857142857143,1.3333333333333333,8.0,0,560.0,0.5601400350087522,13.541073712262515,13.487006490992238,13.478264806013067,713733.4169684772
False,False,2025-12-24,620000.0,34.099742,-117.966458,1269.0,608 - Baldwin Pk/Irwindale,False,2.0,0.1334,1952.0,1.0,Baldwin Park,3.0,True,1.0,One,5813.0,False,2.0,Baldwin Park Unified,91706,0.0,5813.0,488.57368006304176,3.0,73.0,0,423.0,0.21830380182349907,13.337474757021274,13.527828485512494,13.462705180675961,702713.9441627586
False,True,2025-12-17,3010000.0,37.5678415,-122.06062625,2651.0,699 - Not Defined,False,2.0,0.1033,2017.0,4.0,Fremont,4.0,False,2.0,One,4500.0,False,2.0,Fremont Unified,94555,176.0,4500.0,1135.4205960015088,1.0,8.0,0,662.75,0.5891111111111111,14.917450636725059,14.346138809026444,14.59574665456705,2181987.364493303
False,False,2025-12-12,340000.0,33.776614,-116.29478600000002,1045.0,307 - Sun City,True,4.0,0.11,1993.0,2.0,Palm Desert,2.0,False,1.0,One,4792.0,False,2.0,El Segundo Unified,92211,398.0,4792.0,325.3588516746412,1.0,32.0,0,522.5,0.21807178631051752,12.736700896592344,13.226723392728571,12.978325924428141,432927.65929664474
False,False,2025-12-30,1850000.0,33.01074342,-117.05384303,2710.0,92064 - Poway,True,6.0,0.57,1978.0,3.0,Poway,4.0,True,1.0,One,24829.0,False,2.0,Lake Elsinore Unified,92064,0.0,24829.0,682.6568265682657,1.3333333333333333,47.0,0,677.5,0.10914656248741392,14.430696197054507,14.042638194103073,14.267211404409297,1570981.913450601
False,False,2025-12-31,1050000.0,34.158787,-118.607633,1320.0,WHLL - Woodland Hills,True,2.0,0.1435,1954.0,2.0,Woodland Hills,3.0,True,1.0,One,6252.0,False,2.0,Los Angeles Unified,91364,0.0,6252.0,795.4545454545455,1.5,71.0,0,440.0,0.21113243761996162,13.864300722133706,14.15910026235435,13.932415975432656,1124013.1126569821
False,True,2025-12-19,885000.0,32.84841025,-116.92487143,1340.0,92040 - Lakeside,True,4.0,0.5533,1959.0,2.0,Lakeside,3.0,False,1.0,One,7285.0,False,2.0,Anaheim Union High,92040,0.0,7512.0,660.4477611940298,1.5,66.0,0,446.6666666666667,0.17838125665601703,13.693342923990066,13.623138665316818,13.52362789704893,746856.1662509462
True,False,2025-12-08,900000.0,32.8406305,-117.0211075,1334.0,92071 - Santee,True,4.0,0.2106,1973.0,2.0,Santee,3.0,False,1.0,One,9172.0,False,2.0,Other,92071,0.0,9172.0,674.6626686656672,1.5,52.0,0,444.6666666666667,0.14544265154819014,13.710150042306449,13.652403046879991,13.553452224642182,769466.1368823881
False,True,2025-12-11,1360000.0,33.895115000000004,-117.842175,2732.0,85 - Yorba Linda,True,3.0,0.2204,1987.0,3.0,Yorba Linda,5.0,True,2.0,Two,9600.0,False,3.0,Placentia-Yorba Linda Unified,92886,0.0,9600.0,497.8038067349927,1.6666666666666667,38.0,0,546.4,0.28458333333333335,14.122995257712235,14.20888790014483,14.380809664975217,1759974.1246013646
True,False,2025-12-10,4900000.0,37.55773512,-122.33204787,3150.0,699 - Not Defined,False,2.0,0.1492,1930.0,3.0,San Mateo,5.0,True,1.0,One,6497.0,False,2.0,Other,94402,0.0,6497.0,1555.5555555555557,1.6666666666666667,95.0,0,630.0,0.48483915653378484,15.404745763080856,14.777515526790612,14.982897188194224,3213583.37341333
False,False,2025-12-15,721650.0,34.224439000000004,-119.03565,1522.0,VC41 - Camarillo Central,True,2.0,0.03,1981.0,3.0,Camarillo,3.0,True,2.0,Two,1306.0,False,2.0,Beaumont,93010,370.0,1306.0,474.1458607095926,1.0,44.0,0,507.3333333333333,1.1653905053598774,13.48929553579571,13.790192749979985,13.608173928554804,812746.009723172
True,False,2025-12-01,928000.0,33.930638,-118.033593,1393.0,699 - Not Defined,False,2.0,0.5034,1949.0,1.0,Whittier,3.0,True,1.0,One,21929.0,False,2.0,Whittier Union High,90604,0.0,21929.0,666.1880832735104,3.0,76.0,0,464.3333333333333,0.06352318847188654,13.740787011768338,13.636672835828117,13.523751241562472,746948.2925429775
True,False,2025-12-19,334000.0,39.679645,-122.131577,1673.0,268 - Redlands,False,1.0,1.31,1962.0,2.0,Orland,4.0,True,1.0,One,57064.0,False,1.0,Orland Joint Unified,95963,0.0,57064.0,199.64136282127916,2.0,63.0,0,418.25,0.029317958783120705,12.718896271958837,12.834681304952548,12.845346091430653,379020.69675684033
True,False,2025-12-22,195000.0,34.535658000000005,-117.297256,489.0,VIC - Victorville,False,0.0,0.163,1946.0,1.0,Victorville,2.0,False,1.0,One,7100.0,False,0.0,Victor Valley Unified,92395,0.0,7100.0,398.7730061349693,2.0,79.0,0,244.5,0.06887323943661972,12.180754837545884,12.947950462906661,12.523491116277189,274715.45071454573
True,False,2025-12-11,1530000.0,37.53075803,-121.96700208,1318.0,646 - Pasadena (NE),True,2.0,0.1377,1960.0,2.0,Fremont,3.0,True,1.0,One,6000.0,False,2.0,Fremont Unified,94538,0.0,6000.0,1160.8497723823975,1.5,65.0,0,439.3333333333333,0.21966666666666668,14.240778293368619,14.191890085177342,14.068171095189552,1287446.1626001606
True,False,2025-12-01,4420000.0,37.45380368,-122.22281771,3050.0,699 - Not Defined,True,2.0,0.1581,2025.0,4.0,Redwood City,5.0,True,1.0,One,6887.0,False,2.0,Other,94061,0.0,6887.0,1449.1803278688524,1.25,0.0,0,610.0,0.4428633657615798,15.30165025405388,14.580978400103845,14.885382428511814,2915005.9779280513
True,False,2025-12-04,3500000.0,33.60519,-117.888134,1611.0,N9 - Lower Newport Bay - Balboa Island,True,1.0,0.0585,1940.0,3.0,Newport Beach,4.0,True,2.0,Two,2550.0,False,1.0,Newport Mesa Unified,92662,0.0,2550.0,2172.5636250775915,1.3333333333333333,85.0,0,402.75,0.6317647058823529,15.068273526459642,15.249460008986327,15.137830796429474,3752117.091696275
True,False,2025-12-11,822000.0,34.211882,-118.506269,1150.0,LKBL - Lake Balboa,False,2.0,0.1817,1950.0,1.0,Lake Balboa,3.0,False,1.0,One,7915.0,False,2.0,Los Angeles Unified,91406,0.0,7915.0,714.7826086956521,3.0,75.0,0,383.3333333333333,0.14529374605180037,13.619495674038317,13.708480036117827,13.578740901692656,789173.0481454019
True,False,2025-12-09,7300000.0,37.44346077,-122.17676745,4023.0,699 - Not Defined,False,2.0,0.2238,2014.0,6.0,Menlo Park,4.0,True,1.0,"ThreeOrMore,MultiSplit",9750.0,False,2.0,Other,94025,945.0,9750.0,1814.5662440964456,0.6666666666666666,11.0,0,1005.75,0.4126153846153846,15.80338490611862,14.871563232213587,15.497975487998225,5378798.004822578
False,False,2025-12-12,1053000.0,33.911306,-117.875617,1459.0,86 - Brea,True,4.0,0.1519,1969.0,2.0,Brea,3.0,True,1.0,One,6615.0,False,2.0,Brea-Olinda Unified,92821,71.0,6615.0,721.7272104180946,1.5,56.0,0,486.3333333333333,0.22055933484504914,13.867153791116113,13.997832114758229,13.848738943247456,1033786.6139308594
True,True,2025-12-29,1450000.0,33.75609,-116.434277,4382.0,321 - Rancho Mirage,True,2.0,0.51,1979.0,5.0,Rancho Mirage,4.0,True,1.0,One,22216.0,False,2.0,Fallbrook Union,92270,675.0,22216.0,330.89913281606573,0.8,46.0,0,1095.5,0.19724522866402594,14.187074114396758,13.9108207377686,14.588769441927127,2166816.1625708677
True,False,2025-12-18,975000.0,37.87535767,-122.18440766,1430.0,276 - Highland,True,1.0,0.0803,1960.0,2.0,Orinda,3.0,True,2.0,Two,3500.0,False,1.0,Acalanes,94563,173.0,3500.0,681.8181818181819,1.5,65.0,0,476.6666666666667,0.4085714285714286,13.790192749979985,14.408837403242009,14.151295878035665,1399038.6470526753
False,False,2025-12-26,465000.0,34.484655,-117.266577,2438.0,VIC - Victorville,True,2.0,0.1653,1987.0,3.0,Victorville,3.0,True,2.0,Two,7200.0,False,2.0,Victor Valley Unified,92395,138.0,7200.0,190.7301066447908,1.0,38.0,0,812.6666666666666,0.3386111111111111,13.049792684569493,12.947950462906661,13.091656564812638,484879.92638914665
True,False,2025-12-30,1480000.0,33.912654,-117.873292,2515.0,86 - Brea,True,3.0,0.153,1969.0,4.0,Brea,5.0,True,2.0,Two,6666.0,False,3.0,Brea-Olinda Unified,92821,70.0,6666.0,588.469184890656,1.25,56.0,0,503.0,0.3772877287728773,14.207552645740298,13.997832114758229,14.211336563430663,1485610.8069028477
False,False,2025-12-09,1499000.0,33.794715999999994,-118.097099,2466.0,"33 - Lakewood Plaza, Rancho",True,2.0,0.1352,1953.0,3.0,Long Beach,5.0,True,2.0,Two,5888.0,False,2.0,Long Beach Unified,90815,0.0,5888.0,607.8669910786699,1.6666666666666667,72.0,0,493.2,0.4188179347826087,14.220308777084735,13.937728190688523,14.098111257473006,1326575.3538574076
True,True,2025-12-23,605000.0,33.555595000000004,-117.107434,2706.0,SRCAR - Southwest Riverside County,True,2.0,0.23,2002.0,3.0,Murrieta,4.0,True,2.0,Two,10019.0,False,2.0,Temecula Unified,92563,45.0,10019.0,223.5772357723577,1.3333333333333333,23.0,0,676.5,0.2700868350134744,13.312983737012978,13.458835614025542,13.598947128271979,805281.4545478093
True,True,2025-12-04,1330000.0,33.598496999999995,-117.663146,1875.0,MC - Mission Viejo Central,True,4.0,0.35,1967.0,3.0,Mission Viejo,4.0,True,2.0,ThreeOrMore,0.35,False,2.0,Saddleback Valley Unified,92691,0.0,15246.0,709.3333333333334,1.3333333333333333,58.0,0,468.75,0.12298307752853208,14.100689500197937,14.092573789669016,14.073036824591888,1293725.7923476484
False,False,2025-12-17,1215000.0,33.941527,-117.932564,1882.0,87 - La Habra,True,2.0,0.1665,1964.0,3.0,La Habra,3.0,False,2.0,Two,7254.0,False,2.0,Fullerton Joint Union High,90631,0.0,7254.0,645.5897980871414,1.0,61.0,0,627.3333333333334,0.2594430658946788,14.010254634756786,13.792724135316895,13.817462645389028,1001953.993987802
True,False,2025-12-16,1359900.0,34.216888,-118.825651,2639.0,TOE - Thousand Oaks East,False,2.0,0.129,1999.0,3.0,Thousand Oaks,4.0,True,2.0,Two,5620.0,False,2.0,Apple Valley Unified,91362,200.0,5620.0,515.3088291019326,1.3333333333333333,26.0,0,659.75,0.4695729537366548,14.12292172559705,14.119312012295937,14.208865189680123,1481943.8404398705
False,False,2025-12-22,705000.0,34.080861,-117.661586,1198.0,686 - Ontario,False,2.0,0.155,1955.0,2.0,Ontario,3.0,True,1.0,One,6750.0,False,2.0,Ontario-Montclair,91762,0.0,6750.0,588.4808013355592,1.5,70.0,0,399.3333333333333,0.1774814814814815,13.465953081794405,13.530491602931978,13.490890230054287,722801.7291955949
False,False,2025-12-24,1335000.0,33.861204,-118.066455,2593.0,"RB - Cerritos South of 91 Frwy, E of Norwalk",True,2.0,0.1271,1970.0,3.0,Cerritos,5.0,True,2.0,Two,5537.0,False,2.0,ABC Unified,90703,0.0,5537.0,514.847666795218,1.6666666666666667,55.0,0,518.6,0.46830413581361746,14.104441849816487,14.01436141670944,14.136511146296044,1378506.391912621
True,False,2025-12-12,925000.0,37.69501475,-122.13496425,1474.0,690 - Upland,False,2.0,0.1247,1952.0,2.0,San Leandro,3.0,True,1.0,One,5432.0,False,2.0,Kingsburg Joint Union,94578,0.0,5432.0,627.5440976933514,1.5,73.0,0,491.3333333333333,0.2713549337260677,13.737549016494562,13.652991628466498,13.66200685465345,857697.5878721855
False,False,2025-12-17,1135000.0,37.96875463,-122.08500251,2377.0,EC - El Camino Real,True,2.0,0.2456,1971.0,3.0,Pleasant Hill,4.0,True,2.0,Two,10700.0,False,2.0,Redlands Unified,94523,0.0,10700.0,477.4926377787127,1.3333333333333333,54.0,0,594.25,0.22214953271028037,13.94214320889764,13.92391643180806,14.079094839227144,1301586.9897142004
True,False,2025-12-17,1420000.0,34.131449,-118.355405,1710.0,C03 - Sunset Strip - Hollywood Hills West,True,2.0,0.1189,1958.0,2.0,Los Angeles,3.0,True,2.0,Two,5180.0,False,3.0,Temecula Unified,90068,0.0,5180.0,830.4093567251462,1.5,67.0,0,570.0,0.3301158301158301,14.166167429577444,14.457364444136669,14.25146253741677,1546434.5323334099
True,False,2025-12-17,990000.0,34.001312,-118.062202,1403.0,670 - Whittier,False,2.0,0.2163,1951.0,3.0,Whittier,3.0,False,1.0,One,9423.0,False,2.0,Whittier Union High,90601,0.0,9423.0,705.6307911617962,1.0,74.0,0,467.6666666666667,0.14889101135519472,13.805460222110773,13.721199878493033,13.746761537124874,933560.9550227679
False,False,2025-12-02,638500.0,35.035496,-120.481299,1140.0,NPMO - Nipomo,True,2.0,0.0895,1989.0,2.0,Nipomo,3.0,True,1.0,One,3900.0,False,2.0,Lucia Mar Unified,93444,0.0,3900.0,560.0877192982456,1.5,36.0,0,380.0,0.2923076923076923,13.366876954454732,13.855084652589102,13.497781559638154,727799.9967088577
False,False,2025-12-15,987000.0,33.817772,-118.096982,1604.0,25 - Carson Park,True,2.0,0.1099,1954.0,2.0,Long Beach,3.0,False,1.0,One,4788.0,False,2.0,Long Beach Unified,90808,0.0,4788.0,615.3366583541147,1.5,71.0,0,534.6666666666666,0.33500417710944025,13.802425318415619,13.869051324892304,13.875353836849056,1061670.1473770782
False,False,2025-12-24,939000.0,33.19834339,-117.29518459,1419.0,92056 - Oceanside,True,4.0,0.1584,1973.0,2.0,Oceanside,4.0,False,1.0,One,6900.0,False,2.0,Azusa Unified,92056,0.0,6900.0,661.7336152219873,2.0,52.0,0,354.75,0.20565217391304347,13.7525707581904,13.732128949025222,13.639109200001979,838281.4648688385
False,False,2025-12-29,1450000.0,32.853625,-117.21806200000002,1930.0,92122 - University City,True,4.0,0.1423,1963.0,2.0,San Diego,3.0,True,1.0,One,6200.0,False,2.0,San Diego Unified,92122,0.0,6200.0,751.2953367875648,1.5,62.0,0,643.3333333333334,0.31129032258064515,14.187074114396758,14.333410696092393,14.320109647396942,1656321.350601035
False,False,2025-12-19,1510000.0,34.163437,-118.322653,1473.0,610 - Burbank,True,2.0,0.1756,1948.0,2.0,Burbank,3.0,True,1.0,One,7647.0,False,2.0,Burbank Unified,91506,0.0,7647.0,1025.1188051595384,1.5,77.0,0,491.0,0.19262455865045117,14.227620208791107,14.086554735068795,14.034324685763162,1244599.9186602987
False,False,2025-12-22,740000.0,32.730513,-117.08246,1040.0,92105 - East San Diego,True,2.0,0.1492,1953.0,1.0,San Diego,3.0,False,1.0,One,6500.0,False,2.0,San Diego Unified,92105,0.0,6500.0,711.5384615384615,3.0,72.0,0,346.6666666666667,0.16,13.514405465180353,13.422467969854667,13.302511862232587,598697.5724674924
False,False,2025-12-05,630000.0,33.910998,-117.488254,1000.0,252 - Riverside,True,2.0,0.16,1978.0,2.0,Riverside,3.0,True,1.0,One,6970.0,False,2.0,Kern Union,92505,0.0,6970.0,630.0,1.5,47.0,0,333.3333333333333,0.14347202295552366,13.353475098367715,13.38779984090879,13.213560235066547,547742.3192890899
True,False,2025-12-11,1050000.0,37.35749473,-121.91030357,993.0,324 - East Palm Desert,True,1.0,0.1148,1947.0,1.0,San Jose,2.0,True,1.0,One,5000.0,False,1.0,Moreno Valley Unified,95110,0.0,5000.0,1057.4018126888218,2.0,78.0,0,496.5,0.1986,13.864300722133706,13.829561273019712,13.609922838900468,814168.6733208933
False,True,2025-12-17,672000.0,33.939102,-117.999416,1376.0,670 - Whittier,False,2.0,0.1593,1954.0,1.0,Whittier,3.0,False,1.0,One,6941.0,False,2.0,Whittier Union High,90603,0.0,6941.0,488.3720930232558,3.0,71.0,0,458.6666666666667,0.1982423281947846,13.418013619505286,13.711260536590475,13.595657652188299,802636.8525246894
False,False,2025-12-17,1210000.0,33.8436,-117.844739,2118.0,"72 - Orange & Garden Grove, E of Harbor, N of 22 F",True,2.0,0.1485,1967.0,2.0,Orange,4.0,True,1.0,One,6467.0,False,2.0,Orange Unified,92865,0.0,6467.0,571.2936732766761,2.0,58.0,0,529.5,0.3275088912942632,14.006130917572923,13.913540599416507,13.96956816722545,1166558.0893923233
False,False,2025-12-19,740000.0,33.8352,-118.238613,1225.0,136 - Central Carson,True,2.0,0.1354,1961.0,2.0,Carson,4.0,True,1.0,One,5896.0,False,2.0,Los Angeles Unified,90745,0.0,5896.0,604.0816326530612,2.0,64.0,0,306.25,0.20776797829036636,13.514405465180353,13.592367006650065,13.53610762749552,756235.1316422134
True,False,2025-12-09,815000.0,32.618179,-117.052337,1190.0,91911 - Chula Vista,True,4.0,0.18,1959.0,2.0,Chula Vista,3.0,False,1.0,One,0.18,False,2.0,Sweetwater Union,91911,0.0,7840.8,684.8739495798319,1.5,66.0,0,396.6666666666667,0.15177022752780328,13.610943392223,13.617059619240436,13.525662964545637,748377.6165615452
True,False,2025-12-09,812000.0,34.104313,-117.848755,1230.0,614 - Covina,False,2.0,0.175,1955.0,2.0,Covina,3.0,True,1.0,One,7622.0,False,2.0,Charter Oak Unified,91724,0.0,7622.0,660.1626016260162,1.5,70.0,0,410.0,0.1613749672002099,13.607255619143816,13.681962838542578,13.614659436091335,818034.2098896094
False,False,2025-12-18,600000.0,34.030767,-117.746806,1147.0,687 - Pomona,True,2.0,0.1483,1956.0,2.0,Pomona,3.0,False,1.0,One,6462.0,False,2.0,Pomona Unified,91766,0.0,6462.0,523.1037489102006,1.5,69.0,0,382.3333333333333,0.17749922624574435,13.304684934198283,13.449504179573367,13.393883887320285,655978.8898621732
False,False,2025-12-24,519000.0,34.938683000000005,-120.425666,1080.0,SMSE - SM Southeast,True,2.0,0.14,1953.0,1.0,Santa Maria,3.0,False,1.0,One,6098.0,False,1.0,Santa Maria Joint Union,93454,0.0,6098.0,480.55555555555554,3.0,72.0,0,360.0,0.17710724827812396,13.159659162148026,13.422467969854667,13.302511862232587,598697.5724674924
False,False,2025-12-08,1550168.0,37.33319432,-121.94126449,1476.0,699 - Not Defined,True,2.0,0.1286,1949.0,2.0,San Jose,3.0,True,1.0,One,5600.0,False,2.0,San Jose Unified,95128,0.0,5600.0,1050.249322493225,1.5,76.0,0,492.0,0.26357142857142857,14.253873870118747,14.244040939003435,14.1506894760551,1398190.5244238253
True,False,2025-12-19,430000.0,34.656789,-118.390053,1373.0,LEL - Lake Elizabeth,True,2.0,0.5729,1985.0,2.0,Lake Elizabeth,3.0,True,1.0,One,24955.0,False,2.0,Antelope Valley Union,93532,0.0,24955.0,313.18281136198107,1.5,40.0,0,457.6666666666667,0.055019034261671006,12.971540487669746,13.091904169919621,12.995331891330668,440352.97109421465
True,False,2025-12-09,1050000.0,32.792948,-117.008722,2103.0,92119 - San Carlos,True,6.0,0.16,1969.0,3.0,San Diego,5.0,True,2.0,Two,0.16,False,3.0,San Diego Unified,92119,0.0,6969.6,499.2867332382311,1.6666666666666667,56.0,0,420.6,0.30173898071625344,13.864300722133706,13.8878312195439,13.923926158603333,1114510.8405660528
False,False,2025-12-17,852000.0,34.165007,-118.531393,1278.0,TAR - Tarzana,True,4.0,0.1263,1950.0,1.0,Tarzana,2.0,True,1.0,One,5502.0,False,2.0,Los Angeles Unified,91356,0.0,5502.0,666.6666666666666,2.0,75.0,0,639.0,0.23227917121046893,13.655341805811453,14.42416726859578,14.045864084602758,1259045.0372200506
True,False,2025-12-22,1120000.0,33.95357,-117.587734,3621.0,249 - Eastvale,True,4.0,0.16,2002.0,4.0,Eastvale,6.0,True,2.0,Two,6970.0,False,4.0,Corona-Norco Unified,92880,0.0,6970.0,309.30682132007735,1.5,23.0,0,603.5,0.5195121951219512,13.928839243271277,13.764217263576723,13.960319335415832,1155818.530569856
False,False,2025-12-12,1310000.0,37.89394341,-122.20575461,1591.0,605 - Arcadia,False,0.0,0.2726,1951.0,2.0,Orinda,3.0,False,1.0,One,11875.0,False,0.0,Whittier Union High,94563,105.0,11875.0,823.3815210559396,1.5,74.0,0,530.3333333333334,0.13397894736842106,14.085537695177335,14.408837403242009,14.212494783586987,1487332.4681227547
True,False,2025-12-10,900000.0,33.999129,-117.58253700000002,3105.0,686 - Ontario,True,2.0,0.1108,2018.0,3.0,Ontario,4.0,False,2.0,Two,4828.0,False,2.0,Ontario-Montclair,91761,195.0,4828.0,289.8550724637681,1.3333333333333333,7.0,0,776.25,0.6431234465617233,13.710150042306449,13.532323657186438,13.692133493957428,883930.3014143017
True,False,2025-12-18,1115000.0,32.79691,-117.128879,1465.0,92123 - San Diego,True,7.0,0.13,1959.0,2.0,San Diego,4.0,False,1.0,One,0.13,False,2.0,San Diego Unified,92123,0.0,5662.8,761.0921501706484,2.0,66.0,0,366.25,0.2587059405241223,13.924364962876357,13.856882046372755,13.759706186708051,945724.1286181001
True,False,2025-12-30,775000.0,34.039944,-118.0459,1312.0,657 - So. El Monte,True,4.0,0.1138,1959.0,2.0,El Monte,3.0,False,1.0,One,4955.0,False,2.0,Antioch,91733,412.0,4955.0,590.7012195121952,1.5,66.0,0,437.3333333333333,0.26478304742684156,13.560618308335483,13.58609739363647,13.515124398059678,740532.201616398
False,False,2025-12-23,1150000.0,32.80699267,-117.06738848,1760.0,92120 - Del Cerro,True,4.0,0.1309,1968.0,2.0,San Diego,4.0,True,1.0,One,5700.0,False,2.0,Compton Unified,92120,0.0,5700.0,653.4090909090909,2.0,57.0,0,440.0,0.3087719298245614,13.955272500339433,13.996998434009651,13.942647827590072,1135572.8867484345
False,False,2025-12-30,800000.0,37.98108205,-122.26576976,1597.0,605 - Arcadia,True,2.0,0.1492,1985.0,2.0,Pinole,3.0,True,1.0,One,6500.0,False,2.0,La Canada Unified,94564,0.0,6500.0,500.9392611145898,1.5,40.0,0,532.3333333333334,0.24569230769230768,13.592367006650065,13.504212795659775,13.446675493913599,691539.4607620081
True,False,2025-12-18,865000.0,32.69274046,-117.07143511,1704.0,92114 - Encanto,True,5.0,0.1148,1970.0,2.0,San Diego,4.0,True,1.0,One,5000.0,False,2.0,Covina Valley Unified,92114,0.0,5000.0,507.6291079812206,2.0,55.0,0,426.0,0.3408,13.670484785914017,13.547631112808673,13.570988468461765,783078.690355618
True,True,2025-12-16,590000.0,39.743671,-121.58168899999998,1810.0,160 - Lunada Bay/Margate,True,2.0,0.5,2025.0,2.0,Paradise,3.0,True,1.0,One,21780.0,True,2.0,Paradise Unified,95969,0.0,21780.0,325.96685082872926,1.5,0.0,0,603.3333333333334,0.08310376492194674,13.287877815881902,12.89921982609012,13.0910364927938,484579.3591106063
True,False,2025-12-26,759000.0,34.036035,-117.081274,3364.0,699 - Not Defined,True,3.0,0.1928,2002.0,4.0,Yucaipa,5.0,True,2.0,Two,8399.0,False,3.0,Yucca Valley,92399,83.0,8399.0,225.6242568370987,1.25,23.0,0,672.8,0.40052387188951066,13.539757056377766,13.274219822166483,13.56345127677748,777198.6634441365
True,False,2025-12-22,560000.0,34.056566,-117.280559,1590.0,274 - San Bernardino,True,2.0,0.1651,2001.0,3.0,San Bernardino,3.0,True,2.0,Two,7192.0,False,2.0,San Bernardino City Unified,92408,0.0,7192.0,352.2012578616352,1.0,24.0,0,530.0,0.2210789766407119,13.235692062711331,13.151922179645874,13.16119119155138,519795.7326476078
False,False,2025-12-11,1290000.0,32.84793161,-117.22722949,1430.0,92122 - University City,True,4.0,0.1584,1962.0,2.0,San Diego,3.0,True,1.0,One,6900.0,False,2.0,Clovis Unified,92122,375.0,6900.0,902.097902097902,1.5,63.0,0,476.6666666666667,0.2072463768115942,14.070152776337855,14.333410696092393,14.196512031972954,1463749.7629879946
True,False,2025-12-09,730000.0,33.900565,-117.319895,2447.0,252 - Riverside,True,8.0,0.17,2001.0,3.0,Riverside,4.0,True,2.0,Two,7405.0,False,3.0,Riverside Unified,92508,0.0,7405.0,298.32447895382103,1.3333333333333333,24.0,0,611.75,0.33045239702903445,13.500799813124575,13.56126305375042,13.579601441584987,789852.4553218461
True,False,2025-12-26,840000.0,32.74662624,-116.97508711,1616.0,91977 - Spring Valley,True,4.0,0.3122,1967.0,2.0,Spring Valley,3.0,True,1.0,One,13600.0,False,2.0,Other,91977,160.0,13600.0,519.8019801980198,1.5,58.0,0,538.6666666666666,0.1188235294117647,13.641157170819497,13.592367006650065,13.584440596737698,793683.93699108
False,False,2025-12-11,1250000.0,33.891358000000004,-117.962927,1772.0,83 - Fullerton,True,2.0,0.188,1964.0,3.0,Fullerton,3.0,True,1.0,One,8190.0,False,2.0,Fullerton Joint Union High,92833,0.0,8190.0,705.4176072234764,1.0,61.0,0,590.6666666666666,0.21636141636141637,14.038654109278484,13.87377946608825,13.927740487477482,1118770.0693314113
False,False,2025-12-15,1287500.0,36.96871641,-121.97384445,1926.0,699 - Not Defined,False,1.0,0.23,1951.0,2.0,Santa Cruz,4.0,True,1.0,One,10019.0,False,1.0,Other,95062,0.0,10019.0,668.4839044652128,2.0,74.0,0,481.5,0.1922347539674618,14.068212911520028,14.444785440003537,14.412053443169487,1815830.4026473118
True,False,2025-12-08,548000.0,34.570535,-118.106837,1512.0,PLM - Palmdale,True,0.0,0.1816,1952.0,3.0,Palmdale,4.0,False,1.0,One,7910.0,False,0.0,Palmdale,93550,0.0,7910.0,362.4338624338624,1.3333333333333333,73.0,0,378.0,0.1911504424778761,13.214030565930152,13.049792684569493,13.017878608090372,450394.2584647485
False,False,2025-12-19,1100000.0,34.187307000000004,-118.494677,1876.0,LKBL - Lake Balboa,False,2.0,0.1408,1951.0,2.0,Lake Balboa,4.0,True,1.0,One,6134.0,False,2.0,Los Angeles Unified,91406,0.0,6134.0,586.3539445628998,2.0,74.0,0,469.0,0.30583632213889794,13.9108207377686,13.708480036117827,13.785635660417777,970566.9462601013
True,False,2025-12-16,595000.0,34.114829,-117.164944,1755.0,276 - Highland,True,2.0,0.2297,1995.0,3.0,Highland,3.0,True,2.0,Two,10006.0,False,2.0,Redlands Unified,92346,0.0,10006.0,339.03133903133903,1.0,30.0,0,585.0,0.17539476314211472,13.296316684527767,13.28681753563043,13.280835031629701,585859.3552399867
True,False,2025-12-24,1330000.0,37.80490862,-122.23896871,1929.0,614 - Covina,True,1.0,0.1077,1921.0,2.0,Oakland,3.0,True,2.0,Two,4692.0,False,1.0,Long Beach Unified,94610,0.0,4692.0,689.476412649041,1.5,104.0,0,643.0,0.4111253196930946,14.100689500197937,14.297936707208567,14.32561977549174,1665473.083865257
True,False,2025-12-19,689900.0,34.239340000000006,-116.923082,1636.0,289 - Big Bear Area,True,0.0,0.1612,1983.0,3.0,Big Bear Lake,3.0,True,2.0,Two,7020.0,False,0.0,Bear Valley Unified,92315,0.0,7020.0,421.6992665036675,1.0,42.0,0,545.3333333333334,0.23304843304843303,13.4443019385342,13.398478813484644,13.364490424605021,636978.0175416182
False,False,2025-12-15,2204000.0,37.31222201,-121.98586818,1666.0,699 - Not Defined,False,0.0,0.1377,1955.0,2.0,San Jose,3.0,True,1.0,Two,6000.0,False,0.0,Other,95129,0.0,6000.0,1322.9291716686675,1.5,70.0,0,555.3333333333334,0.2776666666666667,14.605784449254942,14.880221294956703,14.779236522502655,2621445.713250141
True,False,2025-12-18,772000.0,34.408913,-118.443914,1858.0,CAN3 - Canyon Country 3,True,2.0,0.32,2004.0,3.0,Canyon Country,3.0,True,2.0,Two,13940.0,False,2.0,Sulphur Springs Union,91387,107.0,13940.0,415.5005382131324,1.0,21.0,0,619.3333333333334,0.13328550932568148,13.556739829006913,13.737549016494562,13.677533080631063,871118.3114323159
False,False,2025-12-08,1045000.0,33.767654,-117.986924,1244.0,"65 - N of Blsa, S of GGrv, E of Bch, W of Brookhrs",True,4.0,0.1774,1954.0,2.0,Garden Grove,3.0,True,1.0,One,7728.0,False,2.0,Huntington Beach Union High,92844,0.0,7728.0,840.032154340836,1.5,71.0,0,414.6666666666667,0.16097308488612835,13.85952744338105,13.827905642367885,13.714369761628374,903805.7713861215
True,False,2025-12-19,1112000.0,32.834403,-117.106457,1299.0,92124 - Tierrasanta,True,5.0,0.1194,1972.0,2.0,San Diego,3.0,True,1.0,One,5200.0,False,2.0,San Diego Unified,92124,0.0,5200.0,856.0431100846805,1.5,53.0,0,433.0,0.24980769230769231,13.921670753792664,13.981024996441848,13.817627306731223,1002118.9906611837
True,True,2025-12-19,885000.0,34.083733,-117.723877,1636.0,683 - Claremont,False,2.0,0.2039,1955.0,2.0,Claremont,4.0,True,2.0,Two,8881.0,False,2.0,Claremont Unified,91711,0.0,8881.0,540.9535452322739,2.0,70.0,0,409.0,0.18421348947190633,13.693342923990066,13.9108207377686,13.808611122910168,993124.3114041598
True,False,2025-12-16,1285100.0,33.07253298,-117.08687387,2878.0,92029 - Escondido,True,6.0,0.75,1970.0,3.0,Escondido,4.0,True,2.0,Two,32670.0,False,2.0,Big Oak Flat-Groveland Unified,92029,405.0,32670.0,446.5253648366921,1.3333333333333333,55.0,0,719.5,0.08809305172941537,14.066347094295233,14.163297674406381,14.330590371198166,1673772.0856295323
True,False,2025-12-15,7200000.0,34.007447,-117.872406,1075.0,668 - Walnut,True,0.0,0.1607,1954.0,1.0,Walnut,3.0,False,1.0,One,6998.0,False,0.0,Walnut Valley Unified,91789,0.0,6998.0,6697.674418604651,3.0,71.0,0,358.3333333333333,0.153615318662475,15.789591583986283,13.963930563082547,13.726873265893923,915177.455502857
True,False,2025-12-10,725000.0,33.12641,-117.064678,939.0,92027 - Escondido,True,7.0,0.23,1951.0,2.0,Escondido,3.0,True,1.0,One,0.23,False,2.0,Escondido Union,92027,0.0,10018.8,772.09797657082,1.5,74.0,0,313.0,0.0937237992573961,13.493926933836812,13.658839648348096,13.53669298893497,756677.9321139512
False,False,2025-12-31,725000.0,34.070384000000004,-117.7189,1600.0,687 - Pomona,False,2.0,0.1463,1952.0,1.0,Pomona,3.0,True,1.0,One,6374.0,False,2.0,Pomona Unified,91767,0.0,6374.0,453.125,3.0,73.0,0,533.3333333333334,0.25101976780671476,13.493926933836812,13.422467969854667,13.35757119356571,632585.8322668792
False,False,2025-12-04,785000.0,33.884469,-118.140815,2230.0,"RG - Bellflower North of 91 Frwy, S of Alondra",False,2.0,0.1571,1952.0,3.0,Bellflower,5.0,True,1.0,One,6843.0,False,2.0,Bellflower Unified,90706,0.0,6843.0,352.0179372197309,1.6666666666666667,73.0,0,446.0,0.32588046178576646,13.573438996764546,13.586096602527896,13.683707949061978,876513.9940640226
False,True,2025-12-30,2125000.0,34.149896000000005,-118.490695,3685.0,SF - San Fernando,True,4.0,0.4023,1965.0,6.0,Encino,6.0,True,1.0,One,17526.0,False,2.0,Los Angeles Unified,91436,0.0,17526.0,576.6621438263229,1.0,60.0,0,614.1666666666666,0.2102590437064932,14.569282360340654,14.68050799545088,14.929181224691792,3045516.9800288896
False,False,2025-12-22,570000.0,37.9382035,-122.34915577,1624.0,619 - El Monte,True,2.0,0.1148,1978.0,3.0,Richmond,4.0,True,1.0,One,5000.0,False,2.0,Pomona Unified,94801,0.0,5000.0,350.98522167487687,1.3333333333333333,47.0,0,406.0,0.3248,13.253391639810733,13.217666945594692,13.172076533498894,525484.7944569624
True,False,2025-12-15,1025000.0,37.78781153,-122.18486008,1610.0,259 - Moreno Valley,True,2.0,0.1129,1937.0,2.0,Oakland,3.0,True,2.0,ThreeOrMore,4920.0,False,1.0,Oakland,94619,0.0,4920.0,636.6459627329192,1.5,88.0,0,536.6666666666666,0.32723577235772355,13.840203170554645,13.80285165397213,13.853230514462567,1038440.3836738253
False,False,2025-12-29,454388.0,33.777893,-117.022249,1316.0,SRCAR - Southwest Riverside County,True,2.0,0.1377,2025.0,2.0,San Jacinto,3.0,False,1.0,One,6000.0,True,2.0,Hemet Unified,92582,0.0,6000.0,345.27963525835867,1.5,0.0,0,438.6666666666667,0.21933333333333332,13.026706737589665,13.154789908438397,13.090571668571055,484354.16722802527
False,False,2025-12-22,440000.0,32.819609,-115.546318,1716.0,IMPL - Imperial,True,2.0,0.0806,2016.0,3.0,Imperial,3.0,False,2.0,Two,3513.0,False,2.0,El Centro,92251,0.0,3513.0,256.4102564102564,1.0,9.0,0,572.0,0.4884713919726729,12.994530005894443,12.959844447906553,12.98268224971189,434817.74693405005
True,False,2025-12-09,930000.0,37.67544869,-122.06489966,1640.0,92067 - Rancho Santa Fe,True,2.0,0.1148,1957.0,3.0,Hayward,3.0,True,2.0,Two,5000.0,False,2.0,Carlsbad Unified,94541,300.0,5000.0,567.0731707317074,1.0,68.0,0,546.6666666666666,0.328,13.742939865129438,13.647074399642998,13.68033165544624,873559.6156926776
True,False,2025-12-30,900000.0,33.766636,-118.001018,1273.0,59 - Westminster North of 405 & Westminster,True,2.0,0.181,1956.0,2.0,Westminster,3.0,True,1.0,One,7884.0,False,2.0,Westminster Unified,92683,0.0,7884.0,706.9913589945012,1.5,69.0,0,424.3333333333333,0.16146626078132928,13.710150042306449,13.933293593620657,13.795667151901505,980352.1784949538
True,False,2025-12-22,785000.0,33.521842,-117.101444,2519.0,SRCAR - Southwest Riverside County,True,3.0,0.26,1997.0,3.0,Temecula,4.0,True,2.0,Two,11326.0,False,3.0,Temecula Unified,92591,165.0,11326.0,311.6315998412068,1.3333333333333333,28.0,0,629.75,0.22240861734063216,13.573438996764546,13.514405465180353,13.638453960687102,837732.3698101041
False,True,2025-12-26,1235000.0,33.815368,-117.830302,2078.0,699 - Not Defined,True,2.0,0.2019999999999999,1962.0,2.0,Orange,4.0,True,1.0,One,8800.0,False,2.0,Orange Unified,92867,0.0,8800.0,594.3214629451395,2.0,63.0,0,519.5,0.23613636363636364,14.026581528044215,14.026983356405268,14.063163040214675,1281014.6794932736
False,False,2025-12-12,750000.0,33.970446,-118.350512,722.0,699 - Not Defined,False,2.0,0.1162,1923.0,1.0,Inglewood,2.0,False,1.0,One,5060.0,False,2.0,Inglewood Unified,90302,0.0,5060.0,1038.781163434903,2.0,102.0,0,361.0,0.14268774703557313,13.527828485512494,13.652991628466498,13.31156957814078,604145.0385504621
True,False,2025-12-22,1165000.0,34.280485,-118.364524,1742.0,673 - Lake View Terrace,True,5.0,0.4301,1965.0,2.0,Lakeview Terrace,4.0,True,1.0,One,18734.0,False,2.0,Vista Unified,91342,180.0,18734.0,668.7715269804822,2.0,60.0,0,435.5,0.0929860147325718,13.968231644981937,13.667586227071855,13.723244045796958,911862.0948148255
False,False,2025-12-15,835000.0,37.97459438,-122.00110735,1345.0,ORCT - Orcutt,True,2.0,0.2322,1955.0,2.0,Concord,3.0,True,1.0,One,10115.0,False,2.0,La Mesa-Spring Valley,94519,0.0,10115.0,620.817843866171,1.5,70.0,0,448.3333333333333,0.1329708353929807,13.635187003832993,13.514405465180353,13.499723275851377,729214.5506491743
False,False,2025-12-29,580000.0,36.67524064,-121.60519103,741.0,699 - Not Defined,True,1.0,0.1653,1947.0,1.0,Salinas,2.0,False,2.0,One,7200.0,False,1.0,Other,93905,0.0,7200.0,782.7260458839406,2.0,78.0,0,370.5,0.10291666666666667,13.270783382522602,13.403597805863242,13.131830250684368,504755.9129331948
True,True,2025-12-19,1990192.0,33.092264,-117.100158,4280.0,92029 - Escondido,True,3.0,0.47,2000.0,4.0,Escondido,4.0,True,1.0,One,0.47,False,3.0,Other,92029,0.0,20473.2,464.9981308411215,1.0,25.0,0,1070.0,0.20905378739034444,14.503741674458606,14.163297674406381,14.658062844428766,2322286.559885214
True,False,2025-12-19,879000.0,33.14649416,-117.11417799,1627.0,92026 - Escondido,True,4.0,0.1238,1990.0,3.0,Escondido,4.0,False,1.0,"Two,One",5393.0,False,2.0,Los Angeles Unified,92026,95.0,5393.0,540.2581438229871,1.3333333333333333,35.0,0,406.75,0.3016873725199333,13.686540176667314,13.709594177880103,13.62530834982811,826791.9329834707
True,True,2025-12-23,875000.0,34.225955,-118.603753,1640.0,CP - Canoga Park,True,4.0,0.1747,1956.0,2.0,Canoga Park,3.0,True,1.0,One,7609.0,False,2.0,Los Angeles Unified,91304,0.0,7609.0,533.5365853658536,1.5,69.0,0,546.6666666666666,0.2155342357734262,13.681979165339751,13.846039762999096,13.797569434804672,982218.8605990028
True,False,2025-12-12,550000.0,35.454640999999995,-119.115204,2587.0,SHAF - Shafter,True,2.0,0.25,2021.0,3.0,Shafter,5.0,False,1.0,One,10890.0,False,2.0,Other,93263,0.0,10890.0,212.6014688828759,1.6666666666666667,4.0,0,517.4,0.23755739210284665,13.217673557208654,12.896716695872,13.279625894409993,585151.3989824353
False,False,2025-12-16,1000000.0,33.933997,-117.975915,1566.0,87 - La Habra,False,4.0,0.2025,1963.0,2.0,La Habra,3.0,True,1.0,One,8820.0,False,2.0,Fullerton Joint Union High,90631,0.0,8820.0,638.5696040868455,1.5,62.0,0,522.0,0.17755102040816326,13.815510557964274,13.792724135316895,13.747715021391691,934451.5152055892
True,False,2025-12-09,825000.0,33.820027,-118.092619,956.0,25 - Carson Park,True,2.0,0.1159,1953.0,1.0,Long Beach,2.0,False,1.0,One,5050.0,False,2.0,Long Beach Unified,90808,0.0,5050.0,862.9707112970711,2.0,72.0,0,478.0,0.1893069306930693,13.623138665316818,13.869051324892304,13.624530198671337,826148.8141386975
False,False,2025-12-16,1515000.0,37.48013477,-122.19607349,1260.0,699 - Not Defined,True,1.0,0.1263,1947.0,2.0,Redwood City,3.0,True,1.0,One,5500.0,False,1.0,Other,94063,0.0,5500.0,1202.3809523809523,1.5,78.0,0,420.0,0.2290909090909091,14.230925996925606,14.223635246811238,14.015987310169955,1221985.2034491529
False,False,2025-12-05,775000.0,37.94843775,-122.323642,840.0,AV - Aliso Viejo,True,1.0,0.14,1949.0,1.0,Richmond,2.0,True,1.0,One,6098.0,False,1.0,Other,94805,0.0,6098.0,922.6190476190476,2.0,76.0,0,420.0,0.1377500819940964,13.560618308335483,13.458835614025542,13.25436519658346,570555.1975747824
False,False,2025-12-12,583000.0,35.115705,-120.600796,1391.0,ARRG - Arroyo Grande,True,2.0,0.0306,1983.0,3.0,Arroyo Grande,2.0,True,2.0,Two,1331.0,False,2.0,Lucia Mar Unified,93420,430.0,1331.0,419.1229331416248,0.6666666666666666,42.0,0,695.5,1.0450788880540947,13.27594246533263,13.953093847654955,13.568848412964142,781404.6504073506
True,True,2025-12-15,3250000.0,34.076317,-118.569975,5401.0,C15 - Pacific Palisades,True,3.0,0.6377,1985.0,6.0,Pacific Palisades,6.0,True,2.0,Two,27778.0,False,3.0,Other,90272,600.0,27778.0,601.7404184410294,1.0,40.0,0,900.1666666666666,0.1944344445244438,14.994165554305921,14.966082585563095,15.40886044762995,4920203.491282463
True,False,2025-12-26,485000.0,33.934828,-116.919263,1467.0,699 - Not Defined,True,2.0,0.17,2003.0,2.0,Banning,4.0,True,1.0,One,7405.0,False,2.0,Banning Unified,92220,0.0,7405.0,330.60668029993184,2.0,22.0,0,366.75,0.19810938555030386,13.091904169919621,12.994530005894443,12.958301498427518,424344.7521086016
True,False,2025-12-09,1475000.0,33.963424,-117.955186,3100.0,88 - La Habra Heights,True,3.0,0.8483,1961.0,4.0,La Habra Heights,5.0,True,1.0,One,36954.0,False,3.0,Fullerton Joint Union High,90631,0.0,36954.0,475.8064516129032,1.25,64.0,0,620.0,0.08388807706878822,14.204168547756057,13.792724135316895,14.226187990250427,1507838.8979581925
True,False,2025-12-12,1500000.0,37.68377057,-121.75140806,1703.0,248 - Corona,True,2.0,0.1564,1955.0,3.0,Livermore,4.0,False,1.0,One,6814.0,False,2.0,Norwalk - La Mirada,94550,162.0,6814.0,880.7985907222549,1.3333333333333333,70.0,0,425.75,0.2499266216612856,14.22097566607244,14.077490059042251,14.089660060308338,1315411.4446334902
False,False,2025-12-15,850000.0,34.372146,-118.539477,1790.0,NEW1 - Newhall 1,True,2.0,0.2915,1954.0,2.0,Newhall,3.0,True,1.0,One,12698.0,False,2.0,William S. Hart Union,91321,0.0,12698.0,474.8603351955307,1.5,71.0,0,596.6666666666666,0.14096708143014647,13.652991628466498,13.723939611375346,13.818768304380743,1003263.0586393848
False,False,2025-12-09,894500.0,33.797344,-118.203539,1387.0,5 - Wrigley Area,True,4.0,0.1515,1936.0,2.0,Long Beach,2.0,True,1.0,One,6600.0,False,4.0,Long Beach Unified,90806,0.0,6600.0,644.9170872386445,1.0,89.0,0,693.5,0.21015151515151514,13.704020181930911,13.579788224443204,13.544320190931995,762471.3331834616
False,False,2025-12-12,1365000.0,33.64994,-117.940892,1034.0,C2 - Southwest Costa Mesa,True,0.0,0.1667,1954.0,1.0,Costa Mesa,3.0,False,1.0,One,7260.0,False,0.0,Newport Mesa Unified,92627,0.0,7260.0,1320.1160541586073,3.0,71.0,0,344.6666666666667,0.14242424242424243,14.126664986601197,14.375126345899696,14.081232015168828,1304371.6847463106
True,False,2025-12-04,1435000.0,33.757046,-117.81725,2074.0,71 - Tustin,True,2.0,0.2594,1958.0,3.0,Tustin,4.0,True,1.0,One,11300.0,False,2.0,Tustin Unified,92780,0.0,11300.0,691.8997107039537,1.3333333333333333,67.0,0,518.5,0.18353982300884955,14.176675407175859,14.077874822431765,14.167195260996303,1421460.2709424011
False,False,2025-12-12,840000.0,34.207211,-119.152644,2001.0,VC35 - Oxnard - Northeast,True,2.0,0.0895,2000.0,3.0,Oxnard,3.0,True,2.0,Two,3900.0,False,2.0,Sweetwater Union,93030,126.0,3900.0,419.79010494752623,1.0,25.0,0,667.0,0.5130769230769231,13.641157170819497,13.617059619240436,13.583085833267445,792609.411014935
True,False,2025-12-22,780000.0,34.175528,-118.908404,1796.0,NBPK - Newbury Park,True,2.0,0.11,1973.0,2.0,Newbury Park,3.0,False,2.0,Two,4791.0,False,2.0,Los Angeles Unified,91320,0.0,4791.0,434.2984409799554,1.5,52.0,0,598.6666666666666,0.3748695470674181,13.567049198665774,13.933293593620657,13.870683332956228,1056723.174242103
False,False,2025-12-23,1200000.0,33.16482015,-117.23522525,2419.0,92081 - Vista,True,2.0,0.1893,1987.0,3.0,Vista,3.0,True,2.0,Two,8244.0,False,2.0,Vista Unified,92081,46.0,8244.0,496.07275733774287,1.0,38.0,0,806.3333333333334,0.29342552159146046,13.997832114758229,13.835313185260453,13.973437428658444,1171080.5512684002
False,False,2025-12-23,865000.0,34.437168,-118.548572,1302.0,NBRG - Valencia Northbridge,True,2.0,0.1084,1989.0,2.0,Valencia,3.0,True,1.0,One,4721.0,False,2.0,William S. Hart Union,91354,65.0,4721.0,664.3625192012289,1.5,36.0,0,434.0,0.2757890277483584,13.670484785914017,13.710150042306449,13.492416589237465,723905.8266628655
False,False,2025-12-29,950500.0,34.21083,-118.621996,1728.0,WEH - West Hills,True,2.0,0.1998,1975.0,2.0,West Hills,4.0,True,1.0,One,8703.0,False,2.0,Los Angeles Unified,91304,0.0,8703.0,550.0578703703703,2.0,50.0,0,432.0,0.19855222337125128,13.764743440910621,13.846039762999096,13.779171309856252,964313.0965922386
False,False,2025-12-23,815000.0,33.906217,-118.087871,1248.0,M1 - Norwalk,True,1.0,0.1179,1950.0,2.0,Norwalk,3.0,False,1.0,One,5134.0,False,1.0,Norwalk - La Mirada,90650,0.0,5134.0,653.0448717948718,1.5,75.0,0,416.0,0.24308531359563693,13.610943392223,13.541073712262515,13.502039304738943,730905.3898741526
True,False,2025-12-16,1315000.0,33.12572,-117.187174,2118.0,92078 - San Marcos,True,6.0,0.1249,1991.0,3.0,San Marcos,4.0,True,1.0,One,5442.0,False,3.0,San Marcos Unified,92078,0.0,5442.0,620.8687440982059,1.3333333333333333,34.0,0,529.5,0.38919514884233736,14.089347223594002,14.075178214680975,14.060604791266492,1277741.7133529766
False,False,2025-12-22,780000.0,34.08596,-118.003406,1327.0,619 - El Monte,False,2.0,0.1208,1956.0,2.0,El Monte,3.0,True,1.0,One,5260.0,False,1.0,Temple City Unified,91732,0.0,5260.0,587.792012057272,1.5,69.0,0,442.3333333333333,0.25228136882129276,13.567049198665774,13.635115285828064,13.529759248902161,751449.4713851096
False,False,2025-12-18,1230000.0,33.907163,-117.851516,1695.0,86 - Brea,True,2.0,0.1677,1966.0,3.0,Brea,3.0,True,1.0,One,7303.0,False,2.0,Brea-Olinda Unified,92823,0.0,7303.0,725.6637168141593,1.0,59.0,0,565.0,0.23209639874024374,14.0225247273486,14.253765488895429,14.166953695826326,1421116.937120851
True,True,2025-12-16,855000.0,33.125669,-117.055788,1330.0,92027 - Escondido,True,5.0,0.2,1973.0,2.0,Escondido,4.0,True,1.0,One,0.2,False,2.0,Escondido Union,92027,0.0,8712.0,642.8571428571429,2.0,52.0,0,332.5,0.1526629935720845,13.658856747918897,13.658839648348096,13.555547757766544,771080.2693036046
True,False,2025-12-18,1920000.0,37.53610967,-121.95068647,1549.0,APPV - Apple Valley,True,1.0,0.1253,1954.0,3.0,Fremont,4.0,False,1.0,One,5460.0,False,1.0,Livermore Valley,94539,94.0,5460.0,1239.5093608779855,1.3333333333333333,71.0,0,387.25,0.2836996336996337,14.467835744003965,14.71159858252091,14.518082293448817,2018938.2117800913
True,False,2025-12-12,900000.0,36.6209179,-121.91344277,556.0,699 - Not Defined,False,1.0,0.0406,1934.0,1.0,Pacific Grove,1.0,True,1.0,One,1767.0,False,1.0,Other,93950,124.0,1767.0,1618.705035971223,1.0,91.0,0,556.0,0.3146576117713639,13.710150042306449,14.077867425927353,13.445233316325305,690542.8568629149
False,False,2025-12-02,1325000.0,37.80001202,-122.17632302,2392.0,699 - Not Defined,True,2.0,0.1884,1956.0,3.0,Oakland,4.0,True,1.0,Two,8208.0,False,2.0,Other,94619,100.0,8208.0,553.9297658862877,1.3333333333333333,69.0,0,598.0,0.29142300194931775,14.09692301740246,13.80285165397213,14.009630786232597,1214242.2604250433
False,False,2025-12-23,925000.0,37.93928751,-121.95849634,1868.0,91914 - Chula Vista,True,2.0,0.2296,1971.0,2.0,Concord,4.0,True,1.0,One,10000.0,False,2.0,Mount Diablo,94521,0.0,10000.0,495.1820128479657,2.0,54.0,0,467.0,0.1868,13.737549016494562,13.656514826473817,13.732897567731731,920707.401035996
False,False,2025-12-22,2105000.0,37.95143392,-122.10950781,3352.0,263 - Banning/Beaumont/Cherry Valley,True,3.0,0.5349,1996.0,4.0,Lafayette,4.0,True,2.0,Two,23300.0,False,3.0,Perris Union High,94549,376.0,23300.0,627.9832935560859,1.0,29.0,0,838.0,0.14386266094420602,14.55982602509862,14.527484500631974,14.690367847167407,2398532.972989341
False,False,2025-12-24,422000.0,37.7882689,-122.2241843,1100.0,TAR - Tarzana,True,1.0,0.225,1925.0,1.0,Oakland,2.0,True,1.0,One,9800.0,False,1.0,Oakland,94601,87.0,9800.0,383.6363636363636,2.0,100.0,0,550.0,0.11224489795918367,12.952760593018148,13.269057756555132,13.136946846224339,507345.1632105113
True,True,2025-12-22,1745000.0,33.819897999999995,-117.791391,2963.0,"75 - Orange, Orange Park Acres E of 55",True,3.0,0.1791,1978.0,3.0,Orange,4.0,True,2.0,Two,7800.0,False,3.0,Orange Unified,92867,75.0,7800.0,588.9301383732703,1.3333333333333333,47.0,0,740.75,0.3798717948717949,14.372265113618665,14.026983356405268,14.218134261723787,1495743.942930023
False,True,2025-12-16,1150000.0,33.739575,-117.944679,1467.0,"66 - N of Blsa, S of GGrv, E of Brookhrst, W of Ha",True,2.0,0.1378,1958.0,2.0,Garden Grove,4.0,True,1.0,One,6002.0,False,2.0,Garden Grove Unified,92843,0.0,6002.0,783.9127471029311,2.0,67.0,0,366.75,0.24441852715761414,13.955272500339433,13.800396920154226,13.754076000041273,940414.4864029625
False,False,2025-12-22,1350000.0,37.62609785,-122.44414625,1120.0,699 - Not Defined,True,1.0,0.1661,1957.0,2.0,San Bruno,3.0,True,2.0,One,7235.0,False,1.0,Other,94066,0.0,7235.0,1205.357142857143,1.5,68.0,0,373.3333333333333,0.15480304077401522,14.115615150414612,14.144814305106875,13.928883776497605,1120049.8783240998
False,False,2025-12-15,810000.0,32.7091149,-117.01879956,1430.0,92114 - Encanto,True,5.0,0.163,1975.0,2.0,San Diego,4.0,False,1.0,One,7100.0,False,2.0,Upper Lake Union,92114,0.0,7100.0,566.4335664335664,2.0,50.0,0,357.5,0.20140845070422536,13.604789526648622,13.547631112808673,13.513053985102797,739000.5802426743
False,False,2025-12-01,575000.0,32.574688,-117.052304,1110.0,92154 - Otay Mesa,True,2.0,0.19,1970.0,2.0,San Diego,3.0,False,1.0,One,0.19,False,1.0,Sweetwater Union,92154,0.0,8276.4,518.018018018018,1.5,55.0,0,370.0,0.1341162824416413,13.262125319779487,13.579788224443204,13.466474078064092,705367.3980683299
True,False,2025-12-16,1510000.0,37.92517692,-122.00561059,1890.0,CALX - Calexico,True,2.0,0.2668,1967.0,2.0,Walnut Creek,4.0,True,1.0,One,11620.0,False,2.0,Other,94598,0.0,11620.0,798.941798941799,2.0,58.0,0,472.5,0.16265060240963855,14.227620208791107,14.240778293368619,14.198593324335695,1466799.4267107004
True,False,2025-12-22,560000.0,33.727862,-116.18755,2276.0,309 - Indio North of East Valley,True,4.0,0.19,2021.0,3.0,Indio,4.0,False,2.0,Two,8276.0,False,2.0,Desert Sands Unified,92203,135.0,8276.0,246.0456942003515,1.3333333333333333,4.0,0,569.0,0.2750120831319478,13.235692062711331,13.255142955086335,13.357627758413665,632621.6154003246
True,False,2025-12-05,2420000.0,34.143285,-118.46898,2850.0,SO - Sherman Oaks,True,0.0,0.907,1962.0,3.0,Sherman Oaks,4.0,True,1.0,One,39510.0,False,2.0,Redlands Unified,91403,0.0,39510.0,849.1228070175439,1.3333333333333333,63.0,0,712.5,0.0721336370539104,14.699278098132869,14.557447902693651,14.561159977970377,2107809.8444784456
False,True,2025-12-11,2100000.0,34.107506,-118.294746,2710.0,637 - Los Feliz,False,2.0,0.172,1923.0,4.0,Los Angeles,4.0,True,2.0,MultiSplit,7492.0,False,3.0,Downey Unified,90027,92.0,7492.0,774.9077490774907,1.0,102.0,0,677.5,0.3617191671115857,14.557447902693651,14.612710764892958,14.776958127278432,2615479.8227654914
True,False,2025-12-15,274000.0,39.525247,-121.557295,1092.0,PLM - Palmdale,True,0.0,0.22,1951.0,1.0,Oroville,2.0,False,1.0,One,9583.0,False,0.0,Oroville City,95965,0.0,9583.0,250.9157509157509,2.0,74.0,0,546.0,0.1139517896274653,12.520883385370206,12.732278280413873,12.517651801299161,273115.9751342032
True,False,2025-12-12,920000.0,38.00913402,-121.94295017,3168.0,274 - San Bernardino,True,3.0,0.5383,2003.0,3.0,Pittsburg,6.0,True,2.0,Two,23450.0,False,3.0,Los Angeles Unified,94565,0.0,23450.0,290.4040404040404,2.0,22.0,0,528.0,0.13509594882729212,13.732128949025222,13.270783382522602,13.631102605983646,831596.4831857147
True,False,2025-12-18,915000.0,34.407066,-118.551404,1783.0,VAL1 - Valencia 1,True,2.0,0.1538,1983.0,2.0,Valencia,3.0,True,2.0,Two,6701.0,False,2.0,William S. Hart Union,91355,67.0,6701.0,513.1800336511498,1.5,42.0,0,594.3333333333334,0.26607968959856737,13.726679344257658,13.697852514496041,13.683055284124713,875942.1107574666
False,False,2025-12-30,1067000.0,33.751761,-117.938002,2457.0,"66 - N of Blsa, S of GGrv, E of Brookhrst, W of Ha",True,3.0,0.22,1959.0,3.0,Santa Ana,6.0,True,1.0,One,9583.0,False,3.0,Garden Grove Unified,92703,0.0,9583.0,434.2694342694342,2.0,66.0,0,409.5,0.25639152666179693,13.88036153028389,13.597966781776865,13.719706628866914,908642.1568918984
True,False,2025-12-12,450000.0,39.728837,-121.781799,1472.0,92126 - Mira Mesa,False,2.0,0.08,2005.0,3.0,Chico,3.0,False,2.0,Two,3485.0,False,2.0,Chico Unified,95928,0.0,3485.0,305.70652173913044,1.0,20.0,0,490.6666666666667,0.4223816355810617,13.017002861746503,13.078384738024758,12.945408997050967,418909.0023062555
False,False,2025-12-15,1790500.0,36.9642873,-122.04936333,1489.0,699 - Not Defined,True,1.0,0.252,1950.0,2.0,Santa Cruz,3.0,False,1.0,Two,10977.0,False,1.0,Other,95060,0.0,10977.0,1202.4848891873742,1.5,75.0,0,496.3333333333333,0.13564726245786646,14.398005468420624,14.204168547756057,14.13540636932919,1376984.2907481417
True,True,2025-12-19,1839000.0,34.142821000000005,-118.840918,2680.0,WV - Westlake Village,True,3.0,0.19,1981.0,3.0,Westlake Village,4.0,True,2.0,Two,8276.0,False,3.0,Conejo Valley Unified,91361,100.0,8276.0,686.1940298507462,1.3333333333333333,44.0,0,670.0,0.3238279362010633,14.424732503586458,14.450755865652397,14.388881887189202,1774238.522062526
True,False,2025-12-15,550000.0,33.1314,-117.05665,827.0,92027 - Escondido,True,1.0,0.0826,1966.0,1.0,Escondido,2.0,False,1.0,One,3600.0,False,1.0,Escondido Union,92027,0.0,3600.0,665.0544135429262,2.0,59.0,0,413.5,0.22972222222222222,13.217673557208654,13.658839648348096,13.248721832017774,567344.4149198477
True,False,2025-12-23,1270000.0,33.217612,-117.312312,2471.0,92057 - Oceanside,True,6.0,0.2089,1995.0,3.0,Oceanside,4.0,True,1.0,One,9098.0,False,3.0,Oceanside Unified,92057,85.0,9098.0,513.9619587211655,1.3333333333333333,30.0,0,617.75,0.27159815344031657,14.054527458434775,13.681979165339751,13.842433140706344,1027288.2698439639
False,False,2025-12-10,618000.0,34.215103000000006,-119.193997,1376.0,VC31 - Oxnard - Northwest,True,2.0,0.13,1962.0,2.0,Oxnard,3.0,True,1.0,One,5662.0,False,2.0,Lake Elsinore Unified,93030,0.0,5662.0,449.1279069767442,1.5,63.0,0,458.6666666666667,0.24302366654892263,13.334243736439827,13.617059619240436,13.549491279094172,766424.3515630707
True,False,2025-12-29,800000.0,33.212986,-117.233013,1476.0,92084 - Vista,True,2.0,0.36,1961.0,2.0,Vista,4.0,True,1.0,One,0.36,False,2.0,Vista Unified,92084,0.0,15681.6,542.0054200542005,2.0,64.0,0,369.0,0.09412304866850321,13.592367006650065,13.773646353865574,13.706719598279301,896917.8899011662
True,False,2025-12-16,1525000.0,34.172162,-118.32851399999998,1964.0,610 - Burbank,True,0.0,0.1492,1938.0,4.0,Burbank,4.0,True,1.0,MultiSplit,6499.0,False,2.0,Chico Unified,91506,155.0,6499.0,776.4765784114053,1.0,87.0,0,491.0,0.3022003385136175,14.237504968023648,14.086554735068795,14.267406737638419,1571288.808393062
False,False,2025-12-29,855000.0,33.778826,-117.826059,981.0,"75 - Orange, Orange Park Acres E of 55",True,2.0,0.1653,1956.0,1.0,Orange,3.0,False,1.0,One,7200.0,False,2.0,Orange Unified,92869,0.0,7200.0,871.559633027523,3.0,69.0,0,327.0,0.13625,13.658856747918897,14.115985383678474,13.717651606118686,906776.7939276194
True,False,2025-12-23,2390000.0,33.774654,-118.410894,4221.0,160 - Lunada Bay/Margate,True,4.0,0.4049,1972.0,5.0,Palos Verdes Estates,6.0,True,2.0,Two,17637.0,False,4.0,Palos Verdes Peninsula Unified,90274,0.0,17637.0,566.2165363657901,1.2,53.0,0,703.5,0.23932641605715257,14.686803923907693,14.735791327008538,15.104244948140545,3628191.7736143586
True,False,2025-12-10,581000.0,35.103866,-120.581773,970.0,ARRG - Arroyo Grande,True,4.0,0.1298,1962.0,2.0,Arroyo Grande,2.0,True,1.0,One,5655.0,False,2.0,Lucia Mar Unified,93420,0.0,5655.0,598.9690721649484,1.0,63.0,0,485.0,0.17152961980548187,13.272506035834049,13.953093847654955,13.617389179679261,820270.2840948628
True,False,2025-12-05,972000.0,33.164389,-117.296289,1119.0,92010 - Carlsbad,True,2.0,0.1675,1984.0,2.0,Carlsbad,2.0,True,1.0,One,7298.0,False,2.0,Carlsbad Unified,92010,444.0,7298.0,868.632707774799,1.0,41.0,0,559.5,0.15332967936420938,13.787111083442577,14.187074114396758,13.781097016187006,966171.8695782141
True,False,2025-12-29,515000.0,33.945715,-117.212569,1434.0,259 - Moreno Valley,True,2.0,0.18,1985.0,2.0,Moreno Valley,4.0,True,1.0,One,7841.0,False,2.0,Moreno Valley Unified,92557,0.0,7841.0,359.1352859135286,2.0,40.0,0,358.5,0.18288483611784212,13.151922179645874,13.262125319779487,13.200547585848055,540660.9144681864
True,False,2025-12-29,1280000.0,35.393097999999995,-120.861766,1482.0,MRBY - Morro Bay,True,2.0,0.1281,1969.0,2.0,Morro Bay,3.0,True,1.0,One,5580.0,False,2.0,San Luis Coastal Unified,93442,0.0,5580.0,863.6977058029689,1.5,56.0,0,494.0,0.26559139784946234,14.0623706358958,13.883057393779731,13.828478415664476,1013052.3050055986
False,False,2025-12-30,825000.0,36.38286153,-121.60923743,1508.0,699 - Not Defined,True,2.0,10.0,2007.0,2.0,Carmel Valley,3.0,True,2.0,One,435600.0,False,2.0,Carmel Unified,93924,0.0,435600.0,547.0822281167109,1.5,18.0,0,502.6666666666667,0.0034618916437098254,13.623138665316818,14.276094965293519,14.046289349527568,1259580.5787785845
False,True,2025-12-10,2000000.0,37.46129875,-122.19410975,1320.0,699 - Not Defined,False,1.0,0.1504,1950.0,2.0,Atherton,3.0,True,2.0,Two,6550.0,False,0.0,Other,94027,0.0,6550.0,1515.1515151515152,1.5,75.0,0,440.0,0.2015267175572519,14.508657738524219,15.63973721732983,14.914832741142103,3002130.439633387
False,False,2025-12-19,610000.0,33.730685,-116.193907,2284.0,309 - Indio North of East Valley,True,4.0,0.21,2013.0,3.0,Indio,4.0,True,1.0,One,9148.0,False,2.0,Los Angeles Unified,92203,225.0,9148.0,267.0753064798599,1.3333333333333333,12.0,0,571.0,0.24967205946655008,13.321214236149494,13.255142955086335,13.37035995733641,640727.7747607561
True,False,2025-12-30,960000.0,33.336264,-117.162534,3199.0,92028 - Fallbrook,True,2.0,0.14,2021.0,4.0,Fallbrook,4.0,False,2.0,Two,0.14,False,2.0,Bonsall Unified,92028,300.0,6098.4,300.0937793060331,1.0,4.0,0,799.75,0.5245638200183655,13.77468856344402,13.681979165339751,13.93169853640425,1123206.9909876722
True,True,2025-12-22,640000.0,33.725207,-117.209355,2427.0,SRCAR - Southwest Riverside County,True,6.0,0.17,2005.0,3.0,Menifee,5.0,True,1.0,One,7405.0,False,3.0,Perris Union High,92585,64.0,7405.0,263.70004120313143,1.6666666666666667,20.0,0,485.4,0.32775151924375423,13.369223455335854,13.304684934198283,13.331007280476609,616003.1033917638
False,False,2025-12-16,675000.0,32.73640957,-117.00073545,1623.0,91977 - Spring Valley,True,5.0,0.2789999999999999,1954.0,2.0,Spring Valley,3.0,True,1.0,One,12153.0,False,0.0,Oceanside Unified,91977,150.0,12153.0,415.89648798521256,1.5,71.0,0,541.0,0.13354727227844976,13.422467969854667,13.592367006650065,13.60036392994618,806423.1872742494
True,False,2025-12-04,1258000.0,37.91727019,-122.02080853,1894.0,92071 - Santee,True,2.0,0.2525,1971.0,2.0,Walnut Creek,4.0,True,1.0,One,11000.0,False,2.0,Mount Diablo,94598,0.0,11000.0,664.2027455121436,2.0,54.0,0,473.5,0.17218181818181819,14.045033716242523,14.240778293368619,14.196810696361545,1464186.9982060522
False,True,2025-12-15,1240000.0,34.180521,-118.662379,2970.0,WHLL - Woodland Hills,True,3.0,0.2755,1966.0,3.0,Woodland Hills,5.0,True,2.0,Two,11999.0,False,3.0,Los Angeles Unified,91367,0.0,11999.0,417.5084175084175,1.6666666666666667,59.0,0,594.0,0.24752062671889324,14.03062193758122,14.130321297804308,14.308772481065722,1637649.4034304915
True,True,2025-12-10,1640000.0,33.699422,-116.289595,3265.0,313 - La Quinta South of HWY 111,False,2.5,0.27,1994.0,5.0,La Quinta,4.0,True,1.0,One,11761.0,False,2.5,Other,92253,1198.0,11761.0,502.2970903522205,0.8,31.0,0,816.25,0.27761244792109513,14.310206799800381,13.545013310266594,14.291862976187867,1610190.3764105837
True,False,2025-12-18,543000.0,34.495109,-117.224587,2440.0,APPV - Apple Valley,True,3.0,0.6198,1993.0,2.0,Apple Valley,4.0,True,1.0,One,27000.0,False,3.0,Apple Valley Unified,92308,0.0,27000.0,222.54098360655732,2.0,32.0,0,610.0,0.09037037037037036,13.204864598916073,12.936033799212835,13.200507774476549,540639.390444115
True,True,2025-12-16,570000.0,36.917614,-119.880596,1657.0,629 - Glendora,True,0.0,1.02,1982.0,2.0,Madera,3.0,False,1.0,One,44431.0,False,0.0,Madera Unified,93636,0.0,44431.0,343.995171997586,1.5,43.0,0,552.3333333333334,0.03729378136886408,13.253391639810733,13.304684934198283,13.323332332832493,611293.4082749628
True,False,2025-12-03,4370000.0,37.36676471,-122.09400343,1880.0,699 - Not Defined,True,-5.0,0.235,1957.0,3.0,Los Altos,4.0,True,1.0,One,10235.0,False,2.0,Other,94024,189.0,10235.0,2324.468085106383,1.3333333333333333,68.0,0,470.0,0.18368343917928676,15.290273567071774,15.303785285032884,15.091027753369447,3580552.7767452626
True,True,2025-12-08,699900.0,34.054719,-117.14405,1927.0,268 - Redlands,True,2.0,0.225,1986.0,3.0,Redlands,4.0,True,2.0,Two,9800.0,False,2.0,Redlands Unified,92374,110.0,9800.0,363.2070576024909,1.3333333333333333,39.0,0,481.75,0.1966326530612245,13.458692746677631,13.299666780812677,13.355337695805938,631174.5298846939
True,False,2025-12-26,2000000.0,32.73816158,-117.23573731,1872.0,92107 - Ocean Beach,True,4.0,0.1905,1947.0,2.0,San Diego,3.0,True,2.0,Two,8300.0,False,2.0,Los Angeles Unified,92107,0.0,8300.0,1068.3760683760684,1.5,78.0,0,624.0,0.22554216867469878,14.508657738524219,14.403297222866392,14.387892475395189,1772483.937689777
False,False,2025-12-16,1650000.0,37.81391271,-122.24098109,1708.0,SRCAR - Southwest Riverside County,True,1.0,0.1343,1922.0,3.0,Oakland,3.0,True,2.0,Two,5850.0,False,1.0,Corona-Norco Unified,94610,0.0,5850.0,966.0421545667448,1.0,103.0,0,569.3333333333334,0.29196581196581195,14.316285845876763,14.297936707208567,14.297355943113956,1619059.435316266
True,False,2025-12-05,2635000.0,37.8208987,-122.24558177,2253.0,VC42 - Camarillo Heights,True,2.0,0.119,1922.0,3.0,Piedmont,4.0,True,2.0,Two,5184.0,False,2.0,Piedmont,94611,0.0,5184.0,1169.5517088326676,1.3333333333333333,103.0,0,563.25,0.43460648148148145,14.784393739957599,14.128493142202753,14.355030737471914,1715183.6844319222
True,True,2025-12-17,645000.0,33.965217,-117.399211,1884.0,252 - Riverside,True,8.0,0.25,1948.0,2.0,Riverside,2.0,True,1.0,One,10890.0,False,2.0,Riverside Unified,92506,0.0,10890.0,342.35668789808915,1.0,77.0,0,942.0,0.17300275482093663,13.37700559577791,13.493926933836812,13.521515119505287,745279.8910603237
True,False,2025-12-31,1784000.0,32.95399642,-117.06051148,2861.0,92064 - Poway,True,4.0,0.2039,2021.0,5.0,Poway,4.0,True,2.0,Two,6970.0,False,2.0,East Side Union,92064,290.0,6500.0,623.558196434813,0.8,4.0,0,715.25,0.4401538461538462,14.394368592122092,14.042638194103073,14.36557392421995,1733362.8511010997
True,False,2025-12-16,1900000.0,37.52581409,-122.29417187,1550.0,699 - Not Defined,True,2.0,0.2518,1976.0,2.0,Belmont,3.0,False,2.0,One,10970.0,False,2.0,Other,94002,150.0,10970.0,1225.8064516129032,1.5,49.0,0,516.6666666666666,0.14129443938012762,14.457364444136669,14.652758082497977,14.515501762381607,2013734.9954199612
False,False,2025-12-22,845000.0,32.6451581,-117.08976058,1363.0,91910 - Chula Vista,True,4.0,0.1238,1942.0,2.0,Chula Vista,3.0,False,1.0,One,5393.0,False,2.0,Glendale Unified,91910,0.0,5393.0,619.9559794570799,1.5,83.0,0,454.3333333333333,0.25273502688670496,13.64709190633931,13.710150042306449,13.691343053362655,883231.8830865768
True,False,2025-12-19,725000.0,37.93151962,-121.61989448,2695.0,TTON - Templeton,False,3.0,0.1579,2015.0,3.0,Discovery Bay,4.0,True,2.0,Two,6880.0,False,3.0,Oakley,94505,173.0,6880.0,269.01669758812614,1.3333333333333333,10.0,0,673.75,0.39171511627906974,13.493926933836812,13.589232200143268,13.66724032143537,862198.086039004
True,False,2025-12-19,800000.0,34.440363,-118.520955,1188.0,BOUQ - Bouquet Canyon,True,2.0,0.14,1964.0,2.0,Saugus,3.0,True,1.0,One,6100.0,False,2.0,Call Listing Office,91350,0.0,6100.0,673.4006734006734,1.5,61.0,0,396.0,0.19475409836065574,13.592367006650065,13.652991628466498,13.549839760320046,766691.4826030158
True,False,2025-12-29,1100000.0,34.155101,-117.62104,2187.0,688 - Rancho Cucamonga,True,6.0,0.4039999999999999,1977.0,2.0,Alta Loma,4.0,True,1.0,One,17600.0,False,3.0,Alta Loma,91701,0.0,17600.0,502.9721079103795,2.0,48.0,0,546.75,0.12426136363636364,13.9108207377686,13.654166717138976,13.800939446562671,985534.5334984768
False,False,2025-12-19,775000.0,35.61458,-120.668904,1881.0,PRIC - PR Inside City Limit,True,2.0,0.1377,1988.0,3.0,Paso Robles,3.0,True,2.0,Two,6000.0,False,2.0,Paso Robles Joint Unified,93446,0.0,6000.0,412.0148856990962,1.0,37.0,0,627.0,0.3135,13.560618308335483,13.591116224748411,13.531705715517386,752913.5671386864
True,False,2025-12-12,1350000.0,34.279228,-119.241916,2767.0,681 - Chino,True,2.0,0.22,1973.0,3.0,Ventura,4.0,True,2.0,Two,0.22,False,2.0,Antelope Valley Union,93003,0.0,9583.2,487.8930249367546,1.3333333333333333,52.0,0,691.75,0.28873445195759245,14.115615150414612,13.825460888817442,14.085235237676942,1309603.840588199
False,True,2025-12-01,458000.0,33.697712,-116.295247,1950.0,313 - La Quinta South of HWY 111,True,2.0,0.13,1989.0,3.0,La Quinta,3.0,True,1.0,One,5663.0,False,2.0,Temecula Unified,92253,730.0,5663.0,234.8717948717949,1.0,36.0,0,650.0,0.34434045558891047,13.034624463096321,13.545013310266594,13.495718283346616,726299.8923277442
False,False,2025-12-23,695000.0,33.990311,-117.53467,2361.0,251 - Jurupa Valley,True,2.0,0.48,1979.0,3.0,Jurupa Valley,4.0,True,2.0,Two,20909.0,False,2.0,Jurupa Unified,91752,0.0,20909.0,294.3667937314697,1.3333333333333333,46.0,0,590.25,0.11291788225166197,13.45166712454693,13.683120718347036,13.89284479993933,1080403.1321259858
True,False,2025-12-22,2300000.0,37.75196481,-122.24033682,2576.0,321 - Rancho Mirage,True,2.0,0.1372,1973.0,3.0,Alameda,4.0,True,2.0,Two,5978.0,False,2.0,William S. Hart Union,94501,0.0,5978.0,892.8571428571429,1.3333333333333333,52.0,0,644.0,0.4309133489461358,14.648419680899378,14.096915897380246,14.220775536649754,1499699.8359028085
False,False,2025-12-17,375000.0,34.853981,-118.170703,1332.0,ROSA - Rosamond,True,2.0,0.1821,1990.0,2.0,Rosamond,4.0,True,1.0,One,7934.0,False,2.0,Kern Union,93560,0.0,7934.0,281.5315315315315,2.0,35.0,0,333.0,0.16788505167632972,12.834681304952548,13.005829561148378,12.906527846499557,402933.9156638867
True,True,2025-12-30,4150000.0,34.118001,-118.039475,7082.0,605 - Arcadia,True,3.0,0.461,2001.0,7.0,Arcadia,6.0,True,2.0,Two,20079.0,False,3.0,Arcadia Unified,91007,0.0,20079.0,585.9926574414008,0.8571428571428571,24.0,0,1180.3333333333333,0.3527068081079735,15.238618892206881,14.550138498881392,15.376466491173188,4763372.535419545
True,False,2025-12-23,775000.0,37.99134594,-122.31505702,1331.0,92120 - Del Cerro,True,2.0,0.2462,1965.0,2.0,San Pablo,4.0,True,1.0,One,10725.0,False,2.0,Los Angeles Unified,94806,0.0,10725.0,582.2689706987228,2.0,60.0,0,332.75,0.12410256410256411,13.560618308335483,13.321214236149494,13.252809704287829,569668.3932481772
False,True,2025-12-10,941000.0,33.839884999999995,-117.9922,1273.0,82 - Buena Park,True,2.0,0.1377,1955.0,2.0,Buena Park,4.0,False,1.0,One,6000.0,False,2.0,Anaheim Union High,90620,0.0,6000.0,739.1987431264729,2.0,70.0,0,318.25,0.21216666666666667,13.754698418567516,13.741593969296583,13.636895254787497,836427.6085566897
True,True,2025-12-19,2290000.0,34.237676,-119.07584,5106.0,VC43 - Las Posas Estates,True,3.0,1.02,1982.0,7.0,Camarillo,6.0,True,2.0,Two,1.02,False,3.0,Merced Union,93010,0.0,44431.2,448.4919702311007,0.8571428571428571,43.0,0,851.0,0.11491924593528872,14.644062375530423,13.790192749979985,14.7194264416559,2469253.513462585
True,False,2025-12-05,1032000.0,37.710541,-121.9311362,1116.0,SRCAR - Southwest Riverside County,True,2.0,0.1788,1960.0,2.0,Dublin,3.0,False,1.0,One,7788.0,False,2.0,Victor Valley Union High,94566-1911,0.0,7788.0,924.7311827956988,1.5,65.0,0,372.0,0.14329738058551617,13.847009225023646,13.698976741708323,13.592413888140472,800037.5060714894
False,False,2025-12-16,780000.0,34.216237,-118.584335,1351.0,WIN - Winnetka,False,2.0,0.1723,1955.0,2.0,Winnetka,3.0,True,1.0,One,7505.0,False,2.0,Los Angeles Unified,91306,0.0,7505.0,577.3501110288676,1.5,70.0,0,450.3333333333333,0.1800133244503664,13.567049198665774,13.65680576350189,13.630374793424865,830991.4570209424
False,True,2025-12-22,1030000.0,34.174752000000005,-118.51721,1658.0,ENC - Encino,True,1.0,0.1263,1949.0,3.0,Encino,4.0,False,1.0,One,5501.0,False,1.0,Los Angeles Unified,91316,0.0,5501.0,621.2303980699638,1.3333333333333333,76.0,0,414.5,0.30139974550081805,13.845069360205818,14.300596894375873,14.258398464418283,1557197.772738192
True,True,2025-12-18,2000000.0,33.858728,-117.757243,7499.0,77 - Anaheim Hills,True,4.0,0.8659,1975.0,9.0,Anaheim Hills,10.0,True,1.0,ThreeOrMore,37719.0,False,4.0,Orange Unified,92808,0.0,37719.0,266.70222696359514,1.1111111111111112,50.0,0,749.9,0.19881226967841142,14.508657738524219,14.137594057133388,14.978580241490123,3199740.40643461
True,False,2025-12-23,435000.0,33.736416,-116.97345,1302.0,SRCAR - Southwest Riverside County,True,2.0,0.14,1976.0,2.0,Hemet,3.0,True,1.0,One,6098.0,False,2.0,Hemet Unified,92543,0.0,6098.0,334.10138248847926,1.5,49.0,0,434.0,0.21351262709084945,12.983101310070822,12.919503857231216,12.797063550585978,361155.3765187081
True,False,2025-12-10,1270000.0,33.124995,-117.179314,1911.0,92078 - San Marcos,True,6.0,0.1438,1994.0,3.0,San Marcos,4.0,False,2.0,Two,6264.0,False,3.0,San Marcos Unified,92078,0.0,6264.0,664.5735217163789,1.3333333333333333,31.0,0,477.75,0.30507662835249044,14.054527458434775,14.075178214680975,13.99347101098215,1194778.0704334998
True,False,2025-12-16,1475000.0,37.74831044,-121.95398905,1847.0,VVL - Valley Village,True,2.0,0.1607,1978.0,2.0,San Ramon,4.0,True,1.0,One,7000.0,False,2.0,Capistrano Unified,94583,133.0,7000.0,798.5923118570655,2.0,47.0,0,461.75,0.26385714285714285,14.204168547756057,14.23026571297953,14.162465009816,1414752.2845560312
False,False,2025-12-08,899000.0,33.726214,-117.83033,1312.0,71 - Tustin,True,2.0,0.0411,1996.0,3.0,Tustin,3.0,True,2.0,Two,1792.0,False,2.0,Tustin Unified,92780,165.0,1792.0,685.2134146341464,1.0,29.0,0,437.3333333333333,0.7321428571428571,13.709038313453757,14.077874822431765,13.743994218117502,930981.0653826231
False,False,2025-12-31,620000.0,34.039819,-118.026982,1006.0,657 - So. El Monte,True,0.0,0.2466,1946.0,2.0,South El Monte,2.0,False,1.0,One,10740.0,False,0.0,El Monte Union High,91733,0.0,10740.0,616.3021868787276,1.0,79.0,0,503.0,0.09366852886405959,13.337474757021274,13.58609739363647,13.431274964273937,680970.9758144203
True,True,2025-12-18,1915000.0,33.118053,-117.180016,4073.0,92078 - San Marcos,True,6.0,0.2438,2003.0,5.0,San Marcos,5.0,True,1.0,One,10618.0,False,3.0,San Marcos Unified,92078,138.0,10618.0,470.16940829855145,1.0,22.0,0,814.6,0.3835938971557732,14.465228180596883,14.075178214680975,14.55417645978275,2093141.1950985475
True,False,2025-12-30,1176000.0,33.618884,-117.735291,1366.0,S2 - Laguna Hills,True,2.0,0.124,1973.0,2.0,Laguna Hills,4.0,True,1.0,One,5400.0,False,2.0,Saddleback Valley Unified,92653,0.0,5400.0,860.9077598828696,2.0,52.0,0,341.5,0.25296296296296295,13.977629407440709,14.226450581665564,14.020538454193396,1227559.308761277
False,False,2025-12-02,425000.0,34.149875,-117.245523,1215.0,274 - San Bernardino,True,2.0,0.1818,1957.0,2.0,San Bernardino,3.0,True,1.0,One,7920.0,False,2.0,San Bernardino City Unified,92404,0.0,7920.0,349.7942386831276,1.5,68.0,0,405.0,0.1534090909090909,12.959844447906553,13.142166004700508,13.056174881985115,467977.21227073984
True,False,2025-12-10,1120000.0,32.79035079,-117.01056456,2191.0,91942 - La Mesa,False,4.0,0.1768,1953.0,3.0,La Mesa,4.0,False,2.0,Two,7700.0,False,2.0,Lucia Mar Unified,91942,0.0,7700.0,511.1821086261981,1.3333333333333333,72.0,0,547.75,0.28454545454545455,13.928839243271277,13.683121369918528,13.877293712751083,1063731.6545994927
False,True,2025-12-17,1450000.0,34.170505,-118.631349,1768.0,WHLL - Woodland Hills,False,10.0,0.4079,1953.0,2.0,Woodland Hills,4.0,True,1.0,One,17769.0,False,2.0,Los Angeles Unified,91367,0.0,17769.0,820.1357466063348,2.0,72.0,0,442.0,0.09949912769429906,14.187074114396758,14.130321297804308,14.044780216372878,1257681.137581485
True,True,2025-12-24,4390000.0,34.109534000000004,-118.13337,5022.0,655 - San Marino,True,4.0,0.6425,1950.0,5.0,San Marino,5.0,True,2.0,ThreeOrMore,27988.0,False,4.0,San Marino Unified,91108,0.0,27988.0,874.1537236160892,1.0,75.0,0,1004.4,0.17943404316135486,15.294839785051353,14.878494177522658,15.446463249125848,5108739.451797104
True,True,2025-12-15,485000.0,39.745711,-121.873991,1488.0,SRCAR - Southwest Riverside County,True,2.0,0.2,1974.0,2.0,Chico,3.0,True,1.0,One,8712.0,False,2.0,Chico Unified,95926,0.0,8712.0,325.94086021505376,1.5,51.0,0,496.0,0.17079889807162535,13.091904169919621,13.060487973686241,12.957267636362156,423906.2648734772
False,False,2025-12-19,760000.0,34.09088,-117.705985,1334.0,685 - Montclair,True,1.0,0.1818,1956.0,2.0,Montclair,4.0,False,1.0,One,7920.0,False,1.0,Ontario-Montclair,91763,0.0,7920.0,569.7151424287856,2.0,69.0,0,333.5,0.16843434343434344,13.541073712262515,13.458835614025542,13.409176536612021,666087.6427678055
False,False,2025-12-23,505535.0,32.71444715,-117.06983395,1190.0,92114 - Encanto,True,2.0,0.1354,1952.0,1.0,San Diego,3.0,False,2.0,Two,5900.0,False,1.0,Los Alamitos Unified,92114,0.0,5900.0,424.8193277310924,3.0,73.0,0,396.6666666666667,0.2016949152542373,13.13337255342364,13.547631112808673,13.473514164171922,710350.7663769247
True,True,2025-12-15,910000.0,39.774842,-121.828861,2676.0,699 - Not Defined,True,3.0,0.26,2019.0,3.0,Chico,4.0,True,1.0,One,11326.0,False,3.0,Chico Unified,95973,0.0,11326.0,340.05979073243645,1.3333333333333333,6.0,0,669.0,0.23627052798869858,13.721199878493033,13.151922179645874,13.420076675956041,673387.8050027073
False,False,2025-12-11,545000.0,39.76836,-121.891636,2538.0,"6 - Bixby, Bixby Knolls, Los Cerritos",True,2.0,0.12,2013.0,3.0,Chico,4.0,False,2.0,Two,5227.0,False,2.0,Chico Unified,95973,0.0,5227.0,214.73601260835304,1.3333333333333333,12.0,0,634.5,0.4855557681270327,13.208541073645382,13.151922179645874,13.311656027638694,604197.2688433209
True,False,2025-12-29,2415000.0,33.860696000000004,-118.387268,1524.0,150 - Hermosa Bch East,True,1.0,0.1134,1952.0,2.0,Hermosa Beach,3.0,True,1.0,One,4939.0,False,1.0,Manhattan Unified,90254,0.0,4939.0,1584.645669291339,1.5,73.0,0,508.0,0.30856448673820613,14.69720984506881,14.648419680899378,14.370388231783323,1741727.9128183713
True,True,2025-12-19,523000.0,33.667609000000006,-117.322022,1189.0,SRCAR - Southwest Riverside County,True,2.0,0.37,1955.0,2.0,Lake Elsinore,3.0,True,1.0,One,16117.0,False,2.0,Lake Elsinore Unified,92530,0.0,16117.0,439.86543313709,1.5,70.0,0,396.3333333333333,0.07377303468387417,13.16733674304706,13.270783382522602,13.178701581581223,528977.7140913235
False,False,2025-12-09,700000.0,32.59335788,-117.04641368,868.0,91911 - Chula Vista,True,13.0,0.1742,1959.0,1.0,Chula Vista,2.0,False,1.0,One,7586.0,False,1.0,Los Angeles Unified,91911,0.0,7586.0,806.4516129032259,2.0,66.0,0,434.0,0.11442130239915634,13.458835614025542,13.617059619240436,13.341743732929084,622652.4225987487
False,False,2025-12-24,862500.0,34.14297,-118.011954,1302.0,639 - Monrovia,True,5.0,0.1353,1926.0,2.0,Monrovia,3.0,False,1.0,One,5893.0,False,1.0,Monrovia Unified,91016,0.0,5893.0,662.442396313364,1.5,99.0,0,434.0,0.22094009842185644,13.667590427887651,13.819990428650009,13.807630512376363,992150.9205796678
False,False,2025-12-09,765000.0,34.206841,-118.434632,1336.0,VN - Van Nuys,False,2.0,0.1552,1951.0,2.0,Van Nuys,2.0,True,1.0,One,6759.0,False,2.0,Los Angeles Unified,91405,0.0,6759.0,572.6047904191616,1.0,74.0,0,668.0,0.19766237609113774,13.547631112808673,13.68482817589707,13.624561505235171,826174.6784241423
False,False,2025-12-12,775000.0,32.79583083,-116.99410635,1000.0,92020 - El Cajon,True,3.0,0.1745,1951.0,1.0,El Cajon,3.0,True,1.0,One,7600.0,False,1.0,Other,92020,0.0,7600.0,775.0,3.0,74.0,0,333.3333333333333,0.13157894736842105,13.560618308335483,13.7694117933985,13.520064862840114,744199.8273050273
False,False,2025-12-11,2100000.0,33.00740481,-117.11175773,3616.0,92127 - Rancho Bernardo,True,3.0,0.1739,2003.0,3.0,San Diego,4.0,False,2.0,Two,7573.0,False,3.0,San Bernardino City Unified,92127,90.0,7573.0,580.7522123893805,1.3333333333333333,22.0,0,904.0,0.4774858048329592,14.557447902693651,14.53335035111459,14.618939870686514,2233186.1056717043
True,False,2025-12-24,2525000.0,33.540605,-117.761118,2318.0,LV - Laguna Village,False,2.0,0.2388,1973.0,3.0,Laguna Beach,3.0,True,2.0,"ThreeOrMore,MultiSplit",10400.0,False,2.0,Laguna Beach Unified,92651,0.0,10400.0,1089.3011216566006,1.0,52.0,0,772.6666666666666,0.22288461538461538,14.741751620691597,14.914122846632385,14.882550492521407,2906762.545532611
True,False,2025-12-19,600000.0,34.457351,-117.402292,2617.0,VIC - Victorville,True,2.0,0.1768,2023.0,4.0,Victorville,4.0,True,2.0,Two,7700.0,False,2.0,Snowline Joint Unified,92392,0.0,7700.0,229.2701566679404,1.0,2.0,0,654.25,0.3398701298701299,13.304684934198283,13.01477816672439,13.216602139659113,549411.0359173206
True,False,2025-12-10,940000.0,37.95976943,-122.06530819,1417.0,321 - Rancho Mirage,False,2.0,0.1366,1950.0,2.0,Pleasant Hill,4.0,True,1.0,One,5950.0,False,0.0,Conejo Valley Unified,94523,0.0,5950.0,663.3733239237827,2.0,75.0,0,354.25,0.23815126050420168,13.753635154246187,13.92391643180806,13.834229497989906,1018895.2377005789
True,False,2025-12-15,515000.0,34.031948,-117.310131,1271.0,266 - Grand Terrace,True,2.0,0.1702,1963.0,2.0,Grand Terrace,3.0,True,1.0,One,7416.0,False,2.0,Colton Unified,92313,0.0,7416.0,405.1927616050354,1.5,62.0,0,423.6666666666667,0.17138619201726,13.151922179645874,13.334243736439827,13.244469301102995,564936.8879257056
True,False,2025-12-24,1200000.0,37.65047175,-122.46495153,1280.0,699 - Not Defined,True,2.0,0.0765,1967.0,2.0,Daly City,3.0,True,1.0,Two,3333.0,False,2.0,South San Francisco Unified,94015,0.0,3333.0,937.5,1.5,58.0,0,426.6666666666667,0.384038403840384,13.997832114758229,14.028601732812717,13.807875766181144,992394.2792089522
True,False,2025-12-23,235000.0,34.153871,-116.090822,1293.0,DC724 - Chocolate Drop,True,2.0,0.2065,1989.0,2.0,29 Palms,3.0,True,1.0,One,8995.0,False,2.0,Morongo Unified,92277,0.0,8995.0,181.7478731631864,1.5,36.0,0,431.0,0.14374652584769315,12.367340793126296,12.666637149787377,12.62493119807484,304045.0615160647
True,False,2025-12-08,473000.0,38.67454,-121.351057,1560.0,BBC - Big Bear City,True,2.0,0.19,1967.0,2.0,Sacramento,3.0,True,1.0,One,8276.0,False,2.0,See Remarks,95842,0.0,8276.0,303.20512820512823,1.5,58.0,0,520.0,0.18849685838569358,13.06685066747407,12.944432168911668,12.91484235981542,406298.0813907604
True,False,2025-12-16,880000.0,33.842638,-118.109548,1066.0,23 - Lakewood Park,False,5.0,0.1234,1950.0,1.0,Lakewood,3.0,False,1.0,One,5377.0,False,2.0,Long Beach Unified,90713,0.0,5377.0,825.5159474671669,3.0,75.0,0,355.3333333333333,0.19825181327878,13.687677186454389,13.721199878493033,13.562590272766522,776529.7802744681
True,False,2025-12-24,867000.0,33.612799,-117.125339,3462.0,SRCAR - Southwest Riverside County,True,4.0,0.2,2017.0,3.0,Murrieta,4.0,True,1.0,One,8712.0,False,4.0,Menifee Union,92563,112.0,8712.0,250.43327556325823,1.3333333333333333,8.0,0,865.5,0.3973829201101928,13.672794255762678,13.458835614025542,13.610204571538068,814398.0835233324
True,True,2025-12-19,907000.0,34.214239,-118.569458,1874.0,WIN - Winnetka,True,2.0,0.1168,1966.0,2.0,Winnetka,4.0,True,2.0,Two,5087.0,False,2.0,Los Angeles Unified,91306,0.0,5087.0,483.991462113127,2.0,59.0,0,468.5,0.3683900137605661,13.717897729097274,13.65680576350189,13.733388132650639,921159.1785915724
True,False,2025-12-12,1700000.0,37.56599413,-121.97986672,1785.0,263 - Banning/Beaumont/Cherry Valley,True,2.0,0.1338,1977.0,3.0,Fremont,4.0,True,2.0,Two,5828.0,False,2.0,Riverside Unified,94536,0.0,5828.0,952.3809523809524,1.3333333333333333,48.0,0,446.25,0.30628002745367194,14.346138809026444,14.316285845876763,14.29284238488419,1611768.1834007963
True,False,2025-12-05,1511000.0,37.89414893,-122.28501122,906.0,633 - Industry/La Puente/Valinda,True,1.0,0.0949,1922.0,1.0,Berkeley,2.0,True,1.0,One,4134.0,False,1.0,Berkeley,94707,0.0,4134.0,1667.7704194260486,2.0,103.0,0,453.0,0.21915820029027577,14.228282241254878,14.331212327451603,13.924132878640044,1114741.2561028637
True,True,2025-12-17,1460000.0,33.870084000000006,-117.85096,2493.0,84 - Placentia,True,6.0,0.1745,1975.0,3.0,Placentia,4.0,True,2.0,Two,7600.0,False,3.0,ABC Unified,92870,0.0,7600.0,585.6397914159647,1.3333333333333333,50.0,0,623.25,0.32802631578947367,14.19394699368452,13.980176819817759,14.123175930381041,1360245.7370278907
True,False,2025-12-17,817000.0,32.663341,-117.083969,1408.0,91950 - National City,True,2.0,0.3391,1959.0,2.0,National City,3.0,True,1.0,One,14771.0,False,2.0,Sweetwater Union,91950,0.0,14771.0,580.2556818181819,1.5,66.0,0,469.3333333333333,0.09532191456231806,13.61339437384214,13.507625778194974,13.528088176591554,750194.7936012812
False,False,2025-12-17,365000.0,36.344169,-119.333265,1674.0,699 - Not Defined,True,2.0,0.1515,2000.0,2.0,Visalia,4.0,True,1.0,One,6600.0,False,2.0,Visalia Unified,93291,0.0,6600.0,218.0406212664277,2.0,25.0,0,418.5,0.25363636363636366,12.80765263256463,12.89921982609012,12.979132674187499,433277.0645039343
False,False,2025-12-19,830000.0,34.311459,-118.41992,1044.0,SYL - Sylmar,True,2.0,0.2358,1957.0,2.0,Sylmar,3.0,False,1.0,One,10272.0,False,2.0,Los Angeles Unified,91342,0.0,10272.0,795.0191570881226,1.5,68.0,0,348.0,0.10163551401869159,13.62918097977278,13.667586227071855,13.567099464423109,780039.2082761292
False,False,2025-12-24,1650000.0,32.75193173,-117.15377171,1701.0,92103 - Mission Hills,False,2.0,0.1219,1940.0,2.0,San Diego,3.0,True,1.0,One,5309.0,False,1.0,Victor Valley Unified,92103,115.0,5309.0,970.0176366843034,1.5,85.0,0,567.0,0.320399321906197,14.316285845876763,14.346138809026444,14.287946610290964,1603896.614115331
False,False,2025-12-15,875000.0,37.93971108,-121.96952437,2228.0,699 - Not Defined,True,2.0,0.094,1986.0,3.0,Concord,4.0,True,1.0,One,4095.0,False,2.0,Other,94521,125.0,4095.0,392.7289048473968,1.3333333333333333,39.0,0,557.0,0.544078144078144,13.681979165339751,13.656514826473817,13.753655592492134,940019.212147521
False,False,2025-12-08,1599000.0,36.97134438,-121.9591865,923.0,699 - Not Defined,True,1.0,0.07,1962.0,2.0,Capitola,2.0,True,1.0,One,3049.0,False,1.0,Other,95010,0.0,3049.0,1732.394366197183,1.0,63.0,0,461.5,0.3027222040013119,14.284888991816091,14.34980182907248,13.924061295228604,1114661.4619768807
True,False,2025-12-23,910000.0,34.186271000000005,-118.554528,2757.0,RES - Reseda,True,3.0,0.1609,1955.0,4.0,Reseda,5.0,True,1.0,One,7007.0,False,0.0,Los Angeles Unified,91335,0.0,7007.0,330.0689154878491,1.25,70.0,0,551.4,0.3934636791779649,13.721199878493033,13.652991628466498,13.965101962250055,1161359.6192072423
False,False,2025-12-23,970000.0,34.284341,-118.491401,1570.0,GH - Granada Hills,True,2.0,0.1927,1959.0,2.0,Granada Hills,4.0,True,1.0,One,8392.0,False,2.0,Los Angeles Unified,91344,0.0,8392.0,617.8343949044586,2.0,66.0,0,392.5,0.18708293612964727,13.785051350479566,13.892471599100402,13.778166448282766,963344.5821096532
True,False,2025-12-16,627500.0,34.860875,-120.435767,1131.0,ORCT - Orcutt,True,2.0,0.18,1959.0,2.0,Santa Maria,3.0,False,1.0,One,7841.0,False,2.0,Other,93455,0.0,7841.0,554.8187444739169,1.5,66.0,0,377.0,0.1442418058921056,13.349498949988076,13.538369041771391,13.47135142635394,708816.1240231585
False,False,2025-12-29,1528000.0,37.23477543,-121.79839950000002,2181.0,699 - Not Defined,True,2.0,0.1377,1970.0,3.0,San Jose,5.0,True,1.0,Two,6000.0,False,2.0,Other,95119,132.0,6000.0,700.5960568546539,1.6666666666666667,55.0,0,436.2,0.3635,14.239470248708603,14.144814305106875,14.120493462539255,1356601.8111234438
True,False,2025-12-18,469000.0,34.126157,-117.304643,1164.0,274 - San Bernardino,True,2.0,0.1519,1960.0,1.0,San Bernardino,2.0,False,1.0,One,6615.0,False,2.0,San Bernardino City Unified,92411,0.0,6615.0,402.9209621993127,2.0,65.0,0,582.0,0.17596371882086168,13.058358047428417,12.994530005894443,12.733736522624964,338993.60525326035
False,False,2025-12-22,1150000.0,33.83838,-118.329401,1313.0,126 - Central Torrance,True,1.0,0.1229,1951.0,2.0,Torrance,3.0,False,1.0,One,5352.0,False,1.0,Torrance Unified,90503,0.0,5352.0,875.8568164508758,1.5,74.0,0,437.6666666666667,0.2453288490284006,13.955272500339433,14.148404973237604,13.987403047636537,1187550.1524444346
False,False,2025-12-09,900000.0,33.899864,-118.13258,1330.0,GP - Great Park,False,2.0,0.1557,1951.0,2.0,Bellflower,3.0,False,1.0,One,6782.0,False,2.0,Porterville Unified,90706,983.0,6782.0,676.6917293233083,1.5,74.0,0,443.3333333333333,0.1961073429666765,13.710150042306449,13.586096602527896,13.54724830506319,764707.2081197812
True,False,2025-12-24,454500.0,33.763963000000004,-116.241575,1512.0,309 - Indio North of East Valley,True,4.0,0.14,2012.0,2.0,Indio,2.0,False,1.0,One,6098.0,False,2.0,Palm Springs Unified,92203,369.0,6098.0,300.5952380952381,1.0,13.0,0,756.0,0.24795014758937356,13.02695319259967,13.255142955086335,13.094485404558068,486253.5159130034
False,False,2025-12-18,685000.0,34.1149,-117.385834,1880.0,272 - Rialto,True,3.0,0.2376,1979.0,3.0,Rialto,4.0,True,2.0,Two,10350.0,False,3.0,Rialto Unified,92376,0.0,10350.0,364.3617021276595,1.3333333333333333,46.0,0,470.0,0.18164251207729468,13.437174117244362,13.253391639810733,13.324976491052006,612299.2980510856
False,True,2025-12-30,915000.0,33.883081,-117.465542,2521.0,252 - Riverside,False,3.0,0.62,1979.0,2.0,Riverside,4.0,True,1.0,One,27007.0,False,3.0,Alvord Unified,92503,0.0,27007.0,362.95120983736615,2.0,46.0,0,630.25,0.0933461695116081,13.726679344257658,13.399995114002609,13.637106842226602,836604.604856818
True,False,2025-12-18,315000.0,34.253981,-116.821184,1052.0,699 - Not Defined,True,0.0,0.1815,1992.0,1.0,Big Bear City,2.0,True,2.0,Two,7904.0,False,0.0,Bear Valley Unified,92314,0.0,7904.0,299.4296577946768,2.0,33.0,0,526.0,0.13309716599190283,12.66032791780777,12.965709567358951,12.714722818448074,332608.9712433734
True,False,2025-12-30,1780214.0,37.710697,-121.833894,2612.0,APPV - Apple Valley,True,2.0,0.0828,2025.0,3.0,Dublin,4.0,False,2.0,Two,3606.0,False,2.0,San Marcos Unified,94568,369.0,3606.0,681.552067381317,1.3333333333333333,0.0,0,653.0,0.7243483083749307,14.392244139760956,14.288629462085328,14.402068968643297,1797790.4995903042
False,False,2025-12-08,850000.0,32.75138624,-117.05464941,1060.0,92115 - San Diego,False,3.0,0.1354,1951.0,2.0,San Diego,3.0,False,1.0,One,5900.0,False,1.0,Fullerton Joint Union High,92115,148.0,5900.0,801.8867924528302,1.5,74.0,0,353.3333333333333,0.17966101694915254,13.652991628466498,13.748301808270824,13.608675377192084,813153.6623020757
False,False,2025-12-30,530000.0,33.657354999999995,-116.176201,1859.0,315 - Coachella,True,2.0,0.08,2020.0,3.0,Coachella,4.0,False,2.0,Two,3485.0,False,2.0,Redlands Unified,92236,270.0,3485.0,285.09951586874666,1.3333333333333333,5.0,0,464.75,0.533428981348637,13.180632285528304,13.12126236606766,13.122195759271515,499916.19795716007
False,False,2025-12-12,2575000.0,34.012326,-118.436336,1243.0,C13 - Palms - Mar Vista,True,2.0,0.1899,1950.0,1.0,Los Angeles,2.0,True,1.0,One,8272.0,False,1.0,Palm Springs Unified,90066,225.0,8272.0,2071.600965406275,2.0,75.0,0,621.5,0.1502659574468085,14.761360092079974,14.628660530918916,14.234607466385501,1520587.7054041913
False,False,2025-12-30,650000.0,33.884612,-118.286949,739.0,116 - North Gateway,False,1.0,0.0732,1941.0,1.0,Gardena,2.0,False,1.0,One,3189.0,False,1.0,Los Angeles Unified,90247,0.0,3189.0,879.5669824086604,2.0,84.0,0,369.5,0.23173408592035122,13.38472764187182,13.652991628466498,13.376222678114216,644495.2157349606
True,True,2025-12-23,1670000.0,33.69341,-117.975763,2178.0,16 - Fountain Valley / Northeast HB,True,4.0,0.1652,1965.0,3.0,Fountain Valley,4.0,True,2.0,Two,7194.0,False,2.0,Fountain Valley,92708,0.0,7194.0,766.7584940312213,1.3333333333333333,60.0,0,544.5,0.30275229357798167,14.328334184392938,14.22097566607244,14.24893590133826,1542532.1870301908
False,False,2025-12-16,1363000.0,33.710555,-117.966739,1691.0,16 - Fountain Valley / Northeast HB,True,2.0,0.1653,1964.0,2.0,Fountain Valley,4.0,True,1.0,One,7200.0,False,2.0,Huntington Beach Union High,92708,0.0,7200.0,806.0319337670018,2.0,61.0,0,422.75,0.2348611111111111,14.125198710678669,14.22097566607244,14.122933334049184,1359915.786425685
True,False,2025-12-30,1380000.0,37.514577,-121.97482685,1131.0,699 - Not Defined,True,1.0,0.1446,1964.0,2.0,Fremont,3.0,False,1.0,One,6300.0,False,1.0,Lucia Mar Unified,94538,0.0,6300.0,1220.159151193634,1.5,61.0,0,377.0,0.17952380952380953,14.137594057133388,14.191890085177342,13.959139389404383,1154455.5313956095
True,True,2025-12-31,990000.0,34.195296,-118.573121,1529.0,WIN - Winnetka,True,2.0,0.178,1953.0,2.0,Winnetka,3.0,True,1.0,One,7752.0,False,2.0,Los Angeles Unified,91306,0.0,7752.0,647.4820143884892,1.5,72.0,0,509.6666666666667,0.19723942208462333,13.805460222110773,13.65680576350189,13.689518088974204,881621.4862585821
True,False,2025-12-05,705000.0,34.036426,-117.063972,2756.0,269 - Yucaipa/Calimesa/Oak Glen,True,3.0,0.1162,2004.0,3.0,Yucaipa,4.0,True,2.0,Two,5061.0,False,3.0,Yucaipa/Calimesa Unified,92399,88.0,5061.0,255.8055152394775,1.3333333333333333,21.0,0,689.0,0.5445564117763287,13.465953081794405,13.274219822166483,13.387261627749123,651649.1794364874
True,False,2025-12-30,1032000.0,33.117965000000005,-117.216777,1640.0,92078 - San Marcos,True,5.0,0.1223,1990.0,2.0,San Marcos,2.0,True,1.0,One,5328.0,False,2.0,San Marcos Unified,92078,241.0,5328.0,629.2682926829268,1.0,35.0,0,820.0,0.3078078078078078,13.847009225023646,14.075178214680975,13.862700386236252,1048320.9911550756
True,False,2025-12-22,1964990.0,33.095242,-117.048708,4548.0,92025 - Escondido,True,10.0,0.87,2000.0,6.0,Escondido,6.0,True,2.0,Two,37897.0,False,0.0,El Monte Union High,92025,45.0,37897.0,432.05584872471417,1.0,25.0,0,758.0,0.12000949943267276,14.490997714214025,13.740514638062564,14.500727968756092,1984203.1758300278
True,False,2025-12-22,1235000.0,34.164862,-118.347508,1200.0,610 - Burbank,False,2.0,0.1551,1946.0,2.0,Burbank,3.0,True,1.0,One,6756.0,False,2.0,Chaffey Joint Union High,91505,0.0,6756.0,1029.1666666666667,1.5,79.0,0,400.0,0.17761989342806395,14.026581528044215,13.95440217810054,13.794476195053297,979185.3163334824
True,False,2025-12-16,790000.0,34.111476,-117.47288,3301.0,264 - Fontana,True,2.0,0.1515,2018.0,3.0,Fontana,4.0,False,2.0,Two,6600.0,False,2.0,Fontana Unified,92339,0.0,6600.0,239.3214177521963,1.3333333333333333,7.0,0,825.25,0.5001515151515151,13.579788224443204,12.845148746780268,13.29138419274279,592072.393520984
False,False,2025-12-18,615000.0,36.70881319,-121.6331992,1260.0,699 - Not Defined,True,2.0,0.08,1972.0,2.0,Salinas,4.0,False,2.0,One,3485.0,False,2.0,Other,93906,0.0,3485.0,488.0952380952381,2.0,53.0,0,315.0,0.3615494978479197,13.329377546788654,13.472921052508891,13.32872752517823,614600.3666088305
True,False,2025-12-08,379000.0,39.771875,-121.580657,2054.0,92127 - Rancho Bernardo,True,2.0,0.48,2002.0,2.0,Paradise,3.0,True,1.0,One,20909.0,False,2.0,Paradise Unified,95969,0.0,20909.0,184.5180136319377,1.5,23.0,0,684.6666666666666,0.09823520971830313,12.845291484064564,12.89921982609012,13.057166991503191,468441.72730406834
True,True,2025-12-12,968000.0,32.78380742,-117.01169226,1629.0,91942 - La Mesa,True,6.0,0.1859,1959.0,3.0,La Mesa,3.0,True,2.0,Two,8098.0,False,2.0,Martinez,91942,0.0,8098.0,594.2295887047268,1.0,66.0,0,543.0,0.20116078043961472,13.782987366258714,13.683121369918528,13.739851294900697,927132.0608827941
False,False,2025-12-12,550000.0,34.963747999999995,-120.569053,1044.0,GUAD - Guadalupe,True,3.0,0.14,1972.0,2.0,Guadalupe,3.0,False,1.0,One,6098.0,False,1.0,See Remarks,93434,0.0,6098.0,526.8199233716475,1.5,53.0,0,348.0,0.17120367333551983,13.217673557208654,13.361101199446548,13.227445060404367,555400.6701180137
True,True,2025-12-23,2095000.0,34.290149,-118.584876,3994.0,PORA - Porter Ranch,True,3.0,0.2019999999999999,2015.0,6.0,Porter Ranch,5.0,True,2.0,Two,8797.0,False,3.0,Los Angeles Unified,91326,398.0,8797.0,524.5368052078118,0.8333333333333334,10.0,0,798.8,0.45401841536887577,14.555064111338375,14.126664986601197,14.551790202368126,2088152.3760723716
True,False,2025-12-08,939000.0,32.634613,-117.050356,1578.0,91910 - Chula Vista,True,5.0,0.28,1962.0,2.0,Chula Vista,4.0,False,1.0,One,0.28,False,2.0,Chula Vista Elementary,91910,0.0,12196.8,595.0570342205323,2.0,63.0,0,394.5,0.12937819756001576,13.7525707581904,13.710150042306449,13.672181029102495,866468.4954686506
True,True,2025-12-22,1385000.0,34.156452,-118.082566,1393.0,646 - Pasadena (NE),True,0.0,0.1672,1949.0,2.0,Pasadena,3.0,False,1.0,One,7285.0,False,0.0,Pasadena Unified,91107,0.0,7285.0,994.2569992821248,1.5,76.0,0,464.3333333333333,0.19121482498284145,14.141210697603576,14.263026495559501,14.091452597438439,1317771.4830856943
True,False,2025-12-15,915000.0,33.898056,-118.002052,1395.0,M3 - La Mirada,True,2.0,0.1426,1959.0,2.0,La Mirada,3.0,True,1.0,One,6210.0,False,2.0,Norwalk - La Mirada,90638,0.0,6210.0,655.9139784946236,1.5,66.0,0,465.0,0.2246376811594203,13.726679344257658,13.709037694795391,13.671470442884976,865853.0136002208
True,True,2025-12-29,469000.0,33.728505,-116.258684,1452.0,699 - Not Defined,True,6.0,0.1,1997.0,2.0,Indio,2.0,False,1.0,One,4356.0,False,2.0,San Luis Coastal Unified,92201,600.0,4356.0,323.0027548209366,1.0,28.0,0,726.0,0.3333333333333333,13.058358047428417,13.235692062711331,12.99994184196336,442387.66286284325
True,False,2025-12-19,1091000.0,34.113331,-118.37945,880.0,C03 - Sunset Strip - Hollywood Hills West,True,2.0,0.1171,1942.0,2.0,Los Angeles,2.0,True,1.0,One,5102.0,False,2.0,West Covina,90046,0.0,5102.0,1239.7727272727273,1.0,83.0,0,440.0,0.1724813798510388,13.902605264815207,14.637490610367188,14.03137826478211,1240938.2004776504
True,False,2025-12-02,1280000.0,37.88673946,-122.2505408,1256.0,623 - Glassel Park,False,1.0,0.1289,1960.0,2.0,Berkeley,2.0,True,1.0,One,5616.0,False,0.0,Fontana Unified,94708,90.0,5616.0,1019.108280254777,1.0,65.0,0,628.0,0.22364672364672364,14.0623706358958,14.300900016543387,14.055687281048083,1271473.8292439305
False,False,2025-12-31,940000.0,36.70470351,-121.60504054,2711.0,699 - Not Defined,True,2.0,0.1691,1994.0,3.0,Salinas,5.0,True,1.0,One,7366.0,False,2.0,Other,93906,342.27,7366.0,346.7355219476208,1.6666666666666667,31.0,0,542.2,0.3680423567743687,13.753635154246187,13.472921052508891,13.57170748209847,783641.9370793682
True,False,2025-12-12,800000.0,33.854817,-118.256746,1432.0,140 - East Carson,True,2.0,0.1388,1964.0,2.0,Carson,3.0,True,1.0,One,6047.0,False,2.0,Los Angeles Unified,90746,0.0,6047.0,558.659217877095,1.5,61.0,0,477.3333333333333,0.23681164213659667,13.592367006650065,13.681979165339751,13.609134237812535,813526.8721151768
False,False,2025-12-24,2250000.0,34.15725,-118.11613,2432.0,646 - Pasadena (NE),False,2.0,0.2067,1910.0,2.0,Pasadena,4.0,True,2.0,Two,9003.0,False,2.0,Pasadena Unified,91106,0.0,9003.0,925.1644736842104,2.0,115.0,0,608.0,0.27013217816283464,14.626440774180603,14.686803923907693,14.64389317415279,2289612.5616237004
True,False,2025-12-19,1215000.0,35.109513,-120.609907,2188.0,GRVC - Grover Beach,True,2.0,0.14,1997.0,4.0,Grover Beach,4.0,True,2.0,Two,6098.0,False,2.0,Lucia Mar Unified,93433,0.0,6098.0,555.3016453382085,1.0,28.0,0,547.0,0.35880616595605114,14.010254634756786,13.576613610603875,13.679241052574957,872607.4283910475
True,True,2025-12-12,890000.0,33.790731,-116.396895,2632.0,321 - Rancho Mirage,True,8.0,0.3,2005.0,3.0,Rancho Mirage,3.0,True,1.0,One,13068.0,False,3.0,Palm Springs Unified,92270,270.0,13068.0,338.14589665653494,1.0,20.0,0,877.3333333333334,0.20140801958983778,13.698976741708323,13.9108207377686,13.970957935204448,1168180.4615699241
True,False,2025-12-26,748500.0,34.015248,-118.294986,1032.0,C34 - Los Angeles Southwest,False,1.0,0.0822,1909.0,2.0,Los Angeles,3.0,True,1.0,One,3582.0,False,3.0,Etiwanda,90037,0.0,3582.0,725.2906976744187,1.5,116.0,0,344.0,0.288107202680067,13.52582648284182,13.42984807715229,13.373005663728705,642425.1967801761
True,False,2025-12-22,690000.0,33.857882000000004,-118.179876,768.0,7 - North Long Beach,True,1.0,0.125,1926.0,1.0,Long Beach,2.0,True,1.0,One,5445.0,False,1.0,Long Beach Unified,90805,0.0,5445.0,898.4375,2.0,99.0,0,384.0,0.14104683195592285,13.444446876573442,13.526494262499357,13.238561367869425,561609.1183102883
True,False,2025-12-16,800000.0,37.86231759,-122.2783763,1068.0,STUD - Studio City,True,1.0,0.0892,1926.0,1.0,Berkeley,2.0,True,1.0,One,3885.0,False,1.0,Las Virgenes,94703,750.0,3885.0,749.0636704119851,2.0,99.0,0,534.0,0.2749034749034749,13.592367006650065,14.226294827550038,13.884509251421026,1071434.8092715156
False,False,2025-12-29,700000.0,34.294856,-118.455544,1574.0,SYL - Sylmar,True,2.0,0.0514,2017.0,3.0,Sylmar,4.0,False,2.0,Two,2240.0,False,2.0,Los Angeles Unified,91342,140.0,2240.0,444.7268106734435,1.3333333333333333,8.0,0,393.5,0.7026785714285714,13.458835614025542,13.667586227071855,13.579610132535578,789859.3199203388
False,False,2025-12-31,930000.0,37.25858573,-121.79433253,2264.0,699 - Not Defined,True,2.0,0.1377,1999.0,3.0,San Jose,4.0,True,2.0,Two,6000.0,False,2.0,Other,95111,0.0,6000.0,410.7773851590106,1.3333333333333333,26.0,0,566.0,0.37733333333333335,13.742939865129438,13.915345655528558,14.000318548579667,1202987.4330739295
False,False,2025-12-16,1190000.0,33.750479,-117.987154,1609.0,"65 - N of Blsa, S of GGrv, E of Bch, W of Brookhrs",True,4.0,0.1658,1980.0,2.0,Midway City,4.0,True,1.0,One,7221.0,False,2.0,Huntington Beach Union High,92655,0.0,7221.0,739.5898073337477,2.0,45.0,0,402.25,0.2228223237778701,13.989463865087712,13.859515996625632,13.733804378662652,921542.687237526
False,False,2025-12-17,1121000.0,34.244455,-118.545894,2184.0,NR - Northridge,True,6.0,0.1722,1963.0,3.0,Northridge,4.0,True,1.0,One,7503.0,True,2.0,Upper Lake Union,91324,50.0,7503.0,513.2783882783883,1.3333333333333333,62.0,0,546.0,0.29108356657337064,13.929731702054298,13.767367980495198,13.86489041079875,1050619.3556938653
False,False,2025-12-18,800000.0,34.012732,-118.057832,1100.0,670 - Whittier,True,2.0,0.178,1956.0,2.0,Whittier,3.0,False,1.0,One,7752.0,False,2.0,Whittier Union High,90601,0.0,7752.0,727.2727272727273,1.5,69.0,0,366.6666666666667,0.14189886480908154,13.592367006650065,13.721199878493033,13.612453642037536,816231.7835151334
True,False,2025-12-19,657000.0,34.052997,-118.184486,790.0,HSP - Hesperia,False,3.0,0.1402,1938.0,1.0,Los Angeles,2.0,False,1.0,One,6108.0,False,1.0,Fresno Unified,90063,227.0,6108.0,831.6455696202531,2.0,87.0,0,395.0,0.12933857236411264,13.395439297466748,13.436422313574042,13.203444133884906,542229.235040012
False,False,2025-12-16,1150000.0,33.750851000000004,-117.987182,2069.0,"65 - N of Blsa, S of GGrv, E of Bch, W of Brookhrs",True,2.0,0.185,1966.0,3.0,Midway City,3.0,True,1.0,One,8060.0,False,2.0,Huntington Beach Union High,92655,0.0,8060.0,555.82406959884,1.0,59.0,0,689.6666666666666,0.25669975186104216,13.955272500339433,13.859515996625632,13.90121432829784,1089483.5431516466
False,False,2025-12-09,881000.0,33.03507503,-116.85522335,2023.0,92065 - Ramona,True,6.0,1.0,2019.0,2.0,Ramona,4.0,True,1.0,One,43560.0,False,2.0,Hesperia Unified,92065,95.0,43560.0,435.4918437963421,2.0,6.0,0,505.75,0.0464416896235078,13.688812904918317,13.623138665316818,13.705928805098857,896208.8937220334
True,True,2025-12-08,690000.0,39.766202,-121.876092,2498.0,686 - Ontario,True,6.0,0.23,1998.0,2.0,Chico,3.0,True,1.0,One,0.23,False,3.0,Chico Unified,95973,0.0,10018.8,276.2209767814251,1.5,27.0,0,832.6666666666666,0.2493312572363956,13.444446876573442,13.151922179645874,13.314713907111221,606047.6589621953
False,False,2025-12-10,1405000.0,33.828594,-117.963099,2670.0,79 - Anaheim West of Harbor,True,2.0,0.1818,1960.0,3.0,Anaheim,5.0,True,1.0,MultiSplit,7920.0,False,2.0,Los Angeles Unified,92804,0.0,7920.0,526.2172284644195,1.6666666666666667,65.0,0,534.0,0.3371212121212121,14.155547860749984,13.766841941519797,13.971622318745819,1168956.8393196843
False,False,2025-12-10,950000.0,34.100049,-118.086022,1517.0,654 - San Gabriel,True,2.0,0.1132,1964.0,2.0,San Gabriel,3.0,True,1.0,One,4929.0,False,2.0,San Gabriel Unified,91776,0.0,4929.0,626.2359920896506,1.5,61.0,0,505.6666666666667,0.30777033881111787,13.764217263576723,13.832783729840566,13.768775426635287,954340.1389215536
False,False,2025-12-23,900000.0,34.115466,-117.750405,1316.0,683 - Claremont,True,2.0,0.2285,1961.0,2.0,Claremont,3.0,True,1.0,One,9955.0,False,2.0,Claremont Unified,91711,0.0,9955.0,683.8905775075988,1.5,64.0,0,438.6666666666667,0.13219487694625817,13.710150042306449,13.9108207377686,13.74258283720641,929668.0232975857
True,True,2025-12-17,1590000.0,36.49169323,-121.74066976,2204.0,699 - Not Defined,True,6.0,0.73,1978.0,3.0,Carmel Valley,3.0,True,1.0,Two,31798.0,False,2.0,Carmel Unified,93924,0.0,31798.0,721.415607985481,1.0,47.0,0,734.6666666666666,0.06931253537958362,14.279244574196415,14.276094965293519,14.2700480088223,1575444.493974567
False,True,2025-12-10,1950000.0,34.114895000000004,-118.103498,1745.0,655 - San Marino,False,2.0,0.2415,1940.0,2.0,San Marino,3.0,True,1.0,One,10519.0,False,2.0,San Dieguito Union,91108,348.0,10519.0,1117.478510028653,1.5,85.0,0,581.6666666666666,0.16589029375415915,14.48333993053993,14.878494177522658,14.780613561980193,2625058.034068876
True,False,2025-12-23,850000.0,34.192875,-118.152949,1424.0,604 - Altadena,True,0.0,0.1723,1941.0,2.0,Altadena,3.0,True,1.0,One,7507.0,False,0.0,Newport Mesa Unified,91001,297.0,7507.0,596.9101123595506,1.5,84.0,0,474.6666666666667,0.18968962301851605,13.652991628466498,13.926582083454587,13.872563686008386,1058712.0562021954
True,False,2025-12-22,3450000.0,33.745509000000006,-118.112311,3292.0,1A - Seal Beach,True,2.0,0.0743,2020.0,4.0,Seal Beach,3.0,True,2.0,ThreeOrMore,3235.0,False,2.0,Los Alamitos Unified,90740,100.0,3235.0,1047.9951397326854,0.75,5.0,0,1097.3333333333333,1.0176197836166925,15.053884789007542,14.28551418721001,14.757696768212366,2565584.1981367166
True,False,2025-12-11,1185000.0,32.66754,-116.97882176,2571.0,91914 - Chula Vista,True,4.0,0.3134,2004.0,3.0,Chula Vista,4.0,True,2.0,Two,7481.0,False,2.0,Carmel Unified,91914,202.0,11761.0,460.9101516919486,1.3333333333333333,21.0,0,642.75,0.21860386021596803,13.985253332551368,14.0623706358958,14.132698634750522,1373260.826121745
True,False,2025-12-11,960000.0,34.123545,-117.5339,2723.0,688 - Rancho Cucamonga,True,3.0,0.14,2002.0,3.0,Rancho Cucamonga,4.0,True,2.0,Two,6098.0,False,3.0,Etiwanda,91739,0.0,6098.0,352.5523319867793,1.3333333333333333,23.0,0,680.75,0.4465398491308626,13.77468856344402,13.862273807960708,13.964135429535636,1160237.6694299984
True,False,2025-12-22,780000.0,37.94224657,-121.96275658,1437.0,92114 - Encanto,True,2.0,0.2009,1965.0,2.0,Concord,4.0,True,1.0,One,8750.0,False,2.0,Saddleback Valley Unified,94521,0.0,8750.0,542.7974947807933,2.0,60.0,0,359.25,0.16422857142857142,13.567049198665774,13.656514826473817,13.616721641349583,819722.9049581375
False,False,2025-12-16,635000.0,34.18613,-119.19177,1155.0,VC33 - Oxnard - Southwest / Port Huenem,False,2.0,0.13,1951.0,1.0,Oxnard,4.0,False,1.0,One,5662.0,False,2.0,Huntington Beach Union High,93033,0.0,5662.0,549.7835497835498,4.0,74.0,0,288.75,0.20399152243023666,13.36138027787483,13.459566775233457,13.389625107419787,653191.1605271744
False,False,2025-12-23,505000.0,33.792914,-116.287317,2142.0,307 - Sun City,True,5.0,0.16,2003.0,2.0,Palm Desert,2.0,False,1.0,One,6970.0,False,3.0,Gilroy Unified,92211,398.0,6970.0,235.7609710550887,1.0,22.0,0,1071.0,0.3073170731707317,13.132313708257497,13.226723392728571,13.174171995765553,526587.0825136229
False,False,2025-12-17,838000.0,34.09563,-118.07581299999998,1432.0,654 - San Gabriel,False,2.0,0.1334,1964.0,2.0,San Gabriel,3.0,False,1.0,One,5812.0,False,2.0,San Gabriel Unified,91776,0.0,5812.0,585.195530726257,1.5,61.0,0,477.3333333333333,0.2463867859600826,13.63877337946422,13.832783729840566,13.714488050742526,903912.6880936007
True,False,2025-12-15,545000.0,34.157823,-117.310909,1545.0,274 - San Bernardino,True,2.0,0.1607,1978.0,2.0,San Bernardino,3.0,True,1.0,One,7000.0,False,2.0,San Bernardino City Unified,92407,0.0,7000.0,352.75080906148867,1.5,47.0,0,515.0,0.22071428571428572,13.208541073645382,13.304684934198283,13.225090982025769,554094.7511299396
True,False,2025-12-15,2925000.0,33.497819,-117.737666,2525.0,SL - South Laguna,True,2.0,0.1004,1989.0,3.0,Laguna Beach,3.0,True,1.0,ThreeOrMore,4375.0,False,2.0,Laguna Beach Unified,92651,0.0,4375.0,1158.4158415841584,1.0,36.0,0,841.6666666666666,0.5771428571428572,14.888805038648094,14.914122846632385,14.773715253465525,2607011.889380665
True,False,2025-12-18,1480000.0,33.931793,-117.890075,2565.0,86 - Brea,True,3.0,0.1745,1966.0,3.0,Brea,4.0,True,2.0,Two,7600.0,False,3.0,Brea-Olinda Unified,92821,0.0,7600.0,576.9980506822612,1.3333333333333333,59.0,0,641.25,0.3375,14.207552645740298,13.997832114758229,14.171548531455961,1427661.7605365198
True,False,2025-12-08,2250000.0,37.81226365,-121.98317383,2663.0,91915 - Chula Vista,True,3.0,0.4191,1979.0,4.0,Danville,4.0,True,1.0,One,18258.0,False,3.0,Long Beach Unified,94526,0.0,18258.0,844.9117536612843,1.0,46.0,0,665.75,0.14585387227516705,14.626440774180603,14.430696197054507,14.531062358433445,2045314.9766969716
False,False,2025-12-22,1400000.0,37.86338232,-122.25427285,1481.0,289 - Big Bear Area,False,1.0,0.0716,1906.0,1.0,Berkeley,2.0,True,1.0,One,3120.0,False,0.0,Berkeley,94704,0.0,3120.0,945.3072248480756,2.0,119.0,0,740.5,0.47467948717948716,14.151982794585487,13.965562854189443,13.734018866085808,921740.367753074
True,True,2025-12-02,1350000.0,32.795362,-117.051728,1753.0,92120 - Del Cerro,True,4.0,0.19,1968.0,2.0,San Diego,3.0,True,1.0,One,0.19,False,2.0,San Diego Unified,92120,0.0,8276.4,770.1083856246435,1.5,57.0,0,584.3333333333334,0.21180706587405154,14.115615150414612,13.996998434009651,13.947428330140173,1141014.4922707262
False,False,2025-12-05,1315000.0,37.69488025,-121.78917425,1662.0,SO - Sherman Oaks,True,2.0,0.1423,1991.0,2.0,Livermore,3.0,True,1.0,One,6200.0,False,2.0,San Bernardino City Unified,94551,0.0,6200.0,791.2154031287605,1.5,34.0,0,554.0,0.26806451612903226,14.089347223594002,13.87377946608825,13.84552347222375,1030467.8415966753
True,False,2025-12-10,490000.0,37.368464,-120.598017,1847.0,WEH - West Hills,True,2.0,0.1641,1993.0,2.0,Atwater,3.0,True,1.0,One,7150.0,False,2.0,Atwater,95301,140.56,7150.0,265.2950730914997,1.5,32.0,0,615.6666666666666,0.2583216783216783,13.102160670086809,13.038981768465277,13.034837426613818,458097.5476776926
False,True,2025-12-18,2165000.0,33.806214000000004,-117.81296100000002,3837.0,73 - Villa Park,True,9.0,0.4623,1975.0,4.0,Villa Park,5.0,True,1.0,One,20138.0,False,3.0,Orange Unified,92861,0.0,20138.0,564.242898097472,1.25,50.0,0,767.4,0.19053530638593705,14.587930919418728,14.637490610367188,14.856771194412516,2832785.877486674
False,False,2025-12-09,910000.0,33.03670921,-117.04669929,1630.0,92128 - Rancho Bernardo,True,4.0,0.1409,1986.0,2.0,San Diego,3.0,True,1.0,One,6139.0,False,2.0,Los Angeles Unified,92128,295.0,6139.0,558.282208588957,1.5,39.0,0,543.3333333333334,0.26551555627952433,13.721199878493033,13.983960916083914,13.89814004078581,1086139.3007156895
True,False,2025-12-30,2500000.0,34.009091999999995,-118.427712,3221.0,C13 - Palms - Mar Vista,True,2.0,0.1408,2009.0,5.0,Los Angeles,5.0,False,1.0,One,6134.0,False,2.0,Lucia Mar Unified,90066,295.0,6134.0,776.1564731449861,1.0,16.0,0,644.2,0.5251059667427453,14.73180128983843,14.628660530918916,14.887451472666571,2921043.497801509
True,False,2025-12-16,1285000.0,37.56886552,-122.07189005,1409.0,WIN - Winnetka,True,4.0,0.147,1980.0,2.0,Union City,4.0,True,1.0,One,6402.0,False,2.0,New Haven,94587,0.0,6402.0,911.9943222143364,2.0,45.0,0,352.25,0.22008747266479226,14.066269276311457,14.117095535585046,13.957687676981012,1152780.809859601
False,True,2025-12-11,2250000.0,34.140283000000004,-118.809528,3422.0,WV - Westlake Village,True,3.0,0.3768,1977.0,4.0,Westlake Village,4.0,True,1.0,One,16412.0,False,3.0,Las Virgenes,91361,906.0,16412.0,657.510227936879,1.0,48.0,0,855.5,0.2085059712405557,14.626440774180603,14.450755865652397,14.692920638448287,2404663.7490160945
False,False,2025-12-11,450000.0,33.735999,-116.974534,1500.0,SRCAR - Southwest Riverside County,True,2.0,0.15,1986.0,2.0,Hemet,3.0,True,1.0,One,6534.0,False,2.0,Hemet Unified,92543,0.0,6534.0,300.0,1.5,39.0,0,500.0,0.2295684113865932,13.017002861746503,12.919503857231216,12.8479733784697,380017.80218849407
False,True,2025-12-29,1860000.0,33.88066,-117.804593,2372.0,85 - Yorba Linda,True,1.0,0.3005,1959.0,3.0,Yorba Linda,4.0,True,1.0,One,13090.0,False,1.0,Placentia-Yorba Linda Unified,92886,0.0,13090.0,784.1483979763913,1.3333333333333333,66.0,0,593.0,0.1812070282658518,14.436087045689384,14.20888790014483,14.393344971616072,1782174.7953350926
True,False,2025-12-03,904500.0,35.563343,-121.101573,1528.0,CAMB - Cambria,True,1.0,0.0402,1974.0,2.0,Cambria,3.0,True,2.0,ThreeOrMore,1750.0,False,1.0,Coast Unified,93428,0.0,1750.0,591.9502617801047,1.5,51.0,0,509.3333333333333,0.8731428571428571,13.715137583817487,13.716772655681458,13.597657697954274,804243.7693811608
False,False,2025-12-26,869000.0,34.218188,-118.502858,1430.0,LKBL - Lake Balboa,False,2.0,0.1384,1953.0,2.0,Lake Balboa,3.0,True,1.0,One,6027.0,False,2.0,Fullerton Joint Union High,91406,225.0,6027.0,607.6923076923077,1.5,72.0,0,476.6666666666667,0.23726563796250208,13.67509840424753,13.708480036117827,13.671437157491507,865824.1938216183
True,False,2025-12-12,315000.0,34.244903,-117.301474,1364.0,286 - Crestline Area,True,0.0,0.0905,1992.0,2.0,Crestline,3.0,True,2.0,Two,3943.0,False,0.0,Rim of the World,92325,0.0,3943.0,230.9384164222874,1.5,33.0,0,454.6666666666667,0.345929495308141,12.66032791780777,12.793859310432293,12.703797908123633,328995.02502335975
True,False,2025-12-09,690000.0,33.732238,-118.304041,936.0,183 - Vista Del Oro,False,2.0,0.1488,1923.0,1.0,San Pedro,2.0,True,1.0,One,6480.0,False,2.0,Los Angeles Unified,90731,0.0,6480.0,737.1794871794872,2.0,102.0,0,468.0,0.14444444444444443,13.444446876573442,13.693342923990066,13.470216885229155,708012.3989963036
False,False,2025-12-17,1455000.0,37.38125378,-121.8685309,1605.0,699 - Not Defined,True,2.0,0.1377,1970.0,2.0,San Jose,3.0,True,1.0,Two,6000.0,False,2.0,Other,95131,0.0,6000.0,906.5420560747664,1.5,55.0,0,535.0,0.2675,14.19051645858773,14.274269297520263,14.16149305406713,1413377.8759801884
True,False,2025-12-09,635000.0,34.964352000000005,-120.416041,1061.0,SMNE - SM Northeast,True,2.0,0.16,1962.0,2.0,Santa Maria,3.0,False,1.0,One,6970.0,False,2.0,Santa Maria-Bonita,93454,0.0,6970.0,598.4919886899152,1.5,63.0,0,353.6666666666667,0.15222381635581061,13.36138027787483,13.422467969854667,13.302555192916417,598723.5150047649
True,False,2025-12-02,301000.0,34.11135,-117.208422,1489.0,276 - Highland,True,0.0,0.1667,1962.0,2.0,Highland,4.0,True,1.0,One,7260.0,False,0.0,San Bernardino City Unified,92346,0.0,7260.0,202.14909335124244,2.0,63.0,0,372.25,0.20509641873278237,12.614865543731012,13.28681753563043,13.233356003972728,558693.3339249585
True,False,2025-12-17,860000.0,34.115314,-117.661224,2026.0,690 - Upland,True,3.0,0.2292,1962.0,4.0,Upland,4.0,True,2.0,Two,9984.0,False,3.0,Upland,91786,0.0,9984.0,424.4817374136229,1.0,63.0,0,506.5,0.2029246794871795,13.664687668229691,13.554145793829866,13.707458825742757,897581.1613618812
True,False,2025-12-19,1275000.0,33.774093,-118.139055,1212.0,"2 - Belmont Heights, Alamitos Heights",False,6.0,0.1169,1940.0,2.0,Long Beach,2.0,False,1.0,One,5090.0,False,3.0,Long Beach Unified,90814,0.0,5090.0,1051.980198019802,1.0,85.0,0,606.0,0.2381139489194499,14.058456736574664,14.053739746696525,13.895680703985738,1083471.4003409166
False,False,2025-12-09,636000.0,32.627294,-117.076982,1448.0,91910 - Chula Vista,True,2.0,0.163,1960.0,2.0,Chula Vista,3.0,True,1.0,One,7100.0,False,2.0,Sweetwater Union,91910,0.0,7100.0,439.22651933701655,1.5,65.0,0,482.6666666666667,0.20394366197183098,13.36295384232226,13.710150042306449,13.642553769178797,841173.9622078424
True,False,2025-12-10,740000.0,33.970935,-118.083306,1024.0,670 - Whittier,False,2.0,0.1203,1952.0,1.0,Whittier,3.0,False,1.0,One,5242.0,False,2.0,Whittier Union High,90606,0.0,5242.0,722.65625,3.0,73.0,0,341.3333333333333,0.19534528805799314,13.514405465180353,13.595482281525381,13.458622218577087,699850.6391231143
False,False,2025-12-29,974000.0,33.649997,-117.654136,1120.0,MN - Mission Viejo North,True,2.0,0.1188,1976.0,2.0,Mission Viejo,3.0,True,1.0,One,5176.0,False,2.0,Saddleback Valley Unified,92691,0.0,5176.0,869.6428571428571,1.5,49.0,0,373.3333333333333,0.21638330757341576,13.789166582624672,14.092573789669016,13.810236000332125,994739.3284219669
True,False,2025-12-23,460000.0,33.805151,-116.961446,1337.0,SRCAR - Southwest Riverside County,True,2.0,0.24,1988.0,2.0,San Jacinto,3.0,True,1.0,One,10454.0,False,2.0,San Jacinto Unified,92583,0.0,10454.0,344.053851907255,1.5,37.0,0,445.6666666666667,0.12789362923282954,13.038981768465277,13.064725287181727,12.990899766147399,438405.59030703263
True,False,2025-12-19,645000.0,37.98915872,-121.77413952,2288.0,334 - South End Palm Springs,True,2.0,0.1655,1986.0,3.0,Antioch,4.0,True,2.0,Two,7210.0,False,2.0,Moreno Valley Unified,94531,80.0,7210.0,281.9055944055944,1.3333333333333333,39.0,0,572.0,0.3173370319001387,13.37700559577791,13.415032991367148,13.4620017614222,702219.8154547468
False,False,2025-12-16,319000.0,39.084385,-121.54408,1200.0,92116 - Normal Heights,True,0.0,0.1654,1962.0,2.0,Olivehurst,3.0,False,1.0,One,7203.0,False,0.0,Marysville Joint Unified,95961,0.0,7203.0,265.8333333333333,1.5,63.0,0,400.0,0.1665972511453561,12.672946381766982,13.17115354157376,13.048341407763244,464325.6457408026
True,False,2025-12-19,907500.0,33.965836,-117.605375,2607.0,249 - Eastvale,True,5.0,0.17,2009.0,3.0,Eastvale,4.0,True,2.0,Two,7405.0,False,3.0,Corona-Norco Unified,92880,45.0,7405.0,348.1012658227848,1.3333333333333333,16.0,0,651.75,0.35205941931127616,13.718448845121143,13.764217263576723,13.825856690579108,1010399.8389025341
False,False,2025-12-10,680000.0,34.164715,-119.180027,1252.0,VC33 - Oxnard - Southwest / Port Huenem,True,2.0,0.14,1959.0,2.0,Oxnard,3.0,False,1.0,One,6098.0,False,2.0,Capistrano Unified,93033,340.0,6098.0,543.1309904153354,1.5,66.0,0,417.3333333333333,0.20531321744834372,13.42984807715229,13.459566775233457,13.409143255573484,666065.4750481822
True,False,2025-12-09,725000.0,33.952303,-118.027769,874.0,670 - Whittier,True,1.0,0.1422,1951.0,1.0,Whittier,2.0,False,1.0,One,6193.0,False,1.0,Whittier Union High,90605,0.0,6193.0,829.5194508009154,2.0,74.0,0,437.0,0.14112707896011625,13.493926933836812,13.602934236950354,13.380075086950654,646982.8634404931
True,False,2025-12-17,1885000.0,33.02901055,-117.11269011,3213.0,92127 - Rancho Bernardo,True,4.0,0.1081,2007.0,4.0,San Diego,5.0,True,2.0,Two,4707.0,False,2.0,Conejo Valley Unified,92127,100.0,4707.0,586.6791160908808,1.25,18.0,0,642.6,0.6826003824091779,14.449438378864247,14.53335035111459,14.583241760626292,2154871.736291314
True,False,2025-12-30,570000.0,37.99584275,-121.71543673,1155.0,CAN2 - Canyon Country 2,True,6.0,0.2381,1924.0,2.0,Oakley,3.0,False,1.0,One,10370.0,False,1.0,Oroville Union,94561,200.0,10370.0,493.5064935064935,1.5,101.0,0,385.0,0.11137897782063645,13.253391639810733,13.415032991367148,13.37256802463017,642144.1079084072
True,False,2025-12-05,430180.0,35.607033,-120.64198600000002,923.0,PSOR - Paso Robles,True,1.0,0.0838,1985.0,2.0,Paso Robles,2.0,False,1.0,One,3650.0,False,1.0,Paso Robles Joint Unified,93446,70.0,3650.0,466.06717226435535,1.0,40.0,0,461.5,0.25287671232876713,12.971959004730424,13.591116224748411,13.228270662177371,555859.3992337198
False,False,2025-12-08,2880000.0,32.86118228,-117.23843279,2540.0,92037 - La Jolla,True,4.0,0.2382,1961.0,2.0,La Jolla,5.0,True,1.0,One,10376.0,False,2.0,Capistrano Unified,92037,369.0,10376.0,1133.8582677165357,2.5,64.0,0,508.0,0.24479568234387047,14.873300852112129,15.084846812896313,14.858435748884734,2837505.130525102
False,False,2025-12-15,870000.0,33.835073,-117.957817,896.0,79 - Anaheim West of Harbor,False,2.0,0.1688,1954.0,1.0,Anaheim,3.0,False,1.0,One,7351.0,False,2.0,Anaheim Union High,92801,0.0,7351.0,970.9821428571428,3.0,71.0,0,298.6666666666667,0.12188817847911848,13.676248490630767,13.664687668229691,13.48904248515757,721467.409110332
False,True,2025-12-15,830000.0,32.717429,-117.035589,1730.0,92114 - Encanto,True,2.0,0.1561,1973.0,2.0,San Diego,4.0,True,1.0,One,6800.0,False,2.0,Grossmont Union,92114,0.0,6800.0,479.7687861271676,2.0,52.0,0,432.5,0.25441176470588234,13.62918097977278,13.547631112808673,13.569301041039973,781758.4161468229
False,False,2025-12-24,875000.0,33.883937,-118.316787,1243.0,133 - N Torrance - East,False,2.0,0.1504,1952.0,2.0,Torrance,4.0,False,1.0,One,6553.0,False,2.0,Los Angeles Unified,90504,0.0,6553.0,703.9420756234915,2.0,73.0,0,310.75,0.18968411414619257,13.681979165339751,13.822979494146377,13.718677957854903,907707.9436262436
False,False,2025-12-11,900000.0,33.753934,-117.901118,1663.0,70 - Santa Ana North of First,True,0.0,0.1568,1954.0,3.0,Santa Ana,4.0,True,1.0,One,6830.0,False,2.0,Los Angeles Unified,92703,0.0,6830.0,541.1906193625977,1.3333333333333333,71.0,0,415.75,0.24348462664714496,13.710150042306449,13.597966781776865,13.650733514454465,848082.7685680279
True,False,2025-12-15,800000.0,34.07029,-117.746444,1650.0,687 - Pomona,False,2.0,0.0827,1914.0,2.0,Pomona,3.0,True,2.0,Two,3603.0,False,2.0,Pomona Unified,91767,0.0,3603.0,484.8484848484849,1.5,111.0,0,550.0,0.4579517069109076,13.592367006650065,13.422467969854667,13.471593339955195,708987.6170267578
False,False,2025-12-12,350000.0,33.728477000000005,-116.968508,904.0,699 - Not Defined,True,2.0,0.08,1977.0,2.0,Hemet,2.0,False,1.0,One,3485.0,False,2.0,Hemet Unified,92543,0.0,3485.0,387.16814159292034,1.0,48.0,0,452.0,0.2593974175035868,12.765688433465597,12.919503857231216,12.650987555772895,312071.483949938
True,False,2025-12-15,1230000.0,33.550359,-117.690751,1787.0,LNLAK - Lake Area,True,4.0,0.1263,1990.0,2.0,Laguna Niguel,3.0,False,1.0,One,5500.0,False,2.0,Capistrano Unified,92677,200.0,5500.0,688.3044208170118,1.5,35.0,0,595.6666666666666,0.3249090909090909,14.0225247273486,14.349075668699754,14.249203781016512,1542945.455406773
True,False,2025-12-19,720000.0,33.674722,-117.954317,1122.0,14 - South Huntington Beach,False,1.0,0.0202,1963.0,2.0,Huntington Beach,3.0,True,2.0,Two,880.0,False,1.0,Huntington Beach Union High,92646,312.0,880.0,641.7112299465241,1.5,62.0,0,374.0,1.275,13.487006490992238,14.19394699368452,13.672666456820044,866889.2053966033
False,False,2025-12-10,620000.0,33.21381391,-117.24519277,576.0,92083 - Vista,True,8.0,0.1915,1956.0,1.0,Vista,2.0,False,1.0,One,8340.0,False,0.0,Chino Valley Unified,92083,0.0,8340.0,1076.388888888889,2.0,69.0,0,288.0,0.06906474820143885,13.337474757021274,13.614617615584883,13.151808783554287,514941.6043238165
False,False,2025-12-02,585000.0,34.649269,-120.4736,1374.0,LOMP - Lompoc,True,2.0,0.18,1962.0,2.0,Lompoc,4.0,True,1.0,One,7841.0,False,2.0,Lompoc Unified,93436,0.0,7841.0,425.764192139738,2.0,63.0,0,343.5,0.17523275092462695,13.279367126213993,13.315443355929407,13.263211019134376,575624.6161403761
False,False,2025-12-10,535000.0,34.000129,-117.056638,856.0,269 - Yucaipa/Calimesa/Oak Glen,False,6.0,0.79,1945.0,1.0,Calimesa,2.0,False,1.0,One,34412.0,False,2.0,Yucaipa/Calimesa Unified,92320,0.0,34412.0,625.0,2.0,80.0,0,428.0,0.024875043589445544,13.190022025878143,13.321214236149494,13.085713970372638,482007.02632904437
False,False,2025-12-19,1825000.0,37.55114718,-122.31736395,1220.0,699 - Not Defined,False,1.0,0.1152,1940.0,1.0,San Mateo,2.0,True,1.0,Two,5019.0,False,1.0,Other,94402,0.0,5019.0,1495.9016393442623,2.0,85.0,0,610.0,0.2430763100219167,14.417090544998729,14.777515526790612,14.368175971891459,1737879.0169630048
False,False,2025-12-17,600000.0,33.802818,-118.210786,1280.0,11 - Westside,False,3.0,0.1171,1930.0,1.0,Long Beach,3.0,True,1.0,One,5099.0,False,3.0,Long Beach Unified,90810,0.0,5099.0,468.75,3.0,95.0,0,426.6666666666667,0.25102961364973525,13.304684934198283,13.499429010990795,13.481831253102346,716283.4540191118
False,False,2025-12-19,760000.0,37.07701384,-122.08053556,1000.0,699 - Not Defined,True,1.0,0.17,1956.0,1.0,Ben Lomond,2.0,True,2.0,Two,7405.0,False,1.0,Other,95005,0.0,7405.0,760.0,2.0,69.0,0,500.0,0.1350438892640108,13.541073712262515,13.849911984681606,13.580280224471263,790388.7756531402
False,False,2025-12-12,1325000.0,33.836237,-118.366792,1376.0,130 - Southwood,True,2.0,0.1279,1955.0,2.0,Torrance,4.0,False,1.0,One,5571.0,False,2.0,Torrance Unified,90503,0.0,5571.0,962.936046511628,2.0,70.0,0,344.0,0.24699335846347156,14.09692301740246,14.148404973237604,13.989555077579418,1190108.5478155129
True,True,2025-12-22,1675000.0,33.769679,-116.418144,4493.0,321 - Rancho Mirage,True,3.0,0.42,2003.0,4.0,Rancho Mirage,4.0,True,1.0,One,18295.0,False,3.0,West Covina,92270,310.0,18295.0,372.80213665702206,1.0,22.0,0,1123.25,0.245586225744739,14.331323723241304,13.9108207377686,14.365851058939572,1733843.2926992928
False,False,2025-12-19,1275000.0,33.639759999999995,-117.62699,1705.0,R2 - Rancho Santa Margarita Central,True,2.0,0.1687,1990.0,3.0,Rancho Santa Margarita,4.0,True,2.0,Two,7350.0,False,2.0,Capistrano Unified,92688,176.0,7350.0,747.8005865102639,1.3333333333333333,35.0,0,426.25,0.23197278911564626,14.058456736574664,14.041051233878205,13.974666761931536,1172521.0848220403
True,False,2025-12-26,535000.0,34.119383,-117.364302,1756.0,272 - Rialto,True,2.0,0.2273,1956.0,2.0,Rialto,4.0,True,1.0,One,9900.0,False,2.0,Rialto Unified,92376,0.0,9900.0,304.66970387243737,2.0,69.0,0,439.0,0.17737373737373738,13.190022025878143,13.253391639810733,13.240437217227687,562663.6011307153
True,False,2025-12-05,535000.0,33.98458,-118.24921,1833.0,C42 - Downtown L.A.,False,0.0,0.1608,1910.0,2.0,Los Angeles,5.0,True,2.0,Two,7006.0,False,0.0,Los Angeles Unified,90001,0.0,7006.0,291.87124931805783,2.5,115.0,0,366.6,0.2616328860976306,13.190022025878143,13.262125319779487,13.307259744217173,601546.8766134314
False,False,2025-12-09,1155000.0,34.588944,-120.148907,1669.0,VANG - Solvang,True,2.0,0.24,1984.0,2.0,Solvang,3.0,True,1.0,One,0.24,False,2.0,San Marcos Unified,93463,527.0,10454.4,692.0311563810665,1.5,41.0,0,556.3333333333334,0.15964569941842668,13.959610901938031,14.808762330974558,14.522603982363606,2028087.892728124
True,False,2025-12-29,240000.0,34.152584999999995,-116.092473,1092.0,DC724 - Chocolate Drop,True,2.0,0.2042,1983.0,2.0,29 Palms,3.0,True,1.0,One,8895.0,False,2.0,Morongo Unified,92277,0.0,8895.0,219.78021978021977,1.5,42.0,0,364.0,0.12276559865092748,12.388394202324129,12.666637149787377,12.574843252044056,289191.17455386266
True,False,2025-12-19,865000.0,34.112991,-117.835754,1200.0,689 - San Dimas,True,2.0,0.2441,1973.0,2.0,San Dimas,3.0,True,1.0,One,10631.0,False,2.0,Fontana Unified,91773,0.0,10631.0,720.8333333333334,1.5,52.0,0,400.0,0.1128774339196689,13.670484785914017,13.785051350479566,13.611801265306298,815699.4665467519
True,False,2025-12-16,880000.0,34.090617,-117.849088,1557.0,614 - Covina,True,2.0,0.1997,1962.0,2.0,Covina,4.0,True,1.0,One,8698.0,False,2.0,Charter Oak Unified,91724,0.0,8698.0,565.189466923571,2.0,63.0,0,389.25,0.1790066681995861,13.687677186454389,13.681962838542578,13.655597795976329,852218.1315390473
True,False,2025-12-18,775000.0,33.979378999999994,-117.492623,1692.0,251 - Jurupa Valley,True,3.0,0.43,1978.0,2.0,Jurupa Valley,4.0,True,1.0,One,18731.0,False,3.0,Jurupa Unified,92509,30.0,18731.0,458.0378250591016,2.0,47.0,0,423.0,0.09033153595643585,13.560618308335483,13.422467969854667,13.428437121100412,679041.2264374639
False,False,2025-12-04,550000.0,33.866134,-117.56726299999998,1724.0,248 - Corona,False,2.0,0.2,1962.0,2.0,Corona,3.0,True,1.0,One,8712.0,False,2.0,Corona-Norco Unified,92879,0.0,8712.0,319.02552204176334,1.5,63.0,0,574.6666666666666,0.19788797061524335,13.217673557208654,13.500799813124575,13.543484223384269,761834.1982420209
True,False,2025-12-26,615000.0,34.126336,-117.547486,1759.0,688 - Rancho Cucamonga,True,2.0,0.0803,1989.0,3.0,Rancho Cucamonga,3.0,True,2.0,Two,3500.0,False,2.0,Chaffey Joint Union High,91701,0.0,3500.0,349.6304718590108,1.0,36.0,0,586.3333333333334,0.5025714285714286,13.329377546788654,13.654166717138976,13.62544983803301,826908.922566022
False,False,2025-12-08,2210000.0,34.449653000000005,-119.818856,2101.0,VC81 - Santa Barbara,True,0.0,0.27,1963.0,2.0,Santa Barbara,3.0,True,1.0,One,11761.0,False,2.0,Los Angeles Unified,93111,0.0,11761.0,1051.8800571156592,1.5,62.0,0,700.3333333333334,0.17864127200068022,14.608503073493935,15.14839148508171,14.858455351865729,2837560.7546294457
True,True,2025-12-10,835000.0,34.112809000000006,-117.646567,1880.0,690 - Upland,True,2.0,0.1939999999999999,1959.0,2.0,Upland,4.0,True,1.0,One,8450.0,False,2.0,Upland,91786,0.0,8450.0,444.1489361702128,2.0,66.0,0,470.0,0.22248520710059172,13.635187003832993,13.554145793829866,13.614444215942259,817858.1713892028
True,False,2025-12-19,446000.0,33.800987,-116.449584,1334.0,336 - Cathedral City South,True,2.0,0.17,1985.0,2.0,Cathedral City,3.0,True,1.0,One,7405.0,False,2.0,Other,92234,350.0,7405.0,334.3328335832084,1.5,40.0,0,444.6666666666667,0.1801485482781904,13.008074231002201,13.224919965729422,13.129797601466795,503730.9632561804
True,True,2025-12-22,985000.0,35.63662,-120.659527,2160.0,PRIC - PR Inside City Limit,True,2.0,0.45,1996.0,4.0,Paso Robles,3.0,True,1.0,One,19600.0,False,2.0,Paso Robles Joint Unified,93446,0.0,19600.0,456.0185185185185,0.75,29.0,0,720.0,0.11020408163265306,13.800396920154226,13.591116224748411,13.794913005055736,979613.1277032387
False,False,2025-12-19,780000.0,33.820928,-118.20009,1312.0,5 - Wrigley Area,False,2.0,0.129,1944.0,2.0,Long Beach,3.0,True,1.0,One,5618.0,False,2.0,Long Beach Unified,90806,0.0,5618.0,594.5121951219512,1.5,81.0,0,437.3333333333333,0.23353506585973657,13.567049198665774,13.579788224443204,13.577794424067857,788426.4668802025
True,False,2025-12-10,1560000.0,37.59391726,-122.08520777,1948.0,CC - Coto De Caza,True,2.0,0.1033,1994.0,3.0,Union City,3.0,False,2.0,Two,4500.0,False,2.0,Red Bluff Joint Union,94587,100.0,4500.0,800.8213552361397,1.0,31.0,0,649.3333333333334,0.4328888888888889,14.26019637922572,14.117095535585046,14.056560508658375,1272584.600204743
False,False,2025-12-11,810000.0,32.84608114,-116.94000137,1520.0,92040 - Lakeside,True,6.0,0.0904,1967.0,2.0,Lakeside,3.0,False,1.0,One,5379.0,False,2.0,Corona-Norco Unified,92040,0.0,11262.0,532.8947368421053,1.5,58.0,0,506.6666666666667,0.13496714615521221,13.604789526648622,13.623138665316818,13.555488887197415,771034.8767054639
True,True,2025-12-11,1500000.0,34.256445,-118.5691,2537.0,CHT - Chatsworth,True,3.0,0.2543,1976.0,3.0,Chatsworth,4.0,True,1.0,One,11079.0,False,3.0,Los Angeles Unified,91311,0.0,11079.0,591.2495072920773,1.3333333333333333,49.0,0,634.25,0.22899178626229805,14.22097566607244,13.944283046980045,14.085336913542667,1309737.0024620073
True,True,2025-12-08,1268800.0,32.66087,-116.996589,2420.0,91902 - Bonita,True,2.0,0.3,1978.0,3.0,Bonita,4.0,True,2.0,Two,0.3,False,2.0,Sweetwater Union,91902,550.0,13068.0,524.297520661157,1.3333333333333333,47.0,0,605.0,0.18518518518518517,14.05358212986272,13.9016461684345,14.014956178712293,1220725.8254687898
False,False,2025-12-04,550000.0,32.603295,-117.071906,768.0,91911 - Chula Vista,False,2.0,0.18,1951.0,1.0,Chula Vista,2.0,False,1.0,One,0.18,False,2.0,Sweetwater Union,91911,0.0,7840.8,716.1458333333334,2.0,74.0,0,384.0,0.09794918885827976,13.217673557208654,13.617059619240436,13.314544460914561,605944.9751913225
True,False,2025-12-29,660000.0,33.988082,-117.269838,1209.0,259 - Moreno Valley,False,2.0,2.11,1979.0,1.0,Moreno Valley,2.0,True,1.0,One,91912.0,False,2.0,Moreno Valley Unified,92557,0.0,91912.0,545.9057071960298,2.0,46.0,0,604.5,0.013153886326051006,13.399995114002609,13.262125319779487,13.091246709774957,484681.2366284267
True,False,2025-12-10,1295000.0,33.838286,-117.85133,1618.0,"72 - Orange & Garden Grove, E of Harbor, N of 22 F",True,2.0,0.1905,1976.0,2.0,Orange,4.0,True,1.0,One,8300.0,False,2.0,Orange Unified,92865,0.0,8300.0,800.3708281829419,2.0,49.0,0,404.5,0.19493975903614458,14.074021253115776,13.913540599416507,13.822346200663501,1006859.0590295987
False,False,2025-12-22,672000.0,32.82274858,-116.830672,1300.0,92019 - El Cajon,True,7.0,0.4632,1978.0,2.0,El Cajon,3.0,True,1.0,One,20176.0,False,3.0,Menifee Union,92019,0.0,20176.0,516.9230769230769,1.5,47.0,0,433.3333333333333,0.06443298969072164,13.418013619505286,13.773646353865574,13.597783920026417,804345.2891031208
False,False,2025-12-15,819000.0,36.62126218,-121.66749888,1244.0,699 - Not Defined,True,0.0,0.1271,1992.0,2.0,Salinas,3.0,False,2.0,One,5538.0,False,2.0,Other,93908,178.0,5538.0,658.3601286173633,1.5,33.0,0,414.6666666666667,0.2246298302636331,13.615839362835207,13.99543183135603,13.783877717679985,968862.2439689018
True,False,2025-12-09,1275000.0,37.57338864,-121.96730506,1421.0,16 - Fountain Valley / Northeast HB,True,2.0,0.1196,1951.0,2.0,Fremont,3.0,True,1.0,One,5208.0,False,2.0,Rim of the World,94536,0.0,5208.0,897.2554539057002,1.5,74.0,0,473.6666666666667,0.2728494623655914,14.058456736574664,14.316285845876763,14.152050362013094,1400094.597594472
True,True,2025-12-18,1486888.0,33.970559,-117.866871,3019.0,652 - Rowland Heights,True,2.0,0.3243,1989.0,3.0,Rowland Heights,5.0,True,2.0,Two,14125.0,False,2.0,Rowland Unified,91748,55.0,14125.0,492.5101026830076,1.6666666666666667,36.0,0,603.8,0.2137345132743363,14.212195903170537,13.9016461684345,14.087898959917304,1313096.9116846211
True,False,2025-12-12,470000.0,34.122834000000005,-117.20551299999998,1288.0,276 - Highland,True,2.0,0.1543,1960.0,2.0,Highland,4.0,False,1.0,One,6720.0,False,2.0,San Bernardino City Unified,92346,0.0,6720.0,364.90683229813664,2.0,65.0,0,322.0,0.19166666666666668,13.060487973686241,13.28681753563043,13.20703341246128,544178.9437475106
True,False,2025-12-17,1500000.0,33.871297,-118.38303799999998,1558.0,154 - N Redondo Bch/Golden Hills,True,1.0,0.0578,1962.0,2.0,Redondo Beach,3.0,False,2.0,Two,2519.0,False,1.0,Redondo Unified,90278,0.0,2519.0,962.7727856225932,1.5,63.0,0,519.3333333333334,0.6184994045256054,14.22097566607244,14.253765488895429,14.09200796351979,1318503.5319291065
False,False,2025-12-16,570000.0,33.948772,-118.241652,944.0,WATT - Watts,False,2.0,0.0931,1920.0,1.0,Los Angeles,3.0,False,1.0,One,4055.0,False,2.0,Los Angeles Unified,90002,0.0,4055.0,603.8135593220339,3.0,105.0,0,314.6666666666667,0.23279901356350186,13.253391639810733,13.287734158360443,13.14534231243561,511622.49234829855
True,False,2025-12-16,2000000.0,36.62219775,-121.91457624,1295.0,699 - Not Defined,False,2.0,0.0781,1876.0,2.0,Pacific Grove,3.0,True,1.0,One,3400.0,False,2.0,Other,93950,0.0,3400.0,1544.4015444015445,1.5,149.0,0,431.6666666666667,0.38088235294117645,14.508657738524219,14.077867425927353,13.916095110803322,1105817.137729808
True,False,2025-12-18,1525000.0,33.05491142,-117.24926525,1487.0,92024 - Encinitas,True,4.0,0.1234,1983.0,2.0,Encinitas,3.0,True,1.0,One,5376.0,False,2.0,Livermore Valley,92024,195.0,5376.0,1025.5548083389374,1.5,42.0,0,495.6666666666667,0.2765997023809524,14.237504968023648,14.603967918328545,14.307813659506367,1636079.9424125873
True,True,2025-12-29,2600000.0,33.692297,-117.692688,2548.0,PS - Portola Springs,True,2.0,0.0724,2022.0,4.0,Irvine,4.0,True,2.0,Two,3154.0,False,2.0,Irvine Unified,92618,189.0,3154.0,1020.408163265306,1.0,3.0,0,637.0,0.807863031071655,14.77102200299171,14.648419680899378,14.583883736122939,2156255.555285847
False,False,2025-12-15,823000.0,34.060865,-118.018701,2147.0,619 - El Monte,True,2.0,0.042,1994.0,3.0,El Monte,4.0,True,2.0,Two,1830.0,False,2.0,El Monte Union High,91732,70.0,1830.0,383.32557056357706,1.3333333333333333,31.0,0,536.75,1.173224043715847,13.620711479659207,13.635115285828064,13.68195959244854,874982.873887795
True,False,2025-12-19,255000.0,34.478644,-117.640647,1200.0,PINH - Pinon Hills,False,2.0,2.06,1993.0,2.0,Pinon Hills,3.0,True,1.0,One,89733.0,False,2.0,Snowline Joint Unified,92372,0.0,89733.0,212.5,1.5,32.0,0,400.0,0.013373006586205743,12.449018824140563,13.094474869669831,12.999060682195628,441998.02034645376
True,False,2025-12-05,325000.0,34.131279,-117.334909,1476.0,274 - San Bernardino,True,0.0,0.2084,1955.0,1.0,San Bernardino,3.0,False,1.0,One,9079.0,False,0.0,San Bernardino City Unified,92411,0.0,9079.0,220.18970189701892,3.0,70.0,0,492.0,0.16257297059147482,12.691580461311874,12.994530005894443,12.857198167422306,383539.60518213245
False,False,2025-12-18,861000.0,33.848452,-118.155794,1210.0,24 - Lakewood Mutuals,False,0.0,0.1171,1952.0,1.0,Lakewood,3.0,False,1.0,One,5100.0,False,2.0,Chino Valley Unified,90712,0.0,5100.0,711.5702479338843,3.0,73.0,0,403.3333333333333,0.2372549019607843,13.665849783409868,13.671639520838347,13.559490863920143,774126.7229562777
True,False,2025-12-22,650000.0,37.98550702,-122.03959764,1053.0,288 - Running Springs,True,2.0,0.1653,1951.0,1.0,Concord,3.0,True,1.0,One,7200.0,False,2.0,East Whittier Unified,94520,980.0,7200.0,617.283950617284,3.0,74.0,0,351.0,0.14625,13.38472764187182,13.38472764187182,13.289076833666995,590707.8447676349
True,False,2025-12-08,3375000.0,37.28406006,-121.91193247,3784.0,699 - Not Defined,True,2.0,0.2475,1966.0,4.0,San Jose,5.0,True,1.0,One,10780.0,False,2.0,San Jose Unified,95125,0.0,10780.0,891.9133192389006,1.25,59.0,0,756.8,0.3510204081632653,15.031905882288767,14.462613800022813,14.738201853333324,2516052.727184121
False,True,2025-12-11,2760105.0,33.927238,-118.402705,2765.0,141 - El Segundo,True,3.0,0.2247,1950.0,3.0,El Segundo,4.0,True,1.0,One,9790.0,False,3.0,El Segundo Unified,90245,0.0,9790.0,998.22965641953,1.3333333333333333,75.0,0,691.25,0.28243105209397346,14.83077928044796,14.498607402670718,14.650830235565872,2305550.963495465
True,False,2025-12-05,1251000.0,37.71958796,-121.92693932,1424.0,92029 - Escondido,True,2.0,0.1527,1963.0,2.0,Dublin,3.0,True,1.0,One,6650.0,False,2.0,Fallbrook Union,94568,0.0,6650.0,878.5112359550562,1.5,62.0,0,474.6666666666667,0.21413533834586465,14.039453789449048,14.288629462085328,14.0943075686993,1321539.0583988258
True,True,2025-12-06,1380000.0,33.847319,-116.551883,2342.0,331 - North End Palm Springs,True,2.0,0.47,1954.0,3.0,Palm Springs,3.0,True,1.0,One,20473.0,False,2.0,Newport Mesa Unified,92262,235.0,20473.0,589.2399658411614,1.0,71.0,0,780.6666666666666,0.11439456845601524,14.137594057133388,13.737549016494562,13.992144618890437,1193194.376781078
False,False,2025-12-16,1600000.0,37.34398725,-121.96314075,1039.0,699 - Not Defined,False,1.0,0.1425,1949.0,1.0,Santa Clara,3.0,True,1.0,One,6206.0,False,1.0,Other,95050,0.0,6206.0,1539.9422521655438,3.0,76.0,0,346.3333333333333,0.1674186271350306,14.28551418721001,14.349071368752643,14.11131521474249,1344207.5493501553
True,False,2025-12-26,2193000.0,32.73570586,-117.24701315,1514.0,92107 - Ocean Beach,True,3.0,0.1518,1970.0,2.0,San Diego,3.0,True,1.0,One,6614.0,False,1.0,Menifee Union,92107,0.0,6614.0,1448.4808454425363,1.5,55.0,0,504.6666666666667,0.22890837617175688,14.600781027400025,14.403297222866392,14.179302900973296,1438775.4113622583
False,False,2025-12-23,680000.0,32.74897155,-117.01318635,1008.0,91941 - La Mesa,False,3.0,0.1492,1952.0,1.0,La Mesa,3.0,False,1.0,One,6500.0,False,1.0,Charter Oak Unified,91941,0.0,6500.0,674.6031746031746,3.0,73.0,0,336.0,0.15507692307692308,13.42984807715229,13.903955641362648,13.609861012635042,814118.3378684373
False,False,2025-12-05,1450000.0,37.30326546,-121.88255527,891.0,699 - Not Defined,True,1.0,0.1986,1950.0,1.0,San Jose,2.0,False,1.0,One,8650.0,False,1.0,San Jose Unified,95125,333.0,8650.0,1627.384960718294,2.0,75.0,0,445.5,0.10300578034682081,14.187074114396758,14.462613800022813,14.014921589454564,1220683.602198837
True,False,2025-12-08,480000.0,33.978638000000004,-117.3844,656.0,252 - Riverside,True,0.0,0.17,1925.0,1.0,Riverside,2.0,False,1.0,One,7405.0,False,0.0,Riverside Unified,92501,0.0,7405.0,731.7073170731708,2.0,100.0,0,328.0,0.08858879135719108,13.081541382884074,13.304684934198283,12.999169151847283,442045.9663180475
True,False,2025-12-15,1878000.0,33.049351,-117.228899,1702.0,92024 - Encinitas,True,2.0,0.59,1972.0,2.0,Encinitas,3.0,True,1.0,One,0.59,False,2.0,San Dieguito Union,92024,0.0,25700.4,1103.4077555816689,1.5,53.0,0,567.3333333333334,0.06622465019999689,14.445717938750345,14.603967918328545,14.443744162300993,1874296.9035725833
True,False,2025-12-09,1450000.0,33.760690999999994,-118.035009,2116.0,"58 - Westminster North of Rancho, S of 405",True,2.0,0.1538,1964.0,3.0,Westminster,5.0,True,2.0,Two,6700.0,False,2.0,Huntington Beach Union High,92683,0.0,6700.0,685.2551984877126,1.6666666666666667,61.0,0,423.2,0.31582089552238807,14.187074114396758,13.933293593620657,13.985117351968677,1184838.8739647649
False,False,2025-12-29,675000.0,33.978827,-117.435209,1993.0,251 - Jurupa Valley,True,2.0,0.21,1964.0,2.0,Jurupa Valley,4.0,True,1.0,One,9148.0,False,2.0,Jurupa Unified,92509,0.0,9148.0,338.68539889613646,2.0,61.0,0,498.25,0.21786182772190643,13.422467969854667,13.422467969854667,13.441221372837242,687777.9879026441
False,False,2025-12-30,857000.0,34.206699,-118.625481,1304.0,WEH - West Hills,True,0.0,0.1972,1959.0,2.0,West Hills,3.0,True,1.0,One,8591.0,False,0.0,Los Angeles Unified,91307,0.0,8591.0,657.2085889570552,1.5,66.0,0,434.6666666666667,0.1517867535793272,13.661193197579918,13.849911984681606,13.74239662898213,929494.9275822206
True,False,2025-12-30,2600000.0,33.723397,-118.056459,2472.0,17 - Northwest Huntington Beach,False,2.0,0.0413,1972.0,4.0,Huntington Beach,3.0,True,1.0,ThreeOrMore,1800.0,False,2.0,Huntington Beach Union High,92649,840.0,1800.0,1051.779935275081,0.75,53.0,0,824.0,1.3733333333333333,14.77102200299171,14.330128979968961,14.47032135630535,1924778.3116736575
False,False,2025-12-19,751000.0,32.64885,-116.953614,1559.0,91915 - Chula Vista,True,2.0,1.7078,1994.0,2.0,Chula Vista,2.0,True,1.0,One,74393.0,False,2.0,Other,91915,106.0,74393.0,481.7190506735087,1.0,31.0,0,779.5,0.0209562727675991,13.529160930746272,13.72940414664144,13.600594526017199,806609.1667350554
False,False,2025-12-24,1275000.0,33.861446,-118.045919,1627.0,"RB - Cerritos South of 91 Frwy, E of Norwalk",True,2.0,0.1434,1966.0,2.0,Cerritos,4.0,True,1.0,One,6248.0,False,2.0,See Remarks,90703,0.0,6248.0,783.6508912108175,2.0,59.0,0,406.75,0.2604033290653009,14.058456736574664,14.01436141670944,13.954453950630871,1149059.0529936408
True,False,2025-12-03,3595000.0,32.73527657,-117.22129607,5143.0,92106 - Point Loma,False,8.0,0.2296,1941.0,6.0,San Diego,6.0,True,1.0,ThreeOrMore,10000.0,False,3.0,Mountain View,92106,110.0,10000.0,699.0083608788644,1.0,84.0,0,857.1666666666666,0.5143,15.095054549137284,14.53335035111459,15.044374716788155,3417345.768998355
False,False,2025-12-30,540000.0,38.67714119,-121.5295793,1977.0,626 - Glendale-Northwest,True,2.0,0.1291,2017.0,3.0,Sacramento,3.0,False,2.0,Two,5625.0,False,2.0,Other,95835,40.0,5625.0,273.1411229135053,1.0,8.0,0,659.0,0.35146666666666665,13.199324418540456,13.251635713108469,13.30775194094177,601843.0288924042
False,False,2025-12-23,705000.0,38.08007355,-122.21301053,1993.0,251 - Jurupa Valley,True,2.0,0.242,1987.0,3.0,Vallejo,4.0,True,2.0,Two,10541.0,False,2.0,Compton Unified,94591,0.0,10541.0,353.7380832915203,1.3333333333333333,38.0,0,498.25,0.18907124561237074,13.465953081794405,13.304684934198283,13.37771709880281,645459.0827510768
False,False,2025-12-22,1526360.0,33.092209000000004,-117.248879,2345.0,92009 - Carlsbad,True,4.0,0.17,1995.0,3.0,Carlsbad,3.0,True,2.0,Two,0.17,False,2.0,San Marcos Unified,92009,290.0,7405.2,650.8997867803838,1.0,30.0,0,781.6666666666666,0.31666936747150654,14.238396373882056,14.457364444136669,14.338074740131473,1686346.2094236757
True,False,2025-12-09,718900.0,34.086283,-117.195378,2418.0,268 - Redlands,True,2.0,0.0803,2025.0,3.0,Redlands,5.0,False,2.0,Two,3500.0,True,2.0,Redlands Unified,92374,84.0,3500.0,297.31182795698925,1.6666666666666667,0.0,0,483.6,0.6908571428571428,13.485477544971962,13.299666780812677,13.383567740302903,649246.501056985
False,False,2025-12-05,565287.0,36.602439,-121.850621,585.0,699 - Not Defined,False,0.0,0.0918,1938.0,1.0,Seaside,2.0,False,2.0,One,4000.0,False,0.0,Other,93955,0.0,4000.0,966.302564102564,2.0,87.0,0,292.5,0.14625,13.245088845760003,13.564794368589576,13.187931043998672,533882.4934446254
True,False,2025-12-11,852500.0,37.1350155,-121.62065175,1280.0,699 - Not Defined,True,2.0,0.0855,1991.0,2.0,Morgan Hill,2.0,True,1.0,One,3724.0,False,2.0,Other,95037,400.0,3724.0,666.015625,1.0,34.0,0,640.0,0.34371643394199786,13.655928488139809,14.187074114396758,13.807447782861344,991969.6418861123
False,True,2025-12-10,1270000.0,37.25122458,-121.7911592,1488.0,699 - Not Defined,True,2.0,0.1286,1978.0,2.0,San Jose,3.0,True,1.0,One,5600.0,False,2.0,Other,95138,74.0,5600.0,853.494623655914,1.5,47.0,0,496.0,0.26571428571428574,14.054527458434775,14.91078394536687,14.629413874309101,2256699.429391445
False,False,2025-12-30,1900000.0,34.001147,-118.464866,3219.0,C11 - Venice,True,2.0,0.1667,1946.0,3.0,Venice,5.0,True,2.0,Two,7261.0,False,2.0,Oceanside Unified,90291,0.0,7261.0,590.2454178316248,1.6666666666666667,79.0,0,643.8,0.4433273653766699,14.457364444136669,14.66457824156197,14.815536183135189,2718351.48578798
True,False,2025-12-11,2045238.36,33.478423,-117.582075,3209.0,TL - Talega,True,2.0,0.1909,2005.0,3.0,San Clemente,4.0,True,2.0,Two,8317.0,False,2.0,Capistrano Unified,92673,295.0,8317.0,637.3444562168901,1.3333333333333333,20.0,0,802.25,0.38583623902849584,14.53102489812396,14.446782334806132,14.597526934929459,2185875.3735955744
True,False,2025-12-18,1930000.0,33.625055,-117.618565,3312.0,R2 - Rancho Santa Margarita Central,True,6.0,0.1474,1993.0,4.0,Rancho Santa Margarita,4.0,True,2.0,Two,6420.0,False,3.0,Capistrano Unified,92688,184.0,6420.0,582.7294685990338,1.0,32.0,0,828.0,0.5158878504672897,14.473030560881067,14.041051233878205,14.380941150946711,1760205.5517233184
False,False,2025-12-03,825000.0,37.95046438,-121.97461492,1892.0,APPV - Apple Valley,True,4.0,0.0948,1989.0,3.0,Concord,4.0,True,2.0,Two,4128.0,False,2.0,Clovis Unified,94521,170.0,4128.0,436.04651162790697,1.3333333333333333,36.0,0,473.0,0.4583333333333333,13.623138665316818,13.656514826473817,13.694074647206248,885647.8120269665
False,False,2025-12-15,1301000.0,34.102911,-118.177409,924.0,658 - So. Pasadena,False,2.0,0.1715,1946.0,1.0,South Pasadena,2.0,True,1.0,One,7470.0,False,2.0,South Pasadena,91030,0.0,7470.0,1408.008658008658,2.0,79.0,0,462.0,0.12369477911646587,14.078643757494643,14.557923979827137,14.056061238871404,1271949.3957448888
True,False,2025-12-26,670000.0,34.398857,-117.24661,3317.0,HSP - Hesperia,True,5.0,0.4591,2005.0,4.0,Hesperia,5.0,True,2.0,Two,20000.0,False,5.0,Hesperia Unified,92345,0.0,20000.0,201.98974977389207,1.25,20.0,0,663.4,0.16585,13.415032991367148,13.064514272196533,13.393148144336351,655496.4354993177
True,False,2025-12-23,450000.0,33.936196,-116.978333,1561.0,263 - Banning/Beaumont/Cherry Valley,False,4.0,0.18,1951.0,2.0,Beaumont,3.0,True,1.0,One,7841.0,False,2.0,Beaumont,92223,0.0,7841.0,288.2767456758488,1.5,74.0,0,520.3333333333334,0.19908174977681417,13.017002861746503,13.197470849891134,13.155772300510348,516986.63418200106
True,False,2025-12-22,1600000.0,36.59096261,-121.90296704,2340.0,699 - Not Defined,True,2.0,0.1578,1974.0,3.0,Monterey,4.0,True,1.0,Two,6875.0,False,2.0,Other,93940,0.0,6875.0,683.7606837606837,1.3333333333333333,51.0,0,585.0,0.34036363636363637,14.28551418721001,14.119680947920857,14.159578747614729,1410674.8256513218
False,False,2025-12-11,475000.0,34.481521,-117.386085,2058.0,VIC - Victorville,True,6.0,0.27,2004.0,2.0,Victorville,4.0,True,1.0,One,11761.0,False,3.0,Victor Valley Unified,92392,0.0,11761.0,230.8066083576288,2.0,21.0,0,514.5,0.17498512031289856,13.071070083016778,13.01477816672439,13.062962669939237,471164.5475953742
True,False,2025-12-30,335000.0,39.753514,-121.601105,1021.0,LKBL - Lake Balboa,True,6.0,0.7,2025.0,2.0,Paradise,2.0,False,1.0,One,30492.0,True,2.0,Paradise Unified,95969,0.0,30492.0,328.10969637610185,1.0,0.0,0,510.5,0.033484192575101664,12.721885810807203,12.89921982609012,12.769170797219362,351220.95197941794
True,False,2025-12-30,325000.0,39.753824,-121.601088,1021.0,699 - Not Defined,True,2.0,0.63,2025.0,2.0,Paradise,2.0,False,1.0,One,27443.0,True,2.0,Paradise Unified,95969,0.0,27443.0,318.31537708129287,1.0,0.0,0,510.5,0.037204387275443646,12.691580461311874,12.89921982609012,12.764528392249723,349594.2209801426
True,True,2025-12-08,1140000.0,33.714486,-116.397188,2923.0,323 - South Palm Desert,True,8.0,0.28,1995.0,4.0,Palm Desert,4.0,True,1.0,Two,12197.0,False,3.0,Desert Sands Unified,92260,140.0,12197.0,390.01026342798497,1.0,30.0,0,730.75,0.23964909403951792,13.946538820370678,13.624349319661324,13.980900928141109,1179853.6084865895
True,False,2025-12-31,1189000.0,33.649317,-117.629635,1900.0,MN - Mission Viejo North,True,2.0,0.1122,1997.0,2.0,Mission Viejo,2.0,True,1.0,One,4888.0,False,2.0,Capistrano Unified,92692,512.0,4888.0,625.7894736842105,1.0,28.0,0,950.0,0.38870703764320785,13.988623175672918,14.006130917572923,13.898029310569024,1086019.0389338909
True,False,2025-12-10,670000.0,33.772763,-117.501779,1671.0,248 - Corona,True,2.0,0.12,2004.0,2.0,Corona,2.0,True,1.0,One,5227.0,False,2.0,Corona-Norco Unified,92883,359.0,5227.0,400.9575104727708,1.0,21.0,0,835.5,0.319686244499713,13.415032991367148,13.547957803444275,13.357364392353688,632455.0262759436
False,False,2025-12-26,360000.0,39.163199,-121.572195,1176.0,92037 - La Jolla,True,2.0,0.1702,1973.0,2.0,Marysville,3.0,True,1.0,One,7415.0,False,2.0,Marysville Joint Unified,95901,0.0,7415.0,306.1224489795918,1.5,52.0,0,392.0,0.1585974376264329,12.793859310432293,13.02595920164526,12.90332279661391,401644.55969239486
False,False,2025-12-30,818000.0,34.038212,-117.654962,1459.0,686 - Ontario,False,2.0,0.2893,1922.0,2.0,Ontario,3.0,True,1.0,One,12600.0,False,2.0,Chaffey Joint Union High,91762,0.0,12600.0,560.6579849211789,1.5,103.0,0,486.3333333333333,0.1157936507936508,13.614617615584883,13.530491602931978,13.495483325480018,726129.2625007279
True,True,2025-12-26,950000.0,34.278196,-118.359225,1587.0,673 - Lake View Terrace,True,2.0,0.2526,1961.0,2.0,Lakeview Terrace,4.0,True,1.0,One,11005.0,False,2.0,Los Angeles Unified,91342,0.0,11005.0,598.6137366099559,2.0,64.0,0,396.75,0.14420717855520218,13.764217263576723,13.667586227071855,13.667373736639014,862313.1240459732
False,False,2025-12-29,1212000.0,37.68321355,-121.7429247,1590.0,699 - Not Defined,True,2.0,0.1597,1959.0,2.0,Livermore,3.0,True,1.0,One,6955.0,False,2.0,Orland Joint Unified,94550,0.0,6955.0,762.2641509433962,1.5,66.0,0,530.0,0.22861250898634075,14.007782445611397,14.077490059042251,13.986297339380515,1186237.7941128644
True,False,2025-12-26,3650000.0,32.80779746,-117.24517963,3515.0,92109 - Pacific Beach,True,6.0,0.1745,2019.0,4.0,San Diego,4.0,False,2.0,Two,7600.0,False,2.0,Willits Unified,92109,0.0,7600.0,1038.406827880512,1.0,6.0,0,878.75,0.4625,15.110237725558674,14.508657738524219,14.879213418595887,2897078.630990315
True,False,2025-12-10,565000.0,34.116674,-117.890494,947.0,607 - Azusa,False,2.0,0.1356,1954.0,1.0,Azusa,3.0,False,1.0,One,5905.0,False,2.0,Azusa Unified,91702,0.0,5905.0,596.6209081309398,3.0,71.0,0,315.6666666666667,0.16037256562235394,13.244581010128577,13.534473028231162,13.399656901662963,659776.8175994826
False,True,2025-12-23,1425000.0,33.778649,-118.031913,2457.0,47 - Garden Park,True,2.0,0.1515,1977.0,3.0,Garden Grove,4.0,True,2.0,Two,6600.0,False,2.0,Garden Grove Unified,92845,0.0,6600.0,579.97557997558,1.3333333333333333,48.0,0,614.25,0.37227272727272726,14.169682371684887,13.955272500339433,14.058117047563575,1274566.970062782
True,True,2025-12-08,812000.0,33.731651,-116.250068,2554.0,699 - Not Defined,True,2.0,0.18,2004.0,5.0,Indio,6.0,True,2.0,Two,7841.0,False,2.0,Desert Sands Unified,92201,0.0,7841.0,317.93265465935787,1.2,21.0,0,425.6666666666667,0.32572375972452494,13.607255619143816,13.235692062711331,13.565800905071496,779026.9384560641
True,True,2025-12-30,1615000.0,33.60164,-117.694538,2704.0,S2 - Laguna Hills,True,6.0,0.15,1976.0,3.0,Laguna Hills,4.0,True,2.0,Two,6534.0,False,3.0,Saddleback Valley Unified,92653,0.0,6534.0,597.2633136094674,1.3333333333333333,49.0,0,676.0,0.41383532292623204,14.294845514638894,14.226450581665564,14.378056972523714,1755136.1189394905
False,False,2025-12-05,330000.0,34.520066,-117.34763,994.0,VIC - Victorville,True,2.0,0.0983,1991.0,2.0,Victorville,3.0,False,1.0,One,4284.0,False,2.0,Victor Valley Union High,92394,0.0,4284.0,331.9919517102616,1.5,34.0,0,331.3333333333333,0.23202614379084968,12.706847933442663,12.948009990259552,12.820813719806145,369835.547576312
True,True,2025-12-19,3090000.0,33.018991,-117.199394,2344.0,92067 - Rancho Santa Fe,False,7.0,0.4594,1973.0,4.0,Rancho Santa Fe,3.0,True,2.0,Two,20011.0,False,2.0,Rancho Santa Fe,92067,0.0,20011.0,1318.259385665529,0.75,52.0,0,781.3333333333334,0.11713557543351157,14.943681648873929,15.37889082594447,15.201157826933626,3997412.468673739
False,False,2025-12-23,685000.0,37.699312,-121.425697,1841.0,24 - Lakewood Mutuals,True,2.0,0.2305,2003.0,2.0,Tracy,4.0,True,1.0,One,10040.0,False,2.0,Other,95377,0.0,10040.0,372.08039109179794,2.0,22.0,0,460.25,0.18336653386454183,13.437174117244362,13.569648381962956,13.535575836277921,755833.0793541796
True,False,2025-12-22,1643000.0,34.165748,-118.241949,2194.0,627 - Rossmoyne & Verdu Woodlands,False,1.0,0.1432,1928.0,3.0,Glendale,3.0,True,2.0,Two,6239.0,False,3.0,Chico Unified,91207,0.0,6239.0,748.8605287146764,1.0,97.0,0,731.3333333333334,0.35165891969866964,14.312034397019405,14.557447902693651,14.553290827601572,2091288.2625258868
False,False,2025-12-17,880000.0,34.205373,-118.593884,1072.0,CP - Canoga Park,False,0.0,0.209,1950.0,1.0,Canoga Park,3.0,False,1.0,One,9103.0,False,2.0,Temecula Unified,91303,0.0,9103.0,820.8955223880597,3.0,75.0,0,357.3333333333333,0.11776337471163353,13.687677186454389,13.651814465293484,13.522946118316053,746347.1491385158
False,False,2025-12-15,975000.0,34.244855,-118.582,1658.0,CHT - Chatsworth,True,2.0,0.1725,1978.0,2.0,Chatsworth,3.0,True,1.0,One,7512.0,False,2.0,Los Angeles Unified,91311,0.0,7512.0,588.0579010856453,1.5,47.0,0,552.6666666666666,0.22071352502662406,13.790192749979985,13.944283046980045,13.798521067179813,983154.0167580881
False,False,2025-12-26,370000.0,37.581888,-120.974838,1630.0,259 - Moreno Valley,True,6.0,0.1423,1996.0,3.0,Ceres,4.0,True,1.0,One,6198.0,False,3.0,Ceres Unified,95307,0.0,6198.0,226.99386503067484,1.3333333333333333,29.0,0,407.5,0.26298806066473057,12.821258284620408,13.000052085908663,13.02485918672538,453549.27009453956
False,False,2025-12-26,1100000.0,32.97057992,-117.04141848,1935.0,92064 - Poway,True,4.0,0.1699,1973.0,2.0,Poway,4.0,False,1.0,One,7400.0,False,2.0,Norwalk - La Mirada,92064,79.0,7400.0,568.4754521963824,2.0,52.0,0,483.75,0.2614864864864865,13.9108207377686,14.042638194103073,14.02005225616887,1226962.6169173217
False,False,2025-12-05,1760000.0,33.702777000000005,-117.961974,2918.0,16 - Fountain Valley / Northeast HB,True,3.0,0.1653,1976.0,3.0,Fountain Valley,4.0,True,2.0,Two,7200.0,False,3.0,Huntington Beach Union High,92708,0.0,7200.0,603.1528444139822,1.3333333333333333,49.0,0,729.5,0.4052777777777778,14.380824367014334,14.22097566607244,14.384449193269285,1766391.2708337712
True,False,2025-12-16,444000.0,33.691563,-116.219308,2051.0,311 - Indio Central,True,2.0,0.12,2005.0,3.0,Indio,3.0,True,1.0,One,5227.0,False,2.0,Desert Sands Unified,92201,274.21,5227.0,216.47976596782053,1.0,20.0,0,683.6666666666666,0.3923856896881576,13.003579841414362,13.235692062711331,13.247485645905998,566643.5049503737
False,False,2025-12-10,1970000.0,37.77335042,-121.90826249,2592.0,BKSF - Bakersfield,True,4.0,0.0964,2007.0,3.0,San Ramon,3.0,True,2.0,Two,4200.0,False,2.0,San Ramon Valley,94582,205.0,4200.0,760.0308641975308,1.0,18.0,0,864.0,0.6171428571428571,14.493544100714171,14.516102044771095,14.467947901225822,1920215.3539424904
True,False,2025-12-17,1150000.0,33.648411,-117.598213,1644.0,R1 - Rancho Santa Margarita North,True,2.0,0.1376,1987.0,3.0,Rancho Santa Margarita,3.0,True,2.0,Two,5996.0,False,2.0,Saddleback Valley Unified,92688,87.0,5996.0,699.5133819951338,1.0,38.0,0,548.0,0.2741827885256838,13.955272500339433,14.041051233878205,13.931645640096763,1123147.579056655
False,False,2025-12-26,500000.0,33.899381,-118.216416,1138.0,"RO - Compton S of Rosecrans, E of Alameda",False,2.0,0.1553,1946.0,1.0,Compton,3.0,True,1.0,One,6764.0,False,2.0,Compton Unified,90221,0.0,6764.0,439.3673110720562,3.0,79.0,0,379.3333333333333,0.16824364281490242,13.122363377404328,13.353475098367715,13.27960180180048,585137.3013280992
False,True,2025-12-30,2450000.0,34.270923,-118.584282,4782.0,CHT - Chatsworth,True,7.0,0.5136,2023.0,5.0,Chatsworth,5.0,True,2.0,Two,22371.0,False,3.0,Los Angeles Unified,91311,0.0,22371.0,512.3379339188624,1.0,2.0,0,956.4,0.2137588842698136,14.71159858252091,13.944283046980045,14.834585033903794,2770629.292871594
True,False,2025-12-02,987654.0,33.187338000000004,-117.294432,1890.0,92054 - Oceanside,True,2.0,0.21,1975.0,2.0,Oceanside,4.0,False,2.0,Two,0.21,False,2.0,Oceanside Unified,92056,0.0,9147.6,522.568253968254,2.0,50.0,0,472.5,0.20661157024793386,13.803087712965665,13.732128949025222,13.763099259310225,948938.48944406
False,False,2025-12-09,725000.0,34.192832,-118.470388,1274.0,VN - Van Nuys,False,1.0,0.1545,1947.0,2.0,Van Nuys,3.0,False,1.0,One,6730.0,False,1.0,Los Angeles Unified,91406,0.0,6730.0,569.0737833594976,1.5,78.0,0,424.6666666666667,0.18930163447251114,13.493926933836812,13.708480036117827,13.652901434095558,849923.3382419812
True,False,2025-12-19,515000.0,34.576698,-118.139585,1772.0,PLM - Palmdale,True,2.0,0.1879,1981.0,2.0,Palmdale,3.0,True,2.0,Two,8185.0,False,2.0,Palmdale,93551,0.0,8185.0,290.63205417607224,1.5,44.0,0,590.6666666666666,0.21649358582773365,13.151922179645874,13.345506928718539,13.29954367537966,596923.1608992927
False,False,2025-12-11,370000.0,34.488603000000005,-117.380068,1154.0,699 - Not Defined,True,2.0,0.2048,1994.0,2.0,Victorville,3.0,True,1.0,One,8920.0,False,2.0,Victor Valley Unified,92392,0.0,8920.0,320.6239168110919,1.5,31.0,0,384.6666666666667,0.12937219730941704,12.821258284620408,13.01477816672439,12.8457063204834,379157.2556181625
True,False,2025-12-30,1048000.0,37.95154049,-121.71308079,2236.0,699 - Not Defined,True,3.0,0.3389999999999999,2012.0,3.0,Brentwood,4.0,False,1.0,One,14765.0,False,3.0,Irvine Unified,94513,0.0,14765.0,468.6940966010733,1.3333333333333333,13.0,0,559.0,0.15143921435827973,13.862394143863124,13.591116224748411,13.69285364914092,884567.0976712522
True,False,2025-12-03,1025000.0,37.91835791,-122.04811226,1801.0,699 - Not Defined,True,2.0,0.093,1979.0,2.0,Walnut Creek,2.0,True,1.0,One,4050.0,False,2.0,Mount Diablo,94598,686.0,4050.0,569.1282620766241,1.0,46.0,0,900.5,0.44469135802469134,13.840203170554645,14.240778293368619,14.029277645001507,1238334.1971152439
False,False,2025-12-10,1600000.0,37.39925716,-121.96316849,1685.0,699 - Not Defined,True,2.0,0.0447,1998.0,3.0,Santa Clara,4.0,True,2.0,Two,1946.0,False,2.0,Other,95054,99.0,1946.0,949.5548961424332,1.3333333333333333,27.0,0,421.25,0.8658787255909558,14.28551418721001,14.24566827866281,14.071520187326747,1291765.1667548362
True,False,2025-12-29,999950.0,34.313464,-118.463274,1716.0,SYL - Sylmar,True,2.0,0.6625,1927.0,2.0,Sylmar,3.0,True,1.0,One,28858.0,False,2.0,Los Angeles Unified,91342,0.0,28858.0,582.7214452214453,1.5,98.0,0,572.0,0.05946358028969437,13.815460556714232,13.667586227071855,13.74211703168833,929235.0796439516
False,False,2025-12-05,1295000.0,34.005844,-118.396608,1055.0,C28 - Culver City,True,0.0,0.1147,1941.0,1.0,Culver City,2.0,True,1.0,One,4995.0,False,3.0,Long Beach Unified,90230,0.0,4995.0,1227.4881516587675,2.0,84.0,0,527.5,0.21121121121121122,14.074021253115776,14.22097566607244,13.91123263236097,1100453.1773758573
True,False,2025-12-23,439000.0,34.506552,-117.250352,1604.0,APPV - Apple Valley,True,2.0,0.4924,1978.0,2.0,Apple Valley,3.0,True,1.0,One,21450.0,False,2.0,Apple Valley Unified,92307,0.0,21450.0,273.6907730673317,1.5,47.0,0,534.6666666666666,0.07477855477855477,12.992254692057308,13.049792684569493,12.962783263582383,426250.8337468891
True,False,2025-12-12,800000.0,33.924801,-118.052094,1188.0,670 - Whittier,True,2.0,0.1359,1975.0,2.0,Whittier,3.0,False,1.0,One,5921.0,False,2.0,Whittier Union High,90605,0.0,5921.0,673.4006734006734,1.5,50.0,0,396.0,0.20064178348251985,13.592367006650065,13.602934236950354,13.463786316048768,703474.0838976948
True,False,2025-12-04,4465000.0,37.49053052,-122.2621634,3185.0,699 - Not Defined,True,1.0,0.1527,2025.0,5.0,San Carlos,4.0,True,2.0,One,6652.0,False,1.0,Other,94070,0.0,6652.0,1401.883830455259,0.8,0.0,0,796.25,0.47880336740829826,15.311779772292736,14.74570419500742,15.209435381592952,4030638.5947010326
False,False,2025-12-30,835000.0,37.62912059,-122.10318976,1128.0,699 - Not Defined,True,0.0,0.1156,1957.0,2.0,Hayward,3.0,False,1.0,One,5035.0,False,0.0,Other,94545,0.0,5035.0,740.2482269503546,1.5,68.0,0,376.0,0.2240317775571003,13.635187003832993,13.732128949025222,13.64235784978394,841009.1760571258
True,False,2025-12-30,494000.0,33.674339,-117.949908,550.0,14 - South Huntington Beach,True,1.0,0.0177,1964.0,1.0,Huntington Beach,1.0,False,1.0,One,770.0,False,0.0,Huntington Beach Union High,92646,235.0,770.0,898.1818181818181,1.0,61.0,0,550.0,0.7142857142857143,13.110290796170059,14.19394699368452,13.271625138229648,580488.4238480282
False,False,2025-12-24,960888.0,33.837146000000004,-118.091024,1554.0,27 - Imperial Estates North,True,2.0,0.1148,1961.0,2.0,Lakewood,3.0,False,1.0,One,5001.0,False,2.0,ABC Unified,90715,0.0,5001.0,618.3320463320464,1.5,64.0,0,518.0,0.31073785242951407,13.775613135895155,13.610863593616445,13.583769767853907,793151.6894250251
False,False,2025-12-23,2000000.0,34.005288,-118.425952,1534.0,C13 - Palms - Mar Vista,False,2.0,0.1771,1955.0,2.0,Los Angeles,2.0,False,1.0,One,7714.0,False,2.0,Los Angeles Unified,90066,0.0,7714.0,1303.7809647979138,1.0,70.0,0,767.0,0.19885921700803733,14.508657738524219,14.628660530918916,14.372360907125612,1745167.1676762851
True,False,2025-12-23,800000.0,37.94553667,-122.31891509999998,1544.0,NW - Northwood,True,4.0,0.1205,1956.0,2.0,Richmond,3.0,True,1.0,One,5250.0,False,2.0,Saddleback Valley Unified,94805,0.0,5250.0,518.1347150259068,1.5,69.0,0,514.6666666666666,0.2940952380952381,13.592367006650065,13.458835614025542,13.431538712710992,681150.6045323266
False,False,2025-12-30,520000.0,35.108602000000005,-120.612267,1561.0,GRVC - Grover Beach,True,2.0,0.0812,1980.0,3.0,Grover Beach,3.0,True,2.0,Two,3538.0,False,2.0,Lucia Mar Unified,93433,0.0,3538.0,333.1197950032031,1.0,45.0,0,520.3333333333334,0.4412097230073488,13.16158409055761,13.576613610603875,13.461305712132855,701731.2059191222
True,True,2025-12-22,2160000.0,33.107319,-117.250169,4262.0,92009 - Carlsbad,True,10.0,0.79,1985.0,5.0,Carlsbad,4.0,True,2.0,Two,34412.0,False,4.0,San Marcos Unified,92009,0.0,34412.0,506.8043172219615,0.8,40.0,0,1065.5,0.12385214460072068,14.585618779660347,14.457364444136669,14.9617672983274,3146393.0723511465
False,False,2025-12-12,440000.0,33.134773,-117.079738,896.0,92026 - Escondido,True,1.0,0.04,1972.0,1.0,Escondido,2.0,False,1.0,One,0.04,False,1.0,Other,92026,160.0,1742.4,491.07142857142856,2.0,53.0,0,448.0,0.5142332415059687,12.994530005894443,13.709594177880103,13.136801838443175,507271.59954789054
True,False,2025-12-08,1030000.0,32.760436,-117.071005,1281.0,92115 - San Diego,False,5.0,0.1515,1936.0,2.0,San Diego,3.0,True,1.0,One,6600.0,False,2.0,San Diego Unified,92115,0.0,6600.0,804.0593286494926,1.5,89.0,0,427.0,0.1940909090909091,13.845069360205818,13.748301808270824,13.687132934606852,879521.1886829586
True,False,2025-12-19,680000.0,33.967314,-117.313323,1756.0,252 - Riverside,True,3.0,0.63,1995.0,3.0,Riverside,4.0,True,2.0,Two,27443.0,False,3.0,Riverside Unified,92507,0.0,27443.0,387.2437357630979,1.3333333333333333,30.0,0,439.0,0.06398717341398535,13.42984807715229,13.38472764187182,13.439642855395926,686693.1747764602
True,False,2025-12-19,715000.0,37.67094574,-122.13172867,1051.0,287A - Arrowhead Woods,True,1.0,0.1147,1947.0,1.0,San Lorenzo,3.0,True,1.0,One,4998.0,False,1.0,San Lorenzo,94580,150.0,4998.0,680.3044719314938,3.0,78.0,0,350.3333333333333,0.21028411364545818,13.480037821676145,13.652991628466498,13.514143922467131,739806.4836997082
True,False,2025-12-09,4750000.0,34.174848,-118.174952,5021.0,645 - Pasadena (NW),True,3.0,2.7275,1930.0,6.0,Pasadena,6.0,True,2.0,Two,118809.0,False,3.0,Redondo Unified,91103,95.0,118809.0,946.0266879107749,1.0,95.0,0,836.8333333333334,0.04226110816520634,15.373655176010823,14.182799053125816,15.102816070592967,3623011.233910588
False,False,2025-12-23,787000.0,33.815758,-117.517768,1526.0,699 - Not Defined,True,2.0,0.1125,2025.0,2.0,Corona,3.0,False,1.0,One,4901.0,True,2.0,Corona-Norco Unified,92883,278.0,4901.0,515.7273918741809,1.5,0.0,0,508.6666666666667,0.3113650275453989,13.57598352739954,13.547957803444275,13.487564818207668,720402.1078385386
True,False,2025-12-30,565000.0,34.405332,-117.381995,2388.0,HSP - Hesperia,True,3.0,2.25,1988.0,2.0,Hesperia,4.0,True,1.0,One,98010.0,False,3.0,Hesperia Unified,92344,0.0,98010.0,236.5996649916248,2.0,37.0,0,597.0,0.02436486072849709,13.244581010128577,13.180613417425775,13.331448914949924,616275.2116796682
False,False,2025-12-30,1190000.0,34.087754,-118.102919,1708.0,654 - San Gabriel,False,2.0,0.1451,1941.0,2.0,San Gabriel,3.0,True,2.0,Two,6322.0,False,2.0,Paradise Unified,91776,360.0,6322.0,696.7213114754098,1.5,84.0,0,569.3333333333334,0.2701676684593483,13.989463865087712,13.832783729840566,13.920756092985831,1110983.3621930566
True,False,2025-12-24,695000.0,34.139767,-117.948523,1598.0,617 - Duarte,True,1.0,0.0584,1979.0,3.0,Duarte,3.0,True,2.0,Two,2542.0,False,1.0,Duarte Unified,91010,0.0,2542.0,434.918648310388,1.0,46.0,0,532.6666666666666,0.6286388670338316,13.45166712454693,13.655924188192698,13.557201894684638,772356.7971287093
True,False,2025-12-22,2250000.0,33.423949,-117.601126,2124.0,SE - San Clemente Southeast,True,4.0,0.2149,1965.0,2.0,San Clemente,4.0,True,1.0,One,9360.0,False,2.0,Capistrano Unified,92672,0.0,9360.0,1059.322033898305,2.0,60.0,0,531.0,0.22692307692307692,14.626440774180603,14.43202387032261,14.353462386629237,1712495.7829923003
True,False,2025-12-11,479000.0,33.916209,-116.481005,1902.0,342 - B-Bar-H,True,6.0,0.22,2005.0,3.0,Desert Hot Springs,3.0,True,1.0,Two,9583.0,False,2.0,Antelope Valley Union,92241,0.0,9583.0,251.84016824395377,1.0,20.0,0,634.0,0.19847646874673902,13.079455876393052,13.117346290220361,13.138663127571089,508216.6579016102
True,False,2025-12-16,641000.0,34.14047,-117.57953700000002,1455.0,688 - Rancho Cucamonga,True,2.0,0.1653,1962.0,2.0,Alta Loma,3.0,True,1.0,One,7200.0,False,2.0,Alta Loma,91737,0.0,7200.0,440.54982817869416,1.5,63.0,0,485.0,0.20208333333333334,13.370784735902808,13.75893124807979,13.6550801765019,851777.120985373
False,False,2025-12-09,530000.0,32.712171999999995,-116.990273,1227.0,91977 - Spring Valley,False,0.0,0.0874,1980.0,2.0,Spring Valley,3.0,False,1.0,One,3808.0,False,0.0,Grossmont Union,91977,0.0,3808.0,431.9478402607986,1.5,45.0,0,409.0,0.32221638655462187,13.180632285528304,13.592367006650065,13.364980826239679,637290.4692098039
True,False,2025-12-09,945000.0,33.09188834,-117.08803804,1632.0,92029 - Escondido,True,12.0,0.5096,1960.0,2.0,Escondido,3.0,False,1.0,One,22200.0,False,2.0,Anaheim Union High,92029,410.0,22200.0,579.0441176470588,1.5,65.0,0,544.0,0.07351351351351351,13.758940206475879,14.163297674406381,14.008313608480032,1212643.9404002612
True,False,2025-12-12,1310000.0,34.160545,-117.987478,1736.0,699 - Not Defined,False,2.0,0.71,1946.0,3.0,Monrovia,3.0,True,2.0,Two,30928.0,False,2.0,Monrovia Unified,91016,0.0,30928.0,754.6082949308756,1.0,79.0,0,578.6666666666666,0.05613036730470771,14.085537695177335,13.819990428650009,13.940528900312227,1133169.2378606552
False,False,2025-12-11,1740000.0,34.105042,-118.15136,1427.0,658 - So. Pasadena,False,2.0,0.2444,1941.0,2.0,South Pasadena,3.0,True,1.0,One,10648.0,False,2.0,Temecula Unified,91030,0.0,10648.0,1219.3412754029432,1.5,84.0,0,475.6666666666667,0.13401577761081893,14.369395671190711,14.557923979827137,14.327706354262482,1668951.852745781
True,False,2025-12-17,2350000.0,33.684582,-117.892643,2641.0,C3 - South Coast Metro,True,6.0,0.1377,1979.0,3.0,Costa Mesa,4.0,True,2.0,Two,6000.0,False,3.0,Newport Mesa Unified,92626,0.0,6000.0,889.8144642180993,1.3333333333333333,46.0,0,660.25,0.44016666666666665,14.669925886120343,14.28551418721001,14.366249871903259,1734534.9097851848
True,False,2025-12-18,480000.0,33.673208,-116.3155,1230.0,313 - La Quinta South of HWY 111,True,4.0,0.12,1979.0,2.0,La Quinta,3.0,False,1.0,One,5227.0,False,2.0,Desert Sands Unified,92253,0.0,5227.0,390.2439024390244,1.5,46.0,0,410.0,0.23531662521522861,13.081541382884074,13.545013310266594,13.28670709039242,589309.6761299275
False,False,2025-12-19,1075000.0,33.816671,-118.196649,1662.0,5 - Wrigley Area,False,7.0,0.1554,1946.0,2.0,Long Beach,4.0,False,1.0,One,6771.0,False,2.0,Long Beach Unified,90806,0.0,6771.0,646.8110709987966,2.0,79.0,0,415.5,0.2454585733274258,13.8878312195439,13.579788224443204,13.610687466069097,814791.4468728071
True,False,2025-12-12,1330000.0,34.160535,-118.599918,2634.0,WHLL - Woodland Hills,False,2.0,0.1719,1987.0,3.0,Woodland Hills,3.0,True,2.0,Two,7488.0,False,2.0,Fullerton Joint Union High,91364,0.0,7488.0,504.9354593773728,1.0,38.0,0,878.0,0.35176282051282054,14.100689500197937,14.15910026235435,14.215894487708466,1492397.5634788955
True,False,2025-12-17,1580000.0,33.751218,-116.32418,2742.0,324 - East Palm Desert,True,2.0,0.17,2000.0,4.0,Palm Desert,3.0,True,1.0,One,7405.0,False,2.0,Palos Verdes Peninsula Unified,92211,594.0,7405.0,576.2217359591539,0.75,25.0,0,914.0,0.3702903443619176,14.27293540500315,13.226723392728571,13.66027335270788,856212.0553936255
True,False,2025-12-15,510000.0,33.766375,-116.94226,2499.0,SRCAR - Southwest Riverside County,True,3.0,0.17,2006.0,3.0,San Jacinto,4.0,True,2.0,Two,7405.0,False,3.0,San Jacinto Unified,92583,0.0,7405.0,204.08163265306123,1.3333333333333333,19.0,0,624.75,0.337474679270763,13.142166004700508,13.064725287181727,13.136936347380813,507339.8367009902
True,False,2025-12-19,352000.0,34.182126000000004,-116.394287,1662.0,DC571 - Yucca Mesa,True,0.0,0.4591,1983.0,3.0,Yucca Valley,4.0,True,1.0,One,20000.0,False,0.0,Morongo Unified,92284,0.0,20000.0,211.7930204572804,1.3333333333333333,42.0,0,415.5,0.0831,12.771386454580234,12.86876061860541,12.92946996714816,412284.93007265765
True,False,2025-12-19,830000.0,37.91192283,-122.30370983,898.0,92065 - Ramona,True,2.0,0.1148,1940.0,1.0,El Cerrito,2.0,True,1.0,One,5000.0,False,2.0,San Bernardino City Unified,94530,312.0,5000.0,924.2761692650334,2.0,85.0,0,449.0,0.1796,13.62918097977278,14.137594057133388,13.762356407096789,948233.8301480246
True,False,2025-12-08,875000.0,34.617132,-120.198008,1661.0,BUEL - Buellton,True,2.0,0.15,1981.0,3.0,Buellton,3.0,True,1.0,"Two,One",6534.0,False,2.0,Other,93427,0.0,6534.0,526.791089704997,1.0,44.0,0,553.6666666666666,0.2542087542087542,13.681979165339751,13.952808974415838,13.799060774833888,983684.7757205215
False,False,2025-12-15,1650000.0,34.013892,-118.425096,1251.0,C13 - Palms - Mar Vista,False,2.0,0.1126,1947.0,2.0,Los Angeles,3.0,False,1.0,One,4906.0,False,2.0,Los Angeles Unified,90066,0.0,4906.0,1318.9448441247002,1.5,78.0,0,417.0,0.2549938850387281,14.316285845876763,14.628660530918916,14.311358452197526,1641889.797917598
False,False,2025-12-19,850000.0,33.78845,-117.809014,1247.0,"75 - Orange, Orange Park Acres E of 55",True,4.0,0.1148,1917.0,2.0,Orange,3.0,True,1.0,One,5000.0,False,2.0,Orange Unified,92869,0.0,5000.0,681.635926222935,1.5,108.0,0,415.6666666666667,0.2494,13.652991628466498,14.115985383678474,13.952670595124424,1147011.6983274703
True,False,2025-12-03,865000.0,34.121689,-118.18706,680.0,632 - Highland Park,True,1.0,0.0607,1924.0,1.0,Los Angeles,1.0,False,1.0,One,2642.0,False,1.0,Capistrano Unified,90042,0.0,2642.0,1272.0588235294117,1.0,101.0,0,680.0,0.2573807721423164,13.670484785914017,14.018451401960965,13.42540858858721,676987.838950251
False,False,2025-12-10,1325000.0,33.00335196,-117.09711614,1931.0,92127 - Rancho Bernardo,True,4.0,0.1447,1989.0,3.0,San Diego,4.0,True,2.0,Two,6303.0,False,2.0,Grossmont Union,92127,155.0,6303.0,686.1729673744175,1.3333333333333333,36.0,0,482.75,0.3063620498175472,14.09692301740246,14.53335035111459,14.361649288549446,1726573.3652696165
False,False,2025-12-05,4899000.0,34.016775,-118.46258,4281.0,C14 - Santa Monica,True,0.0,0.1672,2025.0,6.0,Santa Monica,6.0,False,2.0,Two,7284.0,True,2.0,Los Alamitos Unified,90405,750.0,7284.0,1144.3587946741416,1.0,0.0,0,713.5,0.5877265238879736,15.404541660620712,14.73180128983843,15.29257691040908,4380077.2115678
True,False,2025-12-22,480000.0,33.957087,-118.245062,1384.0,C37 - Metropolitan South,False,2.0,0.1276,1925.0,1.0,Los Angeles,3.0,True,1.0,One,5558.0,False,2.0,Los Angeles Unified,90002,0.0,5558.0,346.8208092485549,3.0,100.0,0,461.3333333333333,0.2490104354084203,13.081541382884074,13.287734158360443,13.21275483295921,547301.344075877
False,False,2025-12-12,716000.0,34.053174,-118.032186,1337.0,619 - El Monte,False,3.0,0.1203,1953.0,2.0,El Monte,3.0,False,1.0,One,5242.0,False,2.0,El Monte Union High,91733,0.0,5242.0,535.5272999252057,1.5,72.0,0,445.6666666666667,0.25505532239603207,13.481435445942783,13.58609739363647,13.534205398327375,754797.9664589552
True,False,2025-12-19,1962000.0,36.5536964,-121.9217108,1319.0,699 - Not Defined,False,6.0,0.38,1960.0,1.0,Carmel,2.0,True,1.0,One,16553.0,False,2.0,Carmel Unified,93921,0.0,16553.0,1487.4905231235784,2.0,65.0,0,659.5,0.07968344106808434,14.489474919107446,15.07921417530768,14.57822477683411,2144087.8536177035
False,False,2025-12-18,1111000.0,37.91295792,-121.74759009,3556.0,SRCAR - Southwest Riverside County,True,3.0,0.1926,2006.0,3.0,Brentwood,4.0,True,2.0,Two,8388.0,False,3.0,Vista Unified,94513,0.0,8388.0,312.429696287964,1.3333333333333333,19.0,0,889.0,0.4239389604196471,13.920771068621766,13.591116224748411,13.736296838091222,923842.4598515453
True,False,2025-12-18,3900000.0,34.008457,-118.45381,4142.0,C13 - Palms - Mar Vista,False,2.0,0.1516,2008.0,7.0,Los Angeles,6.0,True,2.0,Two,6603.0,False,2.0,Moreno Valley Unified,90066,645.0,6603.0,941.5741187831964,0.8571428571428571,17.0,0,690.3333333333334,0.6272906254732697,15.176487111099874,14.628660530918916,15.175865537250434,3897576.6152215083
True,False,2025-12-15,765000.0,33.898654,-117.296605,2540.0,252 - Riverside,True,6.0,0.17,1993.0,3.0,Riverside,4.0,True,2.0,Two,7405.0,False,3.0,Riverside Unified,92508,0.0,7405.0,301.18110236220474,1.3333333333333333,32.0,0,635.0,0.34301147873058746,13.547631112808673,13.56126305375042,13.592580568060214,800170.8673728087
True,False,2025-12-24,759900.0,33.617113,-117.64273,1099.0,MC - Mission Viejo Central,True,1.0,0.0639,1972.0,2.0,Mission Viejo,2.0,True,1.0,One,2783.0,False,1.0,Capistrano Unified,92692,584.0,2783.0,691.4467697907188,1.0,53.0,0,549.5,0.394897592526051,13.540942124657876,14.006130917572923,13.568007376287392,780747.7367199493
True,False,2025-12-12,1500000.0,33.89198,-117.94944,2109.0,83 - Fullerton,True,3.0,0.2296,1972.0,3.0,Fullerton,4.0,False,2.0,Two,10000.0,False,3.0,Fullerton Joint Union High,92833,0.0,10000.0,711.2375533428165,1.3333333333333333,53.0,0,527.25,0.2109,14.22097566607244,13.87377946608825,14.034306279109003,1244577.0099508674
False,False,2025-12-04,1250000.0,33.808578000000004,-117.829218,1629.0,"75 - Orange, Orange Park Acres E of 55",True,2.0,0.1408,1961.0,2.0,Orange,4.0,True,1.0,One,6134.0,False,2.0,Orange Unified,92867,0.0,6134.0,767.341927562922,2.0,64.0,0,407.25,0.26556895989566354,14.038654109278484,14.026983356405268,13.962777139445167,1158662.7999079856
True,False,2025-12-04,6995000.0,34.080623,-118.378496,3698.0,C10 - West Hollywood Vicinity,True,2.0,0.138,2025.0,5.0,West Hollywood,5.0,True,2.0,Two,6010.0,False,3.0,Colton Unified,90048,487.0,6010.0,1891.5630070308275,1.0,0.0,0,739.6,0.6153078202995008,15.760706166081718,14.718711430946737,15.155459421905913,3818848.2195278797
True,False,2025-12-03,860000.0,37.73081693,-121.92616809999998,960.0,684 - La Verne,True,2.0,0.186,1963.0,2.0,San Ramon,2.0,True,1.0,One,8100.0,False,2.0,San Ramon Valley,94583,566.0,8100.0,895.8333333333334,1.0,62.0,0,480.0,0.11851851851851852,13.664687668229691,14.23026571297953,13.788840975788167,973682.9105672891
True,False,2025-12-08,800000.0,34.184462,-119.211264,1882.0,VC32 - Oxnard - Port Hueneme Beaches,True,2.0,0.16,1980.0,2.0,Oxnard,3.0,True,1.0,One,6969.0,False,2.0,Oxnard Union,93035,0.0,6969.0,425.0797024442083,1.5,45.0,0,627.3333333333334,0.2700530922657483,13.592367006650065,14.077874822431765,13.99901695198991,1201422.6473143399
False,False,2025-12-15,620000.0,34.085613,-117.618216,1144.0,686 - Ontario,True,5.0,0.1653,1963.0,2.0,Ontario,3.0,True,1.0,One,7200.0,False,2.0,Chaffey Joint Union High,91764,0.0,7200.0,541.9580419580419,1.5,62.0,0,381.3333333333333,0.15888888888888889,13.337474757021274,13.414286165238757,13.315081930640329,606270.739807436
True,False,2025-12-08,1225000.0,37.67517566,-122.05743,2553.0,699 - Not Defined,True,5.0,0.2266,1998.0,3.0,Hayward,4.0,True,2.0,Two,9872.0,False,3.0,Yucaipa/Calimesa Unified,94541,300.0,9872.0,479.8276537406972,1.3333333333333333,27.0,0,638.25,0.2586102106969206,14.018451401960965,13.647074399642998,13.864909240513008,1050639.13874238
True,True,2025-12-23,1325000.0,33.260797,-117.205386,3155.0,92003 - Bonsall,True,3.0,4.94,1987.0,3.0,Bonsall,4.0,True,2.0,Two,215186.0,False,3.0,Bonsall Unified,92003,0.0,215186.0,419.9683042789224,1.3333333333333333,38.0,0,788.75,0.014661734499456285,14.09692301740246,14.219394836348094,14.449450391622216,1885022.644184779
True,False,2025-12-16,430000.0,33.956489000000005,-117.378376,1118.0,252 - Riverside,False,2.0,0.19,1954.0,2.0,Riverside,3.0,True,1.0,One,8276.0,False,2.0,Riverside Unified,92506,0.0,8276.0,384.61538461538464,1.5,71.0,0,372.6666666666667,0.13508941517641374,12.971540487669746,13.493926933836812,13.415213019598523,670120.6297730774
True,True,2025-12-24,2825000.0,34.113933,-118.423403,2164.0,C02 - Beverly Hills Post Office,True,0.0,0.35,1960.0,3.0,Beverly Hills,3.0,True,1.0,One,15248.0,False,0.0,San Dieguito Union,90210,0.0,15248.0,1305.452865064695,1.0,65.0,0,721.3333333333334,0.1419202518363064,14.854018922562679,15.053884789007542,14.858934524709214,2838920.7624982013
True,False,2025-12-11,630000.0,34.045506,-117.450104,1272.0,264 - Fontana,True,4.0,0.0826,1998.0,2.0,Fontana,3.0,True,1.0,One,3600.0,False,2.0,Colton Unified,92337,0.0,3600.0,495.2830188679245,1.5,27.0,0,424.0,0.35333333333333333,13.353475098367715,13.304684934198283,13.125871896580767,501757.34061715123
True,True,2025-12-11,950000.0,33.698322999999995,-116.252423,2802.0,314 - Indio South of East Valley,True,4.0,0.19,2003.0,3.0,Indio,6.0,False,2.0,Two,8276.0,False,2.0,Desert Sands Unified,92201,133.0,8276.0,339.0435403283369,2.0,22.0,0,467.0,0.3385693571773804,13.764217263576723,13.235692062711331,13.385040569181372,650203.4345796668
True,False,2025-12-31,2000000.0,33.57517,-117.68358,3204.0,S2 - Laguna Hills,True,6.0,0.2789,1989.0,3.0,Laguna Hills,4.0,True,2.0,Two,12150.0,False,3.0,Saddleback Valley Unified,92653,148.0,12150.0,624.2197253433209,1.3333333333333333,36.0,0,801.0,0.2637037037037037,14.508657738524219,14.226450581665564,14.467190032175303,1918760.6334688468
False,False,2025-12-03,821430.0,36.61326913,-121.82362564,1030.0,699 - Not Defined,True,2.0,0.1,1959.0,2.0,Seaside,3.0,True,1.0,Two,4356.0,False,2.0,Other,93955,0.0,4356.0,797.504854368932,1.5,66.0,0,343.3333333333333,0.236455463728191,13.618802002847142,13.564794368589576,13.47150959243341,708928.2435570807
False,True,2025-12-19,1848000.0,34.135678000000006,-118.484979,2560.0,ENC - Encino,True,2.0,0.2333,1961.0,3.0,Sherman Oaks,4.0,True,1.0,One,10163.0,False,2.0,El Rancho Unified,91403,105.0,10163.0,721.875,1.3333333333333333,64.0,0,640.0,0.2518941257502706,14.429614531183766,14.557447902693651,14.510272921693558,2003232.9765604862
True,False,2025-12-12,699000.0,35.573879,-120.700775,1492.0,PRIC - PR Inside City Limit,True,2.0,0.153,1986.0,2.0,Paso Robles,4.0,True,1.0,One,6665.0,False,2.0,Templeton Unified,93446,60.0,6665.0,468.4986595174263,2.0,39.0,0,373.0,0.22385596399099775,13.457406021215947,13.591116224748411,13.474551733614307,711088.187121952
False,False,2025-12-12,1325000.0,34.134907,-118.136248,1097.0,648 - Pasadena (SE),False,2.0,0.1061,1921.0,2.0,Pasadena,2.0,True,1.0,One,4621.0,False,1.0,Beaumont,91106,0.0,4621.0,1207.8395624430264,1.0,104.0,0,548.5,0.23739450335425233,14.09692301740246,14.686803923907693,14.161061879095092,1412768.5941770056
True,False,2025-12-19,1150000.0,36.60854575,-121.907942,1178.0,699 - Not Defined,True,2.0,0.1385,1960.0,2.0,Monterey,3.0,False,1.0,One,6032.0,False,2.0,Other,93940,0.0,6032.0,976.2308998302208,1.5,65.0,0,392.6666666666667,0.1952917771883289,13.955272500339433,14.119680947920857,13.82976403356812,1014355.5407383365
False,False,2025-12-16,1935000.0,33.961979,-118.42896299999998,2544.0,C31 - Playa Del Rey,True,2.0,0.1126,1985.0,3.0,Playa Del Rey,3.0,True,1.0,MultiSplit,4905.0,False,2.0,Los Angeles Unified,90293,0.0,4905.0,760.6132075471698,1.0,40.0,0,848.0,0.5186544342507645,14.475617884446018,14.51364528003526,14.39925328908256,1792735.6174299251
True,False,2025-12-09,343950.0,38.67582081,-121.36832686,1001.0,307 - Sun City,True,1.0,0.12,1953.0,1.0,North Highlands,3.0,False,1.0,One,5227.0,False,1.0,Glendale Unified,95660,100.0,5227.0,343.6063936063936,3.0,72.0,0,333.6666666666667,0.1915056437727186,12.74825157695416,12.779873068457553,12.570792398586146,288022.0730126234
False,False,2025-12-22,1005000.0,33.852486,-117.820689,1945.0,78 - Anaheim East of Harbor,True,2.0,0.1808,1972.0,2.0,Anaheim,3.0,True,1.0,One,7875.0,False,2.0,Orange Unified,92807,0.0,7875.0,516.7095115681234,1.5,53.0,0,648.3333333333334,0.24698412698412697,13.820498099475314,13.997832114758229,13.994613561888707,1196143.9453432297
True,False,2025-12-28,620000.0,37.99544364,-122.05109933,1028.0,268 - Redlands,True,1.0,0.2019999999999999,1952.0,1.0,Concord,3.0,True,1.0,One,8800.0,False,1.0,Alameda City Unified,94520,0.0,8800.0,603.1128404669261,3.0,73.0,0,342.6666666666667,0.11681818181818182,13.337474757021274,13.38472764187182,13.275343681001438,582651.0132292475
False,False,2025-12-24,837000.0,33.967455,-118.02484,1204.0,670 - Whittier,False,2.0,0.1439,1951.0,2.0,Whittier,3.0,True,1.0,One,6268.0,False,2.0,Whittier Union High,90602,0.0,6268.0,695.1827242524917,1.5,74.0,0,401.3333333333333,0.19208679004467136,13.637579349471613,13.764217263576723,13.63877113744003,837998.1211858343
True,False,2025-12-12,1150000.0,37.28368217,-121.81948132,1572.0,C34 - Los Angeles Southwest,True,2.0,0.1423,1969.0,2.0,San Jose,4.0,True,1.0,One,6200.0,False,2.0,San Ramon Valley,95111,0.0,6200.0,731.5521628498727,2.0,56.0,0,393.0,0.2535483870967742,13.955272500339433,13.915345655528558,13.816815976897166,1001306.2713630728
True,False,2025-12-08,1903000.0,33.658606,-117.911232,1587.0,C4 - Central Costa Mesa,False,6.0,0.1825,1958.0,2.0,Costa Mesa,3.0,True,1.0,One,7950.0,False,2.0,Newport Mesa Unified,92626,0.0,7950.0,1199.1178323881538,1.5,67.0,0,529.0,0.19962264150943396,14.458942146278286,14.28551418721001,14.199194960567452,1467682.17190965
True,False,2025-12-19,565000.0,33.881332,-117.223106,1520.0,259 - Moreno Valley,True,2.0,0.14,1988.0,3.0,Moreno Valley,3.0,True,2.0,Two,6098.0,False,2.0,Moreno Valley Unified,92551,0.0,6098.0,371.7105263157895,1.0,37.0,0,506.6666666666667,0.24926205313217448,13.244581010128577,13.180632285528304,13.113347505006171,495512.3243551194
True,True,2025-12-03,1470000.0,33.888218,-117.847646,2107.0,84 - Placentia,True,2.0,0.1983,1964.0,3.0,Placentia,4.0,True,1.0,One,8640.0,False,2.0,Placentia-Yorba Linda Unified,92870,0.0,8640.0,697.6744186046511,1.3333333333333333,61.0,0,526.75,0.24386574074074074,14.20077295875492,13.980176819817759,14.043512479404916,1256087.7389280563
True,False,2025-12-30,379000.0,37.374518,-119.614323,1717.0,92127 - Rancho Bernardo,True,4.0,1.66,1970.0,2.0,Oakhurst,3.0,True,1.0,One,1.66,False,2.0,Bass Lake Joint Union,93644,0.0,72309.6,220.7338380896913,1.5,55.0,0,572.3333333333334,0.02374511821390244,12.845291484064564,13.17115354157376,13.159197313923448,518760.3561152552
True,False,2025-12-09,307000.0,33.300147,-115.987616,1700.0,381 - Salton Sea - Imperial County,True,6.0,0.2296,2006.0,3.0,Thermal,3.0,True,1.0,One,10000.0,False,2.0,Coachella Valley Unified,92274,0.0,10000.0,180.58823529411765,1.0,19.0,0,566.6666666666666,0.17,12.634603026569334,12.644327576461329,12.787695386053153,357787.81210709637
True,False,2025-12-04,940000.0,37.58034513,-121.9633626,1006.0,699 - Not Defined,False,0.0,0.1957,1944.0,2.0,Fremont,2.0,False,1.0,One,8526.0,False,0.0,Fremont Unified,94536-1730,0.0,8526.0,934.393638170974,1.0,81.0,0,503.0,0.11799202439596529,13.753635154246187,13.698976741708323,13.558400618445958,773283.1947101095
False,False,2025-12-10,555000.0,36.284487,-119.778532,2139.0,322 - North Palm Desert,True,2.0,0.97,1975.0,2.0,Lemoore,3.0,True,1.0,One,0.97,False,2.0,Lemoore Union,93245,0.0,42253.2,259.4670406732118,1.5,50.0,0,713.0,0.05062338473772401,13.226723392728571,12.772780750961575,12.967597482864223,428307.8462112519
False,False,2025-12-29,2625000.0,34.058647,-118.353832,2645.0,C19 - Beverly Center-Miracle Mile,True,2.0,0.1607,1925.0,3.0,Los Angeles,4.0,True,1.0,One,7002.0,False,3.0,Morongo Unified,90036,0.0,7002.0,992.4385633270322,1.3333333333333333,100.0,0,661.25,0.37774921451014,14.780591454007862,14.676279640441766,14.646732224817129,2296122.123803903
False,False,2025-12-16,1430000.0,33.777962,-118.100102,1842.0,37 - College/University Park Estates,True,4.0,0.1328,1959.0,2.0,Long Beach,4.0,True,1.0,One,5783.0,False,2.0,Long Beach Unified,90815,0.0,5783.0,776.3300760043431,2.0,66.0,0,460.5,0.31851979941206987,14.17318500223609,13.937728190688523,13.915034984417995,1104645.4529814462
True,False,2025-12-09,370000.0,34.518863,-117.415175,1252.0,ADL - Adelanto,True,2.0,0.1928,2004.0,2.0,Adelanto,3.0,True,1.0,One,8400.0,False,2.0,Victor Valley Union High,92301,0.0,8400.0,295.5271565495208,1.5,21.0,0,417.3333333333333,0.14904761904761904,12.821258284620408,12.907924856844918,12.798866718718099,361807.18787051033
False,True,2025-12-31,970000.0,34.179656,-118.355321,1048.0,610 - Burbank,False,2.0,0.1375,1944.0,1.0,Burbank,3.0,True,1.0,One,5989.0,False,2.0,Burbank Unified,91505,0.0,5989.0,925.5725190839696,3.0,81.0,0,349.3333333333333,0.1749874770412423,13.785051350479566,13.95440217810054,13.731353186197774,919286.5749588392
True,False,2025-12-20,228000.0,34.13268,-116.037632,1138.0,699 - Not Defined,True,2.0,0.3162,1960.0,2.0,29 Palms,3.0,True,1.0,One,13775.0,False,2.0,Morongo Unified,92277,0.0,13775.0,200.35149384885764,1.5,65.0,0,379.3333333333333,0.08261343012704174,12.337100907936577,12.666637149787377,12.579724632462625,290606.2777090616
True,True,2025-12-15,480000.0,33.832579,-116.465429,1971.0,335 - Cathedral City North,True,2.0,0.18,1988.0,2.0,Cathedral City,3.0,True,1.0,One,7841.0,False,2.0,Charter Oak Unified,92234,0.0,7841.0,243.53120243531205,1.5,37.0,0,657.0,0.2513709985971177,13.081541382884074,13.224919965729422,13.25688683890849,571995.7492244247
False,False,2025-12-16,580000.0,33.874108,-117.330951,1050.0,252 - Riverside,True,0.0,1.07,1959.0,1.0,Riverside,2.0,False,1.0,One,46609.0,False,0.0,Riverside Unified,92508,0.0,46609.0,552.3809523809524,2.0,66.0,0,525.0,0.022527837971207276,13.270783382522602,13.56126305375042,13.357914577738024,632803.0895285277
False,False,2025-12-19,960000.0,33.802069,-117.976291,1749.0,"62 - Garden Grove N of Chapman, W of Euclid",True,4.0,0.0737,1997.0,3.0,Garden Grove,4.0,True,2.0,Two,3212.0,False,2.0,Garden Grove Unified,92841,80.0,3212.0,548.8850771869639,1.3333333333333333,28.0,0,437.25,0.5445205479452054,13.77468856344402,13.866678844538674,13.746770559597035,933569.378088494
True,False,2025-12-08,290000.0,34.444999,-117.203782,1276.0,APPV - Apple Valley,True,2.0,0.4132,1986.0,2.0,Apple Valley,3.0,True,1.0,One,18000.0,False,2.0,Apple Valley Unified,92308,0.0,18000.0,227.27272727272728,1.5,39.0,0,425.3333333333333,0.07088888888888889,12.577636201962656,12.936033799212835,12.807995953945756,365125.3338177702
False,False,2025-12-30,737000.0,33.797852,-118.278371,952.0,195 - West Wilmington,True,1.0,0.1149,1959.0,1.0,Wilmington,3.0,False,1.0,One,5005.0,False,1.0,Los Angeles Unified,90744,0.0,5005.0,774.1596638655462,3.0,66.0,0,317.3333333333333,0.1902097902097902,13.510343171171474,13.452727022056246,13.287125241749571,589556.1482985278
False,False,2025-12-12,1070000.0,33.738747,-117.933212,1251.0,699 - Not Defined,True,2.0,0.1428,1960.0,2.0,Santa Ana,3.0,True,1.0,One,6222.0,False,2.0,Garden Grove Unified,92704,0.0,6222.0,855.3157474020784,1.5,65.0,0,417.0,0.20106075216972036,13.883169206438088,13.737549016494562,13.610493942978605,814633.7811703716
True,True,2025-12-17,361000.0,39.73799,-121.880679,1858.0,"RN - Compton N of Rosecrans, E of Central",True,2.0,0.49,1968.0,3.0,Chico,3.0,True,1.0,One,21344.0,False,2.0,Chico Unified,95926,0.0,21344.0,194.29494079655544,1.0,57.0,0,619.3333333333334,0.08705022488755622,12.796633237315017,13.060487973686241,13.111490354452258,494592.9373517613
True,False,2025-12-10,750000.0,34.524935,-118.251525,1800.0,ADUL - Agua Dulce,True,12.0,1.0252,1969.0,2.0,Agua Dulce,4.0,True,1.0,One,44659.0,False,12.0,Acton-Agua Dulce Unified,91390,0.0,44659.0,416.6666666666667,2.0,56.0,0,450.0,0.04030542555811818,13.527828485512494,13.751477381367541,13.796380764871218,981052.0202027751
True,False,2025-12-26,1075000.0,34.164804,-118.971049,2000.0,NBPK - Newbury Park,True,2.0,0.1377,1998.0,3.0,Newbury Park,4.0,False,2.0,Two,6000.0,False,2.0,Conejo Valley Unified,91320,212.0,6000.0,537.5,1.3333333333333333,27.0,0,500.0,0.3333333333333333,13.8878312195439,13.933293593620657,13.935618276429297,1127618.3103511047
False,True,2025-12-12,855000.0,34.866198,-120.430676,1941.0,OREA - SM/Orcutt East,True,2.0,0.23,1976.0,2.0,Santa Maria,4.0,True,1.0,One,10019.0,False,2.0,Orcutt Union,93455,0.0,10019.0,440.4945904173107,2.0,49.0,0,485.25,0.19373190937219284,13.658856747918897,13.538369041771391,13.590373242397911,798406.5775804407
True,True,2025-12-12,1025000.0,33.831227,-116.526338,2077.0,332 - Central Palm Springs,True,4.0,0.26,1973.0,3.0,Palm Springs,4.0,True,1.0,One,11326.0,False,2.0,Morongo Unified,92262,0.0,11326.0,493.5002407318248,1.3333333333333333,52.0,0,519.25,0.18338336570722233,13.840203170554645,13.737549016494562,13.845820790448318,1030774.2640160411
False,False,2025-12-02,980000.0,33.791635,-117.815242,1759.0,699 - Not Defined,True,2.0,0.1628,1964.0,2.0,Orange,3.0,True,2.0,Two,7090.0,False,2.0,Orange Unified,92869,0.0,7090.0,557.1347356452529,1.5,61.0,0,586.3333333333334,0.24809590973201692,13.795307850646754,14.115985383678474,14.051514139752777,1266178.8453435893
True,True,2025-12-17,1418000.0,34.108988000000004,-118.029658,1848.0,605 - Arcadia,False,2.0,0.3022,1957.0,2.0,Arcadia,3.0,True,1.0,One,13164.0,False,2.0,Arcadia Unified,91006,0.0,13164.0,767.3160173160173,1.5,68.0,0,616.0,0.14038286235186873,14.16475798607421,14.32771348302841,14.301494205366637,1625773.4103755401
True,False,2025-12-16,860000.0,34.111585,-117.704769,1475.0,683 - Claremont,True,2.0,0.1266,1977.0,2.0,Claremont,3.0,True,1.0,One,5516.0,False,2.0,Claremont Unified,91711,185.0,5516.0,583.0508474576271,1.5,48.0,0,491.6666666666667,0.26740391588107326,13.664687668229691,13.9108207377686,13.712260504685915,901901.4218754357
True,False,2025-12-19,262200.0,36.78775,-119.825017,825.0,288 - Running Springs,True,0.0,0.1753,1952.0,1.0,Fresno,2.0,False,1.0,One,7638.0,False,0.0,Fresno Unified,93705,0.0,7638.0,317.8181818181818,2.0,73.0,0,412.5,0.10801256873527101,12.476862850311736,12.691580461311874,12.46619757319495,259418.4238467684
True,False,2025-12-15,455000.0,33.760658,-116.983404,1543.0,SRCAR - Southwest Riverside County,True,2.0,0.19,2003.0,2.0,Hemet,3.0,True,1.0,One,8276.0,False,2.0,Hemet Unified,92543,0.0,8276.0,294.8801036941024,1.5,22.0,0,514.3333333333334,0.18644272595456743,13.028052697933088,12.919503857231216,12.925518864067033,410659.1637153924
False,True,2025-12-23,1070000.0,33.845014,-118.12295,1527.0,23 - Lakewood Park,False,1.0,0.1174,1950.0,2.0,Lakewood,3.0,True,1.0,One,5115.0,False,1.0,Long Beach Unified,90713,0.0,5115.0,700.7203667321545,1.5,75.0,0,509.0,0.29853372434017594,13.883169206438088,13.721199878493033,13.763949466493942,949745.626833074
True,False,2025-12-11,899000.0,32.728482,-116.850472,2100.0,91935 - Jamul,True,12.0,1.61,1984.0,3.0,Jamul,3.0,True,2.0,Two,1.61,False,2.0,Jamul-Dulzara Union,91935,0.0,70131.6,428.0952380952381,1.0,41.0,0,700.0,0.029943705833033893,13.709038313453757,13.81451005763069,13.889891631880557,1077217.2266781074
True,True,2025-12-30,1410000.0,33.880356,-117.472097,4024.0,252 - Riverside,True,4.0,3.9,2005.0,5.0,Riverside,4.0,True,1.0,One,169884.0,False,4.0,Alvord Unified,92503,0.0,169884.0,350.3976143141153,0.8,20.0,0,1006.0,0.023686750959478232,14.15910026235435,13.399995114002609,14.277216419465159,1586778.501929859
False,True,2025-12-15,724900.0,33.918115,-117.4212,1850.0,252 - Riverside,True,2.0,0.16,1977.0,2.0,Riverside,4.0,True,1.0,One,6970.0,False,2.0,Riverside Unified,92504,0.0,6970.0,391.8378378378378,2.0,48.0,0,462.5,0.2654232424677188,13.49378899328897,13.353475098367715,13.326376326669104,613157.0166092542
False,True,2025-12-24,1281500.0,33.882839000000004,-118.065026,2661.0,"RB - Cerritos South of 91 Frwy, E of Norwalk",True,2.0,0.109,1975.0,3.0,Cerritos,4.0,True,2.0,Two,4746.0,False,2.0,ABC Unified,90703,487.98,4746.0,481.5858699736941,1.3333333333333333,50.0,0,665.25,0.5606826801517067,14.063541824786263,14.01436141670944,14.167067933645223,1421279.2916934846
False,False,2025-12-09,1410000.0,34.160906,-118.325438,1103.0,610 - Burbank,True,4.0,0.1484,1951.0,1.0,Burbank,3.0,True,1.0,One,6466.0,False,2.0,Snowline Joint Unified,91506,0.0,6466.0,1278.3318223028105,3.0,74.0,0,367.6666666666667,0.1705845963501392,14.15910026235435,14.086554735068795,13.808812841571047,993324.663317023
True,False,2025-12-29,375000.0,38.816467,-122.570404,1339.0,LCHVL - Hidden Valley Lake,True,11.0,0.26,1992.0,2.0,Hidden Valley Lake,3.0,False,1.0,One,11326.0,False,3.0,Middletown Unified,95467,309.5,11326.0,280.0597460791636,1.5,33.0,0,446.3333333333333,0.11822355641885926,12.834681304952548,12.818551923022664,12.712489513602547,331866.9828677454
True,False,2025-12-16,535000.0,38.01569561,-121.87593751,1370.0,263 - Banning/Beaumont/Cherry Valley,False,2.0,0.1264,1981.0,2.0,Pittsburg,3.0,True,1.0,One,5508.0,False,2.0,Long Beach Unified,94565,165.0,5508.0,390.5109489051095,1.5,44.0,0,456.6666666666667,0.2487291212781409,13.190022025878143,13.270783382522602,13.17190918658859,525396.8635578854
False,False,2025-12-17,750000.0,33.97685,-118.089753,1594.0,649 - Pico Rivera,False,2.0,0.1351,1949.0,2.0,Pico Rivera,3.0,False,1.0,One,5883.0,False,2.0,El Rancho Unified,90660,0.0,5883.0,470.5144291091593,1.5,76.0,0,531.3333333333334,0.27095019547849736,13.527828485512494,13.527828485512494,13.564052261766653,777665.8885580491
True,False,2025-12-01,1400000.0,35.143031,-120.590609,1860.0,ARRG - Arroyo Grande,True,2.0,0.1153,2000.0,2.0,Arroyo Grande,3.0,True,1.0,One,5021.0,False,2.0,Lucia Mar Unified,93420,33.0,5021.0,752.6881720430108,1.5,25.0,0,620.0,0.37044413463453496,14.151982794585487,13.953093847654955,13.848085537945757,1033111.3529100809
True,True,2025-12-10,585000.0,33.924231,-117.239295,1342.0,259 - Moreno Valley,True,2.0,0.16,1971.0,2.0,Moreno Valley,4.0,False,1.0,One,6970.0,False,2.0,Moreno Valley Unified,92553,0.0,6970.0,435.9165424739195,2.0,54.0,0,335.5,0.19253945480631277,13.279367126213993,13.159174447339636,13.093139892376378,485599.6958440266
True,False,2025-12-10,433648.0,34.161718,-116.43758,2425.0,DC545 - Pinion Ridge,True,6.0,2.06,2006.0,2.0,Yucca Valley,2.0,True,1.0,One,89734.0,False,6.0,Yucca Valley,92284,0.0,89734.0,178.8239175257732,1.0,19.0,0,1212.5,0.02702431631265741,12.979988424087669,12.86876061860541,13.186810266242842,533284.4650128285
False,False,2025-12-19,579000.0,33.602088,-117.112384,2236.0,SRCAR - Southwest Riverside County,True,5.0,0.17,2003.0,3.0,Winchester,4.0,True,1.0,One,7405.0,False,3.0,Temecula Unified,92596,10.0,7405.0,258.9445438282648,1.3333333333333333,22.0,0,559.0,0.30195813639432817,13.269057756555132,13.337474757021274,13.340783379115898,622054.743008289
False,False,2025-12-24,684990.0,33.701041,-117.12526499999998,2537.0,SRCAR - Southwest Riverside County,True,4.0,0.138,2025.0,3.0,Winchester,5.0,False,2.0,Two,6011.0,True,2.0,Perris Union High,92596,0.0,6011.0,270.0,1.6666666666666667,0.0,0,507.4,0.4220595574779571,13.437159518597657,13.337474757021274,13.383129104719428,648961.7808879387
True,False,2025-12-15,693000.0,33.763484000000005,-117.500773,1758.0,248 - Corona,True,2.0,0.16,2001.0,2.0,Corona,2.0,True,1.0,One,6970.0,False,2.0,Corona-Norco Unified,92883,359.0,6970.0,394.19795221843,1.0,24.0,0,879.0,0.2522238163558106,13.448785278172041,13.547957803444275,13.377955160851174,645612.7603541284
False,False,2025-12-19,629990.0,33.701035,-117.125449,1890.0,SRCAR - Southwest Riverside County,True,4.0,0.138,2025.0,3.0,Winchester,4.0,False,1.0,One,6011.0,True,2.0,Perris Union High,92596,0.0,6011.0,333.3280423280424,1.3333333333333333,0.0,0,472.5,0.3144235568125104,13.353459225225865,13.337474757021274,13.319639684862599,609040.2794778649
False,False,2025-12-18,920000.0,33.962015,-117.557909,3684.0,249 - Eastvale,True,2.0,0.17,2005.0,4.0,Eastvale,5.0,True,2.0,Two,7405.0,False,2.0,Corona-Norco Unified,91752,0.0,7405.0,249.728555917481,1.25,20.0,0,736.8,0.4975016880486158,13.732128949025222,13.683120718347036,13.888243624995889,1075443.4272905192
False,False,2025-12-23,669990.0,33.701041,-117.125647,2311.0,SRCAR - Southwest Riverside County,True,4.0,0.138,2025.0,3.0,Winchester,5.0,False,2.0,Two,6011.0,True,2.0,Perris Union High,92596,0.0,6011.0,289.91345737775856,1.6666666666666667,0.0,0,462.2,0.3844618199966728,13.41501806588263,13.337474757021274,13.372527054811995,642117.7999199849
True,False,2025-12-04,385000.0,34.398595,-117.541955,1344.0,PHEL - Phelan,True,0.0,2.25,1994.0,2.0,Phelan,3.0,False,1.0,One,98010.0,False,0.0,Snowline Joint Unified,92371,0.0,98010.0,286.4583333333333,1.5,31.0,0,448.0,0.013712886440159167,12.86099861326992,13.11835535600679,13.022544257142409,452500.54979701556
True,False,2025-12-18,1390000.0,33.662579,-117.800162,1532.0,UP - University Park,True,2.0,0.1146,1974.0,2.0,Irvine,3.0,True,1.0,One,4992.0,False,2.0,Irvine Unified,92612,294.0,4992.0,907.3107049608356,1.5,51.0,0,510.6666666666667,0.30689102564102566,14.144814305106875,14.151982794585487,14.033995681805056,1244190.5077134054
False,False,2025-12-15,3760000.0,37.4984145,-122.25386575,2332.0,699 - Not Defined,True,2.0,0.1102,1948.0,4.0,San Carlos,4.0,False,1.0,One,4800.0,False,2.0,Other,94070,0.0,4800.0,1612.3499142367066,1.0,77.0,0,583.0,0.48583333333333334,15.139929515366077,14.74570419500742,14.850720864319003,2815698.33261335
True,False,2025-12-17,665544.0,35.501605,-120.690644,720.0,ATSC - Atascadero,True,0.0,2.11,1953.0,1.0,Atascadero,2.0,False,1.0,One,91912.0,False,0.0,Atascadero Unified,93422,0.0,91912.0,924.3666666666668,2.0,72.0,0,360.0,0.007833579946035339,13.408360030334237,13.64826835113874,13.284876649136049,588231.9660293823
True,False,2025-12-12,230000.0,33.934608000000004,-116.725063,1344.0,OAKG - Oak Glen,False,8.0,0.24,1998.0,2.0,Cabazon,3.0,False,1.0,One,10454.0,False,2.0,Los Angeles Unified,92230,0.0,10454.0,171.13095238095238,1.5,27.0,0,448.0,0.128563229385881,12.345834587905333,12.66032791780777,12.667633106742295,317309.5601299796
False,False,2025-12-16,625030.0,33.690847999999995,-117.102626,1941.0,699 - Not Defined,True,2.0,0.1843,2025.0,3.0,Winchester,3.0,False,1.0,One,8026.0,True,2.0,Hemet Unified,92596,40.0,8026.0,322.01442555383824,1.0,0.0,0,647.0,0.24183902317468228,13.345554927566575,13.337474757021274,13.347225299906263,626074.9052709532
False,False,2025-12-23,563895.0,33.690657,-117.107604,1569.0,699 - Not Defined,True,2.0,0.1505,2025.0,2.0,Winchester,3.0,False,1.0,One,6556.0,True,2.0,Hemet Unified,92596,40.0,6556.0,359.3977055449331,1.5,0.0,0,523.0,0.23932275777913362,13.242623342935605,13.337474757021274,13.263305229552591,575678.8485307855
True,False,2025-12-19,3405000.0,37.85638858,-122.24915978,2387.0,MN - Mission Viejo North,False,1.0,0.0907,1908.0,4.0,Berkeley,4.0,True,2.0,Two,3950.0,False,0.0,Berkeley,94705,0.0,3950.0,1426.4767490573945,1.0,117.0,0,596.75,0.6043037974683544,15.04075549756575,14.521080258522776,14.591622792542573,2173007.6778831696
True,False,2025-12-09,420000.0,33.745034999999994,-117.066305,1809.0,SRCAR - Southwest Riverside County,True,4.0,0.19,2008.0,2.0,Hemet,2.0,True,1.0,One,8276.0,False,2.0,Hemet Unified,92545,184.0,8276.0,232.1724709784411,1.0,17.0,0,904.5,0.21858385693571775,12.948009990259552,12.990536830078119,12.96115534782458,425557.4977972329
False,False,2025-12-04,500000.0,33.991231,-117.431453,1572.0,251 - Jurupa Valley,True,2.0,0.18,1980.0,2.0,Jurupa Valley,3.0,True,1.0,One,7841.0,False,2.0,Jurupa Unified,92509,0.0,7841.0,318.06615776081424,1.5,45.0,0,524.0,0.20048463206223696,13.122363377404328,13.422467969854667,13.34241318681585,623069.399240906
False,False,2025-12-01,4380000.0,32.80758804,-117.26335217,3287.0,92037 - La Jolla,True,6.0,0.1791,2011.0,4.0,La Jolla,5.0,False,2.0,Two,7800.0,False,3.0,Tustin Unified,92037,0.0,7800.0,1332.5220565865532,1.25,14.0,0,657.4,0.4214102564102564,15.292559282352629,15.084846812896313,15.35892770982046,4680557.149378039
True,False,2025-12-01,1400000.0,37.06646025,-122.07750541,1856.0,699 - Not Defined,False,6.0,0.706,1941.0,2.0,Felton,3.0,True,2.0,Two,30753.0,False,2.0,Other,95018,0.0,30753.0,754.3103448275862,1.5,84.0,0,618.6666666666666,0.060351835593275456,14.151982794585487,13.693342923990066,13.835422864433411,1020111.8788916967
False,False,2025-12-22,827000.0,32.614633000000005,-116.975409,1671.0,91913 - Chula Vista,True,2.0,0.08,2009.0,3.0,Chula Vista,3.0,True,2.0,Two,0.08,True,2.0,Other,91913,115.0,3484.8,494.91322561340513,1.0,16.0,0,557.0,0.4795110192837465,13.625559974005828,13.764217263576723,13.551370852210095,767866.2568283475
False,False,2025-12-23,1210000.0,34.269817,-118.52994,1920.0,NR - Northridge,True,4.0,0.254,1957.0,2.0,Porter Ranch,3.0,True,1.0,One,11063.0,False,2.0,Glendora Unified,91326,70.0,11063.0,630.2083333333334,1.5,68.0,0,640.0,0.17355147789930397,14.006130917572923,14.126664986601197,14.04890393084553,1262878.163651695
True,False,2025-12-05,430000.0,33.743528999999995,-116.927962,1585.0,699 - Not Defined,True,2.0,0.17,1987.0,2.0,Hemet,3.0,True,1.0,One,7405.0,False,2.0,Hemet Unified,92544,0.0,7405.0,271.29337539432174,1.5,38.0,0,528.3333333333334,0.21404456448345713,12.971540487669746,13.081541382884074,13.054778099248468,467324.00607926236
False,False,2025-12-18,2000000.0,33.10132385,-117.27395382,2244.0,92011 - Carlsbad,True,4.0,0.3203,1996.0,3.0,Carlsbad,4.0,True,1.0,One,13953.0,False,2.0,Riverside Unified,92011,133.0,13953.0,891.2655971479501,1.3333333333333333,29.0,0,561.0,0.1608256288970114,14.508657738524219,14.406071149749119,14.375679675076057,1750968.5940095803
False,False,2025-12-17,1225000.0,34.038195,-118.35433,1184.0,C16 - Mid Los Angeles,False,1.0,0.1244,1925.0,2.0,Los Angeles,2.0,True,1.0,One,5419.0,False,1.0,Other,90016,0.0,5419.0,1034.6283783783783,1.0,100.0,0,592.0,0.2184904964015501,14.018451401960965,13.849900315661687,13.714666524992701,904074.0276298801
False,False,2025-12-12,1350000.0,37.66087654,-122.45359061,1460.0,699 - Not Defined,True,1.0,0.19,1953.0,2.0,South San Francisco,4.0,True,1.0,One,8278.0,False,1.0,South San Francisco Unified,94080,0.0,8278.0,924.6575342465752,2.0,72.0,0,365.0,0.17637110413143273,14.115615150414612,14.045827997585093,13.940068067519897,1132647.1566219067
True,False,2025-12-15,1350000.0,34.125677,-118.23445900000002,1227.0,623 - Glassel Park,True,2.0,0.1327,1938.0,2.0,Los Angeles,3.0,False,1.0,One,5780.0,False,2.0,Menifee Union,90065,0.0,5780.0,1100.244498777506,1.5,87.0,0,409.0,0.21228373702422146,14.115615150414612,14.050977780915009,13.895471996402701,1083245.2952394078
True,False,2025-12-17,1555000.0,37.70263446,-121.94922834,2084.0,83 - Fullerton,True,2.0,0.2623,1967.0,2.0,Dublin,4.0,True,1.0,One,11426.0,False,2.0,Fontana Unified,94568,0.0,11426.0,746.1612284069098,2.0,58.0,0,521.0,0.1823910379835463,14.256986103595471,14.288629462085328,14.238399037594112,1526364.0657889482
True,False,2025-12-11,1112500.0,32.812433,-117.172028,1742.0,92111 - Linda Vista,True,2.0,0.1515,1970.0,2.0,San Diego,3.0,True,1.0,One,6600.0,False,2.0,San Diego Unified,92111,0.0,6600.0,638.6337543053961,1.5,55.0,0,580.6666666666666,0.2639393939393939,13.922120293022532,13.818004328719795,13.785084693236753,970032.3430136712
False,False,2025-12-19,2300000.0,37.51532116,-122.34107905,1827.0,699 - Not Defined,True,3.0,0.2454,1957.0,2.0,San Mateo,3.0,True,1.0,One,10689.0,False,3.0,Other,94402,84.0,10689.0,1258.8943623426385,1.5,68.0,0,609.0,0.17092337917485265,14.648419680899378,14.777515526790612,14.652937807254805,2310415.201498151
True,True,2025-12-16,1800000.0,34.158155,-118.779012,3159.0,AGOA - Agoura,True,4.0,0.2073,1985.0,3.0,Agoura Hills,4.0,True,2.0,Two,9030.0,False,4.0,Las Virgenes,91301,85.0,9030.0,569.8005698005697,1.3333333333333333,40.0,0,789.75,0.34983388704318935,14.403297222866392,14.2040248902346,14.4029654242987,1799402.8616484543
True,False,2025-12-19,330000.0,38.960128000000005,-122.736879,2116.0,LCCLR - Kelseyville Riviera,True,2.0,0.2238,2002.0,2.0,Kelseyville,3.0,False,2.0,Two,9747.0,False,2.0,Konocti Unified,95451,165.0,9747.0,155.9546313799622,1.5,23.0,0,705.3333333333334,0.2170924386990869,12.706847933442663,12.845288003152147,12.977582775709873,432606.0491784106
True,True,2025-12-15,445000.0,39.163458,-121.632666,1641.0,86 - Brea,True,4.0,0.17,1988.0,2.0,Yuba City,3.0,True,1.0,One,7405.0,False,2.0,Yuba City Unified,95991,0.0,7405.0,271.176112126752,1.5,37.0,0,547.0,0.22160702228224172,13.005829561148378,12.64400494377584,12.72860170910381,337257.3976712853
False,False,2025-12-23,1180000.0,34.119891,-118.17257,1100.0,632 - Highland Park,True,2.0,0.1874,1950.0,2.0,Los Angeles,2.0,False,1.0,One,8162.0,False,3.0,Beaumont,90042,0.0,8162.0,1072.7272727272727,1.0,75.0,0,550.0,0.1347708894878706,13.981024996441848,14.018451401960965,13.843861057468853,1028756.1997758618
True,False,2025-12-19,1075000.0,37.70879742,-122.10649914,1370.0,614 - Covina,True,1.0,0.1119999999999999,1952.0,2.0,Castro Valley,3.0,True,2.0,Two,4880.0,False,1.0,Other,94546,0.0,4880.0,784.6715328467153,1.5,73.0,0,456.6666666666667,0.2807377049180328,13.8878312195439,13.885500212990994,13.823105463271029,1007623.8197545419
True,False,2025-12-19,592000.0,34.925776,-120.432712,1532.0,SMIA - Santa Maria,True,1.0,0.05,2018.0,3.0,Santa Maria,3.0,False,2.0,Two,2178.0,False,1.0,Santa Maria Joint Union,93454,145.0,2178.0,386.4229765013054,1.0,7.0,0,510.6666666666667,0.7033976124885216,13.291261913866142,13.422467969854667,13.307352258940666,601602.5311307807
True,False,2025-12-09,849900.0,34.253202,-118.578508,1272.0,CHT - Chatsworth,True,2.0,0.1761,1957.0,2.0,Chatsworth,3.0,True,1.0,One,7672.0,False,2.0,Los Angeles Unified,91311,0.0,7672.0,668.1603773584906,1.5,68.0,0,424.0,0.16579770594369134,13.652873974486718,13.944283046980045,13.786648439607042,971550.4141989296
True,False,2025-12-23,1800000.0,34.104806,-118.222165,2206.0,680 - Mount Washington,True,0.0,0.1637,1965.0,3.0,Los Angeles,3.0,True,2.0,MultiSplit,7132.0,False,2.0,Atascadero Unified,90065,0.0,7132.0,815.9564823209429,1.0,60.0,0,735.3333333333334,0.3093101514301739,14.403297222866392,14.050977780915009,14.114441449356692,1348416.4330706873
False,False,2025-12-18,635000.0,33.932915,-117.41372,1520.0,252 - Riverside,False,2.0,0.19,1961.0,2.0,Riverside,4.0,True,1.0,One,8276.0,False,2.0,Riverdale Joint Unified,92504,0.0,8276.0,417.7631578947368,2.0,64.0,0,380.0,0.18366360560657322,13.36138027787483,13.353475098367715,13.30451830410581,599900.0302737299
True,False,2025-12-03,911000.0,33.81239,-117.966754,1117.0,79 - Anaheim West of Harbor,True,2.0,0.1657,1954.0,2.0,Anaheim,4.0,False,1.0,One,7220.0,False,2.0,Anaheim Union High,92804,0.0,7220.0,815.5774395702775,2.0,71.0,0,279.25,0.15470914127423824,13.722298176242095,13.766841941519797,13.627205614201918,828362.0648691276
True,False,2025-12-31,637000.0,38.02228321,-122.25578323,1246.0,92027 - Escondido,True,2.0,0.2112,1974.0,2.0,Rodeo,3.0,True,1.0,One,9200.0,False,2.0,Adelanto,94572,145.0,9200.0,511.23595505617976,1.5,51.0,0,415.3333333333333,0.13543478260869565,13.3645249345543,13.353475098367715,13.244297455515833,564839.8143555613
True,True,2025-12-11,1100000.0,33.789823,-117.829151,1188.0,"75 - Orange, Orange Park Acres E of 55",True,2.0,0.1414,1971.0,2.0,Orange,3.0,True,1.0,One,6160.0,False,2.0,Orange Unified,92867,0.0,6160.0,925.925925925926,1.5,54.0,0,396.0,0.19285714285714287,13.9108207377686,14.026983356405268,13.801462865793917,986050.5162522354
True,False,2025-12-18,440000.0,37.340234,-120.480077,2115.0,248 - Corona,True,6.0,0.2352,1984.0,2.0,Merced,4.0,True,1.0,One,10244.0,False,3.0,Merced Union,95348,0.0,10244.0,208.0378250591017,2.0,41.0,0,528.75,0.20646231940648185,12.994530005894443,12.970364687642453,13.069544838786415,474276.0612226449
True,False,2025-12-17,800000.0,37.73038907,-122.16415415,1425.0,BC - Bell Canyon,False,1.0,0.0891,1936.0,2.0,San Leandro,3.0,True,2.0,Two,3880.0,False,2.0,San Leandro,94577,696.0,3880.0,561.4035087719299,1.5,89.0,0,475.0,0.36726804123711343,13.592367006650065,13.667799101765917,13.660365886643513,856291.2877306303
False,False,2025-12-10,1300000.0,33.737291,-117.977782,1732.0,"67 - S of Bolsa, E of Beach",True,2.0,0.1377,1968.0,3.0,Westminster,3.0,True,1.0,One,6000.0,False,2.0,Huntington Beach Union High,92683,0.0,6000.0,750.5773672055427,1.0,57.0,0,577.3333333333334,0.2886666666666667,14.077874822431765,13.933293593620657,13.88288609992223,1069697.1189038595
True,False,2025-12-17,3100000.0,33.07735435,-117.2258448,4398.0,92009 - Carlsbad,True,6.0,0.2755,2006.0,5.0,Carlsbad,5.0,False,2.0,Two,11999.0,False,3.0,Los Angeles Unified,92009,297.0,11999.0,704.8658481127785,1.0,19.0,0,879.6,0.3665305442120177,14.946912669455374,14.457364444136669,14.86599830674046,2859045.2738700206
True,False,2025-12-19,1720000.0,37.24872446,-121.88795121,1276.0,699 - Not Defined,True,2.0,0.1529,1964.0,2.0,San Jose,3.0,True,1.0,One,6660.0,False,2.0,San Jose Unified,95118,0.0,6660.0,1347.962382445141,1.5,61.0,0,425.3333333333333,0.1915915915915916,14.357834848789636,14.300975768380514,14.100314226312076,1329500.9793723668
False,False,2025-12-17,725000.0,34.038922,-117.732238,1764.0,687 - Pomona,True,2.0,0.107,2007.0,3.0,Pomona,4.0,True,2.0,Two,4662.0,False,2.0,Pomona Unified,91766,195.0,4662.0,410.9977324263039,1.3333333333333333,18.0,0,441.0,0.3783783783783784,13.493926933836812,13.449504179573367,13.34540414200769,624935.7616072024
False,False,2025-12-23,1160000.0,33.717975,-117.979139,1293.0,16 - Fountain Valley / Northeast HB,True,2.0,0.1503,1960.0,2.0,Huntington Beach,4.0,True,1.0,One,6548.0,False,2.0,Huntington Beach Union High,92647,0.0,6548.0,897.138437741686,2.0,65.0,0,323.25,0.19746487477092242,13.963930563082547,14.080942316715522,13.901696720622391,1090009.2284336665
False,True,2025-12-22,1399000.0,33.693015,-117.90338,1870.0,C3 - South Coast Metro,True,2.0,0.1391,1969.0,2.0,Costa Mesa,4.0,True,1.0,One,6060.0,False,2.0,Newport Mesa Unified,92626,0.0,6060.0,748.1283422459893,2.0,56.0,0,467.5,0.3085808580858086,14.151268253647618,14.28551418721001,14.246773310202045,1539199.925053992
True,False,2025-12-23,568500.0,37.77767858,-122.17099145,785.0,627 - Rossmoyne & Verdu Woodlands,True,2.0,0.162,1926.0,1.0,Oakland,2.0,False,1.0,One,7056.0,False,2.0,Walnut Valley Unified,94605,0.0,7056.0,724.203821656051,2.0,99.0,0,392.5,0.11125283446712018,13.250756592172728,13.527828485512494,13.219908567869256,551230.6305872942
True,False,2025-12-23,1550000.0,34.404015,-119.518214,1200.0,CPTA - Carpinteria,True,2.0,0.15,1958.0,2.0,Carpinteria,3.0,False,1.0,One,6534.0,False,2.0,Acton-Agua Dulce Unified,93013,0.0,6534.0,1291.6666666666667,1.5,67.0,0,400.0,0.18365472910927455,14.253765488895429,14.615250051236272,14.31543870057553,1648602.8021513207
True,False,2025-12-11,575000.0,33.719274,-117.16398,2525.0,SRCAR - Southwest Riverside County,True,2.0,0.17,2005.0,3.0,Menifee,4.0,True,2.0,Two,7405.0,False,2.0,Perris Union High,92585,57.0,7405.0,227.72277227722773,1.3333333333333333,20.0,0,631.25,0.3409858203916273,13.262125319779487,13.304684934198283,13.327857092567626,614065.6311665905
False,False,2025-12-17,1575000.0,32.84723893,-117.2074199,2352.0,92122 - University City,True,5.0,0.2686,1970.0,3.0,San Diego,5.0,True,2.0,Two,11700.0,False,2.0,Beaumont,92122,0.0,11700.0,669.6428571428571,1.6666666666666667,55.0,0,470.4,0.20102564102564102,14.269765830241871,14.333410696092393,14.379326168874769,1757365.1455342432
False,False,2025-12-01,1900000.0,37.45751679999999,-122.2228912,2000.0,699 - Not Defined,False,1.0,0.1182,1946.0,2.0,Redwood City,3.0,True,1.0,One,5150.0,False,1.0,Other,94061,0.0,5150.0,950.0,1.5,79.0,0,666.6666666666666,0.3883495145631068,14.457364444136669,14.580978400103845,14.537903230077285,2059354.6810796706
True,False,2025-12-22,2250000.0,34.17545,-118.99125,5159.0,NBPK - Newbury Park,True,3.0,0.614,2002.0,7.0,Newbury Park,5.0,True,2.0,Two,26745.0,False,3.0,Conejo Valley Unified,91320,149.0,26745.0,436.1310331459585,0.7142857142857143,23.0,0,1031.8,0.19289586838661432,14.626440774180603,13.933293593620657,14.78966540328226,2648927.5111811454
True,False,2025-12-11,2200000.0,32.72581976,-117.24212074,2812.0,92106 - Point Loma,True,5.0,0.4545,1995.0,3.0,San Diego,4.0,True,1.0,One,19796.0,False,2.0,Oakland,92106,0.0,19796.0,782.3613086770981,1.3333333333333333,30.0,0,703.0,0.14204889876742777,14.603967918328545,14.53335035111459,14.51377628349879,2010263.33421017
False,True,2025-12-30,1460000.0,34.176782,-118.58306,1800.0,WHLL - Woodland Hills,True,2.0,0.2874,1961.0,2.0,Woodland Hills,3.0,False,1.0,One,12518.0,False,2.0,Los Angeles Unified,91367,0.0,12518.0,811.1111111111111,1.5,64.0,0,600.0,0.1437929381690366,14.19394699368452,14.130321297804308,14.036733579721837,1247601.64185023
True,True,2025-12-16,825000.0,32.84397615,-117.01177535,1494.0,92071 - Santee,True,4.0,0.2548,1961.0,2.0,Santee,4.0,True,1.0,One,11100.0,False,2.0,San Marino Unified,92071,116.0,11100.0,552.2088353413654,2.0,64.0,0,373.5,0.1345945945945946,13.623138665316818,13.652403046879991,13.631608337033864,832017.1537126215
False,False,2025-12-01,2420000.0,37.26990603,-121.93253862,1963.0,699 - Not Defined,True,2.0,0.1641,1960.0,2.0,San Jose,4.0,True,1.0,Two,7150.0,False,2.0,Other,95124,0.0,7150.0,1232.8069281711666,2.0,65.0,0,490.75,0.27454545454545454,14.699278098132869,14.507657238190635,14.473401869852777,1930716.759376757
False,False,2025-12-16,1025000.0,33.971755,-118.060095,2093.0,670 - Whittier,True,2.0,0.0968,2025.0,3.0,Whittier,4.0,False,2.0,Two,4218.0,True,2.0,Whittier Union High,90606,282.0,4218.0,489.7276636407072,1.3333333333333333,0.0,0,523.25,0.49620673304883833,13.840203170554645,13.595482281525381,13.641309890500983,840128.2943287338
False,False,2025-12-19,620000.0,37.9605289,-122.04617353,1094.0,259 - Moreno Valley,True,2.0,0.124,1958.0,2.0,Concord,3.0,True,1.0,One,5400.0,False,2.0,Conejo Valley Unified,94520,0.0,5400.0,566.72760511883,1.5,67.0,0,364.6666666666667,0.2025925925925926,13.337474757021274,13.38472764187182,13.302751233823436,598840.9008115341
False,False,2025-12-24,800000.0,33.928173,-118.039725,1025.0,699 - Not Defined,False,1.0,0.1188,1952.0,2.0,Whittier,4.0,False,1.0,One,5177.0,False,1.0,Whittier Union High,90605,0.0,5177.0,780.4878048780488,2.0,73.0,0,256.25,0.19799111454510335,13.592367006650065,13.602934236950354,13.49394762756879,725015.0031109189
True,True,2025-12-12,1300000.0,33.699341,-116.389621,3225.0,323 - South Palm Desert,True,3.0,0.34,1989.0,5.0,Palm Desert,3.0,True,1.0,One,14810.0,False,3.0,Riverside Unified,92260,355.0,14810.0,403.1007751937984,0.6,36.0,0,1075.0,0.2177582714382174,14.077874822431765,13.624349319661324,14.301282856053048,1625429.8405891028
True,False,2025-12-19,599000.0,33.676156,-117.220669,2323.0,SRCAR - Southwest Riverside County,True,3.0,0.19,2013.0,2.0,Menifee,4.0,True,1.0,One,8276.0,False,3.0,Menifee Union,92584,130.0,8276.0,257.85622040464915,2.0,12.0,0,580.75,0.2806911551474142,13.303016877097587,13.353475098367715,13.381943219143118,648192.6426175357
False,False,2025-12-09,1100000.0,32.812828,-117.170286,1526.0,92111 - Linda Vista,True,2.0,0.1653,1967.0,2.0,San Diego,4.0,True,1.0,One,7200.0,False,2.0,San Diego Unified,92111,0.0,7200.0,720.8387942332896,2.0,58.0,0,381.5,0.21194444444444444,13.9108207377686,13.818004328719795,13.745713768512973,932583.3114183795
True,False,2025-12-24,1615000.0,32.745466,-117.238595,2287.0,92107 - Ocean Beach,True,2.0,0.1276,1986.0,3.0,San Diego,3.0,True,2.0,Two,5560.0,False,2.0,San Diego Unified,92107,0.0,5560.0,706.1652820288588,1.0,39.0,0,762.3333333333334,0.41133093525179854,14.294845514638894,14.403297222866392,14.32832569735927,1669985.8267139199
False,False,2025-12-08,815000.0,33.850892,-117.545553,1853.0,248 - Corona,True,2.0,0.14,1988.0,3.0,Corona,4.0,True,2.0,Two,6098.0,False,2.0,Corona-Norco Unified,92881,0.0,6098.0,439.8273070696168,1.3333333333333333,37.0,0,463.25,0.30387012135126273,13.610943392223,13.6909268947726,13.692824883796911,884541.6531603505
False,False,2025-12-16,2300000.0,37.39213441,-122.07283926,1762.0,699 - Not Defined,True,2.0,0.0406,2014.0,4.0,Mountain View,4.0,False,1.0,One,1768.0,False,2.0,Other,94041,154.0,1768.0,1305.3348467650396,1.0,11.0,0,440.5,0.996606334841629,14.648419680899378,14.74570419500742,14.413934101042493,1819248.571585787
True,True,2025-12-23,5500000.0,33.020851,-117.222538,6528.0,92067 - Rancho Santa Fe,True,3.0,2.5,1997.0,6.0,Rancho Santa Fe,5.0,True,1.0,One,108900.0,False,3.0,Rancho Santa Fe,92067,0.0,108900.0,842.5245098039215,0.8333333333333334,28.0,0,1305.6,0.059944903581267216,15.520258650202699,15.37889082594447,15.610909263041178,6021875.195447842
False,False,2025-12-26,780000.0,33.990324,-117.897542,1372.0,652 - Rowland Heights,True,2.0,0.1588,1976.0,2.0,Rowland Heights,3.0,True,1.0,One,6918.0,False,2.0,Rowland Unified,91748,0.0,6918.0,568.5131195335277,1.5,49.0,0,457.3333333333333,0.19832321480196588,13.567049198665774,13.9016461684345,13.693201503468968,884874.8516883061
True,False,2025-12-26,1575000.0,37.92714883,-122.01284493,2402.0,17 - Northwest Huntington Beach,True,3.0,0.2388,1978.0,3.0,Walnut Creek,4.0,True,2.0,Two,10400.0,False,3.0,Los Angeles Unified,94598,0.0,10400.0,655.7035803497085,1.3333333333333333,47.0,0,600.5,0.23096153846153847,14.269765830241871,14.240778293368619,14.345268439153587,1698521.0149415275
True,False,2025-12-30,410000.0,35.393944,-118.893181,1693.0,BKSF - Bakersfield,True,2.0,0.16,2019.0,2.0,Bakersfield,4.0,True,1.0,One,6969.0,False,2.0,Kern Union,93306,0.0,6969.0,242.17365623154163,2.0,6.0,0,423.25,0.24293298895106902,12.92391243868049,12.873902018105829,13.027466389381011,454733.3077984045
True,False,2025-12-08,745000.0,35.621112,-120.666805,1648.0,PRIC - PR Inside City Limit,True,4.0,0.1607,1995.0,2.0,Paso Robles,3.0,True,1.0,One,7000.0,False,2.0,Paso Robles Joint Unified,93446,0.0,7000.0,452.0631067961166,1.5,30.0,0,549.3333333333334,0.23542857142857143,13.521139497361697,13.591116224748411,13.474824780841578,711282.3742897181
True,False,2025-12-29,485000.0,37.357061,-120.471884,2094.0,263 - Banning/Beaumont/Cherry Valley,True,3.0,0.1247,2016.0,3.0,Merced,3.0,False,2.0,Two,5434.0,False,3.0,Merced City,95348,0.0,5434.0,231.61413562559693,1.0,9.0,0,698.0,0.3853514906146485,13.091904169919621,12.970364687642453,13.10784066216033,492791.11536862823
False,False,2025-12-10,1500000.0,37.25852036,-122.03705086,891.0,699 - Not Defined,True,2.0,0.074,1964.0,2.0,Saratoga,2.0,True,2.0,One,3225.0,False,2.0,Other,95070,0.0,3225.0,1683.5016835016836,1.0,61.0,0,445.5,0.2762790697674419,14.22097566607244,15.226497531674536,14.632689500991875,2264103.654375377
True,False,2025-12-09,1725000.0,37.82678025,-122.20535001,2674.0,ROSA - Rosamond,True,2.0,0.1417,1947.0,3.0,Oakland,3.0,True,2.0,Two,6174.0,False,2.0,Riverside Unified,94611,0.0,6174.0,645.1009723261033,1.0,78.0,0,891.3333333333334,0.4331065759637188,14.360737608447597,14.128493142202753,14.376778246897105,1752893.2157405368
True,False,2025-12-16,610000.0,34.033824,-117.484077,1201.0,264 - Fontana,True,2.0,0.1102,1987.0,2.0,Fontana,3.0,True,1.0,One,4800.0,False,2.0,Other,92337,0.0,4800.0,507.91007493755205,1.5,38.0,0,400.3333333333333,0.2502083333333333,13.321214236149494,13.304684934198283,13.16684069488218,522740.63114480895
True,False,2025-12-10,1055000.0,32.784483,-117.088955,1737.0,92120 - Del Cerro,True,2.0,0.16,1954.0,2.0,San Diego,3.0,True,1.0,One,0.16,False,2.0,San Diego Unified,92120,0.0,6969.6,607.3690270581462,1.5,71.0,0,579.0,0.24922520661157024,13.869051324892304,13.996998434009651,14.01241020399171,1217621.8413855531
True,False,2025-12-02,1590000.0,34.178069,-118.19771,1642.0,624 - Glendale-Chevy Chase/E. Glenoaks,False,2.0,0.3841,1960.0,2.0,Glendale,3.0,True,1.0,One,16730.0,False,2.0,Beaumont,91206,0.0,16730.0,968.3313032886724,1.5,65.0,0,547.3333333333334,0.09814704124327556,14.279244574196415,14.269765830241871,14.190159104032137,1454480.1420139545
False,False,2025-12-31,780000.0,34.200392,-118.5837,1212.0,WIN - Winnetka,False,4.0,0.1624,1954.0,2.0,Winnetka,3.0,False,1.0,One,7072.0,False,2.0,Los Angeles Unified,91306,0.0,7072.0,643.5643564356436,1.5,71.0,0,404.0,0.17138009049773756,13.567049198665774,13.65680576350189,13.594410742398438,801636.6604797894
True,True,2025-12-16,825000.0,34.224752,-118.979841,1441.0,VC45 - Mission Oaks,True,1.0,0.07,1979.0,2.0,Camarillo,2.0,False,1.0,One,3049.0,False,1.0,Valley Center - Pauma,93012,778.0,3049.0,572.5190839694657,1.0,46.0,0,720.5,0.4726139717940308,13.623138665316818,13.710150042306449,13.42019345520576,673466.4473171514
True,False,2025-12-16,1150000.0,33.811229,-118.059181,1988.0,80 - Cypress North of Katella,True,4.0,0.1377,1968.0,2.0,Cypress,4.0,True,1.0,One,6000.0,False,2.0,Los Alamitos Unified,90630,0.0,6000.0,578.4708249496982,2.0,57.0,0,497.0,0.3313333333333333,13.955272500339433,13.933293593620657,13.952548386766923,1146871.5324766769
False,False,2025-12-25,645000.0,34.083612,-117.472535,1913.0,264 - Fontana,True,2.0,0.295,1999.0,2.0,Fontana,4.0,False,1.0,One,12850.0,False,2.0,Fontana Unified,92335,0.0,12850.0,337.1667537898589,2.0,26.0,0,478.25,0.1488715953307393,13.37700559577791,13.226723392728571,13.282193125242971,586655.5476181284
False,False,2025-12-15,1200000.0,37.69941998,-122.48625905,1300.0,699 - Not Defined,False,2.0,0.0826,1951.0,1.0,Daly City,2.0,True,1.0,One,3600.0,False,2.0,Other,94015,0.0,3600.0,923.0769230769232,2.0,74.0,0,650.0,0.3611111111111111,13.997832114758229,14.028601732812717,13.844074889845043,1028976.2046798272
False,False,2025-12-11,960000.0,33.789515,-117.863122,1041.0,"72 - Orange & Garden Grove, E of Harbor, N of 22 F",False,2.0,0.157,1952.0,1.0,Orange,3.0,True,1.0,One,6840.0,False,2.0,Orange Unified,92868,0.0,6840.0,922.1902017291068,3.0,73.0,0,347.0,0.15219298245614035,13.77468856344402,13.74562083670013,13.53839856058023,757969.6017439874
False,False,2025-12-12,890000.0,33.833838,-118.067078,1303.0,26 - Lakewood East,False,2.0,0.1215,1959.0,2.0,Lakewood,3.0,False,1.0,One,5292.0,False,2.0,ABC Unified,90715,0.0,5292.0,683.0391404451266,1.5,66.0,0,434.3333333333333,0.2462207105064248,13.698976741708323,13.610863593616445,13.545297381180392,763216.7768957753
False,False,2025-12-10,2075000.0,37.75124364,-121.96270779,2776.0,699 - Not Defined,True,3.0,0.2525,1983.0,3.0,San Ramon,4.0,True,2.0,Two,11000.0,False,3.0,Other,94583,576.0,11000.0,747.4783861671469,1.3333333333333333,42.0,0,694.0,0.25236363636363635,14.545471711646936,14.23026571297953,14.405024645605133,1803112.0480671695
False,False,2025-12-18,795000.0,34.230847,-118.58136,1392.0,WIN - Winnetka,True,2.0,0.1791,1956.0,2.0,Winnetka,3.0,True,1.0,One,7801.0,False,2.0,Los Angeles Unified,91306,0.0,7801.0,571.1206896551724,1.5,69.0,0,464.0,0.17843866171003717,13.58609739363647,13.65680576350189,13.630718773968683,831277.3510824146
True,False,2025-12-26,936000.0,33.904938,-117.777167,1442.0,85 - Yorba Linda,False,2.0,0.2066,1985.0,2.0,Yorba Linda,3.0,True,1.0,One,9000.0,False,2.0,Placentia-Yorba Linda Unified,92886,0.0,9000.0,649.0984743411927,1.5,40.0,0,480.6666666666667,0.1602222222222222,13.74937075545973,14.20888790014483,14.029407268600563,1238494.7248545752
True,False,2025-12-24,880500.0,37.67030911,-122.05065483,1451.0,SVW - West Simi,False,2.0,0.1742,1958.0,2.0,Hayward,3.0,True,1.0,One,7590.0,False,2.0,Bakersfield City,94541,157.0,7590.0,606.8228807718815,1.5,67.0,0,483.6666666666667,0.1911725955204216,13.688245206918397,13.647074399642998,13.592537024709163,800136.0260103903
False,False,2025-12-10,751000.0,37.18300231,-121.96713537,1008.0,699 - Not Defined,False,2.0,0.72,1950.0,1.0,Los Gatos,2.0,True,2.0,Two,31363.0,False,1.0,Other,95033,0.0,31363.0,745.0396825396825,2.0,75.0,0,504.0,0.032139782546312536,13.529160930746272,14.068987125640334,13.805989248968736,990523.8751491774
True,False,2025-12-08,584000.0,34.087753,-117.197704,1648.0,268 - Redlands,True,2.0,0.0803,2025.0,3.0,Redlands,3.0,False,2.0,Two,3500.0,True,2.0,Redlands Unified,92374,145.0,3500.0,354.36893203883494,1.0,0.0,0,549.3333333333334,0.47085714285714286,13.277656261810364,13.299666780812677,13.241331526501673,563167.0214805325
False,False,2025-12-19,1370000.0,33.83825,-118.338028,1374.0,126 - Central Torrance,False,2.0,0.1148,1951.0,2.0,Torrance,3.0,False,1.0,One,5000.0,False,2.0,Torrance Unified,90503,0.0,5000.0,997.0887918486172,1.5,74.0,0,458.0,0.2748,14.130321297804308,14.148404973237604,13.988847887834375,1189267.2127818274
False,False,2025-12-08,1708000.0,37.23327013,-121.90726791,1242.0,699 - Not Defined,True,2.0,0.1734,1959.0,2.0,San Jose,4.0,True,1.0,One,7552.0,False,2.0,Other,95124,0.0,7552.0,1375.2012882447666,2.0,66.0,0,310.5,0.16445974576271186,14.350833653330652,14.507657238190635,14.329302070963475,1671617.1530569145
False,False,2025-12-22,2150000.0,37.15330943,-121.64266778,3238.0,699 - Not Defined,True,2.0,0.1898,2016.0,5.0,Morgan Hill,5.0,True,1.0,Two,8266.0,False,2.0,Other,95037,80.0,8266.0,663.9901173563928,1.0,9.0,0,647.6,0.39172513912412293,14.580978400103845,14.187074114396758,14.594135802397828,2178475.334853707
True,False,2025-12-05,3300000.0,37.49657744,-122.25258317,1957.0,699 - Not Defined,True,1.0,0.1102,1951.0,3.0,San Carlos,4.0,False,1.0,Two,4800.0,False,1.0,Other,94070,199.0,4800.0,1686.2544711292794,1.3333333333333333,74.0,0,489.25,0.40770833333333334,15.009433026436708,14.74570419500742,14.680804980642728,2375705.4445787542
False,False,2025-12-05,2486500.0,37.79514625,-121.8885395,4260.0,92057 - Oceanside,True,4.0,0.1508,2005.0,4.0,Danville,5.0,True,2.0,Two,6571.0,False,4.0,San Ramon Valley,94506,150.0,6571.0,583.6854460093897,1.25,20.0,0,852.0,0.6483031502054482,14.72638665713693,14.68050799545088,14.794428179048772,2661573.850872932
True,False,2025-12-10,2125000.0,37.89305192,-122.04019578,2125.0,WATT - Watts,True,5.0,0.3512,1965.0,3.0,Walnut Creek,4.0,True,1.0,One,15300.0,False,2.0,Morongo Unified,94596,180.0,15300.0,1000.0,1.3333333333333333,60.0,0,531.25,0.1388888888888889,14.569282360340654,14.269765830241871,14.260341100073052,1560225.7808590436
True,False,2025-12-18,3250000.0,33.411937,-117.604178,3700.0,SW - San Clemente Southwest,True,4.0,0.1951,1983.0,3.0,San Clemente,4.0,True,1.0,ThreeOrMore,8500.0,False,2.0,Capistrano Unified,92672,0.0,8500.0,878.3783783783783,1.3333333333333333,42.0,0,925.0,0.43529411764705883,14.994165554305921,14.43202387032261,14.660916337839977,2328922.6528036753
True,False,2025-12-23,1683250.0,35.133767,-120.562921,2660.0,AG-East of Hwy 101,True,6.0,0.2084,1999.0,3.0,Arroyo Grande,3.0,True,1.0,One,9080.0,False,3.0,Lucia Mar Unified,93420,0.0,9080.0,632.8007518796992,1.0,26.0,0,886.6666666666666,0.29295154185022027,14.336237006407528,13.953093847654955,14.099050402125833,1327821.7852056113
True,False,2025-12-01,875000.0,33.792664,-117.847336,872.0,OTO - Old Towne Orange,True,0.0,0.155,1947.0,3.0,Orange,2.0,False,1.0,One,6750.0,False,0.0,Orange Unified,92866,0.0,6750.0,1003.440366972477,0.6666666666666666,78.0,0,436.0,0.12918518518518518,13.681979165339751,14.018451401960965,13.733626888854943,921379.1373178231
False,False,2025-12-11,1088888.0,37.64056355,-122.42623782,990.0,699 - Not Defined,True,1.0,0.1033,1946.0,2.0,South San Francisco,2.0,True,1.0,One,4500.0,False,1.0,South San Francisco Unified,94080,173.0,4500.0,1099.8868686868686,1.0,79.0,0,495.0,0.22,13.900667549977717,14.045827997585093,13.792001057019286,976764.6944371304
False,False,2025-12-30,535000.0,34.12700371,-116.39056289,2705.0,274 - San Bernardino,False,5.0,0.4356,1962.0,3.0,Yucca Valley,4.0,True,1.0,One,18975.0,False,2.0,Los Angeles Unified,92284,221.0,18975.0,197.7818853974122,1.3333333333333333,63.0,0,676.25,0.14255599472990776,13.190022025878143,12.86876061860541,13.123130144851217,500383.53074409795
True,False,2025-12-19,648900.0,34.612279,-118.302264,2275.0,LEL - Lake Elizabeth,False,2.0,0.6301,1955.0,3.0,Leona Valley,5.0,True,2.0,Two,27447.0,False,2.0,Palmdale,93551,0.0,27447.0,285.2307692307692,1.6666666666666667,70.0,0,455.0,0.08288701861769956,13.38303390060926,13.345506928718539,13.486847177935728,719885.3037358612
True,False,2025-12-16,620000.0,33.891105,-117.480856,1171.0,252 - Riverside,True,2.0,0.22,1983.0,2.0,Riverside,3.0,True,1.0,One,9583.0,False,2.0,Alvord Unified,92503,0.0,9583.0,529.4619982920581,1.5,42.0,0,390.3333333333333,0.12219555462798706,13.337474757021274,13.399995114002609,13.2852775879169,588467.8583227241
False,False,2025-12-02,3810001.0,34.062059000000005,-118.47141,2605.0,C06 - Brentwood,False,6.0,0.2013,1942.0,3.0,Los Angeles,3.0,True,1.0,One,8768.0,False,2.0,Colton Unified,90049,0.0,8768.0,1462.5723608445298,1.0,83.0,0,868.3333333333334,0.29710310218978103,15.153140009570041,15.137266397946593,15.025298437745093,3352773.38608917
False,False,2025-12-18,560000.0,35.098946000000005,-120.60863,936.0,OCNO - Oceano,True,1.0,0.1033,1961.0,1.0,Oceano,3.0,True,1.0,One,4500.0,False,1.0,Lucia Mar Unified,93445,0.0,4500.0,598.2905982905983,3.0,64.0,0,312.0,0.208,13.235692062711331,13.575530058102434,13.362517185002078,635722.3465684782
False,False,2025-12-19,483000.0,37.358217,-120.616563,1975.0,LD - Ladera Ranch,True,2.0,0.2188,1977.0,2.0,Atwater,4.0,True,1.0,One,9531.0,False,2.0,Atwater,95301,0.0,9531.0,244.5569620253165,2.0,48.0,0,493.75,0.20721854999475395,13.087771932634709,13.038981768465277,13.07995971156374,479241.3978540174
False,False,2025-12-16,1250000.0,33.850840000000005,-118.359572,1115.0,131 - West Torrance,True,2.0,0.1208,1955.0,1.0,Torrance,3.0,False,1.0,One,5264.0,False,2.0,Torrance Unified,90503,0.0,5264.0,1121.0762331838564,3.0,70.0,0,371.6666666666667,0.2118161094224924,14.038654109278484,14.148404973237604,13.855316173594096,1040608.4765079629
True,False,2025-12-22,2108000.0,37.88120128,-122.04132076,2443.0,656 - Sierra Madre,True,6.0,0.5326,1949.0,3.0,Walnut Creek,4.0,True,1.0,One,23200.0,False,2.0,Fountain Valley,94596,0.0,23200.0,862.8735161686451,1.3333333333333333,76.0,0,610.75,0.10530172413793104,14.56125018864339,14.269765830241871,14.50628747715195,1995265.0909582444
True,False,2025-12-22,1730000.0,34.148473,-118.207979,2530.0,624 - Glendale-Chevy Chase/E. Glenoaks,True,0.0,0.2584,1967.0,2.0,Glendale,3.0,True,1.0,MultiSplit,11255.0,False,2.0,Capistrano Unified,91206,0.0,11255.0,683.794466403162,1.5,58.0,0,843.3333333333334,0.22478898267436695,14.363631966473962,14.269765830241871,14.382257749579814,1762524.5622147324
False,False,2025-12-17,691500.0,37.96835879,-122.33358122,1152.0,SRCAR - Southwest Riverside County,True,2.0,0.1859,1957.0,2.0,Richmond,3.0,True,1.0,One,8096.0,False,2.0,Escondido Union,94806,0.0,8096.0,600.2604166666666,1.5,68.0,0,384.0,0.1422924901185771,13.44661843008695,13.321214236149494,13.220592748645812,551607.9010340677
False,False,2025-12-02,1205000.0,33.08381595,-117.23737161,1453.0,92009 - Carlsbad,True,4.0,0.1722,1979.0,2.0,Carlsbad,3.0,True,1.0,One,212573.0,False,2.0,Bear Valley Unified,92009,125.0,15636.0,829.3186510667584,1.5,46.0,0,484.3333333333333,0.09292657968789972,14.001990124906893,14.457364444136669,14.031298801048575,1240839.5948129937
False,False,2025-12-24,900000.0,33.881386,-118.129317,1386.0,"RG - Bellflower North of 91 Frwy, S of Alondra",True,0.0,0.11,1928.0,2.0,Bellflower,4.0,False,1.0,One,4790.0,False,0.0,Bellflower Unified,90706,0.0,4790.0,649.3506493506494,2.0,97.0,0,346.5,0.28935281837160753,13.710150042306449,13.586096602527896,13.590454547218805,798471.4945232256
False,False,2025-12-19,440000.0,34.069796999999994,-117.756825,936.0,687 - Pomona,False,1.0,0.0879,1924.0,1.0,Pomona,2.0,False,1.0,One,3830.0,False,1.0,Pomona Unified,91768,0.0,3830.0,470.0854700854701,2.0,101.0,0,468.0,0.24438642297650132,12.994530005894443,13.373053959873324,13.172571766984966,525745.0965734414
True,True,2025-12-17,750000.0,33.863068,-116.5328,2637.0,331 - North End Palm Springs,True,4.0,0.27,2006.0,4.0,Palm Springs,4.0,True,1.0,One,11761.0,False,2.0,Sierra Unified,92262,450.71,11761.0,284.4141069397042,1.0,19.0,0,659.25,0.22421562792279567,13.527828485512494,13.737549016494562,13.858995919160497,1044444.7047790271
True,True,2025-12-01,850000.0,33.73591,-116.398651,2407.0,321 - Rancho Mirage,True,0.0,0.28,2000.0,3.0,Rancho Mirage,3.0,True,1.0,One,12197.0,False,2.0,Claremont Unified,92270,123.0,12197.0,353.13668466971336,1.0,25.0,0,802.3333333333334,0.19734360908420104,13.652991628466498,13.9108207377686,13.92648012325399,1117360.8997816953
False,False,2025-12-15,1200000.0,37.68737976,-122.46386588,2050.0,LAC - Lancaster,True,1.0,0.0689,1951.0,3.0,Daly City,4.0,True,1.0,One,3000.0,False,1.0,Long Beach Unified,94014,0.0,3000.0,585.3658536585366,1.3333333333333333,74.0,0,512.5,0.6833333333333333,13.997832114758229,13.9108207377686,14.040971917137657,1252900.6200653915
True,False,2025-12-19,704000.0,34.086028000000006,-117.194888,2418.0,268 - Redlands,True,2.0,0.0803,2025.0,3.0,Redlands,5.0,False,2.0,Two,3500.0,True,2.0,Redlands Unified,92374,84.0,3500.0,291.1497105045492,1.6666666666666667,0.0,0,483.6,0.6908571428571428,13.46453363514018,13.299666780812677,13.383567740302903,649246.501056985
True,False,2025-12-17,520000.0,34.12701,-117.232613,1200.0,276 - Highland,True,2.0,0.1756,1959.0,2.0,Highland,3.0,False,1.0,One,7650.0,False,2.0,San Bernardino City Unified,92346,0.0,7650.0,433.3333333333333,1.5,66.0,0,400.0,0.1568627450980392,13.16158409055761,13.28681753563043,13.183800591186067,531681.864922787
True,False,2025-12-08,1160000.0,33.884667,-117.846823,1900.0,84 - Placentia,True,2.0,0.1912,1965.0,2.0,Placentia,4.0,True,1.0,One,8330.0,False,2.0,Placentia-Yorba Linda Unified,92870,0.0,8330.0,610.5263157894736,2.0,60.0,0,475.0,0.22809123649459784,13.963930563082547,13.980176819817759,13.953409968828979,1147860.0822137496
True,True,2025-12-03,1450000.0,33.652796,-116.252144,2379.0,313 - La Quinta South of HWY 111,False,2.0,0.22,1996.0,3.0,La Quinta,3.0,True,1.0,ThreeOrMore,9583.0,False,2.0,Saddleback Valley Unified,92253,980.0,9583.0,609.4997898276587,1.0,29.0,0,793.0,0.24825211311697798,14.187074114396758,13.545013310266594,13.66213752468775,857809.6705681776
False,False,2025-12-19,345000.0,34.495594,-117.167465,1296.0,APPV - Apple Valley,True,4.0,0.4483,1962.0,2.0,Apple Valley,4.0,True,1.0,One,19530.0,False,2.0,Apple Valley Unified,92308,0.0,19530.0,266.2037037037037,2.0,63.0,0,324.0,0.0663594470046083,12.751299696013497,12.936033799212835,12.804572124715063,363877.34469693445
False,False,2025-12-11,940000.0,32.97692066,-117.07472975,1168.0,92128 - Rancho Bernardo,True,6.0,0.1087,1989.0,2.0,San Diego,2.0,True,1.0,One,4737.0,False,2.0,Perris Union High,92128,58.0,4737.0,804.7945205479452,1.0,36.0,0,584.0,0.24656955879248468,13.753635154246187,13.983960916083914,13.659342193128579,855415.1564139709
True,True,2025-12-23,840000.0,33.898237,-117.304603,2728.0,252 - Riverside,True,2.0,0.21,2004.0,3.0,Riverside,4.0,True,1.0,MultiSplit,9148.0,False,2.0,Riverside Unified,92508,65.0,9148.0,307.91788856304987,1.3333333333333333,21.0,0,682.0,0.29820725841714035,13.641157170819497,13.56126305375042,13.667970642470726,862827.9974286528
True,False,2025-12-18,820000.0,33.933905,-117.958588,1100.0,699 - Not Defined,False,4.0,0.1409,1951.0,1.0,La Habra,3.0,False,1.0,One,6136.0,False,2.0,Fullerton Joint Union High,90631,0.0,6136.0,745.4545454545455,3.0,74.0,0,366.6666666666667,0.17926988265971316,13.617059619240436,13.792724135316895,13.591404604193434,799230.4484032668
True,False,2025-12-16,640000.0,34.011424,-117.910819,998.0,633 - Industry/La Puente/Valinda,True,2.0,0.1385,1958.0,1.0,La Puente,3.0,False,1.0,One,6035.0,False,2.0,Rowland Unified,91744,0.0,6035.0,641.2825651302605,3.0,67.0,0,332.6666666666667,0.16536868268434135,13.369223455335854,13.547631112808673,13.408477775092477,665622.3689310536
False,False,2025-12-23,800000.0,33.972507,-118.293746,1488.0,C34 - Los Angeles Southwest,True,0.0,0.1605,1921.0,2.0,Los Angeles,4.0,False,1.0,One,6990.0,False,0.0,Los Angeles Unified,90044,0.0,6990.0,537.6344086021505,2.0,104.0,0,372.0,0.2128755364806867,13.592367006650065,13.38472764187182,13.369026898348954,639874.2158906615
False,False,2025-12-02,999995.0,34.165863,-118.445747,841.0,SO - Sherman Oaks,True,3.0,0.1477,1949.0,1.0,Sherman Oaks,2.0,False,1.0,One,6435.0,False,2.0,Los Angeles Unified,91401,0.0,6435.0,1189.0546967895364,2.0,76.0,0,420.5,0.1306915306915307,13.815505557951774,14.070122729163781,13.624424427411649,826061.4359590673
True,True,2025-12-30,1590000.0,37.07680463,-121.57081018,2050.0,699 - Not Defined,False,2.0,0.9014,1940.0,2.0,Gilroy,3.0,True,2.0,One,39264.0,False,2.0,Gilroy Unified,95020,0.0,39264.0,775.609756097561,1.5,85.0,0,683.3333333333334,0.05221067644661777,14.279244574196415,13.965653216393994,14.118015474004851,1353244.3290088521
False,False,2025-12-15,610000.0,33.02173897,-116.85825977,1100.0,92065 - Ramona,True,4.0,0.0735,1960.0,1.0,Ramona,2.0,False,1.0,One,6002.0,False,0.0,Other,92065,0.0,5162.0,554.5454545454545,2.0,65.0,0,550.0,0.21309569934134057,13.321214236149494,13.623138665316818,13.353288937155124,629882.7293520293
False,False,2025-12-08,1050000.0,34.181949,-118.367312,1774.0,NHO - North Hollywood,False,2.0,0.1396,1944.0,3.0,North Hollywood,4.0,True,1.0,One,6083.0,False,2.0,San Ramon Valley,91606,0.0,6083.0,591.8827508455468,1.3333333333333333,81.0,0,443.5,0.2916324182146967,13.864300722133706,13.741864017795976,13.874968615359107,1061261.247984544
True,False,2025-12-17,300000.0,36.75886,-119.764332,1020.0,FSNO - Fresno,False,1.0,0.1749,1941.0,3.0,Fresno,3.0,False,1.0,One,7620.0,False,1.0,Fresno Unified,93703,0.0,7620.0,294.11764705882354,1.0,84.0,0,340.0,0.13385826771653545,12.611537753638338,12.676076274775909,12.55612180933142,283827.46341264
True,False,2025-12-24,1385000.0,33.152052000000005,-117.318129,2159.0,92008 - Carlsbad,True,2.0,0.1276,1986.0,3.0,Carlsbad,3.0,True,2.0,Two,5560.0,True,2.0,Carlsbad Unified,92008,178.0,5560.0,641.5006947660954,1.0,39.0,0,719.6666666666666,0.3883093525179856,14.141210697603576,14.403297222866392,14.304307515707029,1630353.6553263797
True,False,2025-12-08,861000.0,32.869259,-116.970552,1878.0,92071 - Santee,True,4.0,0.21,1990.0,3.0,Santee,4.0,True,1.0,One,0.21,False,2.0,Grossmont Union,92071,297.0,9147.6,458.4664536741214,1.3333333333333333,35.0,0,469.5,0.2052997507542962,13.665849783409868,13.652403046879991,13.701591468036963,892330.1514591109
False,False,2025-12-31,1635000.0,33.0800689,-117.28278705,1984.0,92024 - Encinitas,True,4.0,0.17,1987.0,3.0,Encinitas,4.0,True,2.0,Two,7800.0,False,2.0,Los Angeles Unified,92024,79.0,7254.0,824.0927419354839,1.3333333333333333,38.0,0,496.0,0.27350427350427353,14.30715336231349,14.603967918328545,14.482477869302658,1948319.7049499939
True,False,2025-12-17,1150000.0,37.79270053,-122.18758294,1900.0,248 - Corona,False,3.0,0.1928,1963.0,2.0,Oakland,3.0,True,1.0,One,8400.0,False,0.0,Manhattan Unified,94619,0.0,8400.0,605.2631578947369,1.5,62.0,0,633.3333333333334,0.2261904761904762,13.955272500339433,13.80285165397213,13.796938244840817,981599.0895291
True,False,2025-12-18,1150000.0,35.262997,-120.70336299999998,2424.0,SLO - San Luis Obispo,True,2.0,0.1662,1978.0,2.0,San Luis Obispo,4.0,True,2.0,Two,7240.0,False,2.0,San Luis Coastal Unified,93405,0.0,7240.0,474.4224422442245,2.0,47.0,0,606.0,0.33480662983425413,13.955272500339433,13.928829278248507,14.026012394753298,1234297.3203638725
False,False,2025-12-12,1340000.0,33.15505176,-117.26902816,2317.0,92056 - Oceanside,True,4.0,0.1129,1990.0,3.0,Oceanside,2.0,False,2.0,Two,4919.0,False,2.0,Glendale Unified,92056,701.0,4919.0,578.3340526542944,0.6666666666666666,35.0,0,1158.5,0.4710306972961984,14.108180171927094,13.732128949025222,13.840828010925973,1025640.661515356
False,False,2025-12-16,825000.0,33.721459,-117.896329,1580.0,69 - Santa Ana South of First,True,2.0,0.1378,1963.0,2.0,Santa Ana,4.0,True,1.0,One,6002.0,False,2.0,Santa Ana Unified,92704,0.0,6002.0,522.1518987341772,2.0,62.0,0,395.0,0.263245584805065,13.623138665316818,13.737549016494562,13.691240554274792,883141.3572636757
True,False,2025-12-23,1700000.0,37.65837425,-121.86445849,1992.0,APPV - Apple Valley,True,2.0,0.1882,1973.0,3.0,Pleasanton,3.0,True,2.0,Two,8200.0,False,2.0,Las Virgenes,94566,400.0,8200.0,853.4136546184739,1.0,52.0,0,664.0,0.24292682926829268,14.346138809026444,14.430696197054507,14.285428484738249,1599862.8819209463
True,False,2025-12-05,865000.0,37.96913938,-122.2850938,1544.0,92064 - Poway,True,2.0,0.1928,1959.0,2.0,Richmond,3.0,True,2.0,Two,8400.0,False,2.0,West Contra Costa,94803,180.0,8400.0,560.2331606217616,1.5,66.0,0,514.6666666666666,0.1838095238095238,13.670484785914017,13.560618308335483,13.55428098461882,770104.1039442832
True,False,2025-12-12,1247000.0,33.65772,-117.646692,1584.0,MN - Mission Viejo North,True,2.0,0.1033,1984.0,3.0,Mission Viejo,3.0,True,2.0,Two,4500.0,False,2.0,Saddleback Valley Unified,92691,140.0,4500.0,787.2474747474747,1.0,41.0,0,528.0,0.352,14.036251224662173,14.092573789669016,13.929371581529608,1120596.377572546
False,False,2025-12-12,880000.0,33.24993524,-117.30398537,1570.0,92057 - Oceanside,True,4.0,0.1377,1964.0,2.0,Oceanside,4.0,True,1.0,One,6000.0,False,2.0,Los Angeles Unified,92057,220.0,6000.0,560.5095541401274,2.0,61.0,0,392.5,0.26166666666666666,13.687677186454389,13.681979165339751,13.656249498529581,852773.7052860507
True,True,2025-12-09,5300000.0,37.56040378,-122.35576292,3330.0,699 - Not Defined,True,2.0,0.386,1964.0,4.0,Hillsborough,3.0,True,1.0,One,16814.0,False,1.0,Other,94010,180.0,16814.0,1591.5915915915916,0.75,61.0,0,1110.0,0.19804924467705484,15.483217378522351,15.145220570031345,15.464247939296653,5200409.546000825
True,False,2025-12-25,1750000.0,32.746502,-117.132511,1753.0,92104 - North Park,True,2.0,0.1169999999999999,2021.0,3.0,San Diego,5.0,False,1.0,One,5095.0,False,2.0,San Diego Unified,92104,0.0,5095.0,998.2886480319452,1.6666666666666667,4.0,0,350.6,0.34406280667320904,14.375126345899696,13.980515688011007,13.994771671943422,1196333.0826797378
False,False,2025-12-05,1175000.0,32.82144218,-117.18661973,1465.0,92117 - Clairemont Mesa,True,6.0,0.17,1958.0,2.0,San Diego,3.0,False,1.0,One,8515.0,False,2.0,Los Angeles Unified,92117,0.0,5015.0,802.0477815699659,1.5,67.0,0,488.3333333333333,0.292123629112662,13.976778705560397,13.964016766263498,13.87605223023744,1062411.869765508
True,False,2025-12-29,325000.0,33.29846,-115.958409,1523.0,381 - Salton Sea - Imperial County,True,2.0,0.2487,2006.0,2.0,Thermal,3.0,True,1.0,One,10835.0,False,2.0,Other,92274,0.0,10835.0,213.3946158896914,1.5,19.0,0,507.6666666666667,0.1405629903091832,12.691580461311874,12.644327576461329,12.683647769816277,322432.07401235553
True,False,2025-12-17,1360000.0,34.275462,-118.584822,2709.0,PORA - Porter Ranch,True,3.0,0.1468,2002.0,3.0,Porter Ranch,6.0,True,2.0,Two,6396.0,False,3.0,Los Angeles Unified,91326,260.0,6396.0,502.03026947212993,2.0,23.0,0,451.5,0.42354596622889307,14.122995257712235,14.126664986601197,14.252129780164314,1547466.7238825266
False,False,2025-12-23,965000.0,33.961565,-117.556425,3254.0,249 - Eastvale,True,6.0,0.22,2005.0,3.0,Eastvale,5.0,True,2.0,Two,9583.0,False,3.0,Corona-Norco Unified,91752,0.0,9583.0,296.5580823601721,1.6666666666666667,20.0,0,650.8,0.33955963685693413,13.779883380321124,13.683120718347036,13.84015104932952,1024946.5771364914
True,False,2025-12-15,910000.0,33.981640000000006,-117.962706,1790.0,631 - Hacienda Heights,True,2.0,0.3116,1964.0,2.0,Hacienda Heights,4.0,False,1.0,One,13573.0,False,2.0,Hacienda La Puente Unified,91745,0.0,13573.0,508.3798882681565,2.0,61.0,0,447.5,0.13187946658807928,13.721199878493033,13.845069360205818,13.803746998721849,988305.3609071295
True,False,2025-12-03,534000.0,33.951111,-117.045628,1910.0,263 - Banning/Beaumont/Cherry Valley,True,2.0,0.1148,2025.0,3.0,Beaumont,4.0,False,1.0,One,5000.0,True,2.0,Beaumont,92223,146.0,5000.0,279.5811518324607,1.3333333333333333,0.0,0,477.5,0.382,13.188151117942333,13.197470849891134,13.229989876840069,556815.8628107989
False,False,2025-12-17,820000.0,34.058359,-118.039634,1142.0,657 - So. El Monte,True,0.0,0.1659,1947.0,1.0,South El Monte,3.0,False,1.0,One,7227.0,False,0.0,El Monte Union High,91733,0.0,7227.0,718.0385288966725,3.0,78.0,0,380.6666666666667,0.1580185415801854,13.617059619240436,13.58609739363647,13.496903736013154,727161.3970074314
True,False,2025-12-10,605000.0,33.769096999999995,-117.979777,936.0,"65 - N of Blsa, S of GGrv, E of Bch, W of Brookhrs",True,2.0,0.0324,1975.0,2.0,Garden Grove,2.0,False,2.0,Two,1410.0,False,2.0,Garden Grove Unified,92844,357.55,1410.0,646.3675213675214,1.0,50.0,0,468.0,0.6638297872340425,13.312983737012978,13.827905642367885,13.215276441001981,548683.1650201286
False,True,2025-12-17,550000.0,33.759473,-117.010393,2164.0,699 - Not Defined,True,2.0,0.17,2006.0,3.0,Hemet,4.0,True,1.0,One,7405.0,False,2.0,Hemet Unified,92545,0.0,7405.0,254.15896487985216,1.3333333333333333,19.0,0,541.0,0.2922349763673194,13.217673557208654,12.990536830078119,13.049529340382065,464877.5610753431
True,False,2025-12-11,605000.0,33.955090000000006,-117.466625,1052.0,252 - Riverside,True,2.0,0.16,1975.0,2.0,Riverside,3.0,False,1.0,One,6970.0,False,2.0,Alvord Unified,92503,0.0,6970.0,575.0950570342205,1.5,50.0,0,350.6666666666667,0.1509325681492109,13.312983737012978,13.399995114002609,13.243559745065179,564423.2797814105
False,False,2025-12-11,963000.0,33.932836,-118.002892,1993.0,670 - Whittier,True,2.0,0.1458,1954.0,2.0,Whittier,4.0,False,1.0,One,6352.0,False,2.0,East Whittier Unified,90604,0.0,6352.0,483.1911690918214,2.0,71.0,0,498.25,0.3137594458438287,13.777808690780263,13.636672835828117,13.711810575930539,901495.7217661358
True,False,2025-12-11,745000.0,33.141836,-117.055534,1346.0,92027 - Escondido,False,2.0,0.14,1959.0,2.0,Escondido,3.0,False,1.0,One,6100.0,False,1.0,Escondido Union,92027,0.0,6100.0,553.4918276374443,1.5,66.0,0,448.6666666666667,0.22065573770491803,13.521139497361697,13.658839648348096,13.611509783266428,815461.7394505945
True,False,2025-12-15,1075000.0,33.681213,-117.249308,2850.0,SRCAR - Southwest Riverside County,True,2.0,0.17,1973.0,3.0,Canyon Lake,5.0,True,1.0,MultiSplit,7405.0,False,2.0,Lake Elsinore Unified,92587,340.0,7405.0,377.1929824561403,1.6666666666666667,52.0,0,570.0,0.3848750844024308,13.8878312195439,13.407542319637992,13.554202098466615,770043.3557908505
True,False,2025-12-17,597000.0,33.687701000000004,-117.386235,2459.0,SRCAR - Southwest Riverside County,True,2.0,0.13,2003.0,3.0,Lake Elsinore,4.0,True,2.0,Two,5663.0,False,2.0,Lake Elsinore Unified,92530,0.0,5663.0,242.78161854412363,1.3333333333333333,22.0,0,614.75,0.4342221437400671,13.29967239237474,13.270783382522602,13.36104728305788,634788.5834934919
True,False,2025-12-11,735000.0,34.084727,-118.196263,713.0,679 - Montecito Heights,False,1.0,0.0759,1952.0,2.0,Montecito Heights,2.0,False,1.0,One,3305.0,False,1.0,Garden Grove Unified,90031,220.0,3305.0,1030.8555399719496,1.0,73.0,0,356.5,0.2157337367624811,13.507625778194974,13.785052381406869,13.456388658429317,698289.2250314526
False,False,2025-12-02,749500.0,34.124162,-117.877173,1230.0,629 - Glendora,False,2.0,0.1316,1959.0,2.0,Glendora,3.0,True,1.0,One,5732.0,False,2.0,Glendora Unified,91740,0.0,5732.0,609.349593495935,1.5,66.0,0,410.0,0.2145847871598046,13.52716159652479,13.635169075296139,13.519864526089691,744050.7516631234
True,False,2025-12-29,1075000.0,33.159083,-117.251466,1810.0,92081 - Vista,True,4.0,0.15,1988.0,3.0,Vista,3.0,True,2.0,Two,0.15,False,2.0,Vista Unified,92081,173.0,6534.0,593.9226519337017,1.0,37.0,0,603.3333333333334,0.2770125497398225,13.8878312195439,13.835313185260453,13.761788779271276,947695.7389731497
True,True,2025-12-16,790000.0,34.023718,-117.664589,1369.0,681 - Chino,True,2.0,0.1653,1972.0,2.0,Chino,3.0,True,1.0,One,7200.0,False,2.0,Chino Valley Unified,91710,0.0,7200.0,577.063550036523,1.5,53.0,0,456.3333333333333,0.19013888888888889,13.579788224443204,13.567049198665774,13.521270862819996,745097.8736949039
False,False,2025-12-24,945000.0,33.784293,-117.813399,1102.0,"75 - Orange, Orange Park Acres E of 55",True,4.0,0.1446,1960.0,2.0,Orange,3.0,False,1.0,One,6300.0,False,2.0,Orange Unified,92869,0.0,6300.0,857.5317604355716,1.5,65.0,0,367.3333333333333,0.17492063492063492,13.758940206475879,14.115985383678474,13.841777891099065,1026615.3600945872
False,False,2025-12-22,425000.0,33.743819,-118.293724,1025.0,187 - Holy Trinity,True,1.0,0.0717,1923.0,1.0,San Pedro,2.0,False,1.0,One,3125.0,False,0.0,Los Angeles Unified,90731,0.0,3125.0,414.6341463414634,2.0,102.0,0,512.5,0.328,12.959844447906553,13.693342923990066,13.466165598336135,705149.840083103
False,False,2025-12-18,620000.0,32.714962,-117.105313,902.0,92102 - San Diego,False,2.0,0.1354,1949.0,1.0,San Diego,2.0,False,1.0,One,5900.0,False,2.0,San Diego Unified,92102,0.0,5900.0,687.3614190687362,2.0,76.0,0,451.0,0.1528813559322034,13.337474757021274,13.623138665316818,13.362676336318142,635823.5306681633
True,False,2025-12-05,912000.0,37.71144044,-122.07330428,1163.0,SPL - Santa Paula,True,2.0,0.3835,1935.0,1.0,Castro Valley,2.0,True,1.0,Two,16705.0,False,2.0,Other,94546,699.75,16705.0,784.1788478073946,2.0,90.0,0,581.5,0.06961987428913499,13.723395269056468,13.885500212990994,13.704960178604656,895341.2223358224
False,False,2025-12-05,545000.0,38.0073105,-122.11504684,838.0,C09 - Beverlywood Vicinity,True,1.0,0.1148,1940.0,1.0,Martinez,2.0,False,1.0,One,5000.0,False,1.0,Martinez,94553-2937,0.0,5000.0,650.3579952267303,2.0,85.0,0,419.0,0.1676,13.208541073645382,13.698976741708323,13.429571008488274,679811.6194068544
True,False,2025-12-10,700000.0,33.743897,-118.293699,1575.0,187 - Holy Trinity,True,4.0,0.0717,1990.0,3.0,San Pedro,3.0,True,2.0,Two,3125.0,False,2.0,Los Angeles Unified,90731,0.0,3125.0,444.44444444444446,1.0,35.0,0,525.0,0.504,13.458835614025542,13.693342923990066,13.558735211979272,773541.9735569297
True,False,2025-12-16,1405000.0,34.175290999999994,-118.125797,1837.0,646 - Pasadena (NE),False,3.0,0.1896,1950.0,2.0,Pasadena,3.0,True,1.0,One,8260.0,False,0.0,Val Verde,91104,600.0,8260.0,764.8339684267828,1.5,75.0,0,612.3333333333334,0.22239709443099273,14.155547860749984,14.119305204063423,14.1708651275893,1426686.4242813287
False,False,2025-12-29,1510000.0,37.5324281,-122.0089132,2046.0,699 - Not Defined,True,2.0,0.0341,2025.0,4.0,Newark,4.0,False,2.0,Two,1486.0,False,2.0,Other,94560,222.0,1486.0,738.0254154447703,1.0,0.0,0,511.5,1.3768506056527592,14.227620208791107,14.151982794585487,14.187428825441364,1450514.422244912
True,True,2025-12-03,1250000.0,33.737573,-116.270732,3827.0,"312 - Bermuda Dunes, Myoma",True,10.0,0.38,1989.0,5.0,Bermuda Dunes,4.0,True,1.0,One,16553.0,False,6.0,San Diego Unified,92203,112.0,16553.0,326.6266004703423,0.8,36.0,0,956.75,0.23119676191626895,14.038654109278484,13.255142955086335,13.907051325769107,1095861.4516476695
False,False,2025-12-16,1802384.0,34.027262,-118.421042,1449.0,C13 - Palms - Mar Vista,False,3.0,0.1479,1940.0,2.0,Los Angeles,2.0,True,1.0,MultiSplit,6442.0,False,2.0,Torrance Unified,90034,0.0,6442.0,1243.8812974465147,1.0,85.0,0,724.5,0.22493014591741695,14.404620791007952,14.291744736960645,14.11433550555261,1348273.5842713881
True,False,2025-12-12,825000.0,34.245622,-118.45516,1200.0,NOH - North Hills,True,2.0,0.1749,1955.0,2.0,North Hills,3.0,True,1.0,One,7619.0,False,2.0,Los Angeles Unified,91343,0.0,7619.0,687.5,1.5,70.0,0,400.0,0.15750098438115237,13.623138665316818,13.715690222682063,13.646855237227392,844800.0382637451
False,False,2025-12-24,742693.0,34.266545,-118.774733,1399.0,SVW - West Simi,True,2.0,0.23,1958.0,2.0,Simi Valley,4.0,False,1.0,One,10018.0,False,2.0,Simi Valley Unified,93065,0.0,10018.0,530.8741958541816,2.0,67.0,0,349.75,0.13964863246156917,13.518038048542284,13.676248490630767,13.633955265576176,833972.1317178566
True,False,2025-12-04,1045000.0,33.79317,-118.104657,1789.0,"34 - Los Altos, X-100",True,2.0,0.1626,1953.0,2.0,Long Beach,5.0,True,1.0,One,7085.0,False,2.0,Long Beach Unified,90815,0.0,7085.0,584.1252096143097,2.5,72.0,0,357.8,0.25250529287226536,13.85952744338105,13.937728190688523,13.883502918736424,1070357.131745532
True,False,2025-12-16,1950000.0,33.98723,-118.463808,1978.0,C11 - Venice,True,3.0,0.0459,1981.0,3.0,Venice,3.0,True,1.0,ThreeOrMore,2000.0,False,2.0,Oceanside Unified,90291,0.0,2000.0,985.8442871587462,1.0,44.0,0,659.3333333333334,0.989,14.48333993053993,14.66457824156197,14.453256048562833,1892210.061441399
True,False,2025-12-16,417000.0,34.713359000000004,-118.164329,1135.0,LAC - Lancaster,True,2.0,0.1326,1992.0,2.0,Lancaster,3.0,True,1.0,One,5774.0,False,2.0,Antelope Valley Union,93534,0.0,5774.0,367.4008810572688,1.5,33.0,0,378.3333333333333,0.19657083477658469,12.94084150078094,12.971540487669746,12.850247635315815,380883.0437946536
True,False,2025-12-09,1825000.0,34.245709999999995,-116.948824,1894.0,289 - Big Bear Area,False,1.0,0.6434,1920.0,4.0,Big Bear Lake,4.0,True,2.0,Two,28025.0,False,1.0,Bear Valley Unified,92315,0.0,28025.0,963.5691657866948,1.0,105.0,0,473.5,0.06758251561106156,14.417090544998729,13.398478813484644,13.592783214256826,800333.0353865325
True,False,2025-12-30,595000.0,34.147368,-117.22393,2321.0,276 - Highland,True,2.0,0.1641,1981.0,3.0,Highland,4.0,True,2.0,Two,7150.0,False,2.0,San Bernardino City Unified,92346,0.0,7150.0,256.3550193881948,1.3333333333333333,44.0,0,580.25,0.32461538461538464,13.296316684527767,13.28681753563043,13.379231664657505,646437.413724741
True,False,2025-12-12,2455000.0,37.58152428,-122.35319005,1530.0,699 - Not Defined,False,0.0,0.1492,1911.0,3.0,Burlingame,3.0,True,1.0,Two,6500.0,False,0.0,Other,94010,152.0,6500.0,1604.575163398693,1.0,114.0,0,510.0,0.2353846153846154,14.713637319210758,15.145220570031345,14.6696279560925,2349299.9687199183
False,False,2025-12-19,900000.0,33.838304,-118.269436,1604.0,136 - Central Carson,True,4.0,0.1213,1964.0,2.0,Carson,4.0,True,2.0,Two,5285.0,False,2.0,Los Angeles Unified,90745,365.0,5285.0,561.0972568578553,2.0,61.0,0,401.0,0.30350047303689687,13.710150042306449,13.592367006650065,13.580385144512881,790471.7076269133
True,False,2025-12-24,719000.0,34.066621999999995,-118.185621,1020.0,287A - Arrowhead Woods,True,4.0,0.1403,1942.0,1.0,Los Angeles,2.0,True,1.0,One,6113.0,False,2.0,San Bernardino City Unified,90032,0.0,6113.0,704.9019607843137,2.0,83.0,0,510.0,0.16685751676754457,13.485616636703183,13.6623593784701,13.488118421835011,720801.035472288
True,False,2025-12-23,2175000.0,32.7439272,-117.23751458,1688.0,92107 - Ocean Beach,True,5.0,0.2755,1927.0,2.0,San Diego,3.0,True,2.0,Two,12000.0,False,2.0,Capistrano Unified,92107,414.0,12000.0,1288.5071090047393,1.5,98.0,0,562.6666666666666,0.14066666666666666,14.592539222504922,14.403297222866392,14.269497690167162,1574577.7359978147
False,False,2025-12-18,3325000.0,37.52179494,-122.30850663,3250.0,699 - Not Defined,True,2.0,0.722,1979.0,3.0,Belmont,3.0,True,2.0,One,31450.0,False,2.0,Other,94002,0.0,31450.0,1023.0769230769232,1.0,46.0,0,1083.3333333333333,0.10333863275039745,15.016980232072092,14.652758082497977,14.901796547639975,2963248.0759571497
False,True,2025-12-23,855000.0,33.733533,-116.306454,1900.0,324 - East Palm Desert,True,2.0,0.22,1998.0,2.0,Palm Desert,3.0,True,1.0,One,9583.0,False,2.0,Fontana Unified,92211,130.0,9583.0,450.0,1.5,27.0,0,633.3333333333334,0.1982677658353334,13.658856747918897,13.226723392728571,13.260926852657771,574311.294183086
True,False,2025-12-24,1925000.0,34.145397,-118.380835,1780.0,STUD - Studio City,True,0.0,0.1551,1962.0,3.0,Studio City,3.0,True,1.0,One,6758.0,False,0.0,Los Angeles Unified,91604,0.0,6758.0,1081.4606741573034,1.0,63.0,0,593.3333333333334,0.26339153595738385,14.470436525704022,14.603967918328545,14.467574521926103,1919498.519112298
True,False,2025-12-03,1241500.0,33.603096,-117.736029,1641.0,AV - Aliso Viejo,True,4.0,0.1102,1994.0,3.0,Aliso Viejo,3.0,True,2.0,Two,4800.0,False,2.0,Capistrano Unified,92656,66.0,4800.0,756.5508836075563,1.0,31.0,0,547.0,0.341875,14.031830883930358,14.115615150414612,14.0143514670479,1219987.8614733098
True,True,2025-12-12,1335000.0,33.873065000000004,-118.041918,2107.0,RA - Cerritos North of 91 Frwy,True,2.0,0.1248,1971.0,3.0,Cerritos,4.0,True,2.0,Two,5438.0,False,2.0,ABC Unified,90703,0.0,5438.0,633.6022781205505,1.3333333333333333,54.0,0,526.75,0.38745862449429935,14.104441849816487,14.01436141670944,14.063062719403373,1280886.1735073563
True,False,2025-12-17,656000.0,33.56258,-117.124282,2032.0,SRCAR - Southwest Riverside County,True,4.0,0.07,2018.0,3.0,Murrieta,3.0,True,2.0,Two,3049.0,False,2.0,Temecula Unified,92563,100.0,3049.0,322.8346456692913,1.0,7.0,0,677.3333333333334,0.6664480157428665,13.393916067926225,13.458835614025542,13.42985438579884,680004.2898931865
True,False,2025-12-19,940000.0,34.032301000000004,-117.801896,1859.0,616 - Diamond Bar,True,2.0,0.1759,1966.0,2.0,Diamond Bar,4.0,True,2.0,Two,7663.0,False,2.0,Pomona Unified,91765,40.0,7663.0,505.6481979558903,2.0,59.0,0,464.75,0.2425942842228892,13.753635154246187,13.957010120237973,13.926471032611072,1117350.7422989146
True,False,2025-12-15,642500.0,34.578106,-117.79626299999998,1884.0,PLM - Palmdale,True,6.0,10.0326,1962.0,2.0,Palmdale,4.0,False,1.0,One,437020.0,False,6.0,See Remarks,93591,0.0,437020.0,341.0297239915074,2.0,63.0,0,471.0,0.004311015514164111,13.373122095751512,12.911642346088676,13.079976342990511,479249.3683885118
True,True,2025-12-16,980000.0,33.540061,-117.016092,3090.0,SRCAR - Southwest Riverside County,True,3.0,3.01,1990.0,3.0,Temecula,4.0,True,2.0,Two,131116.0,False,3.0,Temecula Unified,92592,0.0,131116.0,317.15210355987057,1.3333333333333333,35.0,0,772.5,0.02356691784374142,13.795307850646754,13.580420735596498,14.036476103313653,1247280.455211408
False,False,2025-12-10,430000.0,34.588732,-118.12828,1300.0,PLM - Palmdale,True,2.0,0.1859,1955.0,2.0,Palmdale,4.0,False,1.0,One,8096.0,False,2.0,Antelope Valley Union,93550,0.0,8096.0,330.7692307692308,2.0,70.0,0,325.0,0.16057312252964426,12.971540487669746,13.049792684569493,12.920039223195129,408415.0530529519
False,False,2025-12-24,540000.0,33.983885,-118.302097,1407.0,C34 - Los Angeles Southwest,False,1.0,0.124,1927.0,1.0,Los Angeles,2.0,True,1.0,One,5402.0,False,1.0,Temecula Unified,90047,0.0,5402.0,383.7953091684435,2.0,98.0,0,703.5,0.2604590892262125,13.199324418540456,13.493926933836812,13.346836192890537,625831.3425220024
False,False,2025-12-17,2300000.0,34.042452000000004,-118.398201,1648.0,C09 - Beverlywood Vicinity,True,4.0,0.1214,1949.0,3.0,Los Angeles,4.0,True,1.0,One,5287.0,False,2.0,Desert Sands Unified,90034,792.99,5287.0,1395.631067961165,1.3333333333333333,76.0,0,412.0,0.31170796292793645,14.648419680899378,14.291744736960645,14.256903522088013,1554871.591058077
False,False,2025-12-30,2450000.0,34.059746999999994,-118.330323,2042.0,C18 - Hancock Park-Wilshire,True,3.0,0.1677,1923.0,3.0,Los Angeles,4.0,True,1.0,One,7303.0,False,1.0,Los Angeles Unified,90005,0.0,7303.0,1199.804113614104,1.3333333333333333,102.0,0,510.5,0.27961111871833494,14.71159858252091,14.757469036587008,14.61268392292429,2219259.0190364
False,True,2025-12-30,800000.0,34.215438,-118.992584,1328.0,VC45 - Mission Oaks,True,2.0,0.104,1987.0,2.0,Camarillo,3.0,True,1.0,One,4530.0,False,2.0,Claremont Unified,93012,150.0,4530.0,602.4096385542168,1.5,38.0,0,442.6666666666667,0.29315673289183225,13.592367006650065,13.710150042306449,13.511370577160072,737757.5873218325
False,False,2025-12-05,1041000.0,33.768527,-118.306152,1874.0,193 - San Pedro - North,True,2.0,0.0545,2023.0,4.0,San Pedro,4.0,False,1.0,ThreeOrMore,2376.0,False,2.0,Los Angeles Unified,90732,250.0,2376.0,555.4962646744931,1.0,2.0,0,468.5,0.7887205387205387,13.855692347597106,13.946538820370678,13.852100468110391,1037267.5607032713
True,False,2025-12-04,540000.0,37.98774922,-121.726779,1180.0,137 - North Carson,True,5.0,0.1377,1984.0,2.0,Oakley,3.0,True,1.0,One,6000.0,False,2.0,Oakley,94561,0.0,6000.0,457.6271186440678,1.5,41.0,0,393.3333333333333,0.19666666666666666,13.199324418540456,13.415032991367148,13.293689055562044,593438.6130365754
True,False,2025-12-31,759000.0,33.229405,-116.981504,1054.0,92082 - Valley Center,True,2.0,6.89,1946.0,1.0,Valley Center,2.0,False,1.0,One,300128.0,False,2.0,Valley Center - Pauma,92082,0.0,300128.0,720.1138519924099,2.0,79.0,0,527.0,0.003511834950421154,13.539757056377766,13.710150042306449,13.562445118986778,776417.0722219751
False,False,2025-12-26,515000.0,34.953034,-120.435719,1134.0,SMNW - SM Northwest,True,2.0,0.1,1991.0,2.0,Santa Maria,2.0,False,1.0,One,4356.0,False,2.0,Santa Maria Joint Union,93458,40.0,4356.0,454.1446208112875,1.0,34.0,0,567.0,0.2603305785123967,13.151922179645874,13.357427688121273,13.1181722982747,497908.8455929335
False,False,2025-12-03,1435000.0,33.10245212,-117.30632249,1278.0,92011 - Carlsbad,True,4.0,0.14,1988.0,2.0,Carlsbad,2.0,False,1.0,One,6047.0,False,2.0,Hesperia Unified,92011,403.0,2958.0,1122.848200312989,1.0,37.0,0,639.0,0.43204868154158216,14.176675407175859,14.406071149749119,13.903664537801578,1092156.2791276348
False,False,2025-12-17,850000.0,33.931165,-118.043596,1664.0,670 - Whittier,True,10.0,0.2949,1956.0,2.0,Whittier,4.0,False,1.0,One,12846.0,False,0.0,Whittier Union High,90605,0.0,12846.0,510.8173076923077,2.0,69.0,0,416.0,0.12953448544293944,13.652991628466498,13.602934236950354,13.604067879720912,809415.676851416
False,False,2025-12-26,690000.0,33.04590381,-116.85746623,1510.0,92065 - Ramona,True,6.0,0.3141,1995.0,2.0,Ramona,3.0,True,1.0,One,13681.0,False,2.0,Other,92065,0.0,13681.0,456.95364238410593,1.5,30.0,0,503.3333333333333,0.11037204882684014,13.444446876573442,13.623138665316818,13.508681901006561,735776.6603186661
False,False,2025-12-22,1850000.0,32.84995511,-117.22002074,2743.0,92122 - University City,True,4.0,0.1396,2010.0,3.0,San Diego,4.0,False,2.0,Two,6080.0,False,2.0,Temple City Unified,92122,0.0,6080.0,674.4440393729493,1.3333333333333333,15.0,0,685.75,0.4511513157894737,14.430696197054507,14.333410696092393,14.537914268149844,2059377.4125115208
True,True,2025-12-17,700000.0,33.590027,-117.090923,2320.0,SRCAR - Southwest Riverside County,True,3.0,0.17,2003.0,2.0,Winchester,4.0,True,1.0,One,7405.0,False,3.0,Temecula Unified,92596,0.0,7405.0,301.7241379310345,2.0,22.0,0,580.0,0.31330182309250504,13.458835614025542,13.337474757021274,13.365478393493312,637607.6429794325
False,False,2025-12-18,320000.0,33.695715,-117.180798,992.0,SRCAR - Southwest Riverside County,True,1.0,0.15,1964.0,1.0,Menifee,2.0,False,1.0,One,6534.0,False,1.0,Menifee Union,92586,396.0,6534.0,322.5806451612903,2.0,61.0,0,496.0,0.15182124273033365,12.676076274775909,12.89921982609012,12.62948191905249,305431.8387806139
True,True,2025-12-18,1910000.0,34.166385,-118.633881,3929.0,WHLL - Woodland Hills,True,3.0,0.3843,1987.0,5.0,Woodland Hills,4.0,True,2.0,Two,16738.0,False,3.0,Los Angeles Unified,91367,0.0,16738.0,486.1287859506236,0.8,38.0,0,982.25,0.23473533277571992,14.462613800022813,14.130321297804308,14.54065615351169,2065031.7375064667
False,False,2025-12-22,1585000.0,37.65319333,-122.03517436,2650.0,699 - Not Defined,True,2.0,0.1886,1971.0,3.0,Hayward,5.0,True,2.0,Two,8217.0,False,2.0,Redlands Unified,94542,0.0,8217.0,598.1132075471698,1.6666666666666667,54.0,0,530.0,0.3225021297310454,14.276094965293519,14.155547860749984,14.291406696233508,1609455.8464075287
True,False,2025-12-19,1700000.0,34.204613,-118.67917,4178.0,BC - Bell Canyon,True,3.0,1.18,1988.0,4.0,Bell Canyon,4.0,True,1.0,One,51400.0,False,3.0,Las Virgenes,91307,410.0,51400.0,406.89325035902345,1.0,37.0,0,1044.5,0.081284046692607,14.346138809026444,13.849911984681606,14.50134939523036,1985436.5954139146
False,False,2025-12-17,835000.0,34.089009000000004,-117.929427,1820.0,614 - Covina,False,2.0,0.149,1954.0,2.0,Covina,4.0,True,1.0,One,6492.0,False,2.0,Covina Valley Unified,91722,0.0,6492.0,458.7912087912088,2.0,71.0,0,455.0,0.28034504004929145,13.635187003832993,13.592367006650065,13.6508303773505,848164.9202997317
True,False,2025-12-18,1995000.0,34.106181,-118.276225,1970.0,637 - Los Feliz,False,2.0,0.1274,1936.0,3.0,Los Angeles,4.0,True,2.0,Two,5549.0,False,4.0,Kern Union,90027,0.0,5549.0,1012.6903553299492,1.3333333333333333,89.0,0,492.5,0.3550189223283475,14.506154608306101,14.612710764892958,14.541637630380484,2067059.5133349085
False,False,2025-12-10,1400000.0,37.33182495,-121.78861535,1398.0,699 - Not Defined,True,2.0,0.1377,1971.0,2.0,San Jose,4.0,True,1.0,One,6000.0,False,2.0,Other,95148,0.0,6000.0,1001.4306151645208,2.0,54.0,0,349.5,0.233,14.151982794585487,14.239034472530271,14.054429551279968,1269875.664000188
False,True,2025-12-29,4000000.0,33.00713402,-117.17942004,5634.0,92067 - Rancho Santa Fe,True,4.0,1.11,1990.0,4.0,Rancho Santa Fe,5.0,True,2.0,Two,48351.0,False,4.0,Riverside Unified,92067,2115.0,48351.0,709.9751508697195,1.25,35.0,0,1126.8,0.11652292610287274,15.201804919084164,15.37889082594447,15.35783026131112,4675423.296496437
False,False,2025-12-23,728000.0,33.947213,-117.352141,1543.0,252 - Riverside,True,2.0,0.32,1961.0,2.0,Riverside,4.0,True,1.0,One,13939.0,False,2.0,Riverside Unified,92506,0.0,13939.0,471.80816591056384,2.0,64.0,0,385.75,0.11069660664323122,13.498056327178823,13.493926933836812,13.493493267513946,724685.6600801673
True,True,2025-12-18,1406100.0,33.900785,-117.861457,2278.0,84 - Placentia,True,2.0,0.1837,1966.0,3.0,Placentia,4.0,True,2.0,Two,8000.0,False,2.0,Placentia-Yorba Linda Unified,92870,0.0,8000.0,617.2519754170324,1.3333333333333333,59.0,0,569.5,0.28475,14.156330472578906,13.980176819817759,14.090205018050144,1316128.4836441374
True,False,2025-12-17,1700000.0,37.57956027,-121.99752494,1815.0,SRCAR - Southwest Riverside County,True,2.0,0.1974,1968.0,2.0,Fremont,4.0,True,1.0,One,8600.0,False,2.0,Los Angeles Unified,94536,120.0,8600.0,936.6391184573002,2.0,57.0,0,453.75,0.21104651162790697,14.346138809026444,14.316285845876763,14.303274628009078,1628670.5524702366
False,False,2025-12-08,1875000.0,37.74895025,-122.4084425,2014.0,699 - Not Defined,True,1.0,0.0573,1922.0,3.0,San Francisco,3.0,True,1.0,ThreeOrMore,2495.0,False,1.0,Bear Valley Unified,94110,0.0,2495.0,930.9831181727905,1.0,103.0,0,671.3333333333334,0.8072144288577154,14.444119217386648,14.352003928478842,14.376739358769221,1752825.0503304172
True,False,2025-12-17,1180000.0,32.91642508,-117.16319584,1871.0,92126 - Mira Mesa,True,4.0,0.1465,1985.0,3.0,San Diego,4.0,True,2.0,Two,6382.0,False,2.0,Tustin Unified,92126,135.0,6382.0,630.6787814003206,1.3333333333333333,40.0,0,467.75,0.29316828580382326,13.981024996441848,13.885500212990994,13.901717981993505,1090032.4037707583
True,False,2025-12-23,365000.0,36.800057,-119.823855,1470.0,PHEL - Phelan,True,4.0,0.1837,1992.0,2.0,Fresno,2.0,True,1.0,One,8000.0,False,2.0,Fresno Unified,93705,0.0,8000.0,248.2993197278912,1.0,33.0,0,735.0,0.18375,12.80765263256463,12.691580461311874,12.667597707176848,317298.3277082512
False,False,2025-12-01,2020000.0,37.46199892,-122.23557875,1450.0,699 - Not Defined,True,1.0,0.1488,1952.0,2.0,Redwood City,3.0,True,1.0,One,6482.0,False,1.0,Other,94061,0.0,6482.0,1393.103448275862,1.5,73.0,0,483.3333333333333,0.22369639000308547,14.518608069377388,14.580978400103845,14.382714414040564,1763329.6283520495
False,False,2025-12-26,655000.0,33.904514,-118.215736,1056.0,"RN - Compton N of Rosecrans, E of Central",False,2.0,0.126,1936.0,2.0,Compton,2.0,True,1.0,One,5487.0,False,2.0,Compton Unified,90221,0.0,5487.0,620.2651515151515,1.0,89.0,0,528.0,0.19245489338436303,13.39239051461739,13.353475098367715,13.209688494634772,545625.7033431438
False,False,2025-12-05,2277000.0,32.85381913,-117.19320158,2700.0,92122 - University City,True,4.0,0.1905,1972.0,3.0,San Diego,5.0,True,2.0,Two,8300.0,False,2.0,Monrovia Unified,92122,0.0,8300.0,843.3333333333334,1.6666666666666667,53.0,0,540.0,0.3253012048192771,14.638369345045877,14.333410696092393,14.486695039647541,1956553.450382827
False,False,2025-12-31,590000.0,33.943454,-117.218829,2332.0,259 - Moreno Valley,True,3.0,0.17,1985.0,3.0,Moreno Valley,4.0,True,2.0,Two,7405.0,False,3.0,Moreno Valley Unified,92557,0.0,7405.0,253.0017152658662,1.3333333333333333,40.0,0,583.0,0.31492234976367317,13.287877815881902,13.262125319779487,13.359037652454283,633514.1739044492
False,False,2025-12-15,485000.0,36.976384,-120.090568,2363.0,92057 - Oceanside,True,3.0,0.15,1990.0,3.0,Madera,4.0,True,2.0,Two,6534.0,False,3.0,Madera Unified,93637,0.0,6534.0,205.2475666525603,1.3333333333333333,35.0,0,590.75,0.3616467707376798,13.091904169919621,12.92391243868049,13.095206294037295,486604.1773357416
False,False,2025-12-17,1250000.0,33.81939061,-118.02449602,2427.0,688 - Rancho Cucamonga,True,5.0,0.0324,1965.0,3.0,Cypress,5.0,True,2.0,Two,0.95,False,2.0,Capistrano Unified,90630,50.0,8276.0,515.0391429748661,1.6666666666666667,60.0,0,485.4,0.29325761237312714,14.038654109278484,13.933293593620657,14.05891483680607,1275584.21159856
True,False,2025-12-18,210000.0,33.616719,-114.585853,1636.0,374 - Blythe,True,2.0,0.17,1961.0,2.0,Blythe,3.0,True,1.0,One,7405.0,False,2.0,Palo Verde Unified,92225,0.0,7405.0,128.36185819070906,1.5,64.0,0,545.3333333333334,0.22093180283592168,12.254862809699606,12.489070342979904,12.613271635713392,300520.61583531933
False,False,2025-12-17,1411000.0,33.75408,-118.318602,1947.0,167 - PV Dr East,False,2.0,0.1989999999999999,1964.0,2.0,Rancho Palos Verdes,4.0,True,1.0,One,8669.0,False,2.0,Palos Verdes Peninsula Unified,90275,0.0,8669.0,724.7046738572162,2.0,61.0,0,486.75,0.22459337870573307,14.15980923083495,14.438232971730155,14.340857611058732,1691045.6291696304
False,False,2025-12-11,500000.0,34.083234999999995,-117.337503,1097.0,273 - Colton,True,5.0,0.1901,1957.0,2.0,Colton,3.0,False,1.0,One,8280.0,False,2.0,Colton Unified,92324,0.0,8280.0,455.7885141294439,1.5,68.0,0,365.6666666666667,0.132487922705314,13.122363377404328,13.142166004700508,13.049661248422634,464938.88620807906
True,True,2025-12-03,980000.0,34.125417,-117.81675,1724.0,629 - Glendora,True,2.0,0.1753,1959.0,2.0,Glendora,4.0,True,1.0,One,7638.0,False,2.0,Glendora Unified,91740,0.0,7638.0,568.445475638051,2.0,66.0,0,431.0,0.22571353757528148,13.795307850646754,13.635169075296139,13.58525512804129,794330.6807636835
False,False,2025-12-08,940820.0,37.71531578,-121.40833899999998,2733.0,RM - Lynwood,True,2.0,0.2085,2021.0,4.0,Tracy,4.0,False,1.0,One,9081.0,True,2.0,Other,95304,0.0,9081.0,344.24442005122575,1.0,4.0,0,683.25,0.3009580442682524,13.754507114403943,13.68482817589707,14.013636398956958,1219115.7989114476
True,False,2025-12-03,5896000.0,37.82393989,-122.22658007,4692.0,699 - Not Defined,False,2.0,0.2761,1928.0,6.0,Piedmont,6.0,True,2.0,Two,12027.0,False,0.0,Los Banos Unified,94611,0.0,12027.0,1256.6069906223358,1.0,97.0,0,782.0,0.39012222499376403,15.58978471285131,14.128493142202753,14.86806571058217,2864962.1892721746
False,False,2025-12-11,935000.0,34.188385,-119.205046,2594.0,VC33 - Oxnard - Southwest / Port Huenem,True,3.0,0.17,1969.0,3.0,Oxnard,4.0,True,2.0,Two,7405.0,False,3.0,Merced Union,93035,0.0,7405.0,360.4471858134155,1.3333333333333333,56.0,0,648.5,0.350303848750844,13.748301808270824,14.077874822431765,14.248397762568874,1541702.3139707847
False,False,2025-12-29,382000.0,34.855965000000005,-118.196816,1041.0,ROSA - Rosamond,True,2.0,0.1393,1992.0,2.0,Rosamond,3.0,True,1.0,One,6068.4,False,2.0,Kern Union,93560,0.0,6068.4,366.954851104707,1.5,33.0,0,347.0,0.1715443939094325,12.853175887588712,13.005829561148378,12.833827679284228,374680.0269624089
True,False,2025-12-11,800000.0,34.017117,-117.935631,1408.0,633 - Industry/La Puente/Valinda,True,2.0,0.1611,1956.0,2.0,La Puente,4.0,False,1.0,One,7019.0,False,0.0,Rowland Unified,91744,0.0,7019.0,568.1818181818181,2.0,69.0,0,352.0,0.20059837583701381,13.592367006650065,13.547631112808673,13.545945874931322,763711.878724067
False,False,2025-12-03,1150000.0,37.37491811,-121.82428416,1507.0,699 - Not Defined,False,2.0,0.2132,1952.0,2.0,San Jose,3.0,True,1.0,One,9288.0,False,2.0,Other,95127,137.0,9288.0,763.105507631055,1.5,73.0,0,502.3333333333333,0.1622523686477175,13.955272500339433,13.972514306773938,13.909301251492863,1098329.834314954
False,False,2025-12-09,1181000.0,37.82860917,-122.25436511,1186.0,APPV - Apple Valley,True,2.0,0.0768,1912.0,1.0,Oakland,2.0,True,1.0,One,3344.0,False,1.0,Pleasanton,94611,0.0,3344.0,995.7841483979764,2.0,113.0,0,593.0,0.3546650717703349,13.981872095179499,14.128493142202753,13.84251583457653,1027373.2237993304
False,False,2025-12-12,840000.0,37.94026213,-121.7320445,2607.0,92130 - Carmel Valley,True,2.0,0.1419,1997.0,3.0,Brentwood,5.0,True,1.0,ThreeOrMore,6180.0,False,2.0,Palmdale,94513,0.0,6180.0,322.20943613348675,1.6666666666666667,28.0,0,521.4,0.42184466019417477,13.641157170819497,13.591116224748411,13.665629496854967,860810.3541652111
False,False,2025-12-10,570000.0,34.643131,-120.441632,1242.0,LOMP - Lompoc,False,2.0,0.14,1959.0,2.0,Lompoc,3.0,True,1.0,One,6098.0,False,2.0,Lompoc Unified,93436,0.0,6098.0,458.9371980676328,1.5,66.0,0,414.0,0.20367333551984257,13.253391639810733,13.315443355929407,13.222060725821438,552418.2434792664
True,False,2025-12-05,970000.0,33.03633125,-117.05390699,1418.0,92128 - Rancho Bernardo,False,3.0,2.9558,1980.0,2.0,San Diego,2.0,True,1.0,One,128753.0,False,2.0,Newport Mesa Unified,92128,370.0,128753.0,684.0620592383639,1.0,45.0,0,709.0,0.0110133356115974,13.785051350479566,13.983960916083914,13.735677238121038,923270.2243878116
False,False,2025-12-02,880000.0,34.427498,-118.564224,2147.0,VALB - Valencia Bridgeport,True,0.0,0.0735,2001.0,3.0,Valencia,3.0,False,2.0,Two,3200.0,False,2.0,Perris Union High,91355,288.0,3200.0,409.8742431299487,1.0,24.0,0,715.6666666666666,0.6709375,13.687677186454389,13.697852514496041,13.722932463644396,911578.0191192395
False,False,2025-12-18,990000.0,37.707791,-122.459939,1800.0,VC45 - Mission Oaks,True,1.0,0.0902,1927.0,2.0,Daly City,4.0,False,2.0,Two,3927.0,False,1.0,Jefferson,94014,0.0,3927.0,550.0,2.0,98.0,0,450.0,0.45836516424751717,13.805460222110773,13.9108207377686,13.898170971810034,1086172.8966362856
True,True,2025-12-09,900000.0,33.922823,-117.994889,1480.0,M3 - La Mirada,True,2.0,0.144,1964.0,2.0,La Mirada,3.0,True,1.0,One,6272.0,False,2.0,Norwalk - La Mirada,90638,0.0,6272.0,608.1081081081081,1.5,61.0,0,493.3333333333333,0.23596938775510204,13.710150042306449,13.709037694795391,13.641365810923622,840175.2759716281
False,False,2025-12-15,1054000.0,33.143912,-117.212654,1826.0,92078 - San Marcos,True,2.0,0.14,2011.0,3.0,San Marcos,3.0,False,2.0,Two,0.14,False,2.0,San Marcos Unified,92078,177.0,6098.4,577.2179627601314,1.0,14.0,0,608.6666666666666,0.2994227994227994,13.868103008083445,14.075178214680975,13.957793636706635,1152902.9646695482
False,True,2025-12-15,1200000.0,36.831541,-119.604166,3648.0,607 - Azusa,True,4.0,2.16,2001.0,4.0,Fresno,5.0,True,1.0,One,94090.0,False,4.0,Clovis Unified,93619,150.0,94090.0,328.94736842105266,1.25,24.0,0,729.6,0.03877138909554682,13.997832114758229,13.392361377937213,14.008134031112313,1212426.1965449827
False,False,2025-12-18,1125000.0,34.029375,-118.420928,1076.0,C13 - Palms - Mar Vista,True,1.0,0.1207,1940.0,2.0,Los Angeles,2.0,False,1.0,One,5256.0,False,1.0,Murrieta,90034,4995.0,5256.0,1045.5390334572492,1.0,85.0,0,538.0,0.20471841704718416,13.933293593620657,14.291744736960645,14.018120290298302,1224594.4553572247
False,False,2025-12-17,925000.0,33.871027000000005,-118.035187,1085.0,RA - Cerritos North of 91 Frwy,True,2.0,0.1301,1970.0,2.0,Cerritos,2.0,True,1.0,One,5669.0,False,2.0,ABC Unified,90703,130.0,5669.0,852.5345622119816,1.0,55.0,0,542.5,0.1913917798553537,13.737549016494562,14.01436141670944,13.709725280036942,899617.7951362937
True,False,2025-12-26,1352500.0,33.02611954,-117.0733989,2808.0,92128 - Rancho Bernardo,True,4.0,0.1651,1971.0,3.0,San Diego,3.0,True,1.0,One,5002.0,False,2.0,Chino Valley Unified,92128,487.0,6534.0,481.65954415954417,1.0,54.0,0,936.0,0.4297520661157025,14.117465289702773,13.983960916083914,14.207999697315831,1480661.7842466123
True,False,2025-12-31,205000.0,38.959993,-122.637047,960.0,LCCLE - Clearlake  East,True,0.0,0.28,1975.0,2.0,Clearlake,2.0,False,1.0,One,12197.0,False,0.0,Konocti Unified,95422,0.0,12197.0,213.54166666666663,1.0,50.0,0,480.0,0.07870787898663606,12.230765258120545,12.524526376648708,12.413047544772162,245990.33973466617
True,False,2025-12-12,820000.0,34.176079,-118.456489,1122.0,VN - Van Nuys,True,2.0,0.136,1950.0,2.0,Van Nuys,3.0,True,1.0,One,5923.0,False,2.0,Rowland Unified,91411,0.0,5923.0,730.8377896613191,1.5,75.0,0,374.0,0.1894310315718386,13.617059619240436,13.961752072660685,13.779850090429472,964967.8757892651
True,False,2025-12-18,717750.0,34.081768,-117.607632,1734.0,686 - Ontario,True,2.0,0.1663,1978.0,3.0,Ontario,4.0,True,2.0,Two,7245.0,False,2.0,Ontario-Montclair,91764,0.0,7245.0,413.9273356401384,1.3333333333333333,47.0,0,433.5,0.23933747412008283,13.48387659798331,13.414286165238757,13.418199909668587,672125.1986510145
True,False,2025-12-23,845000.0,33.853763,-118.009889,1045.0,82 - Buena Park,True,2.0,0.1377,1959.0,1.0,Buena Park,3.0,False,1.0,One,6000.0,False,2.0,Anaheim Union High,90620,0.0,6000.0,808.6124401913876,3.0,66.0,0,348.3333333333333,0.17416666666666666,13.64709190633931,13.741593969296583,13.522280001206038,745850.160077299
True,True,2025-12-22,525000.0,37.330935,-120.457613,2100.0,269 - Yucaipa/Calimesa/Oak Glen,True,2.0,0.26,1991.0,2.0,Merced,4.0,True,1.0,One,0.26,False,2.0,Merced Union,95340,0.0,11325.6,250.0,2.0,34.0,0,525.0,0.1854206399660945,13.17115354157376,12.934827526010142,13.062391630018084,470895.5706348654
False,False,2025-12-03,1352000.0,33.02517797,-117.11238254,1908.0,92127 - Rancho Bernardo,True,4.0,0.17,2005.0,3.0,San Diego,3.0,False,2.0,Two,5663.0,False,2.0,Brea-Olinda Unified,92127,163.0,7303.0,708.5953878406708,1.0,20.0,0,636.0,0.26126249486512393,14.117095535585046,14.53335035111459,14.349807939662831,1706248.9792318481
True,False,2025-12-23,825000.0,34.428928000000006,-118.509498,2174.0,RVLG - River Village,True,2.0,0.6964,2017.0,3.0,Saugus,4.0,False,2.0,Two,30337.0,False,2.0,William S. Hart Union,91350,175.0,30337.0,379.4848206071757,1.3333333333333333,8.0,0,543.5,0.07166166727098922,13.623138665316818,13.652991628466498,13.826170022587776,1010716.479117782
True,True,2025-12-05,970000.0,33.86182,-117.559562,2630.0,248 - Corona,True,3.0,0.24,1967.0,3.0,Corona,5.0,True,2.0,Two,10454.0,False,3.0,Corona-Norco Unified,92879,0.0,10454.0,368.8212927756654,1.6666666666666667,58.0,0,526.0,0.251578343217907,13.785051350479566,13.500799813124575,13.69030697626528,882317.2606523354
True,False,2025-12-15,1450000.0,32.725584999999995,-117.128566,2090.0,92101 - San Diego Downtown,False,0.0,0.2677,1975.0,4.0,San Diego,3.0,True,2.0,Two,11663.0,False,0.0,San Diego Unified,92102,0.0,11663.0,693.7799043062201,0.75,50.0,0,696.6666666666666,0.1791991768841636,14.187074114396758,13.623138665316818,13.78184732211782,966897.0660877433
True,False,2025-12-17,1230000.0,37.81462019,-122.20550804,1317.0,LAC - Lancaster,True,2.0,0.1477,1951.0,2.0,Oakland,3.0,True,1.0,One,6432.0,False,2.0,Oakland,94602,100.0,6432.0,933.9407744874716,1.5,74.0,0,439.0,0.20475746268656717,14.0225247273486,13.92839261528267,13.830825909578836,1015433.2326397069
True,False,2025-12-15,2203888.0,37.81500769,-121.89486433,3143.0,683 - Claremont,True,3.0,0.2018,1986.0,3.0,Danville,4.0,True,2.0,Two,8790.0,False,3.0,San Ramon Valley,94506,199.0,8790.0,701.2052179446389,1.3333333333333333,39.0,0,785.75,0.3575654152445961,14.605733631266816,14.68050799545088,14.63979122082581,2280239.9139826656
False,False,2025-12-23,755000.0,33.24248884,-117.29708532,1100.0,92057 - Oceanside,True,4.0,0.2286,1986.0,2.0,Oceanside,3.0,False,1.0,One,3300.0,False,2.0,Rim of the World,92057,205.0,6800.0,686.3636363636364,1.5,39.0,0,366.6666666666667,0.16176470588235295,13.534473028231162,13.681979165339751,13.442367801380987,688566.9283652593
True,False,2025-12-23,965000.0,34.12604,-117.568726,1975.0,688 - Rancho Cucamonga,True,3.0,0.1791,1988.0,3.0,Rancho Cucamonga,4.0,True,2.0,Two,7800.0,False,3.0,Chaffey Joint Union High,91701,0.0,7800.0,488.6075949367088,1.3333333333333333,37.0,0,493.75,0.2532051282051282,13.779883380321124,13.654166717138976,13.713654015773976,903159.1076031383
False,False,2025-12-23,850000.0,33.865894,-118.143429,1224.0,"21 - Crest Gardens, Mayfair, Signature",False,2.0,0.1186,1947.0,2.0,Lakewood,3.0,True,1.0,One,5168.0,False,2.0,Paramount Unified,90712,0.0,5168.0,694.4444444444445,1.5,78.0,0,408.0,0.23684210526315788,13.652991628466498,13.671639520838347,13.612926560307528,816617.8857283051
False,True,2025-12-05,1405000.0,34.171352,-118.435929,1496.0,SO - Sherman Oaks,False,2.0,0.1668,1951.0,2.0,Sherman Oaks,3.0,True,1.0,One,7265.0,False,2.0,Los Angeles Unified,91401,0.0,7265.0,939.1711229946524,1.5,74.0,0,498.6666666666667,0.20591878871300756,14.155547860749984,14.070122729163781,13.973539518511442,1171200.1128126343
True,False,2025-12-12,850000.0,34.259696000000005,-118.599217,1664.0,CHT - Chatsworth,True,2.0,0.1263,1964.0,2.0,Chatsworth,4.0,True,2.0,Two,5500.0,False,2.0,Los Angeles Unified,91311,0.0,5500.0,510.8173076923077,2.0,61.0,0,416.0,0.30254545454545456,13.652991628466498,13.944283046980045,13.839141208458024,1023912.0666252108
True,False,2025-12-11,700000.0,33.562788,-117.164473,1808.0,SRCAR - Southwest Riverside County,True,2.0,0.0,1988.0,3.0,Murrieta,3.0,True,2.0,Two,0.17,False,2.0,Murrieta,92563,0.0,0.17,387.16814159292034,1.0,37.0,0,602.6666666666666,10635.294117647058,13.458835614025542,13.458835614025542,13.370000912088683,640497.7657924261
True,True,2025-12-10,3700000.0,33.813323,-117.810301,5100.0,73 - Villa Park,True,4.0,0.4592,1976.0,6.0,Villa Park,5.0,True,1.0,"Two,One",20001.0,False,4.0,Orange Unified,92861,0.0,20001.0,725.4901960784314,0.8333333333333334,49.0,0,1020.0,0.25498725063746813,15.123843377614453,14.637490610367188,15.293259108672489,4383066.3120987965
True,False,2025-12-09,750000.0,34.42112,-118.47503799999998,1560.0,CAN1 - Canyon Country 1,True,2.0,0.1393,1961.0,2.0,Canyon Country,5.0,True,1.0,One,6070.0,False,2.0,William S. Hart Union,91351,0.0,6070.0,480.7692307692308,2.5,64.0,0,312.0,0.257001647446458,13.527828485512494,13.527828485512494,13.499363950596056,728952.5725150772
False,True,2025-12-05,1250000.0,33.829014,-117.847678,1637.0,"72 - Orange & Garden Grove, E of Harbor, N of 22 F",True,2.0,0.2704,1963.0,2.0,Orange,4.0,True,1.0,One,11780.0,False,2.0,Orange Unified,92865,0.0,11780.0,763.5919364691509,2.0,62.0,0,409.25,0.13896434634974533,14.038654109278484,13.913540599416507,13.840449851823735,1025252.8794898507
False,False,2025-12-18,1610000.0,37.88328242,-122.28589157,1744.0,VC33 - Oxnard - Southwest / Port Huenem,True,2.0,0.0606,1927.0,2.0,Albany,3.0,True,2.0,Two,2640.0,False,2.0,Los Angeles Unified,94706,126.0,2640.0,923.1651376146788,1.5,98.0,0,581.3333333333334,0.6606060606060606,14.291744736960645,14.180153671552183,14.19436466039047,1460609.9207536173
True,False,2025-12-17,1170000.0,34.153573,-117.667111,3126.0,690 - Upland,True,3.0,0.3696,1957.0,3.0,Upland,5.0,True,1.0,One,16100.0,False,0.0,Upland,91784,0.0,16100.0,374.2802303262956,1.6666666666666667,68.0,0,625.2,0.19416149068322983,13.972514306773938,13.815510557964274,14.181121159389994,1441393.8566473993
True,False,2025-12-03,780000.0,34.035183,-117.963541,1137.0,633 - Industry/La Puente/Valinda,True,6.0,0.144,1955.0,2.0,La Puente,4.0,True,1.0,One,6272.0,False,1.0,Hacienda La Puente Unified,91744,0.0,6272.0,686.0158311345647,2.0,70.0,0,284.25,0.18128188775510204,13.567049198665774,13.547631112808673,13.507566356116907,734956.3260702319
False,False,2025-12-24,780000.0,32.55747674,-117.06691393,1302.0,92154 - Otay Mesa,True,4.0,0.2505,1983.0,3.0,San Diego,4.0,False,1.0,One,5950.0,False,0.0,Corona-Norco Unified,92154,0.0,89733.0,599.0783410138249,1.3333333333333333,42.0,0,325.5,0.014509712146033232,13.567049198665774,13.579788224443204,13.482876171318907,717032.3028231798
True,False,2025-12-11,2343525.0,33.896431,-118.414955,2184.0,142 - Manhattan Bch Sand,True,3.0,0.031,1963.0,4.0,Manhattan Beach,3.0,True,1.0,ThreeOrMore,1351.0,False,2.0,Manhattan Unified,90266,0.0,1351.0,1073.0425824175825,0.75,62.0,0,728.0,1.616580310880829,14.667166764092563,15.040754419423045,14.822834301479864,2738262.9062073566
False,False,2025-12-11,790000.0,34.192724,-119.217026,1447.0,VC33 - Oxnard - Southwest / Port Huenem,True,2.0,0.13,1975.0,2.0,Oxnard,3.0,True,1.0,One,5662.0,False,2.0,Fontana Unified,93035,155.0,5662.0,545.9571527297858,1.5,50.0,0,482.3333333333333,0.2555634051571883,13.579788224443204,14.077874822431765,13.892013033240127,1079504.862406178
False,False,2025-12-02,1120000.0,33.725374,-118.04476,1279.0,17 - Northwest Huntington Beach,True,2.0,0.1423,1963.0,2.0,Huntington Beach,4.0,True,1.0,One,6200.0,False,2.0,Huntington Beach Union High,92649,0.0,6200.0,875.6841282251759,2.0,62.0,0,319.75,0.20629032258064517,13.928839243271277,14.330128979968961,14.06143934401471,1278808.5012948562
True,True,2025-12-30,975000.0,34.270207,-118.522946,1572.0,GH - Granada Hills,True,1.0,0.2028,1962.0,2.0,Granada Hills,3.0,False,1.0,One,8833.0,False,1.0,Los Angeles Unified,91344,0.0,8833.0,620.2290076335878,1.5,63.0,0,524.0,0.17796897996150798,13.790192749979985,13.892471599100402,13.772988142780681,958368.983263474
True,False,2025-12-10,760000.0,37.98837847,-122.0961529,1268.0,14 - South Huntington Beach,True,2.0,0.1561,1969.0,2.0,Martinez,3.0,True,1.0,One,6800.0,False,2.0,Moreno Valley Unified,94553,235.0,6800.0,599.3690851735016,1.5,56.0,0,422.6666666666667,0.1864705882352941,13.541073712262515,13.604789526648622,13.522029653639944,745663.4616757728
True,False,2025-12-15,400000.0,37.77667379,-122.21938185,1120.0,92154 - Otay Mesa,False,0.0,0.1004,1919.0,1.0,Oakland,2.0,True,1.0,One,4375.0,False,0.0,Irvine Unified,94601,0.0,4375.0,357.1428571428572,2.0,106.0,0,560.0,0.256,12.89921982609012,13.269057756555132,13.16418326431742,521353.3283609933
True,False,2025-12-19,620000.0,34.044923,-117.643387,976.0,686 - Ontario,True,1.0,0.254,1959.0,1.0,Ontario,2.0,False,1.0,One,11065.0,False,1.0,Chaffey Joint Union High,91761,0.0,11065.0,635.2459016393443,2.0,66.0,0,488.0,0.08820605512878446,13.337474757021274,13.532323657186438,13.326687208602857,613347.6656814128
False,False,2025-12-17,1570000.0,34.089899,-118.26993,1584.0,C21 - Silver Lake - Echo Park,True,3.0,0.1344,1937.0,2.0,Los Angeles,2.0,True,1.0,One,5855.0,False,2.0,Sweetwater Union,90026,0.0,5855.0,991.1616161616162,1.0,88.0,0,792.0,0.27053800170794196,14.266586177324491,14.237504968023648,14.169469933554838,1424697.307817498
True,False,2025-12-15,367000.0,36.769965,-119.811674,1406.0,131 - West Torrance,False,2.0,0.1749,1941.0,1.0,Fresno,2.0,True,1.0,One,7620.0,False,2.0,Fresno Unified,93704,0.0,7620.0,261.02418207681364,2.0,84.0,0,703.0,0.18451443569553805,12.813117127036707,12.981897589863527,12.855064192185282,382722.01383236866
False,False,2025-12-02,760000.0,32.712506,-116.990011,1080.0,91977 - Spring Valley,True,0.0,0.17,1972.0,2.0,Spring Valley,3.0,False,1.0,One,0.17,False,0.0,La Mesa-Spring Valley,91977,0.0,7405.2,703.7037037037037,1.5,53.0,0,360.0,0.14584346135148274,13.541073712262515,13.592367006650065,13.450349358689563,694084.7559002871
True,False,2025-12-10,586500.0,34.053147,-117.168811,1020.0,268 - Redlands,True,2.0,0.146,1952.0,1.0,Redlands,2.0,True,1.0,One,6359.0,False,0.0,Redlands Unified,92374,0.0,6359.0,575.0,2.0,73.0,0,510.0,0.16040257902185878,13.281927947075667,13.299666780812677,13.07725694535447,477947.8692379611
False,False,2025-12-26,1245000.0,32.8234882,-117.22047123,1597.0,92117 - Clairemont Mesa,True,4.0,0.1951,1979.0,2.0,San Diego,3.0,False,2.0,Two,40511.0,False,2.0,Rim of the World,92117,320.0,19788.0,779.5867251095805,1.5,46.0,0,532.3333333333334,0.08070547806751567,14.034646087880946,13.964016766263498,13.838801280968228,1023564.0699168063
False,False,2025-12-18,625000.0,34.443526,-119.284222,1230.0,VC11 - Ojai,False,1.0,0.17,1955.0,1.0,Ojai,2.0,True,1.0,One,7405.0,False,1.0,Other,93023,0.0,7405.0,508.130081300813,2.0,70.0,0,615.0,0.1661039837947333,13.345506928718539,13.983564142960525,13.79232985079069,977085.901387317
False,False,2025-12-23,1100000.0,34.155294,-118.3809,1950.0,NHO - North Hollywood,False,1.0,0.1842,1946.0,3.0,North Hollywood,3.0,True,1.0,One,8024.0,False,1.0,Los Angeles Unified,91602,0.0,8024.0,564.1025641025641,1.0,79.0,0,650.0,0.2430209371884347,13.9108207377686,14.48333993053993,14.436007191968931,1859851.478010054
True,False,2025-12-18,1291000.0,33.72184,-117.978769,2224.0,16 - Fountain Valley / Northeast HB,True,4.0,0.1449,1960.0,3.0,Huntington Beach,5.0,True,1.0,One,6310.0,False,2.0,Huntington Beach Union High,92647,0.0,6310.0,580.4856115107914,1.6666666666666667,65.0,0,444.8,0.3524564183835182,14.07092766982878,14.080942316715522,14.161971129047059,1414053.7381233976
True,False,2025-12-17,731500.0,34.130155,-117.613264,1342.0,688 - Rancho Cucamonga,True,2.0,0.1614,1971.0,2.0,Rancho Cucamonga,4.0,False,1.0,One,7029.0,False,2.0,Chaffey Joint Union High,91701,0.0,7029.0,545.0819672131148,2.0,54.0,0,335.5,0.19092331768388107,13.502852499442316,13.654166717138976,13.569650195111558,782031.4179378869
False,False,2025-12-10,800000.0,32.78926445,-116.93501828,1459.0,92019 - El Cajon,True,6.0,0.1377,1959.0,2.0,El Cajon,3.0,False,1.0,One,6000.0,False,2.0,Konocti Unified,92019,1198.0,6000.0,548.3207676490747,1.5,66.0,0,486.3333333333333,0.24316666666666667,13.592367006650065,13.773646353865574,13.69447360655395,886001.219993365
True,False,2025-12-08,2238000.0,37.56178393,-122.31021892,1650.0,699 - Not Defined,True,1.0,0.1112,1941.0,2.0,San Mateo,3.0,False,2.0,One,4845.0,False,1.0,Other,94402,0.0,4845.0,1356.3636363636365,1.5,84.0,0,550.0,0.34055727554179566,14.621093167854008,14.777515526790612,14.600342129576626,2192037.708262608
False,False,2025-12-19,1445000.0,33.995843,-118.44565,1160.0,C11 - Venice,True,4.0,0.1342,1952.0,2.0,Los Angeles,3.0,False,1.0,One,5846.0,False,2.0,Los Angeles Unified,90066,0.0,5846.0,1245.6896551724135,1.5,73.0,0,386.6666666666667,0.19842627437564148,14.183619879528669,14.628660530918916,14.350954677767186,1708206.7222465693
True,False,2025-12-17,895000.0,34.091699,-118.221077,1000.0,CYPK - Cypress Park,True,1.0,0.0587,1923.0,1.0,Los Angeles,2.0,False,1.0,One,2557.0,False,2.0,Fullerton Joint Union High,90065,0.0,2557.0,895.0,2.0,102.0,0,500.0,0.39108330074305825,13.704578997256993,14.050977780915009,13.712271591161924,901911.4208393386
True,False,2025-12-04,1000000.0,33.982843,-117.718621,2230.0,682 - Chino Hills,True,2.0,0.2066,1978.0,3.0,Chino Hills,4.0,True,2.0,Two,9000.0,False,2.0,Chino Valley Unified,91709,0.0,9000.0,448.4304932735426,1.3333333333333333,47.0,0,557.5,0.2477777777777778,13.815510557964274,13.901688254205327,13.93663904847481,1128769.9392756282
True,False,2025-12-08,875000.0,32.63021047,-117.05610942,1355.0,91910 - Chula Vista,True,4.0,0.1187,1956.0,2.0,Chula Vista,4.0,False,1.0,One,10846.0,False,2.0,San Diego Unified,91910,345.0,5600.0,645.7564575645756,2.0,69.0,0,338.75,0.24196428571428572,13.681979165339751,13.710150042306449,13.653897432784769,850770.2824804607
True,False,2025-12-15,1851375.0,32.816241999999995,-117.226683,2006.0,92109 - Pacific Beach,True,2.0,0.98,1963.0,2.0,San Diego,4.0,True,1.0,One,0.98,False,2.0,San Diego Unified,92109,0.0,42688.8,922.918743768694,2.0,62.0,0,501.5,0.046991248289949585,14.431439164229273,14.508657738524219,14.541646522972448,2067077.894933456
False,False,2025-12-02,3126000.0,34.049674,-118.399815,1928.0,C09 - Beverlywood Vicinity,True,4.0,0.1582,1950.0,2.0,Los Angeles,3.0,True,1.0,One,6893.0,False,2.0,El Rancho Unified,90035,919.87,6893.0,1621.369294605809,1.5,75.0,0,642.6666666666666,0.279704047584506,14.95526478996356,14.626440774180603,14.561243715322766,2107986.35428429
True,True,2025-12-12,1950000.0,32.830009999999994,-117.225466,2375.0,92117 - Clairemont Mesa,True,5.0,0.1492,1974.0,3.0,Clairemont Mesa,5.0,True,1.0,MultiSplit,6500.0,False,2.0,San Diego Unified,92117,0.0,6500.0,821.0526315789474,1.6666666666666667,51.0,0,475.0,0.36538461538461536,14.48333993053993,13.964016766263498,14.08990264012602,1315730.575607708
False,False,2025-12-12,2300000.0,33.7024,-117.805093,3360.0,TF - Tustin Field,True,7.0,0.1743,2005.0,4.0,Tustin,4.0,True,2.0,Two,7592.0,False,3.0,Irvine Unified,92782,200.0,7592.0,684.5238095238095,1.0,20.0,0,840.0,0.44257112750263433,14.648419680899378,14.43804873756645,14.615419274256787,2225337.7821374685
True,False,2025-12-11,1075000.0,33.777274,-118.162413,1144.0,"3 - Eastside, Circle Area",False,1.0,0.1163,1911.0,2.0,Long Beach,3.0,False,1.0,One,5066.0,False,1.0,Long Beach Unified,90804,0.0,5066.0,939.6853146853148,1.5,114.0,0,381.3333333333333,0.2258191867350967,13.8878312195439,13.59698429341125,13.535816823795093,756015.2476406293
True,True,2025-12-19,755000.0,34.040461,-117.961811,1489.0,633 - Industry/La Puente/Valinda,False,2.0,0.143,1960.0,3.0,La Puente,3.0,False,1.0,One,6230.0,False,2.0,Los Angeles Unified,91744,0.0,6230.0,507.0517125587643,1.0,65.0,0,496.3333333333333,0.2390048154093098,13.534473028231162,13.547631112808673,13.559244329771287,773935.8978069517
False,False,2025-12-16,1030000.0,32.75885111,-117.14458868,814.0,92116 - Normal Heights,True,1.0,0.0748,1928.0,1.0,San Diego,2.0,True,1.0,One,3258.0,False,1.0,Perris Union High,92116,220.0,3258.0,1265.356265356265,2.0,97.0,0,407.0,0.24984653161448742,13.845069360205818,14.115615150414612,13.628304791009725,829273.0818319343
True,False,2025-12-29,429510.0,39.780773,-121.598067,1509.0,M3 - La Mirada,True,2.0,0.36,2021.0,2.0,Paradise,3.0,False,1.0,One,15682.0,False,2.0,Paradise Unified,95969,0.0,15682.0,284.63220675944336,1.5,4.0,0,503.0,0.09622497130468052,12.970400303022483,12.89921982609012,12.933532995127322,413963.46293278865
False,False,2025-12-08,669000.0,33.919994,-117.995512,1325.0,M3 - La Mirada,True,4.0,0.1021,1971.0,2.0,La Mirada,3.0,True,1.0,One,4446.0,False,2.0,Whittier Union High,90638,276.0,4446.0,504.9056603773585,1.5,54.0,0,441.6666666666667,0.29802069275753484,13.413539339110365,13.709037694795391,13.557134757548235,772304.9450456882
True,False,2025-12-23,382500.0,34.589129,-117.43893,1560.0,ADL - Adelanto,True,2.0,0.1643,2006.0,2.0,Adelanto,4.0,True,1.0,One,7157.0,False,2.0,Victor Valley Union High,92301,0.0,7157.0,245.19230769230768,2.0,19.0,0,390.0,0.21796842252340365,12.854483932248728,12.907924856844918,12.90284412808173,401452.35108632443
True,False,2025-12-26,875000.0,34.248789,-117.191529,2200.0,287A - Arrowhead Woods,True,0.0,0.2112,1969.0,3.0,Lake Arrowhead,5.0,True,1.0,ThreeOrMore,9200.0,False,0.0,Rim of the World,92352,0.0,9200.0,397.7272727272728,1.6666666666666667,56.0,0,440.0,0.2391304347826087,13.681979165339751,13.412043452518782,13.48393438487013,717791.4777364379
True,False,2025-12-26,1215000.0,32.98113628,-117.06992295,1650.0,92128 - Rancho Bernardo,True,4.0,4.7552,1989.0,3.0,San Diego,3.0,True,2.0,Two,207136.0,False,2.0,Corona-Norco Unified,92128,263.0,207136.0,736.3636363636364,1.0,36.0,0,550.0,0.007965780936196508,14.010254634756786,13.983960916083914,13.889583959119857,1076885.8472609262
True,False,2025-12-16,1130000.0,33.15380756,-117.33405099,1826.0,92008 - Carlsbad,True,4.0,0.1745,1961.0,2.0,Carlsbad,3.0,False,1.0,One,7600.0,False,2.0,Temecula Unified,92008,0.0,7600.0,618.8389923329682,1.5,64.0,0,608.6666666666666,0.24026315789473685,13.937728190688523,14.403297222866392,14.326788931289899,1667421.4201103093
True,False,2025-12-16,2495000.0,34.003981,-118.437295,1556.0,C13 - Palms - Mar Vista,False,2.0,0.0943,1924.0,4.0,Los Angeles,3.0,True,1.0,One,4108.0,False,0.0,Victor Valley Unified,90066,270.0,4108.0,1603.4704370179948,0.75,101.0,0,518.6666666666666,0.37877312560856863,14.729799287167756,14.628660530918916,14.471360123550227,1926778.7471510195
False,False,2025-12-24,760000.0,33.618605,-117.110565,2821.0,SRCAR - Southwest Riverside County,True,3.0,0.18,2017.0,3.0,Winchester,4.0,True,2.0,Two,7841.0,False,3.0,Perris Union High,92596,32.0,7841.0,269.4080113434952,1.3333333333333333,8.0,0,705.25,0.35977553883433233,13.541073712262515,13.337474757021274,13.418714139613048,672470.9144356736
True,False,2025-12-24,1150000.0,34.047641,-118.133903,1355.0,641 - Monterey Park,True,2.0,0.3881,1953.0,2.0,Monterey Park,3.0,True,1.0,One,16906.0,False,2.0,Alhambra,91754,0.0,16906.0,848.7084870848709,1.5,72.0,0,451.6666666666667,0.08014905950550101,13.955272500339433,13.764217263576723,13.703412893401161,893956.9453222671
True,False,2025-12-12,710500.0,33.203978,-117.35835,1176.0,92054 - Oceanside,True,2.0,0.2089,1960.0,2.0,Oceanside,3.0,False,1.0,One,9100.0,False,2.0,Oceanside Unified,92054,0.0,9100.0,604.1666666666666,1.5,65.0,0,392.0,0.12923076923076923,13.473724226519293,14.09692301740246,13.881226071145559,1067922.863968724
False,False,2025-12-30,745000.0,34.069922,-117.980947,1546.0,608 - Baldwin Pk/Irwindale,True,2.0,0.0614,1985.0,3.0,Baldwin Park,3.0,True,2.0,Two,2675.0,False,2.0,Baldwin Park Unified,91706,144.0,2675.0,481.888745148771,1.0,40.0,0,515.3333333333334,0.5779439252336449,13.521139497361697,13.527828485512494,13.37568838273915,644150.9568980838
True,False,2025-12-08,700000.0,33.34026,-117.149262,1691.0,92028 - Fallbrook,True,2.0,0.0624,2023.0,3.0,Fallbrook,3.0,False,2.0,Two,2718.0,False,2.0,Bonsall Unified,92028,261.0,2718.0,413.9562389118864,1.0,2.0,0,563.6666666666666,0.6221486387049301,13.458835614025542,13.681979165339751,13.562758654092582,776660.5443974044
True,False,2025-12-12,2235000.0,33.09770068,-117.27912345,3278.0,92011 - Carlsbad,True,5.0,0.1577,1992.0,4.0,Carlsbad,4.0,True,2.0,Two,6868.0,False,3.0,Long Beach Unified,92011,133.0,6868.0,681.8181818181819,1.0,33.0,0,819.5,0.4772859638905067,14.619751786029806,14.406071149749119,14.597878506753714,2186644.0008941987
True,False,2025-12-26,1270000.0,37.58801866,-122.07730982,1432.0,619 - El Monte,True,2.0,0.118,1970.0,2.0,Union City,4.0,True,1.0,One,5140.0,False,2.0,Oroville Union,94587,0.0,5140.0,886.8715083798883,2.0,55.0,0,358.0,0.2785992217898833,14.054527458434775,14.117095535585046,13.956177441361634,1151041.153195598
True,False,2025-12-03,710000.0,37.99876881,-122.30355413,1479.0,LAC - Lancaster,True,5.0,0.3512,1964.0,2.0,Pinole,3.0,True,1.0,One,15300.0,False,2.0,West Contra Costa,94564,0.0,15300.0,480.05409060175793,1.5,61.0,0,493.0,0.09666666666666666,13.473020249017498,13.504212795659775,13.516559003544733,741595.33558127
False,False,2025-12-29,1310000.0,34.170961,-118.403877,1523.0,VVL - Valley Village,True,2.0,0.1694,1951.0,2.0,Valley Village,2.0,True,1.0,One,7377.0,False,2.0,Los Angeles Unified,91607,0.0,7377.0,860.1444517399868,1.0,74.0,0,761.5,0.2064524874610275,14.085537695177335,14.132142793443558,14.018787267176972,1225411.503990679
False,False,2025-12-08,880000.0,32.82885016,-117.18320256,1328.0,92117 - Clairemont Mesa,True,3.0,0.1263,1960.0,1.0,San Diego,3.0,False,1.0,One,5500.0,False,1.0,El Monte Union High,92117,65.0,5500.0,662.6506024096385,3.0,65.0,0,442.6666666666667,0.24145454545454545,13.687677186454389,13.964016766263498,13.721806469165944,910552.1649644773
False,False,2025-12-23,1350000.0,32.7593405,-117.0778131,2058.0,92115 - San Diego,True,3.0,0.1671,1970.0,3.0,San Diego,4.0,True,1.0,One,6004.0,False,0.0,Antelope Valley Union,92115,0.0,13939.0,655.9766763848396,1.3333333333333333,55.0,0,514.5,0.1476433029629098,14.115615150414612,13.748301808270824,13.853286310790189,1038498.326450171
True,False,2025-12-05,1430000.0,37.64873973,-122.47629915,1991.0,699 - Not Defined,True,2.0,0.1377,1955.0,3.0,Pacifica,4.0,True,1.0,One,6000.0,False,2.0,Other,94044,387.0,6000.0,718.232044198895,1.3333333333333333,70.0,0,497.75,0.3318333333333333,14.17318500223609,14.038654109278484,14.108409869648215,1340307.8302989074
True,False,2025-12-02,1930000.0,37.22049053,-121.88393355,1805.0,699 - Not Defined,True,2.0,0.1869,1978.0,2.0,San Jose,4.0,True,2.0,One,8140.0,False,2.0,San Jose Unified,95120,94.0,8140.0,1069.2520775623268,2.0,47.0,0,451.25,0.22174447174447173,14.473030560881067,14.622185682591283,14.508961892936407,2000608.4013436611
False,False,2025-12-03,2030000.0,37.80009737,-121.89821325,2851.0,699 - Not Defined,True,3.0,0.267,1996.0,3.0,Danville,5.0,True,1.0,One,11631.0,False,3.0,Other,94506,0.0,11631.0,712.0308663626797,1.6666666666666667,29.0,0,570.2,0.24512079786776717,14.52354635101797,14.68050799545088,14.601598529125495,2194793.5142845805
False,False,2025-12-05,5860000.0,37.56003493,-122.349111,4150.0,699 - Not Defined,True,4.0,0.4542,1957.0,5.0,Hillsborough,5.0,True,1.0,One,19787.0,False,4.0,Other,94010,385.0,19787.0,1412.0481927710844,1.0,68.0,0,830.0,0.2097336635164502,15.583660161553196,15.145220570031345,15.490191403092101,5337091.518465282
False,False,2025-12-09,1311000.0,34.110209999999995,-118.250016,1485.0,606 - Atwater,True,2.0,0.1515,1928.0,3.0,Los Angeles,3.0,True,1.0,One,6599.0,False,1.0,Upper Lake Union,90039,0.0,6599.0,882.8282828282828,1.0,97.0,0,495.0,0.2250340960751629,14.086300762745838,14.283164926819232,14.233383328349618,1518727.4350032897
False,False,2025-12-04,649000.0,34.398912,-117.429296,3075.0,OKH - Oak Hills,True,4.0,2.27,2006.0,3.0,Oak Hills,3.0,True,1.0,One,98881.0,False,4.0,Hesperia Unified,92344,0.0,98881.0,211.0569105691057,1.0,19.0,0,1025.0,0.031097986468583447,13.383187995686226,13.180613417425775,13.549241098734182,766232.6312262233
False,True,2025-12-11,424000.0,33.686371,-116.22466599999998,1301.0,314 - Indio South of East Valley,True,4.0,0.14,2003.0,2.0,Indio,2.0,True,1.0,One,6098.0,False,2.0,Other,92201,169.21,6098.0,325.90315142198307,1.0,22.0,0,650.5,0.21334863889799935,12.957488734214095,13.235692062711331,13.021343164910832,451957.38116498117
True,False,2025-12-23,372500.0,35.350995000000005,-119.02891,1867.0,BKSF - Bakersfield,True,2.0,0.1689,1962.0,2.0,Bakersfield,3.0,True,1.0,One,7356.0,False,2.0,Bakersfield City,93304,0.0,7356.0,199.51794322442424,1.5,63.0,0,622.3333333333334,0.2538064165307232,12.827992316801751,12.676076274775909,12.815270795286194,367791.24798455636
True,False,2025-12-15,1975000.0,37.77642376,-121.94246539,2373.0,26 - Lakewood East,True,2.0,0.172,1999.0,3.0,San Ramon,4.0,True,2.0,Two,7494.0,False,2.0,San Ramon Valley,94582,40.0,7494.0,832.2798145806995,1.3333333333333333,26.0,0,593.25,0.3166533226581265,14.496078956317358,14.516102044771095,14.496889072078018,1976600.6268862947
False,False,2025-12-16,785000.0,34.104242,-117.918026,1279.0,614 - Covina,False,2.0,0.1372,1955.0,2.0,Covina,3.0,True,1.0,One,5975.0,False,2.0,Azusa Unified,91722,0.0,5975.0,613.7607505863956,1.5,70.0,0,426.3333333333333,0.21405857740585774,13.573438996764546,13.592367006650065,13.552524925640224,768752.9424249762
False,False,2025-12-09,890000.0,33.958027,-117.706418,1702.0,682 - Chino Hills,True,2.0,0.1489,1998.0,3.0,Chino Hills,3.0,True,2.0,Two,6486.0,False,2.0,Chino Valley Unified,91709,0.0,6486.0,522.9142185663925,1.0,27.0,0,567.3333333333334,0.2624113475177305,13.698976741708323,13.901688254205327,13.753970280794551,940315.0717469672
True,False,2025-12-12,305000.0,38.959253,-122.734523,1608.0,LCCLR - Kelseyville Riviera,True,2.0,0.19,2006.0,2.0,Kelseyville,3.0,True,1.0,One,8276.0,False,2.0,Konocti Unified,95451,140.0,8276.0,189.6766169154229,1.5,19.0,0,536.0,0.19429676172063798,12.628067055589549,12.845288003152147,12.813040933906493,366972.0381864738
True,False,2025-12-12,3800000.0,37.51467439,-122.31806209,2806.0,699 - Not Defined,True,2.0,0.1611,1960.0,4.0,Belmont,5.0,True,2.0,One,7019.0,False,2.0,Other,94002,0.0,7019.0,1354.24091233072,1.25,65.0,0,561.2,0.39977204730018523,15.150511624696614,14.652758082497977,14.791480758459599,2653740.622884782
True,False,2025-12-12,1518000.0,37.70985613,-121.90509821,2376.0,92065 - Ramona,True,2.0,0.0515,2022.0,4.0,Dublin,4.0,False,2.0,ThreeOrMore,2242.0,False,2.0,Newport Mesa Unified,94568,167.0,2242.0,638.8888888888889,1.0,3.0,0,594.0,1.0597680642283676,14.232904236937712,14.288629462085328,14.38905283103093,1774541.843136327
False,False,2025-12-18,640000.0,34.16092039,-116.15175577,2860.0,SRCAR - Southwest Riverside County,True,10.0,1.0,1958.0,5.0,29 Palms,5.0,False,1.0,One,6499.0,False,0.0,Charter Oak Unified,92277,0.0,11631.0,223.7762237762238,1.0,67.0,0,572.0,0.24589459203851777,13.369223455335854,12.666637149787377,13.00253239612812,443535.1777733314
True,False,2025-12-05,875000.0,33.15600077,-117.11379687,1680.0,92026 - Escondido,True,4.0,0.1837,1975.0,2.0,Escondido,3.0,True,1.0,One,8000.0,False,2.0,San Luis Coastal Unified,92026,0.0,8000.0,520.8333333333334,1.5,50.0,0,560.0,0.21,13.681979165339751,13.709594177880103,13.667824268727042,862701.7113072255
True,False,2025-12-16,2222000.0,34.096155,-118.27207,1882.0,C21 - Silver Lake - Echo Park,True,2.0,0.1531,1957.0,3.0,Los Angeles,4.0,True,2.0,Two,6669.0,False,2.0,Los Angeles Unified,90039,0.0,6669.0,1180.6588735387886,1.3333333333333333,68.0,0,470.5,0.2822012295696506,14.613918249181712,14.283164926819232,14.275781686913076,1584503.5315374779
True,True,2025-12-10,880000.0,33.588727,-117.18477,3962.0,SRCAR - Southwest Riverside County,True,3.0,0.2,2003.0,4.0,Murrieta,5.0,True,2.0,Two,8712.0,False,3.0,Murrieta,92562,0.0,8712.0,222.1100454316002,1.25,22.0,0,792.4,0.45477502295684114,13.687677186454389,13.487006490992238,13.828207048978973,1012777.4336564983
True,False,2025-12-12,1035000.0,33.820764000000004,-118.076113,1503.0,42 - El Dorado Park,True,4.0,0.1264,1962.0,2.0,Long Beach,2.0,True,1.0,One,5505.0,False,2.0,Long Beach Unified,90808,0.0,5505.0,688.622754491018,1.0,63.0,0,751.5,0.2730245231607629,13.849911984681606,13.869051324892304,13.787754471146808,972625.5740702666
True,False,2025-12-09,1415000.0,33.65331,-117.668375,2114.0,LN - Lake Forest North,True,4.0,0.1263,1989.0,3.0,Lake Forest,4.0,True,2.0,Two,5500.0,False,2.0,Saddleback Valley Unified,92630,160.0,5500.0,669.3472090823084,1.3333333333333333,36.0,0,528.5,0.38436363636363635,14.162640089059476,14.077874822431765,14.08837702822931,1313724.8117863026
True,False,2025-12-23,1410000.0,32.81748716,-117.21784486,1670.0,92117 - Clairemont Mesa,True,2.0,0.3203,1968.0,2.0,San Diego,3.0,True,1.0,One,11780.0,False,2.0,San Bernardino City Unified,92117,165.0,3920.0,844.311377245509,1.5,57.0,0,556.6666666666666,0.4260204081632653,14.15910026235435,13.964016766263498,13.869541066207578,1055516.8036273287
True,False,2025-12-12,250000.0,34.892149,-117.02833,1200.0,BSTW - Barstow,True,0.0,0.1275,1944.0,2.0,Barstow,3.0,False,1.0,One,5555.0,False,0.0,Barstow Unified,92311,0.0,5555.0,208.33333333333337,1.5,81.0,0,400.0,0.21602160216021601,12.429216196844383,12.556723317938081,12.446479887373165,254353.39231966718
False,False,2025-12-17,1340000.0,33.898536,-117.930896,1980.0,83 - Fullerton,True,2.0,0.2955,1961.0,2.0,Fullerton,3.0,True,1.0,One,12870.0,False,2.0,Fullerton Joint Union High,92835,0.0,12870.0,676.7676767676768,1.5,64.0,0,660.0,0.15384615384615385,14.108180171927094,14.145874202616191,14.168283319759768,1423007.7449657852
True,False,2025-12-12,319950.0,33.769535999999995,-116.948541,1178.0,699 - Not Defined,True,2.0,0.09,2003.0,2.0,San Jacinto,2.0,True,1.0,One,3920.0,False,2.0,San Jacinto Unified,92583,163.0,3920.0,271.6044142614601,1.0,22.0,0,589.0,0.30051020408163265,12.675920012567607,13.064725287181727,12.802446331636144,363104.6383538883
False,False,2025-12-29,556000.0,37.346877500000005,-120.62294425,2810.0,699 - Not Defined,True,3.0,0.1377,2021.0,3.0,Atwater,5.0,False,1.0,Two,6000.0,False,3.0,Other,95301,95.0,6000.0,197.864768683274,1.6666666666666667,4.0,0,562.0,0.4683333333333333,13.228523573232719,13.038981768465277,13.240297649592575,562585.0769823847
False,False,2025-12-08,835000.0,33.962008000000004,-117.579338,2111.0,249 - Eastvale,True,7.0,0.14,2000.0,2.0,Eastvale,4.0,True,1.0,One,6098.0,False,3.0,Corona-Norco Unified,92880,0.0,6098.0,395.5471340596874,2.0,25.0,0,527.75,0.34617907510659235,13.635187003832993,13.764217263576723,13.767341929694325,952973.075326613
True,False,2025-12-11,810000.0,32.578979,-117.039708,2030.0,92154 - Otay Mesa,True,4.0,0.1147,1981.0,3.0,San Diego,4.0,True,2.0,Two,4995.0,False,2.0,Sweetwater Union,92154,0.0,4995.0,399.01477832512313,1.3333333333333333,44.0,0,507.5,0.4064064064064064,13.604789526648622,13.579788224443204,13.602676048457527,808289.8904413998
True,False,2025-12-10,1225000.0,37.84398334,-122.28227733,1600.0,92105 - East San Diego,True,1.0,0.0964,1907.0,4.0,Oakland,3.0,False,1.0,One,4200.0,False,1.0,Rim of the World,94608,0.0,4200.0,765.625,0.75,118.0,0,533.3333333333334,0.38095238095238093,14.018451401960965,13.598578266649344,13.757425131623368,943569.3383178127
True,False,2025-12-15,1650000.0,33.63909,-117.884314,1628.0,NV - East Bluff - Harbor View,True,2.0,0.0822,1979.0,2.0,Newport Beach,2.0,True,1.0,One,3580.0,False,2.0,Newport Mesa Unified,92660,450.0,3580.0,1013.5135135135135,1.0,46.0,0,814.0,0.4547486033519553,14.316285845876763,15.133214468519324,14.650699127871714,2305248.707839333
True,False,2025-12-19,875000.0,34.871214,-120.423885,2245.0,ORCT - Orcutt,True,2.0,0.25,1971.0,4.0,Santa Maria,5.0,True,2.0,Two,10890.0,False,2.0,Other,93455,0.0,10890.0,389.75501113585744,1.25,54.0,0,449.0,0.2061524334251607,13.681979165339751,13.538369041771391,13.697070675857846,888305.2170900981
False,False,2025-12-02,2608000.0,33.634144,-117.901374,1187.0,N7 - West Bay - Santa Ana Heights,True,2.0,0.1791,1954.0,2.0,Newport Beach,3.0,True,1.0,One,7800.0,False,2.0,Newport Mesa Unified,92660,0.0,7800.0,2197.1356360572872,1.5,71.0,0,395.6666666666667,0.15217948717948718,14.77409420202868,15.133214468519324,14.736087603041321,2510738.7814561
False,True,2025-12-09,1510000.0,33.997042,-117.661022,3884.0,681 - Chino,True,4.0,0.4661,2000.0,4.0,Chino,5.0,True,2.0,Two,20302.0,False,4.0,Chino Valley Unified,91710,0.0,20302.0,388.7744593202884,1.25,25.0,0,776.8,0.19131120086690967,14.227620208791107,13.567049198665774,14.175132811607277,1432788.0818452807
False,False,2025-12-29,1350000.0,32.76139323,-117.09326079,1617.0,92115 - San Diego,False,6.0,0.1331,1936.0,2.0,San Diego,3.0,True,1.0,One,5800.0,False,2.0,Riverside Unified,92115,0.0,5800.0,834.8794063079778,1.5,89.0,0,539.0,0.27879310344827585,14.115615150414612,13.748301808270824,13.794133842790256,978850.1474006934
False,False,2025-12-05,1312000.0,37.7589534,-122.13403132,2872.0,92037 - La Jolla,True,2.0,0.3874,1959.0,3.0,Oakland,3.0,True,1.0,One,16875.0,False,2.0,Oakland,94605,0.0,16875.0,456.82451253481895,1.0,66.0,0,957.3333333333334,0.1701925925925926,14.08706324848617,13.527828485512494,13.842426843381892,1027281.800696792
False,False,2025-12-10,1150000.0,37.26453949,-121.81059248,1243.0,699 - Not Defined,True,2.0,0.1148,1963.0,2.0,San Jose,3.0,True,2.0,Two,5000.0,False,2.0,Other,95111,0.0,5000.0,925.1810136765888,1.5,62.0,0,414.3333333333333,0.2486,13.955272500339433,13.915345655528558,13.739759627626544,927047.0771091676
True,False,2025-12-23,1635000.0,34.119196,-118.317524,2820.0,C30 - Hollywood Hills East,True,4.0,0.1312,1981.0,7.0,Los Angeles,7.0,True,1.0,ThreeOrMore,5713.0,False,4.0,Los Angeles Unified,90068,0.0,5713.0,579.7872340425532,1.0,44.0,0,402.85714285714283,0.49361106248906006,14.30715336231349,14.457364444136669,14.576807916746134,2141052.1322168917
False,False,2025-12-12,1325000.0,34.180961,-118.227172,1317.0,627 - Rossmoyne & Verdu Woodlands,True,2.0,0.1315,1936.0,1.0,Glendale,2.0,True,1.0,One,5727.0,False,2.0,Glendale Unified,91208,0.0,5727.0,1006.074411541382,2.0,89.0,0,658.5,0.22996333158721843,14.09692301740246,14.246322223230198,13.983840495291032,1183326.969984369
True,False,2025-12-31,1295000.0,33.736725,-118.02312,1434.0,17 - Northwest Huntington Beach,True,4.0,0.1492,1963.0,2.0,Huntington Beach,3.0,True,1.0,One,6500.0,False,2.0,Huntington Beach Union High,92647,0.0,6500.0,903.068340306834,1.5,62.0,0,478.0,0.2206153846153846,14.074021253115776,14.080942316715522,13.943861712361324,1136952.1783634808
False,False,2025-12-24,846000.0,33.881682,-118.11701200000002,1260.0,RF - Bellflower South of 91 Frwy,False,2.0,0.1497,1951.0,2.0,Bellflower,3.0,True,1.0,One,6521.0,False,2.0,Bellflower Unified,90706,0.0,6521.0,671.4285714285714,1.5,74.0,0,420.0,0.19322189848182794,13.64827463858836,13.586096602527896,13.532511250922816,753520.3100178719
True,False,2025-12-03,1050000.0,33.180491,-117.199277,3225.0,92084 - Vista,False,0.0,0.71,1973.0,3.0,Vista,4.0,True,2.0,Two,0.71,False,0.0,Vista Unified,92084,0.0,30927.6,325.5813953488372,1.3333333333333333,52.0,0,806.25,0.10427579249602298,13.864300722133706,13.773646353865574,14.156763764539923,1406709.3838374089
False,False,2025-12-08,702000.0,38.71617929999999,-121.08695687,2686.0,"21 - Crest Gardens, Mayfair, Signature",True,2.0,0.31,1978.0,4.0,El Dorado Hills,4.0,True,2.0,Two,13503.0,False,2.0,Hesperia Unified,95762,0.0,13503.0,261.35517498138495,1.0,47.0,0,671.5,0.198918758794342,13.461688683007948,13.64709190633931,13.96649131433287,1162974.2780181458
False,False,2025-12-04,1200000.0,34.221969,-118.392904,2283.0,SUNV - Sun Valley,True,0.0,0.1893,1950.0,5.0,Sun Valley,7.0,False,1.0,One,8248.0,True,0.0,ABC Unified,91352,0.0,8248.0,525.6241787122208,1.4,75.0,0,326.14285714285717,0.27679437439379245,13.997832114758229,13.681979165339751,13.952294343326885,1146580.214292589
False,False,2025-12-16,1099000.0,33.794106,-118.319147,2400.0,121 - Lomita,True,2.0,0.1405,1954.0,2.0,Lomita,3.0,True,1.0,One,6121.0,False,2.0,Los Angeles Unified,90717,0.0,6121.0,457.9166666666667,1.5,71.0,0,800.0,0.39209279529488644,13.909911233385758,13.845069360205818,13.964376795147459,1160517.74470385
True,False,2025-12-22,670000.0,33.537802,-117.131213,1272.0,SRCAR - Southwest Riverside County,True,2.0,0.11,1990.0,2.0,Temecula,3.0,True,1.0,One,4792.0,False,2.0,Temecula Unified,92591,0.0,4792.0,526.7295597484276,1.5,35.0,0,424.0,0.2654424040066778,13.415032991367148,13.514405465180353,13.370846341444334,641039.4903685192
False,False,2025-12-08,1430000.0,37.26157619,-121.86340921,2134.0,699 - Not Defined,False,2.0,0.1423,1973.0,3.0,San Jose,5.0,True,1.0,One,6200.0,False,2.0,San Jose Unified,95136,0.0,6200.0,670.1030927835052,1.6666666666666667,52.0,0,426.8,0.34419354838709676,14.17318500223609,14.22097566607244,14.20291423798419,1473151.052905112
False,False,2025-12-02,900000.0,33.1986982,-117.28232106,1396.0,92056 - Oceanside,False,6.0,3.2871,1971.0,2.0,Oceanside,4.0,False,1.0,One,6098.0,False,2.0,Arcadia Unified,92056,0.0,17600.0,644.6991404011461,2.0,54.0,0,349.0,0.07931818181818182,13.710150042306449,13.732128949025222,13.67054589100409,865052.8575178295
True,False,2025-12-16,750000.0,32.697345,-117.058373,1374.0,92114 - Encanto,True,2.0,0.13,1979.0,2.0,San Diego,4.0,True,1.0,One,0.13,False,2.0,San Diego Unified,92114,0.0,5662.8,545.8515283842795,2.0,46.0,0,343.5,0.24263615172706082,13.527828485512494,13.547631112808673,13.464706003994737,704121.3581324889
False,False,2025-12-17,780000.0,33.907565000000005,-118.13663,749.0,"RJ - Bellflower N of Alondra, W of Bellflower",False,1.0,0.1587,1950.0,1.0,Bellflower,2.0,False,1.0,One,6912.0,False,1.0,Downey Unified,90706,0.0,6912.0,1041.388518024032,2.0,75.0,0,374.5,0.10836226851851852,13.567049198665774,13.586096602527896,13.314501055804282,605918.6746536441
False,False,2025-12-18,990000.0,34.280556,-118.699165,2828.0,SVE - East Simi,True,2.0,0.09,2000.0,3.0,Simi Valley,4.0,True,2.0,Two,3920.0,False,2.0,Konocti Unified,93063,104.0,3920.0,350.07072135785006,1.3333333333333333,25.0,0,707.0,0.7214285714285714,13.805460222110773,13.637546696375418,13.874015000649617,1060249.6960399186
False,False,2025-12-05,400000.0,35.275952000000004,-119.00073,1593.0,BKSF - Bakersfield,True,2.0,0.2,2017.0,2.0,Bakersfield,4.0,False,1.0,One,8712.0,False,2.0,Kern Union,93307,0.0,8712.0,251.09855618330195,2.0,8.0,0,398.25,0.1828512396694215,12.89921982609012,12.74984936943585,12.964833608432802,427125.69152243074
True,False,2025-12-16,1650000.0,33.061136,-117.077448,3059.0,92029 - Escondido,True,3.0,2.39,1986.0,5.0,Escondido,3.0,True,1.0,One,2.39,False,3.0,Escondido Union,92029,35.0,104108.4,539.3919581562602,0.6,39.0,0,1019.6666666666666,0.02938283558291166,14.316285845876763,14.163297674406381,14.449340267700439,1884815.06952824
True,True,2025-12-03,853000.0,33.843363000000004,-118.111632,1843.0,23 - Lakewood Park,True,2.0,0.1284,1950.0,3.0,Lakewood,3.0,True,2.0,Two,5591.0,False,2.0,Long Beach Unified,90713,0.0,5591.0,462.8323385784048,1.0,75.0,0,614.3333333333334,0.3296369164729029,13.656514826473817,13.721199878493033,13.881369851637498,1068076.4214824813
False,False,2025-12-15,2030000.0,34.162309,-118.486125,2244.0,ENC - Encino,True,0.0,0.2366,1951.0,3.0,Encino,3.0,True,1.0,One,10305.0,False,2.0,Oceanside Unified,91436,0.0,10305.0,904.6345811051692,1.0,74.0,0,748.0,0.21775836972343524,14.52354635101797,14.68050799545088,14.502317571373808,1987359.778599737
False,False,2025-12-08,716000.0,32.73997549,-117.04572986,1564.0,91945 - Lemon Grove,True,4.0,0.2548,1956.0,1.0,Lemon Grove,3.0,True,1.0,One,11100.0,False,2.0,Garden Grove Unified,91945,0.0,11100.0,457.8005115089514,3.0,69.0,0,521.3333333333334,0.1409009009009009,13.481435445942783,13.547631112808673,13.46411378839872,703704.4899328226
True,False,2025-12-05,1345000.0,33.986492,-118.405355,1779.0,C28 - Culver City,True,2.0,0.1309,1941.0,2.0,Culver City,4.0,True,1.0,One,5700.0,False,0.0,Murrieta,90230,0.0,5700.0,756.0427206295672,2.0,84.0,0,444.75,0.3121052631578947,14.111904571018076,14.22097566607244,14.224682911816046,1505571.18911827
True,True,2025-12-08,805000.0,32.83339822,-116.76142096,1675.0,91901 - Alpine,True,4.0,0.1099,1990.0,3.0,Alpine,3.0,True,2.0,Two,16445.0,False,2.0,Other,91901,208.0,3509.0,480.5970149253731,1.0,35.0,0,558.3333333333334,0.4773439726417783,13.5985975564007,13.764217263576723,13.614035994606464,817524.3723705641
True,False,2025-12-01,1400000.0,34.236076000000004,-116.849712,3222.0,BBC - Big Bear City,True,2.0,0.1811,2024.0,4.0,Big Bear City,4.0,True,2.0,ThreeOrMore,7888.0,False,2.0,Bear Valley Unified,92314,0.0,7888.0,434.5127250155183,1.0,1.0,0,805.5,0.4084685598377282,14.151982794585487,12.965709567358951,13.468163449242065,706560.0325380118
False,False,2025-12-15,1160000.0,37.02601022,-121.61181411,2019.0,699 - Not Defined,True,2.0,0.1363,1997.0,3.0,Gilroy,4.0,True,1.0,One,5938.0,False,2.0,Gilroy Unified,95020,0.0,5938.0,574.5418524021793,1.3333333333333333,28.0,0,504.75,0.34001347254968,13.963930563082547,13.965653216393994,13.97917274387087,1177816.3649124084
True,False,2025-12-05,1700000.0,37.82070209,-122.12510337,2060.0,699 - Not Defined,True,2.0,0.2296,1964.0,2.0,Moraga,4.0,True,1.0,One,10000.0,False,2.0,Acalanes,94556,0.0,10000.0,825.242718446602,2.0,61.0,0,515.0,0.206,14.346138809026444,14.389310980891652,14.32591371955628,1665962.7117509895
False,False,2025-12-16,2250000.0,37.56735852,-122.31346532,1890.0,699 - Not Defined,True,1.0,0.1148,1929.0,2.0,San Mateo,3.0,True,1.0,One,5000.0,False,1.0,Other,94402,0.0,5000.0,1190.4761904761904,1.5,96.0,0,630.0,0.378,14.626440774180603,14.777515526790612,14.641115134029674,2283260.7529358226
False,False,2025-12-12,1265000.0,32.81194387,-117.159262,2528.0,92111 - Linda Vista,True,4.0,0.1286,1960.0,3.0,Clairemont Mesa,5.0,False,2.0,Two,5600.0,False,2.0,Long Beach Unified,92111,165.0,5600.0,500.3955696202532,1.6666666666666667,65.0,0,505.6,0.4514285714285714,14.050582680143757,13.818004328719795,13.985408293040093,1185183.6424074296
True,False,2025-12-29,1549000.0,37.95172302,-122.11348626,2588.0,263 - Banning/Beaumont/Cherry Valley,True,6.0,0.266,1997.0,3.0,Lafayette,3.0,True,2.0,Two,11585.0,False,3.0,Pomona Unified,94549,366.0,11585.0,598.531684698609,1.0,28.0,0,862.6666666666666,0.22339231765213638,14.253120119399005,14.527484500631974,14.474716504941046,1933256.6165009942
False,False,2025-12-26,1213000.0,33.922085,-117.66494,2386.0,682 - Chino Hills,True,4.0,0.1748,2025.0,3.0,Chino Hills,3.0,False,1.0,One,7614.0,True,2.0,Chino Valley Unified,91709,595.0,7614.0,508.382229673093,1.0,0.0,0,795.3333333333334,0.3133701076963488,14.008607187926188,13.901688254205327,13.995976590626936,1197775.43554722
True,False,2025-12-23,888000.0,34.122412,-117.632799,2126.0,690 - Upland,True,2.0,0.0964,2020.0,3.0,Upland,3.0,False,2.0,Two,4200.0,False,2.0,Upland,91784,270.0,4200.0,417.6857949200376,1.0,5.0,0,708.6666666666666,0.5061904761904762,13.696727021974308,13.815510557964274,13.829129822743871,1013712.4294303963
True,True,2025-12-19,1065000.0,32.644721000000004,-116.978952,2134.0,91913 - Chula Vista,True,3.0,0.0,1994.0,3.0,Chula Vista,4.0,True,2.0,Two,0.17,False,3.0,Sweetwater Union,91913,0.0,0.17,499.0627928772259,1.3333333333333333,31.0,0,533.5,12552.941176470587,13.878485357125662,13.764217263576723,13.785088509091981,970036.0445237211
True,False,2025-12-12,739000.0,32.748931,-117.0619,1188.0,92115 - San Diego,True,1.0,0.1469,1951.0,2.0,San Diego,3.0,False,1.0,One,6400.0,False,1.0,San Diego Unified,92115,0.0,6400.0,622.053872053872,1.5,74.0,0,396.0,0.185625,13.513053199930338,13.748301808270824,13.639337371124263,838472.7583144578
False,False,2025-12-18,1400000.0,33.83214,-118.331848,2320.0,126 - Central Torrance,True,4.0,0.1705,1976.0,2.0,Torrance,4.0,True,1.0,One,7428.0,False,4.0,Torrance Unified,90503,0.0,7428.0,603.448275862069,2.0,49.0,0,580.0,0.312331717824448,14.151982794585487,14.148404973237604,14.18971990935238,1453841.4823320033
True,False,2025-12-29,765000.0,33.374035,-117.230551,1470.0,92028 - Fallbrook,True,4.0,0.26,1978.0,2.0,Fallbrook,3.0,True,1.0,One,0.26,False,2.0,Fallbrook Union,92028,0.0,11325.6,520.4081632653061,1.5,47.0,0,490.0,0.12979444797626616,13.547631112808673,13.681979165339751,13.574189133692903,785589.0784058701
True,False,2025-12-15,1500000.0,34.263025,-119.270827,1512.0,VC23 - Ventura Beach S. of Ventura River to S.C.,True,2.0,0.09,1981.0,3.0,Ventura,3.0,True,2.0,Two,3920.0,False,2.0,Grossmont Union,93001,0.0,3920.0,992.063492063492,1.0,44.0,0,504.0,0.38571428571428573,14.22097566607244,13.90609809121013,13.690143765623544,882173.2688368277
False,True,2025-12-08,1855000.0,33.76774,-117.790418,2719.0,NTS - North Tustin,False,2.0,0.4201,1962.0,3.0,North Tustin,4.0,True,1.0,One,18300.0,False,2.0,Tustin Unified,92705,0.0,18300.0,682.2361162191983,1.3333333333333333,63.0,0,679.75,0.14857923497267758,14.433395254023672,14.376839163903371,14.503762696059876,1990233.8374624175
True,True,2025-12-15,1715000.0,33.683141,-116.281887,3774.0,313 - La Quinta South of HWY 111,True,3.0,0.27,1993.0,5.0,La Quinta,4.0,True,1.0,One,11761.0,False,3.0,Other,92253,300.0,11761.0,454.42501324854265,0.8,32.0,0,943.5,0.3208910806904175,14.354923638582177,13.545013310266594,14.487011732812158,1957173.1756129637
True,False,2025-12-16,650000.0,39.747475,-121.788809,2530.0,SRCAR - Southwest Riverside County,True,2.0,0.14,1991.0,3.0,Chico,3.0,True,2.0,Two,6098.0,False,2.0,Chico Unified,95928,465.0,6098.0,256.9169960474308,1.0,34.0,0,843.3333333333334,0.41489012791079044,13.38472764187182,13.078384738024758,13.185469146431775,532569.7460208894
True,False,2025-12-12,1395000.0,37.40826848,-121.88257474,1165.0,NHO - North Hollywood,True,2.0,0.1322,1963.0,2.0,San Jose,3.0,True,1.0,One,5757.0,False,2.0,Capistrano Unified,95132-1024,264.0,5757.0,1197.4248927038627,1.5,62.0,0,388.3333333333333,0.2023623414973076,14.148404973237604,13.698976741708323,13.584873913196352,794027.9278270105
True,False,2025-12-12,3100000.0,37.64480379999999,-121.82225319,3432.0,SRCAR - Southwest Riverside County,True,3.0,0.611,1997.0,4.0,Pleasanton,4.0,True,2.0,Two,26615.0,False,3.0,Pleasanton,94566,295.0,26615.0,903.2634032634032,1.0,28.0,0,858.0,0.1289498403156115,14.946912669455374,14.430696197054507,14.730310076135956,2496274.744010531
False,False,2025-12-08,940000.0,34.264765000000004,-118.45799,2013.0,MHL - Mission Hills,False,3.0,0.1681,1952.0,4.0,San Fernando,4.0,False,1.0,One,7323.0,False,2.0,Los Angeles Unified,91345,0.0,7323.0,466.9647292598112,1.0,73.0,0,503.25,0.2748873412535846,13.753635154246187,13.620099142278626,13.764475844059122,950245.6832213526
True,False,2025-12-03,3200000.0,37.58894677,-122.39117868,1860.0,699 - Not Defined,False,2.0,0.1765,1956.0,4.0,Millbrae,4.0,True,1.0,One,7690.0,False,2.0,Other,94030,0.0,7690.0,1720.4301075268818,1.0,69.0,0,465.0,0.24187256176853056,14.978661367769956,14.445876127036545,14.467546768634877,1919445.2474501245
False,False,2025-12-05,1545000.0,32.78548644,-117.20037633,1566.0,92110 - Old Town Sd,True,4.0,0.1435,1975.0,2.0,San Diego,3.0,True,1.0,One,6250.0,False,2.0,Lucia Mar Unified,92110,0.0,6250.0,986.5900383141762,1.5,50.0,0,522.0,0.25056,14.250534468313983,14.226957737749986,14.091642935304211,1318022.3287693195
True,False,2025-12-02,780000.0,37.72188075,-121.7308505,1261.0,287A - Arrowhead Woods,True,2.0,0.1446,1971.0,2.0,Livermore,4.0,False,1.0,One,6300.0,False,2.0,Livermore Valley,94551,0.0,6300.0,618.5567010309278,2.0,54.0,0,315.25,0.20015873015873015,13.567049198665774,13.87377946608825,13.738238046590665,925637.5724669792
True,True,2025-12-11,1450000.0,33.162556,-117.191562,3555.0,92069 - San Marcos,True,6.0,0.1449,2001.0,3.0,San Marcos,5.0,True,2.0,Two,6314.0,False,3.0,San Marcos Unified,92069,0.0,6314.0,407.8762306610408,1.6666666666666667,24.0,0,711.0,0.5630345264491606,14.187074114396758,13.859515996625632,14.061310547659183,1278643.8060267747
True,False,2025-12-10,2300000.0,34.134796,-118.371419,3227.0,STUD - Studio City,True,0.0,0.3611,1959.0,3.0,Studio City,4.0,True,1.0,One,15728.0,False,2.0,Morongo Unified,91604,0.0,15728.0,712.7362875735978,1.3333333333333333,66.0,0,806.75,0.20517548321464904,14.648419680899378,14.603967918328545,14.838915516262382,2782653.4706004723
False,False,2025-12-18,850000.0,34.211239,-118.402699,1065.0,NHO - North Hollywood,False,2.0,0.1548,1951.0,1.0,North Hollywood,3.0,True,1.0,One,6741.0,False,2.0,Los Angeles Unified,91605,0.0,6741.0,798.1220657276996,3.0,74.0,0,355.0,0.1579884290164664,13.652991628466498,13.670484785914017,13.537920182919343,757607.0927339012
True,False,2025-12-12,1175000.0,35.035923,-120.551258,3014.0,NPMO - Nipomo,True,2.0,0.1033,2010.0,4.0,Nipomo,3.0,True,2.0,Two,4500.0,False,2.0,Lucia Mar Unified,93444,477.0,4500.0,389.8473788984738,0.75,15.0,0,1004.6666666666666,0.6697777777777778,13.976778705560397,13.855084652589102,14.067836765518674,1287015.8030933305
True,True,2025-12-30,1405000.0,33.630383,-117.683692,2136.0,LS - Lake Forest South,True,2.0,0.125,1980.0,3.0,Lake Forest,4.0,True,2.0,MultiSplit,5445.0,False,2.0,Saddleback Valley Unified,92630,57.0,5445.0,657.7715355805243,1.3333333333333333,45.0,0,534.0,0.39228650137741045,14.155547860749984,14.077874822431765,14.088810492162207,1314294.3875463197
False,False,2025-12-15,1747100.0,32.85928532,-117.20540651,2324.0,92122 - University City,True,4.0,0.2388,1970.0,3.0,San Diego,5.0,True,2.0,Two,10400.0,False,2.0,Escondido Union,92122,0.0,10400.0,751.7641996557659,1.6666666666666667,55.0,0,464.8,0.22346153846153846,14.373467828462536,14.333410696092393,14.379157679897505,1757069.0738213025
True,False,2025-12-16,268000.0,36.313188,-119.340328,1460.0,C10 - West Hollywood Vicinity,True,2.0,0.1488,1972.0,2.0,Visalia,3.0,False,1.0,One,6480.0,False,2.0,Visalia Unified,93277,0.0,6480.0,183.56164383561645,1.5,53.0,0,486.6666666666667,0.22530864197530864,12.498742259492994,12.948009990259552,12.944020150462377,418327.6057962071
False,False,2025-12-30,538000.0,33.997798,-117.351659,884.0,252 - Riverside,False,5.0,0.15,1924.0,1.0,Riverside,2.0,True,1.0,One,6534.0,False,2.0,Riverside Unified,92507,0.0,6534.0,608.5972850678733,2.0,101.0,0,442.0,0.13529231711049894,13.195613839143922,13.38472764187182,13.186209028284193,532963.9305181128
True,False,2025-12-05,2200000.0,37.66927711,-121.72971347,2573.0,614 - Covina,True,3.0,0.2523,2012.0,3.0,Livermore,4.0,True,1.0,One,10992.0,False,3.0,Livermore Valley,94550,10.0,10992.0,855.0330353672756,1.3333333333333333,13.0,0,643.25,0.23407933042212517,14.603967918328545,14.077490059042251,14.260791156577204,1560928.1286559058
False,False,2025-12-17,1800000.0,37.3871285,-122.02566154,1475.0,699 - Not Defined,True,2.0,0.1659,1942.0,3.0,Sunnyvale,3.0,False,2.0,Two,7228.0,False,1.0,Other,94085,0.0,7228.0,1220.3389830508474,1.0,83.0,0,491.6666666666667,0.20406751521859434,14.403297222866392,14.392123922268269,14.228349529508723,1511101.6759723225
True,False,2025-12-17,1500000.0,37.3992745,-121.9591415,1619.0,699 - Not Defined,False,2.0,0.1377,1960.0,2.0,Santa Clara,4.0,False,1.0,One,6000.0,False,0.0,Other,95054,0.0,6000.0,926.4978381717108,2.0,65.0,0,404.75,0.2698333333333333,14.22097566607244,14.24566827866281,14.18303646965185,1444157.2185953972
True,False,2025-12-05,1575000.0,36.94807012,-121.36693289,2584.0,699 - Not Defined,True,3.0,9.87,1975.0,3.0,Hollister,3.0,True,1.0,One,429937.0,False,3.0,Other,95023,0.0,429937.0,609.5201238390093,1.0,50.0,0,861.3333333333334,0.006010182887260226,14.269765830241871,13.527828485512494,13.990749446328566,1191530.8254660321
False,False,2025-12-05,443000.0,33.799523,-117.218908,1300.0,699 - Not Defined,True,2.0,0.08,1990.0,3.0,Perris,3.0,False,2.0,Two,3485.0,False,2.0,Perris Union High,92571,0.0,3485.0,340.7692307692308,1.0,35.0,0,433.3333333333333,0.37302725968436157,13.001325049027272,13.214938819306386,13.061782877109817,470608.99882131367
False,False,2025-12-22,670000.0,34.051854,-117.430979,1807.0,264 - Fontana,True,2.0,0.1277,2005.0,2.0,Fontana,3.0,True,1.0,One,5561.0,False,2.0,Colton Unified,92337,0.0,5561.0,370.7802988378528,1.5,20.0,0,602.3333333333334,0.3249415572738716,13.415032991367148,13.304684934198283,13.214307269646236,548151.654617144
False,False,2025-12-10,590000.0,34.580915999999995,-118.143134,3062.0,PLM - Palmdale,True,3.0,0.1674,2006.0,3.0,Palmdale,4.0,True,2.0,Two,7290.0,False,3.0,See Remarks,93551,0.0,7290.0,192.68451992161985,1.3333333333333333,19.0,0,765.5,0.42002743484224964,13.287877815881902,13.345506928718539,13.402156503282933,661428.0596654968
False,False,2025-12-19,1250000.0,32.77074739,-117.03394673,1536.0,91942 - La Mesa,True,4.0,0.3315,1937.0,2.0,La Mesa,4.0,True,1.0,One,14442.0,False,0.0,Escondido Union,91942,0.0,14442.0,813.8020833333334,2.0,88.0,0,384.0,0.10635646032405484,14.038654109278484,13.683121369918528,13.713625084848186,903132.9787519873
True,False,2025-12-11,1127000.0,34.007642,-118.317396,1573.0,PHHT - Park Hills Heights,True,2.0,0.1163,1929.0,1.0,Los Angeles,3.0,True,1.0,One,5064.0,False,2.0,Beaumont,90062,0.0,5064.0,716.4653528289892,3.0,96.0,0,524.3333333333334,0.31062401263823064,13.935069793021913,13.567049198665774,13.535412028023996,755709.2777973271
False,False,2025-12-26,525000.0,33.790422,-116.992654,1712.0,SRCAR - Southwest Riverside County,True,2.0,0.17,2006.0,2.0,San Jacinto,4.0,True,1.0,One,7405.0,False,2.0,San Jacinto Unified,92582,0.0,7405.0,306.6588785046729,2.0,19.0,0,428.0,0.23119513841998648,13.17115354157376,13.154789908438397,13.106818775435555,492287.7958812965
True,False,2025-12-08,1300000.0,33.73036,-117.926176,2031.0,699 - Not Defined,True,2.0,0.1651,1965.0,2.0,Fountain Valley,3.0,True,1.0,One,7192.0,False,2.0,Garden Grove Unified,92708,0.0,7192.0,640.0787789266371,1.5,60.0,0,677.0,0.2823971078976641,14.077874822431765,14.22097566607244,14.194645815255237,1461020.6360729642
True,False,2025-12-26,595000.0,34.303743,-118.466643,980.0,SYL - Sylmar,True,0.0,0.1322,1952.0,1.0,Sylmar,3.0,True,1.0,One,5760.0,False,0.0,Los Angeles Unified,91342,0.0,5760.0,607.1428571428571,3.0,73.0,0,326.6666666666667,0.1701388888888889,13.296316684527767,13.667586227071855,13.507933324822737,735226.081534931
True,False,2025-12-15,2255000.0,34.051289000000004,-118.14082,4155.0,641 - Monterey Park,True,3.0,0.4828,2007.0,5.0,Monterey Park,5.0,True,1.0,ThreeOrMore,21032.0,False,3.0,Alhambra,91754,167.0,21032.0,542.7196149217809,1.0,18.0,0,831.0,0.19755610498288323,14.628660530918916,13.764217263576723,14.267486100662017,1571413.5155723463
True,False,2025-12-09,515000.0,37.81643985,-122.27760184,1468.0,699 - Not Defined,False,0.0,0.1036,1885.0,1.0,Oakland,3.0,False,2.0,Two,4512.0,False,0.0,Oakland,94607,0.0,4512.0,350.8174386920981,3.0,140.0,0,489.3333333333333,0.325354609929078,13.151922179645874,13.428376406540833,13.003662186369459,444036.5626654179
True,False,2025-12-19,370000.0,37.618155,-120.97627649999998,1008.0,TOE - Thousand Oaks East,False,0.0,0.21,1965.0,1.0,Modesto,3.0,False,1.0,One,9147.0,False,0.0,Riverside Unified,95351,0.0,9147.0,367.0634920634921,3.0,60.0,0,336.0,0.11020006559527715,12.821258284620408,12.816764078447939,12.52505109368439,275144.33504903025
False,False,2025-12-23,675000.0,33.917301,-118.268359,1193.0,C34 - Los Angeles Southwest,False,5.0,0.2188,1946.0,1.0,Los Angeles,3.0,False,1.0,One,9533.0,False,1.0,Los Angeles Unified,90061,0.0,9533.0,565.8005029337804,3.0,79.0,0,397.6666666666667,0.125144235812441,13.422467969854667,13.387030025065194,13.317055312512924,607468.3247528281
True,False,2025-12-17,902000.0,33.805167,-118.009719,1302.0,"61 - N of Gar Grv, S Of Ball, E of Knott, W of Dal",False,2.0,0.2463,1955.0,2.0,Stanton,3.0,True,1.0,One,10730.0,False,2.0,Stanton Unified,90680,0.0,10730.0,692.7803379416283,1.5,70.0,0,434.0,0.12134203168685927,13.71236979904476,13.652991628466498,13.617785095972618,820595.1067623427
True,False,2025-12-23,675000.0,33.318038,-117.247812,2169.0,92028 - Fallbrook,True,2.0,1.45,1976.0,2.0,Fallbrook,3.0,True,1.0,One,1.45,False,2.0,Fallbrook Union,92028,0.0,63162.0,311.2033195020747,1.5,49.0,0,723.0,0.03434026788258763,13.422467969854667,13.681979165339751,13.81940087400809,1003897.8931458646
True,False,2025-12-11,1900000.0,34.008268,-118.461701,871.0,C14 - Santa Monica,False,2.0,0.1296,1942.0,1.0,Santa Monica,2.0,False,1.0,One,5644.0,False,1.0,Fresno Unified,90405,0.0,5644.0,2181.4006888633758,2.0,83.0,0,435.5,0.1543231750531538,14.457364444136669,14.73180128983843,14.05194557146235,1266725.232903444
False,False,2025-12-16,925000.0,33.789448,-117.863671,1060.0,699 - Not Defined,True,4.0,0.1581,1952.0,2.0,Orange,3.0,False,1.0,One,6888.0,False,2.0,Orange Unified,92868,0.0,6888.0,872.6415094339623,1.5,73.0,0,353.3333333333333,0.15389082462253195,13.737549016494562,13.74562083670013,13.606127673075292,811084.6241367125
True,False,2025-12-23,880000.0,33.825892,-117.942135,1316.0,699 - Not Defined,True,5.0,0.1464,1956.0,2.0,Anaheim,3.0,True,1.0,One,6378.0,False,2.0,Anaheim Union High,92804,0.0,6378.0,668.693009118541,1.5,69.0,0,438.6666666666667,0.20633427406710567,13.687677186454389,13.766841941519797,13.69094405592876,882879.5461271374
False,False,2025-12-30,693000.0,33.13883,-117.132388,1713.0,92069 - San Marcos,False,2.0,0.0564,1976.0,2.0,San Marcos,4.0,True,2.0,Two,2457.0,False,2.0,San Marcos Unified,92069,285.0,2457.0,404.553415061296,2.0,49.0,0,428.25,0.6971916971916972,13.448785278172041,13.859515996625632,13.696074831850074,887421.0439849008
True,True,2025-12-22,2500000.0,33.84995,-117.77589,2794.0,77 - Anaheim Hills,True,9.0,0.5670000000000001,1978.0,3.0,Anaheim Hills,4.0,True,1.0,One,24700.0,False,3.0,Orange Unified,92807,200.0,24700.0,894.7745168217609,1.3333333333333333,47.0,0,698.5,0.11311740890688259,14.73180128983843,13.997832114758229,14.261458234487378,1561969.7367081374
False,False,2025-12-22,650000.0,33.88255,-117.494869,1501.0,252 - Riverside,True,2.0,0.17,1991.0,3.0,Riverside,3.0,True,2.0,Two,7405.0,False,2.0,Riverside Unified,92503,109.0,7405.0,433.0446369087275,1.0,34.0,0,500.3333333333333,0.2027008777852802,13.38472764187182,13.399995114002609,13.348068411184123,626602.978665408
False,False,2025-12-12,1502000.0,37.77052214,-121.98537483,2104.0,VC35 - Oxnard - Northeast,True,3.0,0.264,1972.0,3.0,San Ramon,4.0,True,2.0,One,11500.0,False,3.0,San Diego Unified,94583,0.0,11500.0,713.8783269961978,1.3333333333333333,53.0,0,526.0,0.18295652173913043,14.222308111306218,14.23026571297953,14.239813549034611,1528524.6529497525
False,False,2025-12-18,670000.0,33.914904,-118.238081,1140.0,"RN - Compton N of Rosecrans, E of Central",True,2.0,0.1159,1961.0,2.0,Compton,3.0,False,1.0,One,5048.0,False,2.0,Compton Unified,90222,0.0,5048.0,587.719298245614,1.5,64.0,0,380.0,0.22583201267828842,13.415032991367148,13.304684934198283,13.179821517707389,529570.4672041282
True,True,2025-12-04,1305000.0,33.976726,-117.768269,2510.0,682 - Chino Hills,True,3.0,0.2043,1996.0,3.0,Chino Hills,4.0,True,2.0,Two,8900.0,False,3.0,Chino Valley Unified,91709,0.0,8900.0,519.9203187250996,1.3333333333333333,29.0,0,627.5,0.28202247191011237,14.081713598738931,13.901688254205327,13.989728378214807,1190314.812255394
True,False,2025-12-11,1660000.0,35.248727,-120.62491,2821.0,SLO - San Luis Obispo,True,4.0,0.1693,2002.0,4.0,San Luis Obispo,4.0,True,2.0,Two,7373.0,False,2.0,San Luis Coastal Unified,93401,50.0,7373.0,588.4438142502659,1.0,23.0,0,705.25,0.38261223382612236,14.322328160332725,13.997832114758229,14.256024819004,1553505.9206930234
False,False,2025-12-24,1028000.0,33.988440999999995,-117.921215,1734.0,652 - Rowland Heights,True,2.0,0.2257,1984.0,2.0,Rowland Heights,4.0,True,1.0,One,9833.0,False,2.0,Rowland Unified,91748,0.0,9833.0,592.8489042675894,2.0,41.0,0,433.5,0.17634496084613038,13.843125724997247,13.9016461684345,13.782956965527722,967970.5725397103
False,False,2025-12-05,900000.0,34.19174,-118.43594,1316.0,VN - Van Nuys,True,1.0,0.1705,1949.0,2.0,Van Nuys,2.0,True,1.0,One,7425.0,False,1.0,Los Angeles Unified,91405,0.0,7425.0,683.8905775075988,1.0,76.0,0,658.0,0.17723905723905725,13.710150042306449,13.68482817589707,13.622623180288313,824574.8344441375
True,False,2025-12-12,430000.0,33.963393,-118.279954,1238.0,C37 - Metropolitan South,False,1.0,0.1415,1920.0,2.0,Los Angeles,2.0,False,1.0,One,6162.0,False,1.0,Los Angeles Unified,90003,0.0,6162.0,347.33441033925686,1.0,105.0,0,619.0,0.2009087958455047,12.971540487669746,13.304684934198283,13.20839824236681,544922.1625121251
False,False,2025-12-03,1220000.0,33.865937,-117.939019,1486.0,83 - Fullerton,True,2.0,0.1837,1956.0,2.0,Fullerton,3.0,True,1.0,One,8000.0,False,2.0,Fullerton Joint Union High,92832,0.0,8000.0,820.9959623149394,1.5,69.0,0,495.3333333333333,0.18575,14.01436141670944,13.779883380321124,13.759364897728387,945401.418467042
True,False,2025-12-16,695000.0,34.124189,-117.505339,1528.0,264 - Fontana,True,2.0,0.095,1996.0,3.0,Fontana,3.0,True,2.0,Two,4140.0,False,2.0,Etiwanda,92336,0.0,4140.0,454.8429319371727,1.0,29.0,0,509.3333333333333,0.3690821256038647,13.45166712454693,13.487006490992238,13.343884281422781,623986.6678028669
True,False,2025-12-26,1130000.0,34.233215,-118.794132,2465.0,SWR - Simi Wood Ranch,True,2.0,0.1,1999.0,3.0,Simi Valley,4.0,True,2.0,Two,4356.0,False,2.0,Simi Valley Unified,93065,263.0,4356.0,458.4178498985802,1.3333333333333333,26.0,0,616.25,0.5658861340679523,13.937728190688523,13.676248490630767,13.827658487921008,1012222.015750254
True,False,2025-12-19,1065000.0,33.229209999999995,-117.260485,2530.0,92056 - Oceanside,True,3.0,0.2043,1992.0,3.0,Oceanside,4.0,True,2.0,Two,8900.0,False,3.0,Vista Unified,92056,0.0,8900.0,420.9486166007905,1.3333333333333333,33.0,0,632.5,0.2842696629213483,13.878485357125662,13.732128949025222,13.929325217308113,1120544.4231983114
True,True,2025-12-22,1375000.0,33.63201,-116.244521,2844.0,313 - La Quinta South of HWY 111,True,4.5,0.2,2002.0,4.0,La Quinta,3.0,True,1.0,One,8712.0,False,2.5,Los Alamitos Unified,92253,487.0,8712.0,483.4739803094233,0.75,23.0,0,948.0,0.32644628099173556,14.133964289082808,13.545013310266594,13.988528741372832,1188887.7229186841
True,False,2025-12-04,899999.0,33.570972999999995,-117.157316,4109.0,SRCAR - Southwest Riverside County,True,2.0,0.24,2017.0,6.0,Murrieta,5.0,False,2.0,Two,10454.0,False,2.0,Murrieta,92563,0.0,10454.0,219.0311511316622,0.8333333333333334,8.0,0,821.8,0.39305528984120913,13.71014893119472,13.458835614025542,14.21024440557037,1483989.1710850957
False,True,2025-12-19,750000.0,34.060140999999994,-117.935448,2028.0,669 - West Covina,False,2.0,0.2309,1956.0,2.0,West Covina,4.0,True,1.0,One,10056.0,False,1.0,West Covina,91790,0.0,10056.0,369.8224852071006,2.0,69.0,0,507.0,0.2016706443914081,13.527828485512494,13.652991628466498,13.776828234367839,962056.2831870356
False,False,2025-12-15,685000.0,33.891415,-117.468061,1431.0,252 - Riverside,True,2.0,0.17,1985.0,3.0,Riverside,3.0,True,2.0,Two,7405.0,False,2.0,Alvord Unified,92503,0.0,7405.0,478.68623340321454,1.0,40.0,0,477.0,0.19324780553679946,13.437174117244362,13.399995114002609,13.352397045310362,629321.192534841
True,True,2025-12-03,719500.0,33.738965,-116.909645,3225.0,SRCAR - Southwest Riverside County,True,3.0,0.93,1989.0,3.0,Hemet,5.0,True,1.0,One,40511.0,False,3.0,Hemet Unified,92544,0.0,40511.0,223.10077519379848,1.6666666666666667,36.0,0,645.0,0.0796080077016119,13.48631180530956,13.081541382884074,13.492884297438966,724244.4825450036
True,False,2025-12-23,665000.0,34.423575,-118.47613,1303.0,CAN1 - Canyon Country 1,True,2.0,0.1462,1966.0,2.0,Canyon Country,3.0,True,1.0,One,6369.0,False,2.0,William S. Hart Union,91351,0.0,6369.0,510.3607060629317,1.5,59.0,0,434.3333333333333,0.20458470717538074,13.407542319637992,13.527828485512494,13.461353712647059,701764.8901862635
True,False,2025-12-19,454310.0,37.500623,-120.82225,1254.0,C13 - Palms - Mar Vista,True,2.0,0.1837,1957.0,2.0,Turlock,3.0,False,1.0,One,8000.0,False,2.0,Turlock Unified,95380,0.0,8000.0,362.28867623604464,1.5,68.0,0,418.0,0.15675,13.026535063391655,13.102160670086809,12.973142555116786,430689.44112035405
True,False,2025-12-26,728500.0,38.77252393,-121.30433894,2573.0,91978 - Spring Valley,True,2.0,0.1191,2004.0,3.0,Roseville,5.0,True,2.0,Two,5189.0,False,2.0,Carmel Unified,95678,0.0,5189.0,283.132530120482,1.6666666666666667,21.0,0,514.6,0.4958566197725959,13.498742904617396,13.190022025878143,13.255703222588943,571319.1262309323
True,False,2025-12-11,900000.0,34.015076,-117.880618,1260.0,668 - Walnut,True,2.0,0.367,1976.0,2.0,Walnut,3.0,True,1.0,One,15987.0,False,2.0,Rowland Unified,91789,0.0,15987.0,714.2857142857143,1.5,49.0,0,420.0,0.07881403640457872,13.710150042306449,13.963930563082547,13.745470604880643,932356.5686418404
True,False,2025-12-05,900000.0,37.69872479,-122.18157591,1701.0,87 - La Habra,True,2.0,0.3108,2002.0,3.0,San Leandro,3.0,True,2.0,Two,13537.0,False,2.0,Pomona Unified,94577,0.0,13537.0,529.1005291005291,1.0,23.0,0,567.0,0.12565561054886606,13.710150042306449,13.667799101765917,13.62001451429786,822426.5973517153
False,False,2025-12-17,775000.0,33.894043,-118.315864,1441.0,117 - McCarthy,False,2.0,0.127,1951.0,1.0,Gardena,3.0,True,1.0,One,5534.0,False,2.0,Los Angeles Unified,90249,0.0,5534.0,537.8209576682859,3.0,74.0,0,480.3333333333333,0.2603903144199494,13.560618308335483,13.579082711707093,13.502139423844683,730978.5711315273
False,False,2025-12-04,1200000.0,33.774878,-117.818718,1394.0,699 - Not Defined,False,1.0,0.4132,1952.0,2.0,Tustin,2.0,True,1.0,One,18000.0,False,1.0,Orange Unified,92705,0.0,18000.0,860.8321377331421,1.0,73.0,0,697.0,0.07744444444444444,13.997832114758229,14.376839163903371,14.132267776647218,1372669.273013737
True,False,2025-12-29,443000.0,33.742515000000004,-116.973002,1527.0,SRCAR - Southwest Riverside County,True,2.0,0.15,2018.0,2.0,Hemet,3.0,False,1.0,One,6534.0,False,2.0,Hemet Unified,92543,0.0,6534.0,290.11132940406026,1.5,7.0,0,509.0,0.2337006427915519,13.001325049027272,12.919503857231216,12.943022501413504,417910.46977044485
False,False,2025-12-30,575000.0,32.75348094,-117.07314027,900.0,92115 - San Diego,True,1.0,0.5257,1950.0,1.0,San Diego,2.0,False,1.0,One,22900.0,False,1.0,Los Angeles Unified,92115,0.0,22900.0,638.8888888888889,2.0,75.0,0,450.0,0.039301310043668124,13.262125319779487,13.748301808270824,13.479105937737987,714334.0133435472
False,False,2025-12-23,940000.0,34.294752,-119.16541399999998,2012.0,VC28 - Wells Rd. East to City Limit,True,2.0,0.13,1977.0,3.0,Ventura,3.0,True,2.0,Two,5662.0,False,2.0,Huntington Beach Union High,93004,0.0,5662.0,467.1968190854871,1.0,48.0,0,670.6666666666666,0.3553514659131049,13.753635154246187,13.68710868156085,13.767196069057828,952834.0842041946
True,False,2025-12-23,605000.0,33.920415000000006,-117.211857,1609.0,252 - Riverside,True,2.0,0.26,1987.0,2.0,Moreno Valley,4.0,True,1.0,One,11326.0,False,2.0,Moreno Valley Unified,92553,0.0,11326.0,376.0099440646365,2.0,38.0,0,402.25,0.14206251103655307,13.312983737012978,13.159174447339636,13.132697169308836,505193.6849638727
False,True,2025-12-26,1555000.0,33.790642,-118.337852,1692.0,125 - Walteria,True,2.0,0.1466,1976.0,2.0,Torrance,3.0,True,1.0,One,6384.0,False,2.0,Torrance Unified,90505,0.0,6384.0,919.03073286052,1.5,49.0,0,564.0,0.2650375939849624,14.256986103595471,14.214722054279537,14.100234942993593,1329395.5763012038
False,False,2025-12-18,1958000.0,34.131029,-118.09193799999998,2110.0,648 - Pasadena (SE),True,4.0,0.2549,1960.0,2.0,Pasadena,3.0,True,1.0,One,11102.0,False,2.0,Los Angeles Unified,91107,584.0,11102.0,927.9620853080568,1.5,65.0,0,703.3333333333334,0.1900558457935507,14.487434102072593,14.263026495559501,14.27772301813463,1587582.5654592426
True,False,2025-12-08,1820000.0,37.40491302,-121.85920795,1720.0,699 - Not Defined,True,2.0,0.1465,1972.0,2.0,San Jose,4.0,True,1.0,One,6380.0,False,2.0,Other,95132,0.0,6380.0,1058.139534883721,2.0,53.0,0,430.0,0.26959247648902823,14.414347059052979,14.316285845876763,14.24586254704914,1537798.7166586432
True,True,2025-12-11,630000.0,33.668673,-117.225375,1817.0,SRCAR - Southwest Riverside County,True,2.0,0.21,2015.0,2.0,Lake Elsinore,4.0,False,1.0,One,9148.0,False,2.0,Menifee Union,92532,130.0,9148.0,346.72537149146945,2.0,10.0,0,454.25,0.19862264975951027,13.353475098367715,13.353475098367715,13.32571454253898,612751.3732653566
False,True,2025-12-11,2000000.0,33.889026,-117.8229,3000.0,85 - Yorba Linda,True,3.0,0.307,1978.0,3.0,Yorba Linda,5.0,False,2.0,Two,13375.0,False,3.0,Placentia-Yorba Linda Unified,92886,0.0,13375.0,666.6666666666666,1.6666666666666667,47.0,0,600.0,0.22429906542056074,14.508657738524219,14.20888790014483,14.394777827547808,1784730.2254063385
True,False,2025-12-29,640000.0,34.160305,-117.414419,1428.0,272 - Rialto,True,3.0,0.1768,1994.0,2.0,Rialto,4.0,True,1.0,One,7700.0,False,3.0,Rialto Unified,92377,0.0,7700.0,448.1792717086835,2.0,31.0,0,357.0,0.18545454545454546,13.369223455335854,13.403775836842515,13.335436257108405,618737.417378523
True,False,2025-12-15,4680000.0,34.039953999999994,-118.558394,3435.0,C15 - Pacific Palisades,True,4.0,0.0906,1928.0,5.0,Pacific Palisades,4.0,True,2.0,MultiSplit,3947.0,False,2.0,Lucia Mar Unified,90272,0.0,3947.0,1362.4454148471616,0.8,97.0,0,858.75,0.8702812262477831,15.358808667893829,14.966082585563095,15.415097169354821,4950985.320362516
False,False,2025-12-22,875000.0,34.224843,-118.54103,1965.0,NR - Northridge,True,2.0,0.1446,1971.0,2.0,Northridge,5.0,False,2.0,Two,6297.0,False,2.0,Visalia Unified,91324,0.0,6297.0,445.2926208651399,2.5,54.0,0,393.0,0.3120533587422582,13.681979165339751,13.767367980495198,13.750705525332828,937250.178766086
False,False,2025-12-16,705000.0,33.513033,-117.116074,2583.0,SRCAR - Southwest Riverside County,True,2.0,0.18,1999.0,3.0,Temecula,4.0,True,2.0,Two,7841.0,False,2.0,Temecula Unified,92591,120.0,7841.0,272.938443670151,1.3333333333333333,26.0,0,645.75,0.32942226756791226,13.465953081794405,13.514405465180353,13.616084743687436,819200.9915767097
True,False,2025-12-17,765000.0,34.222454,-118.535418,1657.0,NR - Northridge,True,2.0,0.0282,2020.0,4.0,Northridge,3.0,False,1.0,ThreeOrMore,1227.0,False,2.0,Los Angeles Unified,91325,105.0,1227.0,461.67773083886544,0.75,5.0,0,552.3333333333334,1.3504482477587612,13.547631112808673,13.955272500339433,13.78312185139202,968130.1903631776
True,False,2025-12-11,705000.0,33.892549,-118.330862,1100.0,111 - Bodger Park/El Camino,False,1.0,0.132,1944.0,2.0,Gardena,3.0,False,1.0,One,5748.0,False,1.0,Lawndale,90249,0.0,5748.0,640.9090909090909,1.5,81.0,0,366.6666666666667,0.19137091162143355,13.465953081794405,13.579082711707093,13.532713254316146,753672.5390523116
True,False,2025-12-24,1552899.0,33.86095,-118.389221,1717.0,150 - Hermosa Bch East,True,2.0,0.0596,1965.0,2.0,Hermosa Beach,3.0,True,2.0,Two,2594.0,False,2.0,Hermosa,90254,0.0,2594.0,904.4257425742576,1.5,60.0,0,572.3333333333334,0.6619121048573632,14.255634064600605,14.648419680899378,14.241799091707136,1531562.6188816207
False,False,2025-12-18,818000.0,33.924736,-118.01793,1144.0,M3 - La Mirada,True,2.0,0.146,1955.0,2.0,La Mirada,3.0,False,1.0,One,6360.0,False,2.0,Norwalk - La Mirada,90638,0.0,6360.0,715.034965034965,1.5,70.0,0,381.3333333333333,0.17987421383647798,13.614617615584883,13.709037694795391,13.630635229420548,831207.9052926928
False,False,2025-12-16,795000.0,33.893587,-118.010326,1349.0,M3 - La Mirada,True,2.0,0.1461,1955.0,2.0,La Mirada,3.0,False,1.0,One,6364.0,False,2.0,Norwalk - La Mirada,90638,0.0,6364.0,589.3254262416605,1.5,70.0,0,449.6666666666667,0.21197360150848524,13.58609739363647,13.709037694795391,13.669385495066258,864049.6358756861
True,False,2025-12-29,347500.0,34.127069,-117.305168,852.0,274 - San Bernardino,False,2.0,0.155,1925.0,2.0,San Bernardino,3.0,True,1.0,One,6750.0,False,2.0,San Bernardino City Unified,92411,0.0,6750.0,407.86384976525824,1.5,100.0,0,284.0,0.12622222222222224,12.758519943986984,12.994530005894443,12.86254075828209,385594.1838707736
False,True,2025-12-23,920000.0,33.809785999999995,-118.284809,1238.0,139 - South Carson,True,2.0,0.1199,1971.0,2.0,Carson,3.0,False,1.0,One,5225.0,False,2.0,Los Angeles Unified,90745,0.0,5225.0,743.1340872374798,1.5,54.0,0,412.6666666666667,0.2369377990430622,13.732128949025222,13.592367006650065,13.49810918568728,728038.4820111986
True,True,2025-12-17,1455000.0,33.937669,-118.105616,2156.0,"D1 - Northeast Downey, N of Firestone, E of Downey",False,3.0,0.348,1951.0,2.0,Downey,3.0,True,1.0,One,15157.0,False,3.0,Downey Unified,90241,0.0,15157.0,674.860853432282,1.5,74.0,0,718.6666666666666,0.14224450748828923,14.19051645858773,13.790192749979985,13.95239655886109,1146697.4185916486
False,False,2025-12-02,292000.0,34.510563,-117.199428,1101.0,APPV - Apple Valley,True,2.0,0.9963,1964.0,1.0,Apple Valley,2.0,True,1.0,One,43400.0,False,2.0,Apple Valley Unified,92307,0.0,43400.0,265.2134423251589,2.0,61.0,0,550.5,0.025368663594470046,12.584509081250419,13.049792684569493,12.718744052019202,333949.1624095075
True,True,2025-12-03,645000.0,33.617695,-117.113408,1691.0,SRCAR - Southwest Riverside County,True,4.0,0.19,2019.0,3.0,Winchester,3.0,False,1.0,One,8276.0,False,2.0,Perris Union High,92596,36.0,8276.0,381.43110585452393,1.0,6.0,0,563.6666666666666,0.20432576123731272,13.37700559577791,13.337474757021274,13.311904857864057,604347.6300923269
False,False,2025-12-08,800000.0,34.067865999999995,-117.958835,1247.0,669 - West Covina,False,2.0,0.166,1956.0,2.0,West Covina,3.0,True,1.0,One,7232.0,False,2.0,West Covina,91790,0.0,7232.0,641.5396952686448,1.5,69.0,0,415.6666666666667,0.17242809734513273,13.592367006650065,13.652991628466498,13.593188264388848,800657.2760506062
True,False,2025-12-24,561500.0,37.93399461,-122.0617482,1062.0,688 - Rancho Cucamonga,True,1.0,0.0895,1940.0,1.0,Pleasant Hill,2.0,True,1.0,One,3900.0,False,1.0,Lucia Mar Unified,94523,124.0,3900.0,528.7193973634652,2.0,85.0,0,531.0,0.2723076923076923,13.238367053160635,13.92391643180806,13.696822827341435,888085.0792414688
True,False,2025-12-15,1760000.0,37.52545246,-122.01375211,1870.0,699 - Not Defined,True,2.0,0.1637,1963.0,2.0,Newark,3.0,False,1.0,One,7130.0,False,2.0,Saddleback Valley Unified,94560,329.0,7130.0,941.1764705882352,1.5,62.0,0,623.3333333333334,0.26227208976157085,14.380824367014334,14.151982794585487,14.121850444426164,1358443.944797225
False,False,2025-12-30,1225000.0,33.549883,-117.696227,1266.0,LNLAK - Lake Area,True,2.0,0.1125,1989.0,3.0,Laguna Niguel,3.0,True,2.0,Two,4900.0,False,2.0,Capistrano Unified,92677,38.0,4900.0,967.6145339652448,1.0,36.0,0,422.0,0.2583673469387755,14.018451401960965,14.349075668699754,14.074986104378285,1296250.08536119
False,False,2025-12-03,1299000.0,33.842684000000006,-118.356171,1482.0,131 - West Torrance,True,4.0,0.1431,1958.0,2.0,Torrance,3.0,True,1.0,One,6235.0,False,2.0,Torrance Unified,90503,0.0,6235.0,876.5182186234817,1.5,67.0,0,494.0,0.23769045709703288,14.077105295652737,14.148404973237604,14.054474305407577,1269932.4974494586
True,True,2025-12-31,1099999.0,34.210537,-118.622016,2268.0,WEH - West Hills,True,7.0,0.1998,1975.0,3.0,West Hills,4.0,True,2.0,Two,8704.0,False,3.0,Los Angeles Unified,91304,0.0,8704.0,485.0083774250441,1.3333333333333333,50.0,0,567.0,0.26056985294117646,13.910819828677276,13.846039762999096,13.979478100356161,1178176.0736948252
True,False,2025-12-09,364000.0,33.745253000000005,-116.892758,1647.0,SRCAR - Southwest Riverside County,True,2.0,0.16,2007.0,2.0,Hemet,4.0,False,1.0,One,6970.0,False,2.0,Hemet Unified,92544,0.0,6970.0,221.00789313904068,2.0,18.0,0,411.75,0.2362984218077475,12.804909146618877,13.081541382884074,13.047891158813382,464116.630664354
False,False,2025-12-30,650000.0,34.137709,-117.380944,1742.0,272 - Rialto,True,3.0,0.2181,1987.0,3.0,Rialto,4.0,True,2.0,Two,9500.0,False,3.0,Rialto Unified,92377,0.0,9500.0,373.13432835820896,1.3333333333333333,38.0,0,435.5,0.18336842105263157,13.38472764187182,13.403775836842515,13.400476542607851,660317.8193769916
True,False,2025-12-24,1205000.0,33.83971,-117.857215,2248.0,RVB - Riverbend,True,2.0,0.0749,2009.0,3.0,Orange,3.0,True,2.0,Two,3261.0,False,2.0,Orange Unified,92865,105.0,3261.0,536.0320284697509,1.0,16.0,0,749.3333333333334,0.6893590923029745,14.001990124906893,13.913540599416507,13.909658867727442,1098722.6851353564
True,True,2025-12-05,1530000.0,34.175435,-118.898446,1872.0,NBPK - Newbury Park,True,5.0,0.24,1976.0,2.0,Newbury Park,4.0,True,1.0,One,10454.0,False,2.0,Conejo Valley Unified,91320,0.0,10454.0,817.3076923076923,2.0,49.0,0,468.0,0.1790702123589057,14.240778293368619,13.933293593620657,13.891090786964492,1078509.752006255
True,False,2025-12-09,1055000.0,37.83566915,-122.27457476,1807.0,RF - Bellflower South of 91 Frwy,True,1.0,0.0758,1900.0,2.0,Oakland,2.0,False,2.0,Two,3300.0,False,1.0,William S. Hart Union,94608,85.0,3300.0,583.8406198118429,1.0,125.0,0,903.5,0.5475757575757576,13.869051324892304,13.598578266649344,13.37464356978423,643478.291099554
True,False,2025-12-19,2225000.0,34.161058000000004,-118.390726,2384.0,VVL - Valley Village,True,0.0,0.2088,1937.0,3.0,Valley Village,4.0,True,1.0,One,9095.0,False,2.0,Fresno Unified,91607,0.0,9095.0,933.3053691275168,1.3333333333333333,88.0,0,596.0,0.26212204507971415,14.615267473582477,14.132142793443558,14.384895159151084,1767179.1967554502
False,False,2025-12-22,1780000.0,36.97562104,-122.01496263,1794.0,699 - Not Defined,True,4.0,0.121,1923.0,3.0,Santa Cruz,4.0,False,2.0,Two,5271.0,False,1.0,Other,95062,0.0,5271.0,992.196209587514,1.3333333333333333,102.0,0,448.5,0.34035287421741606,14.392123922268269,14.444785440003537,14.42567151248771,1840727.6483810626
False,False,2025-12-02,660000.0,34.404868,-118.542603,864.0,VAL1 - Valencia 1,False,2.0,0.0962,1983.0,2.0,Valencia,2.0,True,1.0,One,4191.0,False,2.0,William S. Hart Union,91355,70.0,4191.0,763.8888888888889,1.0,42.0,0,432.0,0.20615604867573373,13.399995114002609,13.697852514496041,13.314977673084536,606207.5347968126
False,False,2025-12-04,1550000.0,37.92218496,-122.02637998,1860.0,PRNE - PR North 46-East 101,True,2.0,0.2525,1971.0,2.0,Walnut Creek,4.0,True,1.0,One,11000.0,False,2.0,Westside Union,94598,0.0,11000.0,833.3333333333334,2.0,54.0,0,465.0,0.1690909090909091,14.253765488895429,14.240778293368619,14.185635942219038,1447916.1491696269
True,True,2025-12-18,898000.0,34.095082,-117.857082,1653.0,614 - Covina,False,8.0,0.1785,1961.0,2.0,Covina,3.0,True,1.0,One,7776.0,False,2.0,Charter Oak Unified,91724,0.0,7776.0,543.2546884452511,1.5,64.0,0,551.0,0.21257716049382716,13.707925347284336,13.681962838542578,13.679423987454566,872767.0733277745
True,False,2025-12-19,2592500.0,33.455308,-117.634052,4400.0,CD - Coast District,True,6.0,0.1687,1981.0,4.0,San Clemente,5.0,True,2.0,Two,7350.0,False,3.0,Capistrano Unified,92673,259.0,7350.0,589.2045454545455,1.25,44.0,0,880.0,0.5986394557823129,14.76813321908582,14.446782334806132,14.82227430436861,2736729.9161650883
True,True,2025-12-03,964000.0,36.81767361,-121.65878539,2090.0,699 - Not Defined,True,4.0,1.23,1989.0,3.0,Salinas,3.0,True,1.0,Two,53579.0,False,3.0,North Monterey County Unified,93907,461.0,53579.0,461.244019138756,1.0,36.0,0,696.6666666666666,0.03900782022807443,13.778846573592682,13.635187003832993,13.75763050980091,943763.1467702329
False,False,2025-12-30,780000.0,33.947281,-118.0315,1333.0,670 - Whittier,False,0.0,0.1383,1955.0,2.0,Whittier,4.0,True,1.0,One,6026.0,False,2.0,Rialto Unified,90605,0.0,6026.0,585.1462865716429,2.0,70.0,0,333.25,0.22120809824095586,13.567049198665774,13.602934236950354,13.551881411836902,768258.3984351896
True,False,2025-12-02,1650000.0,37.80053516,-122.19472437,2559.0,BKSF - Bakersfield,True,3.0,0.124,1948.0,3.0,Oakland,4.0,True,1.0,ThreeOrMore,5400.0,False,2.0,Oakland,94602,350.0,5400.0,644.7831184056272,1.3333333333333333,77.0,0,639.75,0.4738888888888889,14.316285845876763,13.92839261528267,14.183371087502202,1444640.5402389697
True,False,2025-12-11,737750.0,34.446727,-118.512404,1200.0,BOUQ - Bouquet Canyon,True,2.0,0.1649,1982.0,2.0,Saugus,3.0,True,1.0,One,7185.0,False,2.0,William S. Hart Union,91350,0.0,7185.0,614.7916666666666,1.5,43.0,0,400.0,0.16701461377870563,13.511360292805186,13.652991628466498,13.477871027291561,713452.4192651366
True,False,2025-12-19,409000.0,34.230181,-116.842937,966.0,BBC - Big Bear City,True,0.0,0.2165,1978.0,1.0,Big Bear City,2.0,True,2.0,Two,9430.0,False,0.0,Bear Valley Unified,92314,0.0,9430.0,423.3954451345756,2.0,47.0,0,483.0,0.1024390243902439,12.921470435024938,12.965709567358951,12.690689595267111,324710.5974640383
True,True,2025-12-03,5058843.94,34.136418,-118.118737,5139.0,648 - Pasadena (SE),False,2.0,1.0125,1923.0,6.0,Pasadena,4.0,True,1.0,ThreeOrMore,44105.0,False,2.0,Los Angeles Unified,91106,0.0,44105.0,984.4024012453784,0.6666666666666666,102.0,0,1284.75,0.11651740165514114,15.436648544804589,14.686803923907693,15.366184845496921,4714648.139503254
False,False,2025-12-15,1270000.0,34.080872,-118.356642,1491.0,C19 - Beverly Center-Miracle Mile,True,0.0,0.1167,1924.0,2.0,Los Angeles,4.0,False,1.0,One,5083.0,False,2.0,Los Angeles Unified,90036,210.0,5083.0,851.7773306505701,2.0,101.0,0,372.75,0.2933307102105056,14.054527458434775,14.676279640441766,14.307927941399717,1636266.9274103737
False,True,2025-12-03,1250000.0,37.24867272,-121.81483315,1300.0,699 - Not Defined,True,2.0,0.1148,1963.0,3.0,San Jose,3.0,False,1.0,One,5000.0,False,2.0,Other,95123,0.0,5000.0,961.5384615384615,1.0,62.0,0,433.3333333333333,0.26,14.038654109278484,14.209238987979617,14.025621042172963,1233814.369430858
True,False,2025-12-23,620000.0,37.01983338,-120.05816603,2086.0,699 - Not Defined,True,2.0,0.5,1986.0,2.0,Madera,3.0,True,1.0,One,21780.0,False,2.0,Madera Unified,93638,0.0,21780.0,297.2195589645254,1.5,39.0,0,695.3333333333334,0.09577594123048669,13.337474757021274,12.983035246782094,13.09446474407631,486243.4697848877
True,False,2025-12-23,965000.0,34.437761,-118.38748,2663.0,CAN2 - Canyon Country 2,True,3.0,0.1672,1994.0,3.0,Canyon Country,5.0,True,2.0,Two,7282.0,False,3.0,William S. Hart Union,91387,0.0,7282.0,362.3732632369508,1.6666666666666667,31.0,0,532.6,0.36569623729744577,13.779883380321124,13.737549016494562,13.90752788350402,1096383.8173576694
True,False,2025-12-12,1836500.0,34.054309,-118.35771499999998,2165.0,C16 - Mid Los Angeles,True,0.0,0.1401,1928.0,3.0,Los Angeles,4.0,True,1.0,One,6102.0,False,0.0,Los Angeles Unified,90019,0.0,6102.0,848.2678983833719,1.3333333333333333,97.0,0,541.25,0.3548017043592265,14.42337214424186,14.151982794585487,14.325437911047569,1665170.2210694
False,False,2025-12-05,1450000.0,37.39538835,-121.8833611,1234.0,COPN - Copper Hill North,True,2.0,0.1414,1973.0,2.0,San Jose,4.0,False,1.0,One,6160.0,False,2.0,Santa Clara Unified,95131,0.0,6160.0,1175.0405186385738,2.0,52.0,0,308.5,0.20032467532467532,14.187074114396758,14.274269297520263,14.022271195641801,1229688.1955284674
True,False,2025-12-31,356000.0,39.731729,-121.63555,1811.0,HSP - Hesperia,True,2.0,1.03,1939.0,2.0,Paradise,3.0,True,1.0,One,44867.0,False,2.0,Paradise Unified,95969,0.0,44867.0,196.5764770844837,1.5,86.0,0,603.6666666666666,0.04036374172554439,12.782686009834167,12.89921982609012,13.013820610017799,448570.2628204352
False,False,2025-12-11,525000.0,34.154708,-117.29371,1499.0,274 - San Bernardino,False,2.0,0.1924,1949.0,2.0,San Bernardino,3.0,True,1.0,One,8382.0,False,2.0,San Bernardino City Unified,92405,0.0,8382.0,350.23348899266176,1.5,76.0,0,499.6666666666667,0.1788356000954426,13.17115354157376,13.071070083016778,13.024403945138417,453342.84259581217
False,False,2025-12-22,745000.0,33.930951,-118.165226,1216.0,T4 - South Gate E of 710,False,2.0,0.1437,1947.0,1.0,South Gate,3.0,True,1.0,One,6259.0,False,2.0,Downey Unified,90280,0.0,6259.0,612.6644736842105,3.0,78.0,0,405.3333333333333,0.19428023645949832,13.521139497361697,13.458120817620745,13.380499089040057,647257.243691189
False,False,2025-12-09,2100000.0,37.27902167,-121.90169815,1664.0,699 - Not Defined,True,2.0,0.1862,1961.0,2.0,San Jose,3.0,True,1.0,One,8112.0,False,2.0,San Jose Unified,95125,0.0,8112.0,1262.0192307692307,1.5,64.0,0,554.6666666666666,0.20512820512820512,14.557447902693651,14.462613800022813,14.285207319956108,1599509.0877200607
True,True,2025-12-16,1575000.0,34.085991,-118.271431,755.0,C21 - Silver Lake - Echo Park,False,2.0,0.1148,1903.0,1.0,Los Angeles,1.0,True,1.0,One,5000.0,False,1.0,San Jacinto Unified,90026,0.0,5000.0,2086.092715231788,1.0,122.0,0,755.0,0.151,14.269765830241871,14.237504968023648,13.730179878290913,918208.60127296
False,False,2025-12-15,1650000.0,33.09868399,-117.2684139,1517.0,92011 - Carlsbad,True,5.0,0.3124,1978.0,2.0,Carlsbad,4.0,False,1.0,One,13606.0,False,2.0,San Diego Unified,92011,0.0,13606.0,1087.6730388925512,2.0,47.0,0,379.25,0.11149492870792298,14.316285845876763,14.406071149749119,14.132445447607392,1372913.1781482622
True,False,2025-12-05,950000.0,37.94142589,-122.31837997,1111.0,PMCL - Pine Mountain Club,False,1.0,0.1102,1952.0,1.0,Richmond,3.0,True,1.0,One,4800.0,False,1.0,Paso Robles Joint Unified,94805,0.0,4800.0,855.0855085508551,3.0,73.0,0,370.3333333333333,0.23145833333333332,13.764217263576723,13.458835614025542,13.348470736202186,626855.127439597
False,False,2025-12-19,1260000.0,34.215955,-118.244036,1419.0,635 - La Crescenta/Glendale Montrose & Annex,False,2.0,0.1235,1946.0,2.0,La Crescenta,3.0,True,1.0,One,5379.0,False,2.0,Glendale Unified,91214,0.0,5379.0,887.9492600422833,1.5,79.0,0,473.0,0.26380368098159507,14.04662227892766,14.115615150414612,14.031719075916657,1241361.198110716
False,False,2025-12-19,1300000.0,34.097094,-118.038505,1520.0,661 - Temple City,False,2.0,0.2985,1947.0,2.0,Temple City,3.0,True,1.0,One,13004.0,False,2.0,El Monte Union High,91780,0.0,13004.0,855.2631578947369,1.5,78.0,0,506.6666666666667,0.1168871116579514,14.077874822431765,13.981024996441848,13.979308255186986,1177975.9831729557
False,False,2025-12-18,935000.0,34.002036,-117.500116,1992.0,251 - Jurupa Valley,True,2.0,0.58,1981.0,2.0,Jurupa Valley,4.0,True,1.0,One,25265.0,False,2.0,Jurupa Unified,92509,0.0,25265.0,469.37751004016064,2.0,44.0,0,498.0,0.07884425094003562,13.748301808270824,13.422467969854667,13.500992931680539,730140.9901593244
True,False,2025-12-12,1200000.0,33.79743,-117.962971,1329.0,"62 - Garden Grove N of Chapman, W of Euclid",True,2.0,0.3182,1954.0,2.0,Garden Grove,4.0,True,1.0,One,13860.0,False,2.0,Garden Grove Unified,92841,0.0,13860.0,902.9345372460496,2.0,71.0,0,332.25,0.09588744588744588,13.997832114758229,13.866678844538674,13.776910163690024,962135.1070351693
False,False,2025-12-05,783000.0,32.596626,-117.03981,1611.0,91911 - Chula Vista,True,4.0,0.1837,1966.0,2.0,Chula Vista,3.0,False,2.0,Two,8000.0,False,2.0,Sweetwater Union,91911,0.0,8000.0,486.0335195530726,1.5,59.0,0,537.0,0.201375,13.57088797497294,13.617059619240436,13.576228843772556,787193.0876683785
False,False,2025-12-08,1200000.0,34.116710999999995,-118.264517,1028.0,606 - Atwater,True,2.0,0.1101,1926.0,1.0,Los Angeles,2.0,True,1.0,One,4797.0,False,1.0,Bellflower Unified,90039,0.0,4797.0,1167.3151750972763,2.0,99.0,0,514.0,0.21430060454450697,13.997832114758229,14.283164926819232,13.892458454415092,1079985.8038331668
True,False,2025-12-11,1300000.0,33.879308,-117.832929,1927.0,85 - Yorba Linda,True,3.0,0.2029,1988.0,3.0,Yorba Linda,4.0,True,2.0,Two,8840.0,False,3.0,Placentia-Yorba Linda Unified,92886,83.0,8840.0,674.6237675142709,1.3333333333333333,37.0,0,481.75,0.21798642533936652,14.077874822431765,14.20888790014483,14.16571685648908,1419360.3303343146
False,False,2025-12-12,649000.0,32.825010600000006,-116.52672134,1355.0,91962 - Pine Valley,True,10.0,0.1354,1958.0,2.0,Pine Valley,3.0,True,1.0,One,7405.0,False,0.0,Fallbrook Union,91962,255.0,12197.0,478.9667896678967,1.5,67.0,0,451.6666666666667,0.11109289169467902,13.383187995686226,13.415032991367148,13.36713909255194,638667.3971146895
True,True,2025-12-29,1937500.0,33.628319,-116.26303,3908.0,313 - La Quinta South of HWY 111,True,3.0,0.26,2022.0,5.0,La Quinta,4.0,True,1.0,One,11326.0,False,3.0,San Gabriel Unified,92253,183.0,11326.0,495.7778915046059,0.8,3.0,0,977.0,0.3450467949849903,14.47690904020964,13.545013310266594,14.62691170994113,2251059.855003408
False,False,2025-12-18,1830000.0,34.019153,-118.396192,1358.0,C28 - Culver City,False,4.0,0.1539,1913.0,2.0,Culver City,4.0,True,1.0,One,6705.0,False,0.0,Culver City Unified,90232,125.0,6705.0,1347.5699558173785,2.0,112.0,0,339.5,0.20253542132736763,14.419826524817603,14.558220461336216,14.282158523229473,1594639.9359478184
True,False,2025-12-15,1590000.0,33.794944,-117.776516,2171.0,"75 - Orange, Orange Park Acres E of 55",True,4.0,0.1527,1979.0,3.0,Orange,2.0,True,1.0,One,6650.0,False,2.0,Orange Unified,92869,120.0,6650.0,732.3813910640258,0.6666666666666666,46.0,0,1085.5,0.32646616541353385,14.279244574196415,14.115985383678474,14.107561078047077,1339170.670943537
True,False,2025-12-03,1005000.0,32.850113,-116.992806,2089.0,92071 - Santee,True,4.0,0.1791,1975.0,2.0,Santee,3.0,True,1.0,One,7800.0,False,2.0,Grossmont Union,92071,0.0,7800.0,481.0914313068454,1.5,50.0,0,696.3333333333334,0.26782051282051283,13.820498099475314,13.652403046879991,13.744148390158578,931124.6076984985
False,False,2025-12-15,2400000.0,32.80554081,-117.24955316,1844.0,92109 - Pacific Beach,True,2.0,0.1446,1953.0,3.0,San Diego,3.0,False,1.0,One,6300.0,False,0.0,Murrieta,92109,0.0,6300.0,1301.5184381778745,1.0,72.0,0,614.6666666666666,0.2926984126984127,14.690979295318174,14.508657738524219,14.507206339973527,1997099.3084375856
True,False,2025-12-24,445000.0,35.329228,-119.081379,2280.0,BKSF - Bakersfield,True,2.0,0.226,1981.0,2.0,Bakersfield,3.0,True,1.0,One,9846.0,False,2.0,Bakersfield City,93309,0.0,9846.0,195.17543859649123,1.5,44.0,0,760.0,0.2315661182205972,13.005829561148378,12.80765263256463,12.900201392671836,400392.8193903405
False,False,2025-12-17,4200000.0,33.876884000000004,-118.390679,2215.0,147 - Manhattan Bch Mira Costa,True,4.0,0.2124,1951.0,3.0,Manhattan Beach,5.0,False,2.0,Two,9250.0,False,2.0,Manhattan Unified,90266,0.0,9250.0,1896.162528216704,1.6666666666666667,74.0,0,443.0,0.23945945945945946,15.250595083253597,15.040754419423045,14.94814686386938,3103828.3646706063
True,False,2025-12-17,1600000.0,37.88762337,-122.2676022,1570.0,699 - Not Defined,False,2.0,0.1341,1916.0,2.0,Berkeley,3.0,True,2.0,Two,5840.0,False,0.0,William S. Hart Union,94707,0.0,5840.0,1019.108280254777,1.5,109.0,0,523.3333333333334,0.2688356164383562,14.28551418721001,14.331212327451603,14.227227022727979,1509406.4057488167
True,False,2025-12-23,750000.0,33.176334999999995,-117.202908,1200.0,92084 - Vista,True,4.0,0.13,1989.0,2.0,Vista,3.0,True,1.0,One,0.13,False,2.0,Vista Unified,92084,185.0,5662.8,625.0,1.5,36.0,0,400.0,0.2119093028183937,13.527828485512494,13.773646353865574,13.539566811394003,758855.6177917543
False,False,2025-12-05,2180000.0,37.89269459,-122.0374621,2691.0,699 - Not Defined,True,2.0,0.45,1960.0,4.0,Walnut Creek,3.0,True,1.0,One,19600.0,False,2.0,Other,94596,150.0,19600.0,810.1077666295057,0.75,65.0,0,897.0,0.13729591836734695,14.594835434765272,14.269765830241871,14.494484999977018,1971854.4438334166
False,True,2025-12-08,1445000.0,32.98134621,-117.0185199,2086.0,92064 - Poway,True,5.0,0.56,1974.0,3.0,Poway,3.0,True,1.0,One,24393.0,False,2.0,William S. Hart Union,92064,398.0,24393.0,692.7133269415149,1.0,51.0,0,695.3333333333334,0.08551633665395811,14.183619879528669,14.042638194103073,14.082698113602222,1306285.4245525564
False,False,2025-12-16,1850000.0,34.112753000000005,-118.165403,2894.0,658 - So. Pasadena,False,2.0,0.1779,1942.0,3.0,South Pasadena,4.0,True,1.0,One,7750.0,False,2.0,Lake Elsinore Unified,91030,0.0,7750.0,639.2536281962681,1.3333333333333333,83.0,0,723.5,0.3734193548387097,14.430696197054507,14.557923979827137,14.775683347088567,2612147.7851594356
False,False,2025-12-08,592000.0,33.892542,-117.229272,2200.0,259 - Moreno Valley,True,2.0,0.0918,2022.0,3.0,Moreno Valley,5.0,False,2.0,Two,3999.0,False,2.0,Moreno Valley Unified,92551,61.88,3999.0,269.09090909090907,1.6666666666666667,3.0,0,440.0,0.5501375343835959,13.291261913866142,13.180632285528304,13.2554030688449,571147.6683892948
False,False,2025-12-08,1575000.0,37.3854826,-122.02502473,1119.0,699 - Not Defined,True,1.0,0.1309,1948.0,1.0,Sunnyvale,3.0,True,1.0,Two,5700.0,False,1.0,Other,94085,175.0,5700.0,1407.506702412869,3.0,77.0,0,373.0,0.19631578947368422,14.269765830241871,14.392123922268269,14.126634338991275,1364958.1666535058
True,False,2025-12-22,650000.0,32.818596,-116.834856,888.0,92019 - El Cajon,False,4.0,0.3095,1928.0,1.0,El Cajon,2.0,False,1.0,One,13480.0,False,0.0,Grossmont Union,92019,0.0,13480.0,731.981981981982,2.0,97.0,0,444.0,0.06587537091988131,13.38472764187182,13.773646353865574,13.513223591257491,739125.9299191438
False,False,2025-12-09,745000.0,38.00314528,-122.03237987,1103.0,SRCAR - Southwest Riverside County,True,2.0,0.1538,1960.0,2.0,Concord,3.0,True,1.0,One,6700.0,False,2.0,Rim of the World,94520,0.0,6700.0,675.4306436990028,1.5,65.0,0,367.6666666666667,0.16462686567164178,13.521139497361697,13.38472764187182,13.286460636063833,589164.4561051535
True,False,2025-12-08,635000.0,37.98499965,-122.03897291,1053.0,699 - Not Defined,True,2.0,0.1607,1951.0,1.0,Concord,3.0,True,1.0,One,7000.0,False,2.0,Lake Elsinore Unified,94520,259.0,7000.0,603.0389363722697,3.0,74.0,0,351.0,0.15042857142857144,13.36138027787483,13.38472764187182,13.290271788450559,591414.1358413337
True,False,2025-12-11,607000.0,33.893774,-117.477772,1107.0,252 - Riverside,True,4.0,0.21,1976.0,2.0,Riverside,3.0,False,1.0,One,9148.0,False,2.0,Riverside Unified,92503,0.0,9148.0,548.3288166214995,1.5,49.0,0,369.0,0.12101005684302579,13.316284070041636,13.399995114002609,13.263292963258971,575671.7871283074
True,True,2025-12-18,1125000.0,37.13810612,-121.62825332,1160.0,699 - Not Defined,True,3.0,0.1396,1974.0,2.0,Morgan Hill,3.0,False,1.0,One,6080.0,False,2.0,Other,95037,0.0,6080.0,969.8275862068964,1.5,51.0,0,386.6666666666667,0.19078947368421054,13.933293593620657,14.187074114396758,13.88280714638616,1069612.665867775
False,False,2025-12-08,1625000.0,37.3288951,-121.91722673,1206.0,699 - Not Defined,False,2.0,0.1543,1935.0,2.0,San Jose,3.0,True,1.0,Two,6720.0,False,2.0,San Jose Unified,95126,0.0,6720.0,1347.42951907131,1.5,90.0,0,402.0,0.17946428571428572,14.301018373745976,14.17318500223609,13.99188317453774,1192882.4636253421
False,False,2025-12-16,1405000.0,37.27153862,-121.83248916,1581.0,699 - Not Defined,True,2.0,0.1492,1978.0,2.0,San Jose,4.0,True,1.0,ThreeOrMore,6500.0,False,2.0,Other,95136,0.0,6500.0,888.6780518659076,2.0,47.0,0,395.25,0.24323076923076922,14.155547860749984,14.22097566607244,14.103403022580558,1333613.8857313155
True,False,2025-12-15,1540000.0,34.085052000000005,-118.262784,1420.0,C21 - Silver Lake - Echo Park,False,2.0,0.1373,1918.0,2.0,Los Angeles,3.0,True,1.0,One,5981.0,False,3.0,Bear Valley Unified,90026,0.0,5981.0,1084.5070422535211,1.5,107.0,0,473.3333333333333,0.23741849189098813,14.247292974389811,14.237504968023648,14.12821681961432,1367119.8965001735
False,False,2025-12-22,580000.0,33.72256751,-117.42957784,2229.0,SRCAR - Southwest Riverside County,True,4.0,0.24,1995.0,3.0,Corona,4.0,True,2.0,Two,10454.0,False,2.0,Other,92883,110.0,10454.0,260.2063705697622,1.3333333333333333,30.0,0,557.25,0.2132198201645303,13.270783382522602,13.547957803444275,13.618907146422847,821516.3726280752
True,True,2025-12-12,1640000.0,33.119365,-117.180168,3004.0,92078 - San Marcos,True,3.0,0.0,2003.0,3.0,San Marcos,4.0,True,2.0,Two,0.14,False,3.0,San Marcos Unified,92078,166.0,0.14,545.9387483355526,1.3333333333333333,22.0,0,751.0,21457.142857142855,14.310206799800381,14.075178214680975,14.326642048890141,1667176.5232366766
True,False,2025-12-08,1480000.0,37.62530925,-122.44627935,1110.0,140 - East Carson,True,2.0,0.1365,1955.0,2.0,San Bruno,3.0,True,1.0,One,5944.0,False,2.0,Temecula Unified,94066,134.0,5944.0,1333.3333333333333,1.5,70.0,0,370.0,0.186742934051144,14.207552645740298,14.144814305106875,13.924277727867482,1114902.737207527
False,False,2025-12-23,1750000.0,37.57043328,-122.02426994,1923.0,25 - Carson Park,True,2.0,0.1331,1967.0,2.0,Fremont,4.0,True,1.0,One,5800.0,False,2.0,Whittier Union High,94536,0.0,5800.0,910.0364014560582,2.0,58.0,0,480.75,0.33155172413793105,14.375126345899696,14.316285845876763,14.29822617243562,1620469.0015443694
True,False,2025-12-29,680000.0,37.13751513,-122.14002746,1479.0,59 - Westminster North of 405 & Westminster,True,11.0,0.9475,1941.0,3.0,Boulder Creek,4.0,True,2.0,Two,41272.0,False,1.0,Perris Union High,95006,150.0,41272.0,459.7701149425287,1.3333333333333333,84.0,0,369.75,0.035835433223492925,13.42984807715229,13.480037821676145,13.645209480538254,843410.8463992443
False,False,2025-12-05,1315000.0,37.84946765,-122.26211173,1211.0,92064 - Poway,False,1.0,0.089,1927.0,2.0,Oakland,2.0,True,1.0,MultiSplit,3876.0,False,1.0,Arcadia Unified,94609,0.0,3876.0,1085.8794384805944,1.0,98.0,0,605.5,0.3124355005159959,14.089347223594002,14.050582680143757,13.891218764392356,1078647.7857426559
True,False,2025-12-29,1480000.0,34.163478999999995,-118.143508,2160.0,646 - Pasadena (NE),False,2.0,0.1709,2012.0,3.0,Pasadena,4.0,True,2.0,Two,7443.0,False,2.0,Menifee Union,91104,0.0,7443.0,685.1851851851852,1.3333333333333333,13.0,0,540.0,0.29020556227327693,14.207552645740298,14.119305204063423,14.214926987194556,1490954.3663288392
False,False,2025-12-08,1080000.0,33.642975,-117.68372,2426.0,LN - Lake Forest North,True,3.0,0.2066,1978.0,4.0,Lake Forest,3.0,True,1.0,One,9000.0,False,3.0,Saddleback Valley Unified,92630,121.0,9000.0,445.1772464962902,0.75,47.0,0,808.6666666666666,0.26955555555555555,13.892471599100402,14.077874822431765,14.27349200566736,1580879.6738402653
False,False,2025-12-10,1555000.0,34.140533000000005,-118.10698899999998,1384.0,646 - Pasadena (NE),False,2.0,0.159,1938.0,2.0,Pasadena,2.0,True,1.0,One,6928.0,False,2.0,Bonsall Unified,91107,0.0,6928.0,1123.5549132947976,1.0,87.0,0,692.0,0.1997690531177829,14.256986103595471,14.263026495559501,14.036535452109607,1247354.4820013207
False,False,2025-12-08,790000.0,37.6620218,-122.10386642,1307.0,249 - Eastvale,False,5.0,0.1286,1950.0,2.0,Hayward,3.0,False,1.0,One,5600.0,False,0.0,Los Angeles Unified,94541,28.0,5600.0,604.4376434583014,1.5,75.0,0,435.6666666666667,0.23339285714285715,13.579788224443204,13.647074399642998,13.5860450807601,794958.4123510804
False,False,2025-12-05,895000.0,33.792306,-118.122111,1146.0,"34 - Los Altos, X-100",False,2.0,0.1636,1949.0,1.0,Long Beach,3.0,True,1.0,One,7125.0,False,2.0,Long Beach Unified,90815,0.0,7125.0,780.9773123909249,3.0,76.0,0,382.0,0.1608421052631579,13.704578997256993,13.937728190688523,13.69876710873938,889813.4462122368
False,False,2025-12-19,483000.0,33.731995,-116.24592,1634.0,699 - Not Defined,True,10.0,0.14,1989.0,2.0,Indio,3.0,True,2.0,Two,6098.0,False,2.0,Antelope Valley Union,92201,0.0,6098.0,295.593635250918,1.5,36.0,0,544.6666666666666,0.2679567071170876,13.087771932634709,13.235692062711331,13.16572355282839,522156.9816729162
True,False,2025-12-02,1400000.0,37.58896921,-122.03183032,1415.0,166 - Rolling Hills,True,2.0,0.1607,1964.0,3.0,Union City,3.0,True,1.0,One,7000.0,False,2.0,Culver City Unified,94587,0.0,7000.0,989.3992932862192,1.0,61.0,0,471.6666666666667,0.20214285714285715,14.151982794585487,14.117095535585046,13.990656947198906,1191420.6149989774
True,False,2025-12-24,2455625.0,34.116703,-118.44505,2650.0,C04 - Bel Air - Holmby Hills,True,3.0,8.3892,1978.0,3.0,Los Angeles,5.0,True,2.0,Two,365432.0,False,3.0,Victor Valley Unified,90077,565.0,365432.0,926.6509433962264,1.6666666666666667,47.0,0,530.0,0.007251691149105716,14.713891869294862,14.844970510943792,14.678134337248737,2369369.247155009
True,False,2025-12-12,1500000.0,32.75328469,-117.15607085,1452.0,92103 - Mission Hills,False,3.0,0.0813,1973.0,3.0,San Diego,3.0,True,1.0,One,3541.0,False,1.0,Fontana Unified,92103,0.0,3541.0,1033.0578512396694,1.0,52.0,0,484.0,0.4100536571589946,14.22097566607244,14.346138809026444,14.107159338767469,1338632.7815358057
True,False,2025-12-15,540000.0,33.75949,-116.899232,2851.0,699 - Not Defined,True,3.0,0.17,2002.0,3.0,Hemet,5.0,True,2.0,Two,7405.0,False,3.0,Hemet Unified,92544,0.0,7405.0,189.4072255349,1.6666666666666667,23.0,0,570.2,0.3850101282916948,13.199324418540456,13.081541382884074,13.232372636969027,558144.2033778701
True,False,2025-12-12,865000.0,34.258824,-118.296297,1295.0,659 - Sunland/Tujunga,True,3.0,0.1292,1938.0,2.0,Los Angeles,2.0,True,1.0,"Two,One",5626.0,False,1.0,Escondido Union,91042,0.0,5626.0,667.953667953668,1.0,87.0,0,647.5,0.2301813011020263,13.670484785914017,13.684633332743342,13.615201412244973,818477.6850898658
False,False,2025-12-10,505000.0,34.149834000000006,-117.298763,1229.0,274 - San Bernardino,False,2.0,0.1377,1948.0,2.0,San Bernardino,3.0,True,1.0,One,6000.0,False,2.0,San Bernardino City Unified,92404,0.0,6000.0,410.9031733116355,1.5,77.0,0,409.6666666666667,0.20483333333333334,13.132313708257497,13.142166004700508,13.079918735208311,479221.76069049514
False,False,2025-12-12,2100000.0,37.82156752,-121.94552769,3055.0,OR - Ortega/Orange County,True,5.0,0.2601,1996.0,3.0,Danville,4.0,False,1.0,ThreeOrMore,11330.0,False,2.0,North Monterey County Unified,94506,157.0,11330.0,687.3977086743045,1.3333333333333333,29.0,0,763.75,0.26963812886142985,14.557447902693651,14.68050799545088,14.663084995230738,2333978.768637068
True,True,2025-12-02,845000.0,33.867561,-118.319246,1364.0,133 - N Torrance - East,True,2.0,0.1237,1956.0,2.0,Torrance,3.0,True,1.0,One,5390.0,False,2.0,Torrance Unified,90504,0.0,5390.0,619.5014662756598,1.5,69.0,0,454.6666666666667,0.2530612244897959,13.64709190633931,13.822979494146377,13.76688076217262,952533.696416642
True,False,2025-12-15,1015000.0,33.835840999999995,-118.016645,1593.0,82 - Buena Park,False,10.0,0.1663,1957.0,2.0,Buena Park,4.0,True,1.0,One,7245.0,False,2.0,Other,90620,0.0,7245.0,637.1625863151287,2.0,68.0,0,398.25,0.21987577639751552,13.830399170458024,13.741593969296583,13.71301914534842,902585.9005714993
False,False,2025-12-19,1350000.0,33.797948,-118.3429,1492.0,125 - Walteria,True,2.0,0.1321,1950.0,2.0,Torrance,4.0,True,1.0,One,5754.0,False,2.0,Torrance Unified,90505,0.0,5754.0,904.8257372654156,2.0,75.0,0,373.0,0.25929787973583596,14.115615150414612,14.214722054279537,14.126811714581043,1365200.2983868194
True,False,2025-12-02,370000.0,35.313385,-119.097551,1236.0,BKSF - Bakersfield,True,2.0,0.15,1985.0,2.0,Bakersfield,3.0,True,1.0,One,6534.0,False,2.0,Other,93311,0.0,6534.0,299.3527508090615,1.5,40.0,0,412.0,0.1891643709825528,12.821258284620408,13.112313041550827,12.966306622778419,427755.3174035572
False,True,2025-12-22,1000000.0,37.510589,-120.82243,3699.0,259 - Moreno Valley,True,2.0,0.3076,1990.0,4.0,Turlock,4.0,True,2.0,Two,13400.0,False,2.0,Turlock Unified,95382,0.0,13400.0,270.3433360367667,1.0,35.0,0,924.75,0.276044776119403,13.815510557964274,13.254816968582134,13.724830525009791,913309.8932205911
True,True,2025-12-16,740000.0,33.730189,-116.284724,2213.0,"312 - Bermuda Dunes, Myoma",True,3.0,0.25,2002.0,3.0,Bermuda Dunes,4.0,True,1.0,One,10890.0,False,3.0,Other,92203,214.0,10890.0,334.3877089923181,1.3333333333333333,23.0,0,553.25,0.2032139577594123,13.514405465180353,13.255142955086335,13.384154987754853,649627.8813817699
False,False,2025-12-18,490000.0,34.157989,-117.289139,1108.0,274 - San Bernardino,False,2.0,0.1116,1950.0,1.0,San Bernardino,2.0,False,1.0,One,4860.0,False,2.0,San Bernardino City Unified,92405,0.0,4860.0,442.2382671480144,2.0,75.0,0,554.0,0.22798353909465022,13.102160670086809,13.071070083016778,12.82382528406718,370951.00989401963
True,False,2025-12-05,1925000.0,37.78270631,-121.95845384,2362.0,274 - San Bernardino,True,6.0,0.2755,1979.0,3.0,San Ramon,4.0,True,1.0,One,12000.0,False,3.0,San Ramon Valley,94582,180.0,12000.0,814.9872988992379,1.3333333333333333,46.0,0,590.5,0.19683333333333333,14.470436525704022,14.516102044771095,14.507108577074073,1996904.0757621068
True,True,2025-12-11,1900000.0,33.710193,-116.317576,3417.0,325 - Indian Wells,True,2.0,0.25,1979.0,4.0,Indian Wells,3.0,True,1.0,One,10890.0,False,2.0,Rowland Unified,92210,650.0,10890.0,556.0433128475271,0.75,46.0,0,1139.0,0.3137741046831956,14.457364444136669,14.452073389471401,14.618011195097052,2231113.1629432794
True,False,2025-12-31,840000.0,34.278397,-118.674608,1826.0,SVE - East Simi,True,2.0,0.16,1970.0,2.0,Simi Valley,4.0,True,1.0,One,6969.0,False,2.0,Desert Sands Unified,93063,0.0,6969.0,460.02190580503833,2.0,55.0,0,456.5,0.26201750609843594,13.641157170819497,13.637546696375418,13.676902631235667,870569.2885033261
True,False,2025-12-29,1530000.0,37.66102404,-121.85367263,2050.0,654 - San Gabriel,True,2.0,0.1631,1972.0,3.0,Pleasanton,4.0,True,1.0,One,7105.0,False,2.0,Pleasanton,94566,0.0,7105.0,746.3414634146342,1.3333333333333333,53.0,0,512.5,0.2885292047853624,14.240778293368619,14.430696197054507,14.328998440044995,1671109.675452228
False,False,2025-12-15,1390000.0,37.88316768,-122.28905859,1444.0,LCLPS - Lakeport South,False,2.0,0.0987,1902.0,2.0,Albany,3.0,False,2.0,Two,4300.0,False,0.0,Santa Maria-Bonita,94706,0.0,4300.0,962.6038781163436,1.5,123.0,0,481.3333333333333,0.3358139534883721,14.144814305106875,14.180153671552183,14.033244522622505,1243256.273511921
True,False,2025-12-29,1420000.0,33.585947999999995,-117.648194,1913.0,MS - Mission Viejo South,True,2.0,0.1263,1981.0,3.0,Mission Viejo,3.0,True,2.0,Two,5500.0,False,2.0,Other,92692,104.0,5500.0,742.2895974908521,1.0,44.0,0,637.6666666666666,0.3478181818181818,14.166167429577444,14.006130917572923,13.936076153808212,1128134.7394890527
False,False,2025-12-24,1900000.0,33.708929,-118.01973,2302.0,15 - West Huntington Beach,True,2.0,0.1515,1965.0,3.0,Huntington Beach,4.0,True,1.0,One,6600.0,False,2.0,Huntington Beach Union High,92647,0.0,6600.0,825.3692441355344,1.3333333333333333,60.0,0,575.5,0.3487878787878788,14.457364444136669,14.080942316715522,14.212982957737573,1488058.7226419381
False,False,2025-12-02,484000.0,33.221923,-117.274424,834.0,92056 - Oceanside,True,3.0,0.1195,1979.0,1.0,Oceanside,2.0,False,1.0,One,5205.0,False,1.0,Oceanside Unified,92056,125.0,5205.0,580.3357314148681,2.0,46.0,0,417.0,0.16023054755043228,13.089840185698769,13.732128949025222,13.26683389763606,577713.8163614087
False,True,2025-12-08,955000.0,32.84439274,-116.8914049,1786.0,92021 - El Cajon,True,6.0,0.2177,1995.0,3.0,El Cajon,3.0,True,2.0,Two,9485.0,False,3.0,Apple Valley Unified,92021,65.0,9485.0,534.7144456886898,1.0,30.0,0,595.3333333333334,0.18829731154454402,13.769466619462868,13.612780503903942,13.584483442571573,793717.9437697124
False,False,2025-12-19,988000.0,33.932947,-117.67147,2220.0,682 - Chino Hills,True,3.0,0.1286,1989.0,3.0,Chino Hills,4.0,True,2.0,Two,5600.0,False,3.0,Chino Valley Unified,91709,0.0,5600.0,445.0450450450451,1.3333333333333333,36.0,0,555.0,0.3964285714285714,13.803437976730004,13.901688254205327,13.91785528261287,1107765.27991165
False,False,2025-12-11,455000.0,33.954552,-118.249499,940.0,C34 - Los Angeles Southwest,False,1.0,0.1076,1922.0,2.0,Los Angeles,3.0,False,1.0,One,4688.0,False,1.0,Los Angeles Unified,90002,0.0,4688.0,484.0425531914894,1.5,103.0,0,313.3333333333333,0.20051194539249148,13.028052697933088,13.287734158360443,13.190336094071212,535168.0528719409
False,False,2025-12-02,2998000.0,37.82057191,-121.94582562,4237.0,629 - Glendora,True,3.0,0.332,1996.0,4.0,Danville,6.0,True,1.0,ThreeOrMore,14460.0,False,3.0,San Ramon Valley,94506,470.0,14460.0,707.576115175832,1.5,29.0,0,706.1666666666666,0.293015214384509,14.91345595764468,14.68050799545088,14.891491950119532,2932869.78402579
True,False,2025-12-11,900000.0,33.219628,-117.291232,1715.0,92056 - Oceanside,True,4.0,0.1,1994.0,2.0,Oceanside,3.0,True,2.0,Two,0.1,False,2.0,Oceanside Unified,92056,135.0,4356.0,524.7813411078718,1.5,31.0,0,571.6666666666666,0.3937098255280074,13.710150042306449,13.732128949025222,13.650070191189528,847520.4020730536
False,True,2025-12-15,1049000.0,34.181518,-118.645095,1783.0,WHLL - Woodland Hills,True,2.0,0.1753,1960.0,2.0,Woodland Hills,3.0,True,1.0,"One,ThreeOrMore",7634.0,False,2.0,Los Angeles Unified,91367,0.0,7634.0,588.334268087493,1.5,65.0,0,594.3333333333334,0.2335603877390621,13.863347887378435,14.130321297804308,14.027387419473646,1235995.6770652668
False,False,2025-12-15,750000.0,34.034516,-118.357421,1217.0,C16 - Mid Los Angeles,True,0.0,0.1253,1923.0,2.0,Los Angeles,3.0,False,1.0,One,5456.0,False,2.0,Grossmont Union,90016,0.0,5456.0,616.2695152013147,1.5,102.0,0,405.6666666666667,0.22305718475073313,13.527828485512494,13.849900315661687,13.721779193535129,910527.3294184918
False,False,2025-12-16,1080000.0,33.24005843,-117.11835385,2987.0,92026 - Escondido,True,13.0,1.05,1988.0,3.0,Escondido,4.0,True,1.0,One,7300.0,False,3.0,Los Angeles Unified,92026,0.0,7837.0,361.5667894208236,1.3333333333333333,37.0,0,746.75,0.38114074263110886,13.892471599100402,13.709594177880103,13.90666907346428,1095442.6361337048
False,False,2025-12-24,2400000.0,32.80554011,-117.25217502,2409.0,92109 - Pacific Beach,False,4.0,0.1446,2000.0,3.0,San Diego,3.0,True,2.0,Two,6300.0,False,2.0,Los Angeles Unified,92109,0.0,6300.0,996.26400996264,1.0,25.0,0,803.0,0.3823809523809524,14.690979295318174,14.508657738524219,14.471155310886555,1926384.1588732272
True,False,2025-12-08,1049000.0,33.84384,-117.899729,1846.0,79 - Anaheim West of Harbor,True,2.0,0.1476,1952.0,3.0,Anaheim,3.0,True,2.0,Two,6431.0,False,2.0,Anaheim Union High,92805,0.0,6431.0,568.2556879739979,1.0,73.0,0,615.3333333333334,0.28704711553413154,13.863347887378435,13.670484785914017,13.827035743852974,1011591.8567286739
True,False,2025-12-23,539900.0,33.716238,-116.925199,2073.0,SRCAR - Southwest Riverside County,False,0.0,0.98,1976.0,2.0,Hemet,3.0,False,2.0,Two,42689.0,False,0.0,Hemet Unified,92544,0.0,42689.0,260.44380125422094,1.5,49.0,0,691.0,0.04856051910328187,13.199139216206378,13.081541382884074,13.188403584528096,534134.8341766441
True,False,2025-12-15,775000.0,33.211986,-117.345709,1567.0,92054 - Oceanside,False,5.0,0.1837,1959.0,2.0,Oceanside,4.0,False,1.0,One,8000.0,False,2.0,Oceanside Unified,92054,0.0,8000.0,494.5756222080408,2.0,66.0,0,391.75,0.195875,13.560618308335483,14.09692301740246,14.01889259329054,1225540.5786192608
True,False,2025-12-12,1325000.0,37.55232456,-122.03221479,1254.0,92131 - Scripps Miramar,True,2.0,0.0986,1972.0,2.0,Newark,3.0,True,1.0,One,4294.0,False,2.0,Menifee Union,94560,0.0,4294.0,1056.6188197767144,1.5,53.0,0,418.0,0.2920353982300885,14.09692301740246,14.151982794585487,13.880637681055795,1067294.6935616767
True,False,2025-12-17,334000.0,34.443484000000005,-117.339548,960.0,HSP - Hesperia,True,2.0,0.4174,1971.0,1.0,Hesperia,3.0,False,1.0,One,18180.0,False,0.0,Hesperia Unified,92345,0.0,18180.0,347.9166666666667,3.0,54.0,0,320.0,0.052805280528052806,12.718896271958837,13.064514272196533,12.754339492128635,346050.32523823006
True,False,2025-12-12,790000.0,33.861014000000004,-118.002078,1085.0,82 - Buena Park,False,2.0,0.1779,1952.0,1.0,Buena Park,3.0,True,1.0,One,7750.0,False,2.0,Fullerton Joint Union High,90621,0.0,7750.0,728.110599078341,3.0,73.0,0,361.6666666666667,0.14,13.579788224443204,13.87377946608825,13.669278799562068,863957.4505821068
False,False,2025-12-19,635000.0,33.915966,-117.937618,1082.0,87 - La Habra,True,2.0,0.039,1976.0,2.0,La Habra,2.0,False,2.0,Two,1700.0,False,2.0,Fullerton Joint Union High,90631,309.0,1700.0,586.8761552680222,1.0,49.0,0,541.0,0.6364705882352941,13.36138027787483,13.792724135316895,13.26852680117737,578692.6584358237
True,False,2025-12-09,1975000.0,35.128573,-120.591482,3652.0,AG-East of Hwy 101,True,3.0,0.46,1988.0,3.0,Arroyo Grande,4.0,True,1.0,One,20037.0,False,3.0,Lucia Mar Unified,93420,240.0,20037.0,540.7995618838993,1.3333333333333333,37.0,0,913.0,0.1822628137944802,14.496078956317358,13.953093847654955,14.408325696543464,1809074.0478038103
False,False,2025-12-19,2245000.0,37.32918769,-121.91276895,1866.0,699 - Not Defined,True,2.0,0.1575,1930.0,3.0,San Jose,4.0,True,1.0,One,6860.0,False,2.0,San Jose Unified,95126,0.0,6860.0,1203.108252947481,1.3333333333333333,95.0,0,466.5,0.2720116618075802,14.624216079158492,14.17318500223609,14.31510428129013,1648051.5697568262
False,False,2025-12-08,4400000.0,33.611324,-117.915359,2310.0,N8 - West Newport - Lido,True,2.0,0.0747,1948.0,3.0,Newport Beach,4.0,True,2.0,Two,3256.0,False,2.0,Newport Mesa Unified,92663,1848.45,3256.0,1904.7619047619048,1.3333333333333333,77.0,0,577.5,0.7094594594594594,15.29711509888849,15.327852605716153,15.316883429774663,4487846.080351352
True,True,2025-12-15,1220000.0,33.805508,-117.929095,2279.0,79 - Anaheim West of Harbor,True,4.0,0.1983,1960.0,2.0,Anaheim,4.0,True,1.0,One,8636.0,False,2.0,Anaheim Union High,92802,0.0,8636.0,535.3225098727512,2.0,65.0,0,569.75,0.2638953219082909,14.01436141670944,13.815510557964274,13.936078185295418,1128137.0312826706
False,False,2025-12-22,820000.0,33.848134,-118.172524,1324.0,"6 - Bixby, Bixby Knolls, Los Cerritos",False,7.0,0.1232,1942.0,1.0,Long Beach,2.0,True,1.0,One,5368.0,False,2.0,Long Beach Unified,90807,0.0,5368.0,619.3353474320242,2.0,83.0,0,662.0,0.2466467958271237,13.617059619240436,13.924364962876357,13.792457382014366,977210.5182940617
False,True,2025-12-03,820000.0,33.151140500000004,-117.05797566,1820.0,92027 - Escondido,False,5.0,0.1189,1971.0,2.0,Escondido,3.0,True,1.0,One,5223.0,False,2.0,Morongo Unified,92027,0.0,3920.0,450.54945054945057,1.5,54.0,0,606.6666666666666,0.4642857142857143,13.617059619240436,13.658839648348096,13.678035237634564,871555.859442984
True,False,2025-12-12,515000.0,38.08831073,-122.22303098,1149.0,150 - Hermosa Bch East,False,2.0,0.16,1955.0,2.0,Vallejo,3.0,True,1.0,One,6969.0,False,2.0,Murrieta,94591,0.0,6969.0,448.2158398607485,1.5,70.0,0,383.0,0.16487300904003444,13.151922179645874,13.304684934198283,13.198061162988312,539318.2726904051
True,True,2025-12-08,1515000.0,33.879032,-117.853511,2833.0,84 - Placentia,True,7.0,0.1722,1984.0,3.0,Placentia,5.0,True,2.0,Two,7500.0,False,3.0,Placentia-Yorba Linda Unified,92870,40.0,7500.0,534.7687963289799,1.6666666666666667,41.0,0,566.6,0.3777333333333333,14.230925996925606,13.980176819817759,14.148065096786766,1394525.9529143663
False,True,2025-12-18,660000.0,34.366471999999995,-119.04474,1936.0,SPL - Santa Paula,True,2.0,0.0023,2020.0,3.0,Santa Paula,3.0,False,2.0,Two,100.0,False,2.0,Capistrano Unified,93060,250.0,100.0,340.90909090909093,1.0,5.0,0,645.3333333333334,19.36,13.399995114002609,13.54098713967118,13.461759416847537,702049.6569115825
False,False,2025-12-12,1350000.0,33.656283,-117.95197,1205.0,14 - South Huntington Beach,True,2.0,0.1546,1968.0,2.0,Huntington Beach,3.0,False,1.0,One,6734.0,False,2.0,Huntington Beach Union High,92646,0.0,6734.0,1120.331950207469,1.5,57.0,0,401.6666666666667,0.17894267894267893,14.115615150414612,14.19394699368452,13.988221360990426,1188522.3383146822
False,True,2025-12-12,710000.0,33.986783,-118.058708,878.0,699 - Not Defined,True,2.0,0.138,1941.0,1.0,Whittier,2.0,False,1.0,One,6012.0,False,2.0,Whittier Union High,90606,0.0,6012.0,808.6560364464692,2.0,84.0,0,439.0,0.14604125083167,13.473020249017498,13.595482281525381,13.405426663885626,663594.5761454313
False,False,2025-12-12,1100000.0,32.90427798,-117.16873752,1920.0,92126 - Mira Mesa,True,5.0,0.08,1992.0,3.0,San Diego,4.0,True,2.0,Two,7554.0,False,2.0,Other,92126,40.0,7840.0,572.9166666666666,1.3333333333333333,33.0,0,480.0,0.24489795918367346,13.9108207377686,13.885500212990994,13.941068250579441,1133780.5778402651
False,True,2025-12-19,925000.0,34.189578999999995,-118.463471,1840.0,VN - Van Nuys,True,0.0,0.3106,1938.0,2.0,Van Nuys,3.0,True,1.0,One,13531.0,False,0.0,Los Angeles Unified,91411,0.0,13531.0,502.7173913043478,1.5,87.0,0,613.3333333333334,0.13598403665656641,13.737549016494562,13.961752072660685,14.038098888139748,1249306.1662099978
True,False,2025-12-18,610000.0,37.28751,-119.639814,2946.0,623 - Glassel Park,True,2.0,5.0,1979.0,3.0,Coarsegold,3.0,True,1.0,One,217800.0,False,2.0,Yosemite Unified,93614,0.0,217800.0,207.06042090970809,1.0,46.0,0,982.0,0.013526170798898072,13.321214236149494,12.837330275499196,13.240903464419967,562926.0026221666
False,True,2025-12-10,1525000.0,37.29977458,-121.89718725,1484.0,699 - Not Defined,False,1.0,0.1206,1933.0,2.0,San Jose,3.0,True,1.0,One,5252.0,False,1.0,San Jose Unified,95125,145.0,5252.0,1027.6280323450137,1.5,92.0,0,494.6666666666667,0.28255902513328257,14.237504968023648,14.462613800022813,14.253735674498198,1549953.7883731814
True,False,2025-12-19,1850000.0,34.167978999999995,-118.04075,2566.0,656 - Sierra Madre,True,5.0,0.2452,1909.0,3.0,Sierra Madre,3.0,True,1.0,One,10682.0,False,0.0,Other,91024,150.0,10682.0,720.9664848012471,1.0,116.0,0,855.3333333333334,0.24021718779254822,14.430696197054507,14.28551418721001,14.525458168399709,2033884.7015216455
False,False,2025-12-22,350000.0,34.08739,-117.323389,800.0,273 - Colton,True,2.0,0.1458,1949.0,1.0,Colton,2.0,False,1.0,One,6350.0,False,0.0,Colton Unified,92324,0.0,6350.0,437.5,2.0,76.0,0,400.0,0.12598425196850394,12.765688433465597,13.142166004700508,12.866810641689908,387244.1461450746
False,False,2025-12-09,830000.0,33.883905,-118.179532,1814.0,7 - North Long Beach,False,2.0,0.2636,1952.0,2.0,Long Beach,3.0,True,1.0,One,11484.0,False,2.0,Long Beach Unified,90805,0.0,11484.0,457.55237045203967,1.5,73.0,0,604.6666666666666,0.1579588993382097,13.62918097977278,13.526494262499357,13.576065207363277,787064.2847568131
True,False,2025-12-02,1950000.0,33.01427152,-117.11520413,3322.0,92127 - Rancho Bernardo,True,3.0,0.121,2002.0,3.0,San Diego,5.0,True,2.0,Two,5270.0,False,3.0,Menifee Union,92127,100.0,5270.0,586.9957856712823,1.6666666666666667,23.0,0,664.4,0.6303605313092979,14.48333993053993,14.53335035111459,14.544195299761364,2072353.1349418114
True,False,2025-12-25,980000.0,34.283235999999995,-118.754274,2498.0,SVC - Central Simi,True,2.0,0.2,1972.0,3.0,Simi Valley,5.0,True,2.0,Two,8712.0,False,2.0,Simi Valley Unified,93065,0.0,8712.0,392.3138510808647,1.6666666666666667,53.0,0,499.6,0.28673094582185493,13.795307850646754,13.676248490630767,13.831667472267,1016288.1430405098
True,False,2025-12-18,1050000.0,33.222737,-117.213579,2454.0,92084 - Vista,False,8.0,0.53,1990.0,3.0,Vista,3.0,True,1.0,One,23086.0,False,3.0,Vista Unified,92084,0.0,23086.0,427.8728606356968,1.0,35.0,0,818.0,0.10629818937884432,13.864300722133706,13.773646353865574,13.945341860789638,1138636.2823978567
False,False,2025-12-04,1300000.0,37.7332945,-122.45057725,1162.0,670 - Whittier,True,2.0,0.0573,1962.0,3.0,San Francisco,3.0,True,2.0,Two,2495.0,False,2.0,San Francisco Unified,94127,0.0,2495.0,1118.7607573149742,1.0,63.0,0,387.3333333333333,0.4657314629258517,14.077874822431765,14.151982794585487,13.858704459667331,1044140.3358124994
True,False,2025-12-10,832000.0,32.762412,-117.027914,1480.0,91941 - La Mesa,True,2.0,0.2172,1936.0,2.0,La Mesa,3.0,True,1.0,One,9461.0,False,2.0,Grossmont Union,91941,0.0,9461.0,562.1621621621622,1.5,89.0,0,493.3333333333333,0.15643166684282844,13.631587719803345,13.903955641362648,13.877287969699765,1063725.545551554
False,False,2025-12-15,425000.0,33.819034,-116.472725,1120.0,335 - Cathedral City North,True,1.0,0.14,1958.0,1.0,Cathedral City,3.0,False,1.0,One,6098.0,False,1.0,Corona-Norco Unified,92234,0.0,6098.0,379.4642857142857,3.0,67.0,0,373.3333333333333,0.18366677599212858,12.959844447906553,13.224919965729422,13.050726858679269,465434.59392263595
False,False,2025-12-15,1185000.0,34.220246,-118.838639,1767.0,TOE - Thousand Oaks East,True,2.0,0.22,1980.0,2.0,Thousand Oaks,4.0,True,1.0,One,9583.0,False,2.0,Cucamonga,91362,0.0,9583.0,670.6281833616299,2.0,45.0,0,441.75,0.18438902222686007,13.985253332551368,14.119312012295937,13.980617169855014,1179518.8627444876
True,False,2025-12-05,370000.0,33.749163,-116.966452,1226.0,SRCAR - Southwest Riverside County,True,0.0,0.15,1920.0,1.0,Hemet,3.0,False,1.0,One,6534.0,False,0.0,Hemet Unified,92543,0.0,6534.0,301.79445350734096,3.0,105.0,0,408.6666666666667,0.1876339149066422,12.821258284620408,12.919503857231216,12.70107040979564,328098.9142685159
False,False,2025-12-29,235000.0,36.207871,-119.36373,954.0,LN - Lake Forest North,True,0.0,0.3484,1918.0,1.0,Tulare,2.0,False,1.0,One,15177.0,False,0.0,Tulare Joint Union,93274,0.0,15177.0,246.33123689727464,2.0,107.0,0,477.0,0.062858272385847,12.367340793126296,12.977337605354071,12.746611241679734,343386.2691625525
True,False,2025-12-05,920000.0,33.860822,-117.949333,1290.0,83 - Fullerton,True,4.0,0.1515,1955.0,2.0,Fullerton,3.0,False,1.0,One,6600.0,False,2.0,Fullerton Joint Union High,92833,0.0,6600.0,713.1782945736434,1.5,70.0,0,430.0,0.19545454545454546,13.732128949025222,13.87377946608825,13.802766340802107,987336.6464941965
False,False,2025-12-23,750000.0,37.8483565,-122.2669685,1249.0,699 - Not Defined,True,1.0,0.0955,1910.0,1.0,Oakland,2.0,True,2.0,One,4160.0,False,1.0,Other,94609,466.0,4160.0,600.480384307446,2.0,115.0,0,624.5,0.3002403846153846,13.527828485512494,14.050582680143757,13.834604510978489,1019277.4083037128
True,True,2025-12-29,945000.0,32.83516746,-117.09981017,1664.0,92124 - Tierrasanta,True,4.0,0.123,1979.0,3.0,San Diego,2.0,True,2.0,Two,5360.0,False,2.0,Yucaipa/Calimesa Unified,92124,485.0,5360.0,567.9086538461538,0.6666666666666666,46.0,0,832.0,0.31044776119402984,13.758940206475879,13.981024996441848,13.836969049751627,1021690.3809156276
True,True,2025-12-12,2325000.0,34.243949,-118.998387,2402.0,VC45 - Mission Oaks,True,2.0,0.19,2021.0,3.0,Camarillo,2.0,True,1.0,One,8276.0,True,2.0,San Bernardino City Unified,93012,350.0,8276.0,967.9433805162364,0.6666666666666666,4.0,0,1201.0,0.2902368293861769,14.659230597003594,13.710150042306449,13.88669162751269,1073775.6363364896
False,False,2025-12-08,1261700.0,32.77009425,-116.95968934,2072.0,92020 - El Cajon,True,6.0,0.303,1966.0,2.0,El Cajon,3.0,True,1.0,One,13200.0,False,2.0,Mojave Unified,92020,595.0,13200.0,608.9285714285714,1.5,59.0,0,690.6666666666666,0.15696969696969698,14.047970575915832,13.7694117933985,13.832268915712708,1016899.5667330476
False,False,2025-12-26,1000000.0,33.829075,-118.040523,1536.0,80 - Cypress North of Katella,True,2.0,0.1226,1968.0,2.0,Cypress,3.0,True,1.0,One,5340.0,False,2.0,Anaheim Union High,90630,0.0,5340.0,651.0416666666666,1.5,57.0,0,512.0,0.2876404494382023,13.815510557964274,13.933293593620657,13.80202164945366,986601.6591388774
False,False,2025-12-05,940000.0,32.60030631,-116.99578419,2011.0,91913 - Chula Vista,True,4.0,0.2157,2019.0,3.0,Chula Vista,4.0,False,2.0,Two,5271.0,False,2.0,King City Joint Union,91913,142.0,18225.0,467.4291397314769,1.3333333333333333,6.0,0,502.75,0.11034293552812072,13.753635154246187,13.764217263576723,13.790702026635337,975496.6711997578
False,False,2025-12-30,750000.0,36.61243262,-121.83333642,964.0,699 - Not Defined,True,1.0,0.0849,1959.0,2.0,Seaside,2.0,True,1.0,One,3700.0,False,1.0,Other,93955,0.0,3700.0,778.0082987551867,1.0,66.0,0,482.0,0.26054054054054054,13.527828485512494,13.564794368589576,13.351134572287506,628527.1928136278
False,False,2025-12-08,1015000.0,34.16636,-118.968449,1609.0,NBPK - Newbury Park,True,2.0,0.128,1999.0,2.0,Newbury Park,3.0,True,1.0,One,5574.0,False,2.0,Oakland,91320,212.0,5574.0,630.8266003729025,1.5,26.0,0,536.3333333333334,0.2886616433440976,13.830399170458024,13.933293593620657,13.775635081958791,960909.0879405942
False,False,2025-12-31,1429000.0,33.710925,-117.965149,1935.0,16 - Fountain Valley / Northeast HB,True,2.0,0.1653,1964.0,2.0,Fountain Valley,4.0,True,1.0,One,7201.0,False,2.0,Fountain Valley,92708,0.0,7201.0,738.5012919896641,2.0,61.0,0,483.75,0.26871267879461186,14.172485456912005,14.22097566607244,14.190536223218901,1455028.7578225469
True,True,2025-12-24,910000.0,33.237136,-117.28573,1944.0,92057 - Oceanside,True,3.0,0.255,1990.0,3.0,Oceanside,4.0,True,2.0,Two,0.255,False,3.0,Oceanside Unified,92057,0.0,11107.8,468.10699588477365,1.3333333333333333,35.0,0,486.0,0.1750121536217793,13.721199878493033,13.681979165339751,13.736538944915246,924066.155493426
False,False,2025-12-23,820000.0,34.234868,-118.403052,1316.0,SUNV - Sun Valley,True,2.0,0.1744,1955.0,2.0,Sun Valley,3.0,False,1.0,One,7595.0,False,2.0,Los Angeles Unified,91352,0.0,7595.0,623.1003039513678,1.5,70.0,0,438.6666666666667,0.17327188940092167,13.617059619240436,13.681979165339751,13.636115340994946,835775.521447225
True,True,2025-12-12,820000.0,33.566537,-117.22093,3291.0,SRCAR - Southwest Riverside County,True,3.0,0.17,2004.0,3.0,Murrieta,6.0,True,2.0,Two,7405.0,False,3.0,Murrieta,92562,170.0,7405.0,249.16438772409603,2.0,21.0,0,548.5,0.4444294395678596,13.617059619240436,13.487006490992238,13.581326444277556,791216.1287660401
False,False,2025-12-24,695000.0,34.106032,-117.892385,1125.0,614 - Covina,True,2.0,0.1344,1955.0,2.0,Covina,4.0,False,1.0,One,5855.0,False,2.0,Covina Valley Unified,91722,0.0,5855.0,617.7777777777778,2.0,70.0,0,281.25,0.19214346712211786,13.45166712454693,13.592367006650065,13.530733320278589,752181.7934150782
True,False,2025-12-15,1137000.0,32.613076,-116.978483,3232.0,91913 - Chula Vista,True,4.0,0.0976,2008.0,5.0,Chula Vista,6.0,True,1.0,One,4250.0,False,2.0,Sweetwater Union,91913,61.0,4250.0,351.7945544554456,1.2,17.0,0,538.6666666666666,0.7604705882352941,13.943903772732673,13.764217263576723,13.982077382941382,1181242.4697339665
False,True,2025-12-22,1750000.0,34.222249,-118.560572,3169.0,NR - Northridge,True,6.0,0.9094,1949.0,3.0,Northridge,4.0,True,1.0,One,39612.0,False,2.0,Los Angeles Unified,91324,0.0,39612.0,552.224676554118,1.3333333333333333,76.0,0,792.25,0.08000100979501161,14.375126345899696,13.767367980495198,14.213204753877527,1488388.8049267798
False,True,2025-12-19,1100000.0,33.811055,-117.952425,2008.0,"61 - N of Gar Grv, S Of Ball, E of Knott, W of Dal",True,2.0,0.1676,1958.0,3.0,Anaheim,3.0,True,1.0,One,7300.0,False,2.0,Anaheim Union High,92804,0.0,7300.0,547.808764940239,1.0,67.0,0,669.3333333333334,0.27506849315068493,13.9108207377686,13.766841941519797,13.865647509023736,1051415.0789255109
False,False,2025-12-19,770000.0,34.033252000000005,-117.953285,1162.0,633 - Industry/La Puente/Valinda,True,8.0,0.1467,1954.0,2.0,La Puente,4.0,False,1.0,One,6392.0,False,1.0,Hacienda La Puente Unified,91744,0.0,6392.0,662.6506024096385,2.0,71.0,0,290.5,0.18178973717146432,13.554145793829866,13.547631112808673,13.511151807180322,737596.2057627579
False,False,2025-12-19,326000.0,37.331896,-120.716817,2233.0,77 - Anaheim Hills,True,1.0,0.9394,1950.0,1.0,Livingston,3.0,True,1.0,One,40920.0,False,1.0,Livingston Union,95334,0.0,40920.0,145.99193909538738,3.0,75.0,0,744.3333333333334,0.05456989247311828,12.694652660348845,12.911642346088676,12.984883416044966,435775.90726789116
False,False,2025-12-10,939562.0,33.911695,-117.913832,1749.0,86 - Brea,True,4.0,0.1729,1956.0,2.0,Brea,4.0,True,1.0,One,7533.0,False,2.0,Brea-Olinda Unified,92821,0.0,7533.0,537.199542595769,2.0,69.0,0,437.25,0.2321784149741139,13.753169088207473,13.997832114758229,13.973539992240672,1171200.6676444933
False,False,2025-12-09,1993500.0,33.862881,-118.364307,2151.0,153 - N Redondo Bch/El Nido,False,2.0,0.1148,1951.0,3.0,Redondo Beach,4.0,True,2.0,Two,5001.0,False,2.0,Redondo Unified,90278,0.0,5001.0,926.7782426778244,1.3333333333333333,74.0,0,537.75,0.4301139772045591,14.505402445803547,14.253765488895429,14.369504330660725,1740189.0777501804
False,False,2025-12-10,475000.0,33.922543,-117.255078,1021.0,259 - Moreno Valley,True,2.0,0.12,1982.0,2.0,Moreno Valley,3.0,False,1.0,One,5227.0,False,2.0,Moreno Valley Unified,92553,0.0,5227.0,465.230166503428,1.5,43.0,0,340.3333333333333,0.19533193036158408,13.071070083016778,13.159174447339636,13.034935448892714,458142.45364412945
False,False,2025-12-11,375000.0,34.389854,-117.276913,1688.0,HSP - Hesperia,True,2.0,0.4545,1988.0,2.0,Hesperia,3.0,True,1.0,One,19800.0,False,2.0,Hesperia Unified,92345,0.0,19800.0,222.1563981042654,1.5,37.0,0,562.6666666666666,0.08525252525252525,12.834681304952548,13.064514272196533,12.98835203073606,437290.0704881499
True,False,2025-12-04,1300000.0,34.242892,-118.518051,2626.0,NR - Northridge,True,2.0,0.2815,1962.0,3.0,Northridge,4.0,True,1.0,One,12264.0,False,2.0,Los Angeles Unified,91325,0.0,12264.0,495.0495049504951,1.3333333333333333,63.0,0,656.5,0.21412263535551207,14.077874822431765,13.955272500339433,14.15323421408834,1401753.0839969604
False,False,2025-12-04,1715000.0,37.54788559,-121.99433182,1762.0,BOUQ - Bouquet Canyon,True,2.0,0.1768,1962.0,2.0,Fremont,3.0,True,1.0,One,7700.0,False,2.0,Fremont Unified,94536,518.0,7700.0,973.3257661748014,1.5,63.0,0,587.3333333333334,0.22883116883116883,14.354923638582177,14.316285845876763,14.257906710956581,1556432.203593959
False,False,2025-12-16,550000.0,34.271263,-118.417383,1090.0,PAC - Pacoima,True,2.0,0.1644,1906.0,1.0,Pacoima,2.0,False,1.0,One,7161.0,False,1.0,Los Angeles Unified,91331,0.0,7161.0,504.58715596330273,2.0,119.0,0,545.0,0.15221337801982962,13.217673557208654,13.541073712262515,13.240874026182924,562909.4313169802
True,False,2025-12-18,1330000.0,34.154773,-118.59753700000002,1928.0,WHLL - Woodland Hills,True,2.0,0.128,1962.0,2.0,Woodland Hills,3.0,True,2.0,Two,5577.0,False,2.0,Las Virgenes,91364,1447.0,5577.0,689.8340248962655,1.5,63.0,0,642.6666666666666,0.34570557647480726,14.100689500197937,14.15910026235435,14.033834394989466,1243989.8523703944
False,False,2025-12-18,1010000.0,34.085138,-117.859347,2076.0,614 - Covina,False,2.0,0.1933,1957.0,3.0,Covina,5.0,True,1.0,One,8422.0,False,2.0,Other,91724,0.0,8422.0,486.5125240847784,1.6666666666666667,68.0,0,415.2,0.24649726905723107,13.825460888817442,13.681962838542578,13.816207047638592,1000696.7322795719
False,False,2025-12-19,815000.0,33.915959,-118.175376,1532.0,RL - Paramount North of Somerset,True,4.0,0.1388,1955.0,2.0,Paramount,4.0,True,1.0,One,6044.0,False,2.0,Paramount Unified,90723,0.0,6044.0,531.9843342036554,2.0,70.0,0,383.0,0.25347452018530775,13.610943392223,13.607828587820567,13.593950485362885,801267.7864617897
True,False,2025-12-26,580000.0,34.027124,-117.321289,1410.0,266 - Grand Terrace,True,2.0,0.1768,1981.0,2.0,Grand Terrace,3.0,True,1.0,One,7700.0,False,2.0,Colton Unified,92313,0.0,7700.0,411.34751773049646,1.5,44.0,0,470.0,0.18311688311688312,13.270783382522602,13.334243736439827,13.260527323167073,574081.8857149946
True,False,2025-12-29,1155000.0,34.125024,-118.226989,1292.0,623 - Glassel Park,True,6.0,0.2126,1930.0,2.0,Los Angeles,3.0,False,2.0,Two,9263.0,False,2.0,Palmdale,90065,0.0,9263.0,893.9628482972137,1.5,95.0,0,430.6666666666667,0.1394796502213106,13.959610901938031,14.050977780915009,13.93418469261201,1126002.9331552682
False,False,2025-12-09,940000.0,37.32308961,-121.83113111,1113.0,699 - Not Defined,True,2.0,0.1263,1962.0,2.0,San Jose,3.0,False,1.0,ThreeOrMore,5500.0,False,2.0,Other,95122,79.0,5500.0,844.5642407906558,1.5,63.0,0,371.0,0.20236363636363636,13.753635154246187,13.798339043753,13.647025887528214,844944.2159460416
False,False,2025-12-03,575000.0,32.803952,-116.998153,1050.0,92020 - El Cajon,False,6.0,0.2296,1950.0,1.0,El Cajon,2.0,False,1.0,One,10000.0,False,2.0,Grossmont Union,92020,0.0,10000.0,547.6190476190476,2.0,75.0,0,525.0,0.105,13.262125319779487,13.7694117933985,13.544458210027056,762576.5760494733
True,False,2025-12-16,545000.0,34.092142,-117.64113600000002,787.0,690 - Upland,False,0.0,0.2202,1945.0,1.0,Upland,2.0,False,1.0,One,9590.0,False,0.0,Upland,91786,0.0,9590.0,692.5031766200763,2.0,80.0,0,393.5,0.08206465067778937,13.208541073645382,13.554145793829866,13.333201776578429,617356.4041643976
True,False,2025-12-16,785000.0,33.868165999999995,-117.465918,2059.0,252 - Riverside,True,3.0,0.26,1996.0,3.0,Riverside,4.0,True,2.0,Two,11326.0,False,3.0,Riverside Unified,92503,109.0,11326.0,381.2530354541039,1.3333333333333333,29.0,0,514.75,0.18179410206604274,13.573438996764546,13.399995114002609,13.445395860485917,690655.1096947237
True,False,2025-12-11,739800.0,33.66435,-117.137179,3084.0,SRCAR - Southwest Riverside County,True,3.0,0.16,2021.0,3.0,Menifee,4.0,False,2.0,Two,6970.0,False,3.0,Menifee Union,92584,29.0,6970.0,239.88326848249028,1.3333333333333333,4.0,0,771.0,0.442467718794835,13.51413515838049,13.353475098367715,13.48698830959812,719986.9095152369
False,False,2025-12-26,1120000.0,33.796209999999995,-118.140734,1468.0,35 - Artcraft Manor,True,2.0,0.1483,1943.0,2.0,Long Beach,3.0,False,1.0,One,6462.0,False,2.0,Long Beach Unified,90815,0.0,6462.0,762.9427792915532,1.5,82.0,0,489.3333333333333,0.22717424945837203,13.928839243271277,13.937728190688523,13.86991948452085,1055916.306100546
False,False,2025-12-12,840000.0,32.719533,-117.040068,1699.0,92114 - Encanto,True,2.0,0.1384,1980.0,3.0,San Diego,4.0,True,2.0,Two,6027.0,False,2.0,Grossmont Union,92114,0.0,6027.0,494.408475573867,1.3333333333333333,45.0,0,424.75,0.2818981251037,13.641157170819497,13.547631112808673,13.520837571240003,744775.0989927913
True,False,2025-12-17,860000.0,33.837242,-117.922871,1267.0,78 - Anaheim East of Harbor,True,2.0,0.1308,1923.0,1.0,Anaheim,2.0,True,1.0,One,5698.0,False,0.0,Anaheim Union High,92805,0.0,5698.0,678.7687450670876,2.0,102.0,0,633.5,0.22235872235872237,13.664687668229691,13.670484785914017,13.540120020194008,759275.5395389433
True,False,2025-12-11,1810000.0,37.23432127,-121.84968776,2010.0,699 - Not Defined,True,2.0,0.185,1971.0,2.0,San Jose,4.0,True,1.0,One,8060.0,False,2.0,San Jose Unified,95123,325.0,8060.0,900.497512437811,2.0,54.0,0,502.5,0.24937965260545905,14.408837403242009,14.209238987979617,14.189662176884891,1453757.5508986975
False,False,2025-12-04,645000.0,33.616671999999994,-117.130069,1860.0,SRCAR - Southwest Riverside County,True,2.0,0.15,2017.0,2.0,Murrieta,3.0,False,1.0,One,6534.0,False,2.0,Murrieta,92563,45.0,6534.0,346.7741935483871,1.5,8.0,0,620.0,0.2846648301193756,13.37700559577791,13.458835614025542,13.419355435980885,672902.3059006823
False,False,2025-12-07,1250000.0,37.68503657,-121.72566046,1510.0,340 - Desert Hot Springs,True,2.0,0.1489,1972.0,2.0,Livermore,4.0,True,1.0,One,6487.0,False,2.0,Los Angeles Unified,94550,466.0,6487.0,827.8145695364238,2.0,53.0,0,377.5,0.23277323878526282,14.038654109278484,14.077490059042251,13.920096409971434,1110250.7070263939
True,False,2025-12-02,1270000.0,37.91736009,-122.01674288,2083.0,16 - Fountain Valley / Northeast HB,True,2.0,0.3432,1956.0,2.0,Walnut Creek,3.0,False,1.0,One,14950.0,False,2.0,Atwater,94598,191.0,14950.0,609.6975516082573,1.5,69.0,0,694.3333333333334,0.13933110367892976,14.054527458434775,14.240778293368619,14.281767587019262,1594016.6552940344
False,False,2025-12-05,875000.0,34.189238,-118.651917,1397.0,WEH - West Hills,True,2.0,0.1903,1960.0,2.0,West Hills,4.0,False,1.0,One,8289.0,False,2.0,Los Angeles Unified,91307,0.0,8289.0,626.3421617752326,2.0,65.0,0,349.25,0.16853661479068646,13.681979165339751,13.849911984681606,13.708405569084555,898431.3427383994
True,False,2025-12-29,420000.0,34.239063,-116.927999,838.0,289 - Big Bear Area,False,2.0,0.2112,1980.0,1.0,Big Bear Lake,2.0,True,1.0,One,9200.0,False,2.0,Bear Valley Unified,92315,0.0,9200.0,501.1933174224344,2.0,45.0,0,419.0,0.09108695652173913,12.948009990259552,13.398478813484644,13.03005257805003,455910.8559509797
True,False,2025-12-19,1089990.0,33.983907,-117.428467,3239.0,251 - Jurupa Valley,True,4.0,0.4618,2025.0,3.0,Jurupa Valley,4.0,True,1.0,One,20114.0,True,4.0,Jurupa Unified,92509,199.0,20114.0,336.5205310280951,1.3333333333333333,0.0,0,809.75,0.16103211693347916,13.901679079851316,13.422467969854667,13.84943664180425,1034508.137032976
True,False,2025-12-08,1000000.0,34.26204,-118.495434,1570.0,GH - Granada Hills,True,2.0,0.1914,1960.0,2.0,Granada Hills,4.0,False,1.0,One,8339.0,False,2.0,Redlands Unified,91344,0.0,8339.0,636.9426751592357,2.0,65.0,0,392.5,0.18827197505696128,13.815510557964274,13.892471599100402,13.762971377815028,948817.1455301652
False,False,2025-12-08,1350000.0,37.71459542,-122.04867549,1712.0,SAND - Sand Canyon,True,2.0,0.2146,1978.0,2.0,Castro Valley,3.0,True,1.0,One,9350.0,False,2.0,Lucia Mar Unified,94552,260.0,9350.0,788.5514018691589,1.5,47.0,0,570.6666666666666,0.18310160427807487,14.115615150414612,14.237504968023648,14.137852860460015,1380357.1948103548
True,True,2025-12-08,500000.0,33.850319,-116.481106,1718.0,335 - Cathedral City North,True,2.0,0.16,2000.0,2.0,Cathedral City,3.0,True,1.0,One,6970.0,False,2.0,Palm Springs Unified,92234,118.0,6970.0,291.0360884749709,1.5,25.0,0,572.6666666666666,0.24648493543758968,13.122363377404328,13.224919965729422,13.189727761377627,534842.5916532038
True,False,2025-12-05,1080000.0,36.61219179,-121.92220741,1632.0,699 - Not Defined,True,1.0,0.1951,1950.0,2.0,Pacific Grove,3.0,True,1.0,One,8500.0,False,1.0,Other,93950,155.0,8500.0,661.7647058823529,1.5,75.0,0,544.0,0.192,13.892471599100402,14.077867425927353,14.06541508359531,1283902.8310233369
True,False,2025-12-29,1560000.0,33.644484000000006,-117.574156,2883.0,RCLO - Rancho Cielo,True,3.0,0.1939999999999999,1990.0,3.0,Rancho Santa Margarita,5.0,True,2.0,Two,8450.0,False,3.0,Saddleback Valley Unified,92679,350.0,8450.0,541.1030176899063,1.6666666666666667,35.0,0,576.6,0.3411834319526627,14.26019637922572,14.357834848789636,14.411372193362402,1814593.789804765
False,False,2025-12-22,980000.0,34.193196,-118.43719,1335.0,VG - Valley Glen,True,0.0,0.1729,1956.0,1.0,Van Nuys,3.0,True,1.0,One,7530.0,False,2.0,Capistrano Unified,91405,250.0,7530.0,734.0823970037453,3.0,69.0,0,445.0,0.17729083665338646,13.795307850646754,13.68482817589707,13.52159454570899,745339.0881636362
False,False,2025-12-22,1131000.0,34.266557,-118.885292,2737.0,SMP - South Moorpark,True,3.0,0.15,1984.0,3.0,Moorpark,4.0,True,1.0,ThreeOrMore,6534.0,False,3.0,Moorpark Unified,93021,165.0,6534.0,413.2261600292291,1.3333333333333333,41.0,0,684.25,0.41888582797673707,13.938612755098257,13.8878312195439,14.01712780714985,1223379.6689238418
True,False,2025-12-05,1200000.0,34.213390999999994,-118.234738,1067.0,635 - La Crescenta/Glendale Montrose & Annex,False,2.0,0.1198,1945.0,1.0,Montrose,3.0,True,1.0,One,5218.0,False,2.0,Los Angeles Unified,91020,325.0,5218.0,1124.6485473289597,3.0,80.0,0,355.6666666666667,0.2044844768110387,13.997832114758229,13.952048517995483,13.696398170748592,887708.0281218516
True,False,2025-12-17,840000.0,37.67969420000001,-121.75877938,1107.0,RIEN - Rienda,True,2.0,0.141,1959.0,2.0,Livermore,3.0,True,1.0,One,6144.0,False,2.0,Lake Elsinore Unified,94550,85.0,6144.0,758.8075880758807,1.5,66.0,0,369.0,0.18017578125,13.641157170819497,14.077490059042251,13.849705673567279,1034786.4900221686
True,False,2025-12-02,1200000.0,37.83622176,-122.25334363,1058.0,PLM - Palmdale,True,2.0,0.0707,1923.0,1.0,Oakland,2.0,True,1.0,One,3080.0,False,1.0,Bear Valley Unified,94618,0.0,3080.0,1134.2155009451797,2.0,102.0,0,529.0,0.3435064935064935,13.997832114758229,14.478185245710499,14.06918688340346,1288754.5996731443
False,False,2025-12-12,842000.0,33.876674,-118.304522,1608.0,114 - Hollypark,True,2.0,0.1242,1977.0,2.0,Gardena,3.0,False,1.0,One,5411.0,False,2.0,Los Angeles Unified,90247,0.0,5411.0,523.6318407960199,1.5,48.0,0,536.0,0.2971724265385326,13.643535293224463,13.652991628466498,13.6139756818731,817475.0667279687
False,True,2025-12-23,530000.0,34.139795,-117.272943,1575.0,274 - San Bernardino,False,2.0,0.2204,1955.0,2.0,San Bernardino,3.0,True,1.0,One,9600.0,False,2.0,San Bernardino City Unified,92404,0.0,9600.0,336.5079365079365,1.5,70.0,0,525.0,0.1640625,13.180632285528304,13.142166004700508,13.120409548418703,499024.03924786346
True,False,2025-12-17,1350000.0,34.122776,-118.17122,1530.0,623 - Glassel Park,True,2.0,0.1454,1960.0,2.0,Los Angeles,3.0,True,1.0,One,6335.0,False,2.0,Los Angeles Unified,90042,0.0,6335.0,882.3529411764706,1.5,65.0,0,510.0,0.24151539068666142,14.115615150414612,14.018451401960965,13.945889510433057,1139260.0269330426
True,False,2025-12-11,1165000.0,33.739751,-118.022234,1651.0,17 - Northwest Huntington Beach,True,2.0,0.1548,1963.0,2.0,Huntington Beach,5.0,True,1.0,One,6741.0,False,2.0,Huntington Beach Union High,92647,0.0,6741.0,705.6329497274379,2.5,62.0,0,330.2,0.24491915146120755,13.968231644981937,14.080942316715522,13.975144280916263,1173081.1196030139
False,False,2025-12-12,778000.0,36.6898212,-121.59743319,1549.0,699 - Not Defined,True,2.0,0.1328,2002.0,2.0,Salinas,4.0,True,2.0,One,5784.0,False,2.0,Other,93905,0.0,5784.0,502.25952227243386,2.0,23.0,0,387.25,0.26780774550484093,13.564481803160529,13.403597805863242,13.33980389451981,621445.7482687604
True,False,2025-12-15,505000.0,33.695528,-117.185532,1785.0,SRCAR - Southwest Riverside County,True,2.0,0.17,1989.0,2.0,Menifee,3.0,True,1.0,One,7405.0,False,2.0,Menifee Union,92586,0.0,7405.0,282.91316526610643,1.5,36.0,0,595.0,0.24105334233625927,13.132313708257497,12.89921982609012,12.961671320787985,425777.13061789685
True,False,2025-12-12,480000.0,33.783189,-117.001499,1557.0,SRCAR - Southwest Riverside County,True,4.0,0.17,1999.0,2.0,San Jacinto,3.0,True,1.0,One,7405.0,False,2.0,San Jacinto Unified,92582,0.0,7405.0,308.2851637764933,1.5,26.0,0,519.0,0.21026333558406482,13.081541382884074,13.154789908438397,13.107006285970606,492380.11368431116
True,False,2025-12-04,1100000.0,34.045154,-118.13797,1962.0,641 - Monterey Park,True,2.0,0.1675,1952.0,2.0,Monterey Park,4.0,True,1.0,One,7298.0,False,2.0,Alhambra,91754,0.0,7298.0,560.6523955147809,2.0,73.0,0,490.5,0.2688407782954234,13.9108207377686,13.764217263576723,13.805905838995189,990441.2590245061
True,False,2025-12-05,1225000.0,37.0236922,-121.65610729,2322.0,"D4 - Southeast Downey, S of Firestone, E of Downey",True,2.0,2.8542,1956.0,2.0,Gilroy,2.0,True,1.0,One,124331.0,False,2.0,Chico Unified,95020,0.0,124331.0,527.5624461670973,1.0,69.0,0,1161.0,0.018675953704225014,14.018451401960965,13.965653216393994,14.195130864951917,1461729.4755866325
False,False,2025-12-15,800000.0,32.60731407,-117.04611317,1104.0,91911 - Chula Vista,True,6.0,0.1653,1963.0,2.0,Chula Vista,3.0,False,1.0,One,7200.0,False,2.0,Other,91911,0.0,7200.0,724.6376811594203,1.5,62.0,0,368.0,0.15333333333333332,13.592367006650065,13.617059619240436,13.478511976277288,713909.8524496362
True,True,2025-12-26,1134000.0,34.435283,-118.545073,2219.0,NBRG - Valencia Northbridge,True,3.0,0.138,1989.0,3.0,Valencia,4.0,True,2.0,Two,6012.0,True,3.0,Santa Clara Unified,91354,65.0,6012.0,511.0410094637224,1.3333333333333333,36.0,0,554.75,0.36909514304723884,13.941261763269834,13.710150042306449,13.784684364684612,969644.0890900134
True,True,2025-12-09,1520000.0,34.112245,-118.162413,1858.0,658 - So. Pasadena,True,4.0,0.157,1946.0,3.0,South Pasadena,3.0,True,1.0,One,6840.0,False,2.0,Los Angeles Unified,91030,158.0,6840.0,818.0839612486544,1.0,79.0,0,619.3333333333334,0.2716374269005848,14.234220892822458,14.557923979827137,14.555499069268018,2095911.4350661875
False,False,2025-12-12,727250.0,34.067285,-118.041446,1152.0,619 - El Monte,False,1.0,0.1523,1928.0,2.0,El Monte,2.0,True,1.0,One,6636.0,False,1.0,El Monte Union High,91731,0.0,6636.0,631.2934027777778,1.0,97.0,0,576.0,0.1735985533453888,13.497025576357448,13.507625778194974,13.45426849768395,696810.3079525841
True,False,2025-12-31,875000.0,34.257402,-118.73606399999998,1949.0,SVC - Central Simi,True,2.0,0.2,1999.0,2.0,Simi Valley,4.0,True,1.0,One,8712.0,False,2.0,Chaffey Joint Union High,93065,179.0,8712.0,448.9481785531041,2.0,26.0,0,487.25,0.22371441689623509,13.681979165339751,13.676248490630767,13.714987377324778,904364.1484304945
True,True,2025-12-10,940000.0,34.217432,-118.570081,2111.0,WIN - Winnetka,True,2.0,0.1149,1969.0,3.0,Winnetka,3.0,True,2.0,Two,5007.0,False,2.0,Los Angeles Unified,91306,0.0,5007.0,445.2865940312648,1.0,56.0,0,703.6666666666666,0.42160974635510284,13.753635154246187,13.65680576350189,13.792532596432599,977284.0213788977
True,True,2025-12-24,1320000.0,33.534211,-117.122432,2942.0,SRCAR - Southwest Riverside County,True,6.0,0.72,1977.0,4.0,Temecula,5.0,True,1.0,One,31363.0,False,6.0,Temecula Unified,92591,354.0,31363.0,448.6743711760707,1.25,48.0,0,588.4,0.093804801836559,14.093142294562554,13.514405465180353,13.963355688015437,1159333.3365646051
True,False,2025-12-26,858000.0,33.617589,-117.641944,1251.0,MC - Mission Viejo Central,True,1.0,0.0735,1973.0,2.0,Mission Viejo,2.0,True,1.0,One,3202.0,False,1.0,Capistrano Unified,92692,584.0,3202.0,685.8513189448441,1.0,52.0,0,625.5,0.39069331667707685,13.6623593784701,14.006130917572923,13.643822029401807,842241.4664782563
True,True,2025-12-31,695000.0,33.696781,-117.396233,2247.0,SRCAR - Southwest Riverside County,True,3.0,0.18,1989.0,3.0,Lake Elsinore,4.0,True,2.0,Two,7841.0,False,3.0,Lake Elsinore Unified,92530,0.0,7841.0,309.3012906097018,1.3333333333333333,36.0,0,561.75,0.2865705904859074,13.45166712454693,13.270783382522602,13.33317078746135,617337.2731309382
True,False,2025-12-23,1275000.0,33.992575,-118.352067,2050.0,WIND - Windsor Hills,False,4.0,0.1352,1940.0,3.0,Windsor Hills,3.0,True,2.0,Two,5889.0,False,2.0,Los Angeles Unified,90043,0.0,5889.0,621.9512195121952,1.0,85.0,0,683.3333333333334,0.348106639497368,14.058456736574664,13.652991628466498,13.90352160596535,1092000.1863807882
True,False,2025-12-11,895000.0,33.811352,-118.213355,1776.0,11 - Westside,False,2.0,0.144,1942.0,2.0,Long Beach,4.0,False,1.0,One,6274.0,False,2.0,Long Beach Unified,90810,0.0,6274.0,503.94144144144144,2.0,83.0,0,444.0,0.2830729996812241,13.704578997256993,13.499429010990795,13.59088241214128,798813.2055651996
True,False,2025-12-16,245000.0,33.621501,-114.593426,1294.0,374 - Blythe,True,2.0,0.15,1991.0,2.0,Blythe,3.0,False,1.0,One,6534.0,False,2.0,Palo Verde Unified,92225,0.0,6534.0,189.3353941267388,1.5,34.0,0,431.3333333333333,0.1980410162228344,12.409013489526863,12.489070342979904,12.507197167817958,270275.52153854514
True,False,2025-12-17,815000.0,33.993361,-118.056474,1146.0,670 - Whittier,False,2.0,0.1306,1947.0,1.0,Whittier,3.0,True,1.0,One,5688.0,False,2.0,Los Angeles Unified,90601,0.0,5688.0,711.1692844677137,3.0,78.0,0,382.0,0.20147679324894516,13.610943392223,13.721199878493033,13.597863184735726,804409.0478255199
False,False,2025-12-08,1120000.0,37.7099547,-122.09527058,1694.0,SRCAR - Southwest Riverside County,False,2.0,0.1286,1961.0,3.0,Castro Valley,3.0,True,1.0,Two,5600.0,False,2.0,Castro Valley,94546,0.0,5600.0,661.1570247933885,1.0,64.0,0,564.6666666666666,0.3025,13.928839243271277,13.885500212990994,13.913423228418182,1102866.4680748503
True,False,2025-12-02,675000.0,32.7786545,-116.9705939,1068.0,92020 - El Cajon,True,1.0,0.1423,1951.0,1.0,El Cajon,3.0,False,1.0,One,6200.0,False,0.0,Newport Mesa Unified,92020,0.0,6200.0,632.0224719101124,3.0,74.0,0,356.0,0.17225806451612904,13.422467969854667,13.7694117933985,13.557877995260236,772879.1645703806
False,False,2025-12-08,540990.0,33.777228,-116.991195,2218.0,SRCAR - Southwest Riverside County,True,2.0,0.2313,2025.0,3.0,San Jacinto,3.0,False,2.0,Two,10075.0,True,2.0,Hemet Unified,92582,0.0,10075.0,243.9089269612263,1.0,0.0,0,739.3333333333334,0.22014888337468982,13.201156073369427,13.154789908438397,13.362091525610458,635451.8029649961
False,False,2025-12-12,1080000.0,32.98330753,-117.0860222,1781.0,92129 - Rancho Penasquitos,True,2.0,0.129,2024.0,2.0,San Diego,3.0,False,1.0,One,8512.0,False,2.0,Rim of the World,92129,355.0,7053.0,606.4008983717013,1.5,1.0,0,593.6666666666666,0.25251665957748476,13.892471599100402,14.162640089059476,14.034036739104048,1244241.5918637647
False,False,2025-12-19,910000.0,33.86571,-117.805864,1501.0,"93 - Anaheim N of River, E of Lakeview",True,2.0,0.1148,1972.0,2.0,Anaheim,4.0,True,1.0,One,5000.0,False,2.0,Placentia-Yorba Linda Unified,92807,0.0,5000.0,606.2624916722185,2.0,53.0,0,375.25,0.3002,13.721199878493033,13.997832114758229,13.853984161069874,1039223.2957283225
True,False,2025-12-23,905000.0,37.99389884,-122.34678403,2521.0,BOUQ - Bouquet Canyon,True,2.0,0.1612,2005.0,3.0,Richmond,4.0,True,2.0,Two,7022.0,False,2.0,Redlands Unified,94806,117.0,7022.0,358.98452994843313,1.3333333333333333,20.0,0,630.25,0.35901452577613213,13.715690222682063,13.321214236149494,13.347615086385943,626318.9883713505
False,False,2025-12-19,415000.0,38.911548,-123.692595,1076.0,SCP - South Coast - Point Arena,True,4.0,0.1722,1970.0,2.0,Point Arena,2.0,False,1.0,One,7500.0,False,0.0,Turlock Unified,95468,0.0,7500.0,385.68773234200745,1.0,55.0,0,538.0,0.14346666666666666,12.936033799212835,13.698976741708323,13.420218006355679,673482.9818958351
True,False,2025-12-15,5465000.0,32.822702,-117.262408,2838.0,92037 - La Jolla,True,2.0,0.2157,2019.0,5.0,La Jolla,4.0,True,2.0,Two,9398.0,False,2.0,La Jolla,92037,0.0,9398.0,1925.6518675123327,0.8,6.0,0,709.5,0.30197914449882957,15.513874679592776,15.084846812896313,15.29637088248545,4396726.666012128
True,False,2025-12-15,635000.0,34.090305,-117.476345,1590.0,264 - Fontana,False,1.0,0.2617,1953.0,2.0,Fontana,5.0,False,1.0,One,11400.0,False,1.0,Fontana Unified,92335,0.0,11400.0,399.37106918238993,2.5,72.0,0,318.0,0.1394736842105263,13.36138027787483,13.226723392728571,13.197564898818767,539050.6947558504
True,False,2025-12-24,1113000.0,34.256267,-118.306843,1801.0,659 - Sunland/Tujunga,True,2.0,0.136,1948.0,4.0,Sunland,4.0,True,1.0,One,5925.0,False,0.0,Los Angeles Unified,91040,0.0,5925.0,617.9900055524708,1.0,77.0,0,450.25,0.3039662447257384,13.922569630257682,13.77468856344402,13.904712092334556,1093300.9718478995
True,False,2025-12-08,1433520.0,33.644811,-117.673045,2091.0,LN - Lake Forest North,True,3.0,0.2388,1986.0,3.0,Lake Forest,3.0,True,2.0,Two,10400.0,False,3.0,Saddleback Valley Unified,92630,120.0,10400.0,685.5667144906744,1.0,39.0,0,697.0,0.2010576923076923,14.175643516074297,14.077874822431765,14.089685108372363,1315444.3935562258
False,False,2025-12-16,1150000.0,33.01556202,-117.06721742,2110.0,92128 - Rancho Bernardo,True,4.0,0.32,1969.0,2.0,San Diego,2.0,True,1.0,One,0.32,False,2.0,Fontana Unified,92128,615.0,13939.2,545.0236966824644,1.0,56.0,0,1055.0,0.15137167125803488,13.955272500339433,13.983960916083914,14.003494060216068,1206813.6054783773
True,True,2025-12-18,395000.0,33.764814,-116.246787,1321.0,309 - Indio North of East Valley,True,2.0,0.11,2013.0,2.0,Indio,2.0,False,1.0,One,4792.0,False,2.0,Other,92203,369.0,4792.0,299.0158970476912,1.0,12.0,0,660.5,0.2756677796327212,12.886641043883259,13.255142955086335,13.057413946340274,468557.42554004904
True,False,2025-12-05,199900.0,38.951579,-122.63634,831.0,LCCLW - Clearlake West,True,0.0,0.19,1970.0,1.0,Clearlake,2.0,False,1.0,One,8276.0,False,0.0,Konocti Unified,95422,0.0,8276.0,240.55354993983156,2.0,55.0,0,415.5,0.10041082648622524,12.205572520488492,12.524526376648708,12.370646975803927,235778.23872003058
True,False,2025-12-18,685000.0,39.767348,-121.81728,2200.0,92123 - San Diego,True,3.0,0.21,2002.0,2.0,Chico,4.0,True,1.0,One,0.21,False,3.0,Chico Unified,95973,0.0,9147.6,311.3636363636364,2.0,23.0,0,550.0,0.2405002405002405,13.437174117244362,13.151922179645874,13.260652245381968,574153.60577531
False,True,2025-12-22,1283000.0,34.169651,-118.332121,1779.0,610 - Burbank,False,8.0,0.1604,1940.0,2.0,Burbank,3.0,True,1.0,One,6987.0,False,2.0,Burbank Unified,91506,0.0,6987.0,721.1916807195054,1.5,85.0,0,593.0,0.25461571489909834,14.064711643597773,14.086554735068795,14.147123698966935,1393213.766963999
True,False,2025-12-18,1119000.0,32.637919000000004,-116.981599,2656.0,91913 - Chula Vista,True,5.0,0.1301,2001.0,3.0,Chula Vista,4.0,True,2.0,Two,5665.0,False,2.0,Sweetwater Union,91913,125.0,5665.0,421.31024096385545,1.3333333333333333,24.0,0,664.0,0.46884377758164164,13.927945987294063,13.764217263576723,13.86264441573434,1048262.3177450418
True,False,2025-12-23,2111000.0,37.26312989,-121.88074995,2072.0,699 - Not Defined,True,2.0,0.1376,1983.0,3.0,San Jose,4.0,True,1.0,One,5992.0,False,2.0,San Jose Unified,95118,0.0,5992.0,1018.8223938223938,1.3333333333333333,42.0,0,518.0,0.34579439252336447,14.562672326830457,14.300975768380514,14.252534013070479,1548092.387301867
False,False,2025-12-10,893210.0,33.988318,-118.339266,1371.0,C34 - Los Angeles Southwest,False,2.0,0.1234,1925.0,2.0,Los Angeles,3.0,True,1.0,One,5375.0,False,2.0,Los Angeles Unified,90043,0.0,5375.0,651.5025528811087,1.5,100.0,0,457.0,0.25506976744186044,13.70257699458632,13.652991628466498,13.650112365695396,847556.1465809724
True,False,2025-12-16,887500.0,33.54095,-117.097574,1850.0,SRCAR - Southwest Riverside County,True,2.0,0.15,2023.0,3.0,Temecula,3.0,True,1.0,One,6534.0,False,2.0,Temecula Unified,92591,247.0,6534.0,479.72972972972974,1.0,2.0,0,616.6666666666666,0.283134374043465,13.696163800331709,13.514405465180353,13.51032489499199,736986.5305788061
False,False,2025-12-12,2400000.0,37.32412025,-121.98603394,1734.0,699 - Not Defined,True,2.0,0.1567,1957.0,2.0,Santa Clara,3.0,True,1.0,One,6825.0,False,2.0,Other,95051,194.0,6825.0,1384.083044982699,1.5,68.0,0,578.0,0.2540659340659341,14.690979295318174,14.526006376858833,14.41646249458211,1823854.1678475144
True,False,2025-12-01,2310000.0,33.457048,-117.623473,3256.0,FR - Forster Ranch,True,3.0,0.1821,2004.0,4.0,San Clemente,4.0,True,2.0,Two,7933.0,False,3.0,Capistrano Unified,92673,310.0,7933.0,709.4594594594595,1.0,21.0,0,814.0,0.4104374133366948,14.652758082497977,14.446782334806132,14.673693579835724,2358870.7809301564
True,True,2025-12-11,658000.0,34.117729,-117.429877,2033.0,264 - Fontana,True,2.0,0.1722,1984.0,2.0,Fontana,3.0,True,1.0,One,7500.0,False,2.0,Fontana Unified,92336,0.0,7500.0,323.659616330546,1.5,41.0,0,677.6666666666666,0.2710666666666667,13.396960210307455,13.487006490992238,13.457282656011168,698913.7730406721
False,True,2025-12-24,893000.0,34.151739,-118.792986,1502.0,WV - Westlake Village,False,2.0,1.0414,1997.0,3.0,Westlake Village,2.0,True,2.0,Two,45362.0,True,2.0,Las Virgenes,91362,113.0,45362.0,594.5406125166445,0.6666666666666666,28.0,0,751.0,0.03311141484061549,13.702341859858636,14.119312012295937,13.879076452383602,1065629.7025384633
True,False,2025-12-22,888000.0,33.34128326,-117.23730828,2635.0,92028 - Fallbrook,False,12.0,1.35,1965.0,3.0,Fallbrook,4.0,True,1.0,One,1.35,False,2.0,Fallbrook Union,92028,0.0,58806.0,337.00189753320683,1.3333333333333333,60.0,0,658.75,0.04480835288916097,13.696727021974308,13.681979165339751,13.969606395777019,1166602.6860708294
True,True,2025-12-31,599900.0,33.759122,-116.241392,1763.0,309 - Indio North of East Valley,True,4.0,0.19,2011.0,2.0,Indio,2.0,False,1.0,One,8276.0,False,2.0,Morongo Unified,92203,369.0,8276.0,340.27226318774814,1.0,14.0,0,881.5,0.21302561623972935,13.304518253641184,13.255142955086335,13.139981091741252,508886.9108350592
True,False,2025-12-09,973000.0,37.96590704,-122.06490922,1247.0,84 - Placentia,True,2.0,0.1607,1956.0,2.0,Pleasant Hill,3.0,True,1.0,One,7000.0,False,2.0,Claremont Unified,94523,0.0,7000.0,780.2726543704891,1.5,69.0,0,415.6666666666667,0.17814285714285713,13.788139361168142,13.92391643180806,13.781832696227305,966882.9244605328
True,False,2025-12-12,449000.0,39.756018,-121.836059,1940.0,276 - Highland,True,4.0,0.24,1960.0,2.0,Chico,4.0,True,1.0,One,10454.0,False,2.0,Chico Unified,95926,0.0,10454.0,231.44329896907217,2.0,65.0,0,485.0,0.18557489955997705,13.01477816672439,13.060487973686241,13.08838474521291,483296.07918652956
True,True,2025-12-16,1200000.0,34.202593,-118.638895,3346.0,WEH - West Hills,True,0.0,0.2538,1966.0,4.0,West Hills,5.0,True,2.0,Two,11054.0,False,0.0,Los Angeles Unified,91307,0.0,11054.0,358.6371787208608,1.25,59.0,0,669.2,0.3026958567034558,13.997832114758229,13.849911984681606,14.162944632188287,1415430.9941520917
True,True,2025-12-12,2150000.0,33.641593,-116.246629,4370.0,313 - La Quinta South of HWY 111,True,3.0,0.27,2004.0,5.0,La Quinta,4.0,True,1.0,One,11761.0,False,3.0,Beaumont,92253,527.0,11761.0,491.9908466819222,0.8,21.0,0,1092.5,0.3715670436187399,14.580978400103845,13.545013310266594,14.6368181292503,2273470.6197563815
True,False,2025-12-19,1704000.0,33.963009,-118.39712,1699.0,C29 - Westchester,True,2.0,0.1545,1944.0,3.0,Los Angeles,4.0,True,1.0,One,6729.0,False,2.0,Los Angeles Unified,90045,20.0,6729.0,1002.9429075927015,1.3333333333333333,81.0,0,424.75,0.2524892257393372,14.348488986371398,14.331323723241304,14.320361661348311,1656738.8192910952
True,False,2025-12-03,710000.0,37.96610019,-121.72561079,2145.0,641 - Monterey Park,True,2.0,0.1366,2006.0,2.0,Brentwood,3.0,True,1.0,One,5950.0,False,2.0,Other,94513,50.0,5950.0,331.002331002331,1.5,19.0,0,715.0,0.36050420168067226,13.473020249017498,13.591116224748411,13.528206946221685,750283.8992508611
True,False,2025-12-24,970000.0,34.220037,-118.35491,1598.0,SUNV - Sun Valley,True,2.0,0.5249,1986.0,2.0,Sun Valley,3.0,False,1.0,One,22865.0,False,2.0,Los Angeles Unified,91352,0.0,22865.0,607.008760951189,1.5,39.0,0,532.6666666666666,0.06988847583643122,13.785051350479566,13.681979165339751,13.62771560926963,828784.6331812097
False,False,2025-12-15,914000.0,34.270431,-119.258315,1540.0,699 - Not Defined,True,1.0,0.15,1951.0,2.0,Ventura,3.0,True,1.0,One,6534.0,False,1.0,Other,93003,0.0,6534.0,593.5064935064935,1.5,74.0,0,513.3333333333334,0.2356902356902357,13.725585850436287,13.825460888817442,13.845197575533303,1030132.070253844
True,False,2025-12-23,595000.0,37.9829795,-121.70819925,1109.0,92028 - Fallbrook,True,2.0,0.1667,1993.0,2.0,Oakley,3.0,True,1.0,One,7260.0,False,2.0,El Rancho Unified,94561,0.0,7260.0,536.5193868349864,1.5,32.0,0,369.6666666666667,0.1527548209366391,13.296316684527767,13.415032991367148,13.25781186486141,572525.1049335548
False,False,2025-12-11,475000.0,38.00269798,-121.80336112,1355.0,91901 - Alpine,True,2.0,0.1162,1942.0,2.0,Antioch,3.0,True,1.0,One,5060.0,False,2.0,Antioch,94509,100.0,5060.0,350.55350553505536,1.5,83.0,0,451.6666666666667,0.26778656126482214,13.071070083016778,13.199324418540456,13.167813391203458,523249.34640632774
True,False,2025-12-08,900000.0,37.94988057,-121.95473125,1515.0,PMCL - Pine Mountain Club,True,2.0,0.1773,1962.0,2.0,Concord,4.0,True,1.0,One,7725.0,False,2.0,Mount Diablo,94521,0.0,7725.0,594.059405940594,2.0,63.0,0,378.75,0.19611650485436893,13.710150042306449,13.656514826473817,13.660950467187265,856792.0052978361
False,False,2025-12-05,790000.0,32.65750247,-117.05956176,1734.0,91950 - National City,True,4.0,1.2857,2006.0,3.0,National City,4.0,True,2.0,Two,56004.0,False,2.0,William S. Hart Union,91950,213.0,56004.0,455.59400230680507,1.3333333333333333,19.0,0,433.5,0.030962074137561604,13.579788224443204,13.507625778194974,13.518256190077029,742855.0298629436
True,False,2025-12-02,1035000.0,32.75457188,-117.01458803,1740.0,91941 - La Mesa,True,5.0,0.4311,1945.0,2.0,La Mesa,4.0,True,2.0,Two,18778.0,False,2.0,Alvord Unified,91941,0.0,18778.0,594.8275862068965,2.0,80.0,0,435.0,0.09266162530620939,13.849911984681606,13.903955641362648,13.908975932032225,1097972.5843589848
False,False,2025-12-16,515000.0,34.150228000000006,-117.282159,1700.0,699 - Not Defined,True,2.0,0.1734,1954.0,3.0,San Bernardino,4.0,True,1.0,One,7552.0,False,2.0,San Bernardino City Unified,92404,0.0,7552.0,302.94117647058823,1.3333333333333333,71.0,0,425.0,0.22510593220338984,13.151922179645874,13.142166004700508,13.210069513203173,545833.6364781916
True,False,2025-12-22,2005000.0,37.79615645,-121.90248949,2402.0,LEL - Lake Elizabeth,True,3.0,0.1669999999999999,1997.0,3.0,Danville,5.0,True,2.0,Two,7275.0,False,3.0,San Ramon Valley,94506,72.0,7275.0,834.7210657785179,1.6666666666666667,28.0,0,480.4,0.33017182130584194,14.511154618722806,14.68050799545088,14.492483399555866,1967911.5265370582
True,False,2025-12-30,475000.0,34.061822,-116.579193,1922.0,DC511 - NW Morongo,True,0.0,2.5,1958.0,4.0,Morongo Valley,4.0,True,1.0,One,2.5,False,0.0,Morongo Unified,92256,0.0,108900.0,247.13839750260144,1.0,67.0,0,480.5,0.017649219467401285,13.071070083016778,12.834681304952548,12.943558972589582,418134.7268400064
False,False,2025-12-30,775000.0,37.98490079,-122.07293873,1608.0,91911 - Chula Vista,False,0.0,0.1653,1961.0,2.0,Pacheco,3.0,True,1.0,One,7200.0,False,0.0,Kern Union,94553,183.0,7200.0,481.9651741293532,1.5,64.0,0,536.0,0.22333333333333333,13.560618308335483,13.604789526648622,13.5899233952581,798047.4974367534
False,False,2025-12-17,1420000.0,33.950703000000004,-118.112648,2970.0,"D1 - Northeast Downey, N of Firestone, E of Downey",False,2.0,0.268,1953.0,3.0,Downey,3.0,True,1.0,One,11672.0,False,2.0,Downey Unified,90240,0.0,11672.0,478.1144781144781,1.0,72.0,0,990.0,0.25445510623714873,14.166167429577444,13.835929041168361,14.177758072113948,1436554.4655169735
True,True,2025-12-19,650000.0,33.809203000000004,-116.503148,1328.0,334 - South End Palm Springs,True,2.0,0.15,1976.0,2.0,Palm Springs,3.0,False,1.0,One,6534.0,False,2.0,Glendora Unified,92264,0.0,6534.0,489.4578313253012,1.5,49.0,0,442.6666666666667,0.2032445668809305,13.38472764187182,14.077874822431765,13.870971016696608,1057027.220049836
True,False,2025-12-01,625000.0,37.63309075,-122.06812205,927.0,92025 - Escondido,True,3.0,0.1301,1952.0,1.0,Hayward,3.0,True,1.0,One,5665.0,False,1.0,Morongo Unified,94544,0.0,5665.0,674.2179072276159,3.0,73.0,0,309.0,0.16363636363636364,13.345506928718539,13.732128949025222,13.518389741187425,742954.2456020839
True,False,2025-12-24,725000.0,33.904974,-118.266703,1129.0,RQ - Compton West of Central,True,0.0,0.1194,1956.0,2.0,Los Angeles,3.0,False,1.0,One,5202.0,False,3.0,Fallbrook Union,90061,0.0,5202.0,642.1612046058459,1.5,69.0,0,376.3333333333333,0.2170319108035371,13.493926933836812,13.387030025065194,13.3142282891251,605753.4227675336
True,False,2025-12-12,3021000.0,33.789747,-118.360401,3100.0,165 - PV Dr North,False,2.0,0.3504,1951.0,3.0,Rolling Hills Estates,4.0,True,1.0,One,15265.0,False,2.0,Palos Verdes Peninsula Unified,90274,0.0,15265.0,974.516129032258,1.3333333333333333,74.0,0,775.0,0.2030789387487717,14.921098460368809,14.735791327008538,14.907475005708898,2980122.6212601317
True,False,2025-12-04,652000.0,35.620855,-120.663274,1404.0,PRIC - PR Inside City Limit,False,2.0,0.1537,1980.0,2.0,Paso Robles,3.0,True,1.0,One,6695.0,False,2.0,Paso Robles Joint Unified,93446,0.0,6695.0,464.3874643874644,1.5,45.0,0,468.0,0.20970873786407768,13.38779984090879,13.591116224748411,13.449661107594544,693607.21565965
True,True,2025-12-23,715000.0,38.362522,-121.982721,2040.0,SRCAR - Southwest Riverside County,True,2.0,0.32,1966.0,3.0,Vacaville,4.0,True,1.0,One,13939.0,False,2.0,Riverside Unified,95688,0.0,13939.0,350.4901960784314,1.3333333333333333,59.0,0,510.0,0.14635196212066862,13.480037821676145,13.35911138926961,13.458300042633141,699625.20040025
True,False,2025-12-22,440000.0,34.129852,-117.276233,1208.0,274 - San Bernardino,False,1.0,0.132,1933.0,1.0,San Bernardino,3.0,False,1.0,One,5749.0,False,1.0,San Bernardino City Unified,92404,0.0,5749.0,364.2384105960265,3.0,92.0,0,402.6666666666667,0.21012349973908506,12.994530005894443,13.142166004700508,13.040450507467893,460676.1163388789
False,False,2025-12-01,1600000.0,33.687621,-117.937329,1597.0,C1 - Mesa Verde,True,4.0,0.1399,1960.0,2.0,Costa Mesa,3.0,True,1.0,One,6092.0,False,2.0,Newport Mesa Unified,92626,0.0,6092.0,1001.8785222291796,1.5,65.0,0,532.3333333333334,0.26214707813525934,14.28551418721001,14.28551418721001,14.19352828603328,1459388.8147920805
True,False,2025-12-03,1215000.0,37.926987,-122.39124875,1850.0,699 - Not Defined,True,4.0,0.1377,1991.0,2.0,Richmond,3.0,True,2.0,One,6000.0,False,2.0,Other,94801,205.0,6000.0,656.7567567567568,1.5,34.0,0,616.6666666666666,0.30833333333333335,14.010254634756786,13.217666945594692,13.156201329928672,517208.48424364405
True,False,2025-12-19,1599999.0,37.72064041,-121.71642725,2554.0,651 - Rosemead/S. San Gabriel,True,2.0,0.1954,1999.0,3.0,Livermore,5.0,True,2.0,Two,8513.0,False,2.0,Los Angeles Unified,94551,60.0,8513.0,626.4678935003916,1.6666666666666667,26.0,0,510.8,0.3000117467402796,14.285513562209815,13.87377946608825,14.115672022535122,1350076.7795459756
True,False,2025-12-16,419000.0,39.055078,-122.92059,1620.0,LCLPS - Lakeport South,True,6.0,0.23,1981.0,2.0,Lakeport,3.0,True,1.0,One,10019.0,False,2.0,Lakeport Unified,95453,0.0,10019.0,258.641975308642,1.5,44.0,0,540.0,0.1616927837109492,12.945626198904275,12.89167886987763,12.87590549149543,390782.13785651687
False,False,2025-12-08,570000.0,37.99469297,-121.7293554,1200.0,610 - Burbank,True,2.0,0.1405,1983.0,2.0,Oakley,3.0,True,1.0,One,6120.0,False,2.0,Oakley,94561,40.0,6120.0,475.0,1.5,42.0,0,400.0,0.19607843137254902,13.253391639810733,13.415032991367148,13.290484080677372,591539.7017930662
False,False,2025-12-23,1300000.0,37.56671752,-122.30523769,1000.0,699 - Not Defined,False,1.0,0.2796,1951.0,1.0,San Mateo,3.0,True,2.0,Two,12181.0,False,1.0,Other,94401,440.0,12181.0,1300.0,3.0,74.0,0,333.3333333333333,0.0820950660865282,14.077874822431765,14.204168547756057,13.88282478762227,1069631.5353238008
True,False,2025-12-18,697150.0,33.8953,-117.300707,2240.0,252 - Riverside,True,3.0,0.22,1994.0,3.0,Riverside,4.0,True,2.0,Two,9583.0,False,3.0,Riverside Unified,92508,212.0,9583.0,311.22767857142856,1.3333333333333333,31.0,0,560.0,0.2337472607742878,13.454755874623167,13.56126305375042,13.594645084023513,801824.5393305842
False,False,2025-12-12,840000.0,33.21110751,-117.37074102,1014.0,92058 - Oceanside,False,3.0,0.24,1953.0,2.0,Oceanside,3.0,False,1.0,One,38333.0,False,1.0,Brea-Olinda Unified,92058,370.0,5662.0,828.4023668639053,1.5,72.0,0,338.0,0.17908866125044154,13.641157170819497,13.664687668229691,13.567911583175942,780672.9500470724
False,False,2025-12-02,930000.0,34.255923,-118.762559,2100.0,SVC - Central Simi,True,2.0,0.2767,1971.0,2.0,Simi Valley,3.0,True,1.0,One,12053.0,False,2.0,Simi Valley Unified,93065,0.0,12053.0,442.8571428571428,1.5,54.0,0,700.0,0.17423048203766697,13.742939865129438,13.676248490630767,13.769227952395553,954772.1001478917
False,False,2025-12-04,578000.0,37.69378221,-122.12273229,1059.0,92026 - Escondido,True,1.0,0.1373,1951.0,1.0,San Lorenzo,3.0,True,1.0,One,5980.0,False,1.0,San Lorenzo,94580,0.0,5980.0,545.7979225684608,3.0,74.0,0,353.0,0.17709030100334447,13.267329147654515,13.652991628466498,13.52377430608724,746965.5207490509
True,False,2025-12-18,980000.0,33.978751,-117.899744,1969.0,652 - Rowland Heights,False,2.0,0.1413,1960.0,2.0,Rowland Heights,4.0,False,1.0,One,6154.0,False,2.0,Rowland Unified,91748,0.0,6154.0,497.7145759268664,2.0,65.0,0,492.25,0.31995450113747154,13.795307850646754,13.9016461684345,13.873369936513717,1059565.9875275323
True,False,2025-12-12,880000.0,33.72978,-117.909037,1231.0,69 - Santa Ana South of First,True,2.0,0.1377,1960.0,2.0,Santa Ana,3.0,False,1.0,One,6000.0,False,2.0,Santa Ana Unified,92704,0.0,6000.0,714.8659626320065,1.5,65.0,0,410.3333333333333,0.20516666666666666,13.687677186454389,13.737549016494562,13.609298442583153,813660.468076851
True,False,2025-12-11,367500.0,36.351977000000005,-119.629868,1282.0,699 - Not Defined,True,4.0,0.1377,1989.0,2.0,Hanford,3.0,True,1.0,One,6000.0,False,2.0,Hanford Joint Union,93230,0.0,6000.0,286.6614664586584,1.5,36.0,0,427.3333333333333,0.21366666666666667,12.814478597635029,12.80765263256463,12.670797541948447,318315.2560638897
False,False,2025-12-16,890000.0,34.115707,-117.791425,1806.0,684 - La Verne,False,2.0,0.2151,1962.0,2.0,La Verne,4.0,True,1.0,One,9370.0,False,2.0,Bonita Unified,91750,0.0,9370.0,492.8017718715393,2.0,63.0,0,451.5,0.1927427961579509,13.698976741708323,13.758940206475879,13.760804187268832,946763.1045353535
False,False,2025-12-08,1679000.0,33.685171000000004,-117.801273,2022.0,WB - Woodbridge,True,4.0,0.119,1976.0,3.0,Irvine,4.0,True,2.0,Two,5184.0,False,2.0,Irvine Unified,92604,147.0,5184.0,830.3659742828883,1.3333333333333333,49.0,0,505.5,0.3900462962962963,14.333708936059677,14.271780330445122,14.247145439007904,1539772.8122713873
True,True,2025-12-16,925000.0,33.813614,-116.43802,2333.0,321 - Rancho Mirage,True,2.0,0.23,2003.0,3.0,Rancho Mirage,3.0,True,1.0,One,10019.0,False,2.0,Other,92270,399.0,10019.0,396.4852121731676,1.0,22.0,0,777.6666666666666,0.23285757061582993,13.737549016494562,13.9108207377686,13.84463664309086,1029554.3977883975
True,True,2025-12-10,3625000.0,34.111797,-118.295449,4990.0,637 - Los Feliz,True,2.0,0.2893,1923.0,5.0,Los Angeles,6.0,True,1.0,ThreeOrMore,12603.0,False,0.0,Anaheim Union High,90027,0.0,12603.0,726.4529058116233,1.2,102.0,0,831.6666666666666,0.39593747520431644,15.103364846270912,14.612710764892958,15.204430829592914,4010517.444926071
False,False,2025-12-15,452500.0,37.514055,-120.858651,1735.0,321 - Rancho Mirage,True,2.0,0.1456,1987.0,2.0,Turlock,3.0,True,2.0,Two,6344.0,False,2.0,Turlock Unified,95382,0.0,6344.0,260.80691642651294,1.5,38.0,0,578.3333333333334,0.27348675914249687,13.022543042122118,13.254816968582134,13.198900749689091,539771.2672771488
False,False,2025-12-29,593990.0,33.780046,-116.994882,2480.0,SRCAR - Southwest Riverside County,True,6.0,0.1653,2025.0,4.0,San Jacinto,4.0,False,2.0,Two,7201.0,True,3.0,San Jacinto Unified,92582,0.0,7201.0,239.5120967741935,1.0,0.0,0,620.0,0.34439661158172474,13.294617763186237,13.154789908438397,13.314756326949531,606073.3679511786
True,False,2025-12-08,430000.0,34.196321000000005,-117.3394,1560.0,274 - San Bernardino,True,2.0,0.2105,1987.0,3.0,San Bernardino,3.0,True,2.0,Two,9170.0,False,2.0,San Bernardino City Unified,92407,0.0,9170.0,275.64102564102564,1.0,38.0,0,520.0,0.17011995637949837,12.971540487669746,13.304684934198283,13.242876133979523,564037.5656246078
True,False,2025-12-01,1510000.0,32.839727,-117.191006,2191.0,92117 - Clairemont Mesa,True,4.0,0.2089,1966.0,3.0,San Diego,5.0,True,2.0,Two,9100.0,False,2.0,San Diego Unified,92117,0.0,9100.0,689.183021451392,1.6666666666666667,59.0,0,438.2,0.24076923076923076,14.227620208791107,13.964016766263498,14.03378528373329,1243928.7599662482
True,False,2025-12-15,2389000.0,33.97817,-118.40206299999998,2478.0,C29 - Westchester,True,3.0,0.1289,1993.0,3.0,Los Angeles,4.0,True,2.0,Two,5617.0,False,3.0,Los Angeles Unified,90045,30.0,5617.0,964.0839386602098,1.3333333333333333,32.0,0,619.5,0.44116076197258325,14.686385426307947,14.331323723241304,14.390569349512907,1777235.0102411762
True,False,2025-12-15,330000.0,37.360204,-120.743266,1090.0,92054 - Oceanside,True,0.0,0.4343,1937.0,1.0,Livingston,4.0,False,1.0,One,18916.0,False,0.0,Livingston Union,95334,0.0,18916.0,302.7522935779817,4.0,88.0,0,272.5,0.05762317614717699,12.706847933442663,12.911642346088676,12.678315981104825,320717.5092302994
True,False,2025-12-30,236000.0,33.313234,-115.965805,1248.0,381 - Salton Sea - Imperial County,False,8.0,0.2301,1978.0,2.0,Thermal,3.0,False,1.0,One,10022.0,False,0.0,Coachella Valley Unified,92274,0.0,10022.0,189.1025641025641,1.5,47.0,0,416.0,0.1245260427060467,12.371587084007746,12.644327576461329,12.606930714576043,298621.0671190995
False,False,2025-12-10,1600000.0,34.150341999999995,-118.459082,1277.0,SO - Sherman Oaks,True,2.0,0.2228,1941.0,3.0,Sherman Oaks,2.0,True,1.0,One,9706.0,False,2.0,Paso Robles Joint Unified,91403,0.0,9706.0,1252.9365700861397,0.6666666666666666,84.0,0,638.5,0.13156810220482176,14.28551418721001,14.557447902693651,14.234989657314259,1521168.971301778
True,True,2025-12-04,3300000.0,33.500877,-117.700475,3091.0,LNSLT - Salt Creek,True,3.0,0.1942,1986.0,3.0,Laguna Niguel,4.0,True,2.0,Two,8459.0,False,3.0,Capistrano Unified,92677,275.0,8459.0,1067.6156583629893,1.3333333333333333,39.0,0,772.75,0.36540962288686607,15.009433026436708,14.349075668699754,14.566716935839166,2119555.4596989397
True,False,2025-12-09,760000.0,33.904433000000004,-118.136138,1026.0,"RJ - Bellflower N of Alondra, W of Bellflower",False,2.0,0.1603,1950.0,1.0,Bellflower,3.0,False,1.0,One,6983.0,False,2.0,Downey Unified,90706,0.0,6983.0,740.7407407407408,3.0,75.0,0,342.0,0.14692825433194903,13.541073712262515,13.586096602527896,13.45902597233422,700133.2634995801
True,False,2025-12-19,1880000.0,34.150985,-118.04751,2638.0,605 - Arcadia,True,2.0,0.4178,1953.0,3.0,Arcadia,4.0,True,1.0,One,18200.0,False,2.0,Arcadia Unified,91006,0.0,18200.0,712.661106899166,1.3333333333333333,72.0,0,659.5,0.14494505494505494,14.446782334806132,14.32771348302841,14.584875489390074,2158395.08954726
False,False,2025-12-30,1215000.0,33.788971999999994,-118.127931,2486.0,"34 - Los Altos, X-100",True,2.0,0.1555,1947.0,3.0,Long Beach,4.0,True,2.0,Two,6775.0,False,2.0,Long Beach Unified,90815,0.0,6775.0,488.73692679002414,1.3333333333333333,78.0,0,621.5,0.3669372693726937,14.010254634756786,13.937728190688523,14.179039388057163,1438396.325407166
True,False,2025-12-31,1060000.0,33.786712,-118.326131,2541.0,121 - Lomita,True,2.0,0.1187,1974.0,3.0,Lomita,3.0,True,1.0,ThreeOrMore,5170.0,False,2.0,Los Angeles Unified,90717,0.0,5170.0,417.1585989767808,1.0,51.0,0,847.0,0.49148936170212765,13.87377946608825,13.845069360205818,13.984930831499533,1184617.8978710554
True,True,2025-12-23,1850000.0,33.764979,-117.817846,3917.0,NTS - North Tustin,True,3.0,0.2844,1971.0,4.0,North Tustin,5.0,True,2.0,Two,12390.0,False,3.0,Tustin Unified,92705,0.0,12390.0,472.30022976767935,1.25,54.0,0,783.4,0.3161420500403551,14.430696197054507,14.376839163903371,14.760516949236605,2572829.8221918326
True,False,2025-12-17,1100000.0,34.155485,-117.566818,2848.0,688 - Rancho Cucamonga,True,3.0,0.5624,1989.0,3.0,Rancho Cucamonga,4.0,True,1.0,One,24500.0,False,3.0,Alta Loma,91737,263.0,24500.0,386.23595505617976,1.3333333333333333,36.0,0,712.0,0.11624489795918368,13.9108207377686,13.75893124807979,14.054984313810403,1270580.3388824237
True,False,2025-12-04,760000.0,34.024497,-117.629383,2086.0,686 - Ontario,True,2.0,0.1653,1978.0,3.0,Ontario,3.0,True,2.0,Two,7200.0,False,2.0,Chino Valley Unified,91761,0.0,7200.0,364.33365292425697,1.0,47.0,0,695.3333333333334,0.2897222222222222,13.541073712262515,13.532323657186438,13.559814368525068,774377.1970285228
True,False,2025-12-02,975000.0,33.812645,-118.037229,1205.0,80 - Cypress North of Katella,True,7.0,0.1492,1963.0,2.0,Cypress,4.0,False,1.0,One,6500.0,False,2.0,Anaheim Union High,90630,0.0,6500.0,809.1286307053942,2.0,62.0,0,301.25,0.1853846153846154,13.790192749979985,13.933293593620657,13.73098152316589,918944.9736074482
False,False,2025-12-18,795000.0,38.15092814,-122.17824419,3612.0,645 - Pasadena (NW),True,2.0,0.2525,2003.0,4.0,Vallejo,4.0,True,2.0,Two,11001.0,False,2.0,Norwalk - La Mirada,94591,165.0,11001.0,220.0996677740864,1.0,22.0,0,903.0,0.3283337878374693,13.58609739363647,13.304684934198283,13.809399670943018,993907.7464737884
True,False,2025-12-24,485000.0,33.77762,-116.941576,1582.0,SRCAR - Southwest Riverside County,True,3.0,0.29,1991.0,2.0,San Jacinto,3.0,True,1.0,One,12632.0,False,3.0,San Jacinto Unified,92583,0.0,12632.0,306.5739570164349,1.5,34.0,0,527.3333333333334,0.12523749208359722,13.091904169919621,13.064725287181727,13.043751846392599,462199.4775156332
True,False,2025-12-12,590000.0,33.493495,-117.106418,1069.0,SRCAR - Southwest Riverside County,True,2.0,0.12,1993.0,2.0,Temecula,3.0,False,1.0,One,5227.0,False,2.0,Temecula Unified,92592,130.0,5227.0,551.9176800748363,1.5,32.0,0,356.3333333333333,0.20451501817486128,13.287877815881902,13.580420735596498,13.352308045162406,629265.1853479549
True,False,2025-12-08,535000.0,34.005102,-117.369466,1323.0,252 - Riverside,True,2.0,0.14,1972.0,2.0,Riverside,4.0,False,1.0,One,6098.0,False,2.0,Riverside Unified,92501,0.0,6098.0,404.3839758125473,2.0,53.0,0,330.75,0.21695637914070187,13.190022025878143,13.304684934198283,13.220980742929147,551821.963271088
True,False,2025-12-22,633000.0,34.062303,-117.159753,1676.0,268 - Redlands,True,2.0,0.1265,1956.0,2.0,Redlands,4.0,True,1.0,One,5510.0,False,2.0,Redlands Unified,92374,0.0,5510.0,377.6849642004773,2.0,69.0,0,419.0,0.3041742286751361,13.358225701126313,13.299666780812677,13.269289566954308,579134.2337789146
False,False,2025-12-16,940000.0,33.944158,-117.605718,2435.0,249 - Eastvale,True,3.0,0.17,2006.0,3.0,Eastvale,4.0,True,1.0,One,7405.0,False,3.0,Corona-Norco Unified,92880,0.0,7405.0,386.0369609856263,1.3333333333333333,19.0,0,608.75,0.3288318703578663,13.753635154246187,13.764217263576723,13.767627329201657,953245.0921877046
True,False,2025-12-18,1050000.0,33.864186,-117.736276,1316.0,91 - Sycamore Canyon,True,0.0,0.1056,1988.0,2.0,Anaheim,2.0,True,1.0,One,4600.0,False,2.0,Chico Unified,92808,97.0,4600.0,797.8723404255319,1.0,37.0,0,658.0,0.28608695652173916,13.864300722133706,14.137594057133388,13.824404615266184,1008933.7269503777
True,False,2025-12-04,1500333.0,37.67086025,-121.890916,1673.0,181 - Point Fermin,True,2.0,0.1538,1969.0,2.0,Pleasanton,3.0,True,1.0,One,6700.0,False,2.0,Irvine Unified,94566,0.0,6700.0,896.7919904363418,1.5,56.0,0,557.6666666666666,0.24970149253731344,14.221197641434085,14.430696197054507,14.205392945141412,1476807.092217133
False,False,2025-12-11,1145000.0,37.85426372,-122.27251249,1892.0,WATT - Watts,False,4.0,0.1119999999999999,1909.0,2.0,Berkeley,4.0,False,2.0,Two,4880.0,False,0.0,Rancho Santa Fe,94703,0.0,4880.0,605.1797040169133,2.0,116.0,0,473.0,0.3877049180327869,13.950915194970477,14.226294827550038,14.215459668024378,1491748.7807037926
False,False,2025-12-05,650000.0,37.99452727,-122.33066468,1470.0,70 - Santa Ana North of First,False,0.0,0.1194,1953.0,3.0,San Pablo,3.0,False,1.0,One,5200.0,False,0.0,San Luis Coastal Unified,94806,54.0,5200.0,442.17687074829934,1.0,72.0,0,490.0,0.2826923076923077,13.38472764187182,13.321214236149494,13.321735951840287,610318.3296029376
True,False,2025-12-08,1075000.0,33.781679,-117.803445,2191.0,"75 - Orange, Orange Park Acres E of 55",True,2.0,0.1814,1929.0,3.0,Orange,3.0,True,2.0,Two,7900.0,False,2.0,Orange Unified,92869,0.0,7900.0,490.6435417617526,1.0,96.0,0,730.3333333333334,0.27734177215189876,13.8878312195439,14.115985383678474,14.334006747179801,1679500.0993345622
True,False,2025-12-16,280000.0,34.496623,-117.820862,1898.0,LLO - Llano,True,1.0,2.4999,1951.0,3.0,Llano,3.0,True,1.0,One,108896.0,False,1.0,Los Angeles Unified,93544,0.0,108896.0,147.52370916754478,1.0,74.0,0,632.6666666666666,0.017429473993535116,12.542544882151386,12.64224206770266,12.712363679278916,331825.22523774736
False,True,2025-12-15,2000000.0,37.33084934,-121.7771553,1911.0,699 - Not Defined,True,2.0,0.2039,1982.0,2.0,San Jose,4.0,True,2.0,One,8880.0,False,2.0,Other,95148,0.0,8880.0,1046.5724751439036,2.0,43.0,0,477.75,0.2152027027027027,14.508657738524219,14.239034472530271,14.193275083253576,1459019.3402654703
True,False,2025-12-16,660000.0,33.680099,-117.38211499999998,2004.0,SRCAR - Southwest Riverside County,True,3.0,0.23,1987.0,3.0,Lake Elsinore,4.0,True,2.0,Two,10019.0,False,3.0,Lake Elsinore Unified,92530,0.0,10019.0,329.34131736526945,1.3333333333333333,38.0,0,501.0,0.20001996207206307,13.399995114002609,13.270783382522602,13.353910587429203,630274.4178573878
True,True,2025-12-12,2000000.0,34.305569,-118.754574,4228.0,699 - Not Defined,True,6.0,3.27,2019.0,6.0,Simi Valley,6.0,True,1.0,One,3.27,False,3.0,Simi Valley Unified,93065,260.0,142441.2,473.0368968779565,1.0,6.0,0,704.6666666666666,0.02968242334380783,14.508657738524219,13.676248490630767,14.34624641333374,1700182.9371646384
False,False,2025-12-26,350000.0,34.138521000000004,-117.268231,850.0,274 - San Bernardino,False,1.0,0.1217,1950.0,1.0,San Bernardino,3.0,False,1.0,One,5300.0,False,1.0,San Bernardino City Unified,92404,0.0,5300.0,411.7647058823529,3.0,75.0,0,283.3333333333333,0.16037735849056603,12.765688433465597,13.142166004700508,12.958488393635086,424424.0675207316
True,False,2025-12-15,1500000.0,37.81278296,-122.22671438,2061.0,SRCAR - Southwest Riverside County,True,2.0,0.132,1924.0,3.0,Oakland,3.0,True,1.0,One,5750.0,False,2.0,Oakland,94610,0.0,5750.0,727.802037845706,1.0,101.0,0,687.0,0.35843478260869566,14.22097566607244,14.297936707208567,14.3886213791451,1773776.3788539986
False,False,2025-12-10,710000.0,34.009224,-118.084317,802.0,649 - Pico Rivera,True,2.0,0.1142,1950.0,1.0,Pico Rivera,2.0,False,1.0,One,4974.0,False,2.0,El Rancho Unified,90660,0.0,4974.0,885.2867830423941,2.0,75.0,0,401.0,0.16123843988741454,13.473020249017498,13.527828485512494,13.316368789920467,607051.4271448711
True,False,2025-12-19,680000.0,34.020745,-117.710891,1209.0,681 - Chino,True,2.0,0.1669999999999999,1974.0,2.0,Chino,3.0,True,1.0,One,7276.0,False,2.0,Chino Valley Unified,91710,0.0,7276.0,562.4483043837882,1.5,51.0,0,403.0,0.16616272677295219,13.42984807715229,13.567049198665774,13.456932858611578,698669.3375742625
True,False,2025-12-23,784000.0,33.203241,-117.34038,936.0,92054 - Oceanside,True,1.0,0.2273,1962.0,1.0,Oceanside,3.0,False,1.0,One,9900.0,False,1.0,Oceanside Unified,92054,0.0,9900.0,837.6068376068376,3.0,63.0,0,312.0,0.09454545454545454,13.572164299332545,14.09692301740246,13.698159036852754,889272.540142807
False,False,2025-12-09,459000.0,36.338252,-119.676923,2000.0,FRZ - Frazier Park,True,2.0,0.1572,2013.0,2.0,Hanford,4.0,False,1.0,One,6848.0,False,2.0,Hanford Joint Union,93230,0.0,6848.0,229.5,2.0,12.0,0,500.0,0.29205607476635514,13.036805489042683,12.80765263256463,12.96550474676095,427412.44816086994
True,False,2025-12-17,565000.0,33.972975,-117.261891,1424.0,259 - Moreno Valley,True,2.0,0.19,1996.0,2.0,Moreno Valley,3.0,True,1.0,One,8276.0,False,2.0,Moreno Valley Unified,92557,0.0,8276.0,396.7696629213483,1.5,29.0,0,474.6666666666667,0.1720637989366844,13.244581010128577,13.262125319779487,13.184893483879723,532263.2537882638
True,False,2025-12-22,729000.0,35.030397,-120.485591,1572.0,NPMO - Nipomo,True,2.0,0.0735,2020.0,3.0,Nipomo,3.0,True,2.0,Two,3200.0,False,2.0,Lucia Mar Unified,93444,126.0,3200.0,463.7404580152672,1.0,5.0,0,524.0,0.49125,13.499429010990795,13.855084652589102,13.655416600392858,852063.7273665583
True,False,2025-12-12,490000.0,34.605540000000005,-118.184493,1600.0,PLM - Palmdale,True,2.0,0.1525,1992.0,2.0,Palmdale,4.0,True,1.0,One,6642.0,False,2.0,Palmdale,93551,0.0,6642.0,306.25,2.0,33.0,0,400.0,0.2408912978018669,13.102160670086809,13.345506928718539,13.286528799385476,589204.616880206
True,True,2025-12-12,2810000.0,37.23816349,-121.87713669,4194.0,699 - Not Defined,True,3.0,0.1827,1990.0,5.0,San Jose,6.0,True,1.0,One,7957.0,False,3.0,San Jose Unified,95120,0.0,7957.0,670.004768717215,1.2,35.0,0,699.0,0.5270830715093628,14.848695041309929,14.622185682591283,15.020086600484019,3335344.7339285323
False,False,2025-12-15,616000.0,36.7109605,-121.66282433,1125.0,699 - Not Defined,True,2.0,0.1,1976.0,2.0,Salinas,3.0,True,1.0,Two,4356.0,False,2.0,Other,93906,37.0,4356.0,547.5555555555555,1.5,49.0,0,375.0,0.25826446280991733,13.331002242515657,13.472921052508891,13.305871587256279,600712.414445589
True,False,2025-12-17,1610000.0,33.47927,-117.683555,2100.0,CB - Capistrano Beach,True,2.0,0.1352,1978.0,3.0,Dana Point,3.0,True,2.0,Two,5890.0,False,2.0,Capistrano Unified,92629,56.0,5890.0,766.6666666666666,1.0,47.0,0,700.0,0.3565365025466893,14.291744736960645,14.716674768252918,14.616360782812386,2227433.943320448
True,True,2025-12-19,1045000.0,34.191496,-118.629161,1634.0,WEH - West Hills,False,2.0,0.175,1957.0,2.0,West Hills,4.0,True,1.0,One,7622.0,False,2.0,Los Angeles Unified,91307,0.0,7622.0,639.5348837209302,2.0,68.0,0,408.5,0.21437942797166099,13.85952744338105,13.849911984681606,13.794218368834729,978932.8892286555
True,True,2025-12-15,1100000.0,34.205031,-118.658375,1900.0,WEH - West Hills,True,2.0,0.534,1988.0,2.0,West Hills,3.0,True,2.0,MultiSplit,23261.0,False,2.0,Long Beach Unified,91307,160.0,23261.0,578.9473684210526,1.5,37.0,0,633.3333333333334,0.08168178496195348,13.9108207377686,13.849911984681606,13.790891777545234,975681.7901434078
False,False,2025-12-08,675000.0,34.11736,-117.432897,1817.0,264 - Fontana,True,2.0,0.1862,2015.0,2.0,Fontana,4.0,False,1.0,One,8110.0,False,2.0,Fontana Unified,92336,0.0,8110.0,371.4914694551458,2.0,10.0,0,454.25,0.22404438964241677,13.422467969854667,13.487006490992238,13.429162330578379,679533.8521776439
True,False,2025-12-01,730000.0,37.98826516,-122.10139275,1286.0,686 - Ontario,True,2.0,0.1616,1965.0,2.0,Martinez,3.0,True,1.0,One,7040.0,False,2.0,Mount Diablo,94553,178.0,7040.0,567.651632970451,1.5,60.0,0,428.6666666666667,0.18267045454545455,13.500799813124575,13.604789526648622,13.520684795570332,744661.3241695224
True,False,2025-12-19,520000.0,33.692113,-117.199303,1415.0,SRCAR - Southwest Riverside County,True,2.0,0.17,1989.0,2.0,Menifee,4.0,True,1.0,One,7405.0,False,2.0,Perris Union High,92586,0.0,7405.0,367.4911660777385,2.0,36.0,0,353.75,0.19108710330857528,13.16158409055761,12.89921982609012,12.913959258018135,405939.43720781984
True,True,2025-12-05,465000.0,34.677946,-118.173786,2008.0,LAC - Lancaster,True,2.0,0.266,1964.0,2.0,Lancaster,4.0,True,2.0,Two,11585.0,False,2.0,Lancaster,93536,0.0,11585.0,231.57370517928288,2.0,61.0,0,502.0,0.17332757876564522,13.049792684569493,13.224918336616522,13.266888305937814,577745.2496441647
True,False,2025-12-11,735000.0,34.278909000000006,-118.600848,2199.0,CHT - Chatsworth,True,4.0,0.0719,1993.0,4.0,Chatsworth,3.0,True,1.0,MultiSplit,3130.0,False,2.0,Poway Unified,91311,60.0,3130.0,334.24283765347883,0.75,32.0,0,733.0,0.702555910543131,13.507625778194974,13.944283046980045,13.947638077256105,1141253.841870283
False,False,2025-12-08,715000.0,37.64555284,-122.07156716,1107.0,C02 - Beverly Hills Post Office,True,2.0,0.1275,1952.0,1.0,Hayward,3.0,True,1.0,One,5555.0,False,2.0,Arcadia Unified,94544,0.0,5555.0,645.8897922312557,3.0,73.0,0,369.0,0.19927992799279928,13.480037821676145,13.732128949025222,13.560663992385003,775035.4059471142
True,False,2025-12-24,1550000.0,34.058036,-118.384391,1211.0,C01 - Beverly Hills,True,2.0,0.1148,1928.0,1.0,Beverly Hills,2.0,False,1.0,One,5000.0,False,1.0,Other,90211,0.0,5000.0,1279.9339388934766,2.0,97.0,0,605.5,0.2422,14.253765488895429,14.78192389924164,14.353951876748683,1713334.2379486342
False,False,2025-12-09,610000.0,37.08410924,-121.6108138,722.0,699 - Not Defined,False,1.0,0.16,1923.0,1.0,San Martin,1.0,False,1.0,One,6969.0,False,1.0,Other,95046,0.0,6969.0,844.8753462603878,1.0,102.0,0,722.0,0.10360166451427752,13.321214236149494,14.375126345899696,13.773264676467084,958634.0412183877
False,False,2025-12-15,2320000.0,37.59557694,-122.41599808,1750.0,699 - Not Defined,True,2.0,0.2161,1961.0,3.0,Millbrae,3.0,True,2.0,One,9414.0,False,2.0,Other,94030,0.0,9414.0,1325.7142857142858,1.0,64.0,0,583.3333333333334,0.1858933503292968,14.657077743642493,14.445876127036545,14.343681753957704,1695828.133734555
True,True,2025-12-01,1400000.0,32.670396000000004,-117.028726,2479.0,91902 - Bonita,True,3.0,0.58,1973.0,3.0,Bonita,5.0,True,1.0,One,25264.0,False,3.0,Sweetwater Union,91902,0.0,25264.0,564.7438483259378,1.6666666666666667,52.0,0,495.8,0.09812381253958201,14.151982794585487,13.9016461684345,14.037931200775414,1249096.690915411
True,False,2025-12-17,525000.0,36.84403,-119.741089,2232.0,128 - Hollywood Riviera,True,4.0,0.2167,1993.0,2.0,Fresno,4.0,True,1.0,One,9440.0,False,2.0,Clovis Unified,93720,0.0,9440.0,235.2150537634409,2.0,32.0,0,558.0,0.2364406779661017,13.17115354157376,13.253237722616966,13.318503692884368,608348.8074336671
True,False,2025-12-29,505000.0,33.691214,-116.970876,1951.0,SRCAR - Southwest Riverside County,True,2.0,0.16,2012.0,2.0,Hemet,4.0,False,1.0,One,6970.0,False,2.0,Hemet Unified,92543,194.0,6970.0,258.84161968221423,2.0,13.0,0,487.75,0.2799139167862267,13.132313708257497,12.919503857231216,13.050689847441832,465417.3679311487
True,False,2025-12-22,215000.0,34.241145,-116.828449,1024.0,SGLF - Sugarloaf,False,0.0,0.0574,1979.0,2.0,Sugarloaf,2.0,True,2.0,Two,2500.0,False,0.0,Bear Valley Unified,92386,0.0,2500.0,209.9609375,1.0,46.0,0,512.0,0.4096,12.2783933071098,12.644327576461329,12.465983676275645,259362.94097911526
True,False,2025-12-10,1150000.0,37.68788745,-122.05178929,1846.0,689 - San Dimas,True,2.0,0.1389,1963.0,3.0,Hayward,4.0,True,2.0,Two,6050.0,False,2.0,Sweetwater Union,94541,0.0,6050.0,622.9685807150596,1.3333333333333333,62.0,0,461.5,0.30512396694214877,13.955272500339433,13.647074399642998,13.701642715147326,892375.8819726316
False,False,2025-12-15,440000.0,34.853984000000004,-118.190832,1591.0,ROSA - Rosamond,True,2.0,0.14,2009.0,2.0,Rosamond,3.0,False,1.0,One,6098.0,False,2.0,Kern Union,93560,0.0,6098.0,276.5556253928347,1.5,16.0,0,530.3333333333334,0.26090521482453266,12.994530005894443,13.005829561148378,12.958117496896929,424266.67920770275
True,True,2025-12-23,410000.0,34.484604,-117.201641,1197.0,APPV - Apple Valley,True,2.0,0.3603,1999.0,2.0,Apple Valley,3.0,True,1.0,One,15696.0,False,2.0,Apple Valley Unified,92308,0.0,15696.0,342.5229741019215,1.5,26.0,0,399.0,0.07626146788990826,12.92391243868049,12.936033799212835,12.82106511289766,369928.5333654722
False,False,2025-12-05,1114900.0,33.967894,-118.327161,1659.0,PHHT - Park Hills Heights,False,2.0,0.1582,1938.0,3.0,Los Angeles,3.0,True,1.0,One,6890.0,False,2.0,Los Angeles Unified,90043,0.0,6890.0,672.0313441832429,1.0,87.0,0,553.0,0.24078374455732945,13.924275272755663,13.652991628466498,13.806393832832908,990924.7062055618
False,False,2025-12-12,422000.0,37.97914525,-121.323395,1377.0,699 - Not Defined,True,2.0,0.0569,2008.0,3.0,Stockton,3.0,False,2.0,Two,2479.0,False,2.0,San Bernardino City Unified,95204,122.0,2479.0,306.4633260711692,1.0,17.0,0,459.0,0.5554659136748689,12.952760593018148,12.885309356988914,12.743478595744929,342312.2447098858
True,False,2025-12-18,950000.0,33.778586,-117.344359,2608.0,232 - Gavilan Hills,True,4.0,1.97,2001.0,3.0,Perris,4.0,True,1.0,One,85813.0,False,4.0,Perris Union High,92570,58.0,85813.0,364.2638036809816,1.3333333333333333,24.0,0,652.0,0.03039166559845245,13.764217263576723,13.32666315004938,13.667046965512803,862031.3910488933
False,False,2025-12-26,380000.0,34.130891,-117.29393600000002,985.0,274 - San Bernardino,False,1.0,0.0861,1924.0,1.0,San Bernardino,3.0,False,1.0,One,3750.0,False,1.0,San Bernardino City Unified,92405,0.0,3750.0,385.7868020304568,3.0,101.0,0,328.3333333333333,0.26266666666666666,12.84792653170257,13.071070083016778,12.869674499491879,388354.7478579033
True,True,2025-12-11,795000.0,34.438222,-118.521984,1358.0,BOUQ - Bouquet Canyon,True,2.0,0.1547,1964.0,2.0,Saugus,4.0,True,1.0,One,6740.0,False,2.0,William S. Hart Union,91350,0.0,6740.0,585.419734904271,2.0,61.0,0,339.5,0.20148367952522256,13.58609739363647,13.652991628466498,13.59068476547593,798655.3384003548
True,False,2025-12-05,580000.0,33.94313,-117.556255,1408.0,250 - Norco,True,6.0,0.29,1966.0,2.0,Norco,3.0,True,1.0,One,12632.0,False,2.0,Corona-Norco Unified,92860,0.0,12632.0,411.9318181818182,1.5,59.0,0,469.3333333333333,0.11146295123495883,13.270783382522602,13.753635154246187,13.64953645968911,847068.1744320242
True,False,2025-12-24,595000.0,37.88265813,-122.20328766,1542.0,LAC - Lancaster,False,2.0,0.2204,1933.0,2.0,Orinda,3.0,True,2.0,Two,9600.0,False,0.0,Acalanes,94563,0.0,9600.0,385.8625162127108,1.5,92.0,0,514.0,0.160625,13.296316684527767,14.408837403242009,14.196798737864107,1464169.488834278
True,False,2025-12-05,380000.0,33.549463,-116.670915,1280.0,SRCAR - Southwest Riverside County,False,2.0,1.24,1980.0,2.0,Anza,3.0,False,2.0,Two,1.24,False,2.0,Hemet Unified,92539,0.0,54014.4,296.875,1.5,45.0,0,426.6666666666667,0.023697384401196717,12.84792653170257,12.968992089809067,12.89086767376937,396673.0520001342
True,False,2025-12-10,610000.0,33.552935,-117.154433,1916.0,SRCAR - Southwest Riverside County,True,2.0,0.13,2002.0,3.0,Murrieta,3.0,False,2.0,Two,5663.0,False,2.0,Murrieta,92563,155.8,5663.0,318.3716075156576,1.0,23.0,0,638.6666666666666,0.33833657072223206,13.321214236149494,13.458835614025542,13.410664896449495,667079.7589933649
False,False,2025-12-22,997253.0,32.77361738,-116.92167729,2384.0,92019 - El Cajon,True,6.0,0.1875,1979.0,3.0,El Cajon,4.0,True,2.0,Two,8169.0,False,3.0,Beaumont,92019,380.0,8169.0,418.310822147651,1.3333333333333333,46.0,0,596.0,0.29183498592238954,13.812759778035879,13.773646353865574,13.882536274689778,1069322.9773064877
True,False,2025-12-16,1525000.0,33.886392,-117.771678,2366.0,699 - Not Defined,True,3.0,0.2634,1983.0,3.0,Yorba Linda,4.0,True,2.0,Two,11475.0,False,3.0,Placentia-Yorba Linda Unified,92886,0.0,11475.0,644.5477599323754,1.3333333333333333,42.0,0,591.5,0.20618736383442265,14.237504968023648,14.20888790014483,14.320757567959793,1657394.8630006034
False,False,2025-12-15,590000.0,33.567767,-117.186725,1600.0,SRCAR - Southwest Riverside County,True,2.0,0.12,1987.0,2.0,Murrieta,3.0,True,1.0,One,5227.0,False,2.0,Murrieta,92562,0.0,5227.0,368.75,1.5,38.0,0,533.3333333333334,0.3061029271092405,13.287877815881902,13.487006490992238,13.35672704685151,632052.0623368849
False,False,2025-12-03,540000.0,33.862996,-118.17262,1012.0,7 - North Long Beach,False,1.0,0.0594,1938.0,1.0,Long Beach,2.0,False,1.0,One,2586.0,False,1.0,Long Beach Unified,90805,0.0,2586.0,533.596837944664,2.0,87.0,0,506.0,0.391337973704563,13.199324418540456,13.526494262499357,13.341212780580872,622321.9115834143
True,False,2025-12-05,850000.0,32.574252,-117.107678,1743.0,91932 - Imperial Beach,True,2.0,0.0723,2003.0,3.0,Imperial Beach,4.0,True,2.0,Two,3150.0,False,2.0,San Diego Unified,91932,0.0,3150.0,487.6649454962708,1.3333333333333333,22.0,0,435.75,0.5533333333333333,13.652991628466498,13.667485396903125,13.621683582194006,823800.429372818
True,False,2025-12-11,921000.0,34.103058000000004,-118.234181,808.0,CYPK - Cypress Park,False,4.0,0.1223,1923.0,2.0,Los Angeles,3.0,False,1.0,One,5326.0,False,2.0,Perris Union High,90065,179.0,5326.0,1139.851485148515,1.5,102.0,0,269.3333333333333,0.1517085993240706,13.733215315237445,14.050977780915009,13.674497637449644,868478.0904413023
True,True,2025-12-30,1095000.0,33.830963,-116.52541200000002,1541.0,332 - Central Palm Springs,True,2.0,0.26,1973.0,2.0,Palm Springs,3.0,True,1.0,One,11326.0,False,2.0,San Jose Unified,92262,57.0,11326.0,710.5775470473718,1.5,52.0,0,513.6666666666666,0.13605862616987463,13.906264921232738,13.737549016494562,13.667591387319352,862500.8275102379
True,False,2025-12-05,1700000.0,33.676867,-117.792268,2272.0,WB - Woodbridge,True,2.0,0.1025,1980.0,3.0,Irvine,5.0,True,2.0,Two,4465.0,False,2.0,Irvine Unified,92604,147.0,4465.0,748.2394366197183,1.6666666666666667,45.0,0,454.4,0.5088465845464726,14.346138809026444,14.271780330445122,14.273043291007514,1580170.4690823453
True,False,2025-12-12,4295950.0,37.43903636,-122.20601647,3210.0,699 - Not Defined,True,3.0,0.2301,1954.0,3.0,Menlo Park,3.0,True,2.0,ThreeOrMore,10023.0,False,3.0,Other,94025,126.0,10023.0,1338.3021806853585,1.0,71.0,0,1070.0,0.32026339419335526,15.273183276369402,14.871563232213587,15.281740890246775,4332870.8331359215
False,False,2025-12-12,1410000.0,34.167115,-118.385246,1480.0,VVL - Valley Village,True,3.0,0.157,1937.0,2.0,North Hollywood,3.0,True,1.0,One,6839.0,False,1.0,Corona-Norco Unified,91601,0.0,6839.0,952.7027027027028,1.5,88.0,0,493.3333333333333,0.21640590729638837,14.15910026235435,13.878386160617055,13.908426933983908,1097369.9649866305
True,False,2025-12-18,985000.0,33.77223,-118.020574,1688.0,59 - Westminster North of 405 & Westminster,False,2.0,0.2028,1957.0,2.0,Westminster,3.0,False,2.0,Two,8832.0,False,2.0,Westminster Unified,92683,0.0,8832.0,583.5308056872038,1.5,68.0,0,562.6666666666666,0.1911231884057971,13.800396920154226,13.933293593620657,13.879752163644971,1066350.0038593684
True,False,2025-12-24,875000.0,34.183765,-118.390237,1147.0,NHO - North Hollywood,False,4.0,0.1551,1942.0,2.0,North Hollywood,2.0,True,1.0,One,6754.0,False,2.0,Los Angeles Unified,91606,0.0,6754.0,762.8596338273758,1.0,83.0,0,573.5,0.16982528871779687,13.681979165339751,13.741864017795976,13.620211564664007,822588.6727818394
False,False,2025-12-03,2931311.0,37.37811157,-122.04458906,1723.0,699 - Not Defined,True,2.0,0.1414,1956.0,2.0,Sunnyvale,3.0,True,1.0,One,6160.0,False,2.0,Other,94086,0.0,6160.0,1701.2832269297735,1.5,69.0,0,574.3333333333334,0.2797077922077922,14.890960321194738,14.669925886120343,14.52302041109523,2028932.6226696165
True,False,2025-12-23,1445000.0,34.143333,-118.560009,2538.0,TAR - Tarzana,True,2.0,0.3626,1970.0,3.0,Tarzana,4.0,True,1.0,One,15797.0,False,2.0,Los Angeles Unified,91356,0.0,15797.0,569.3459416863673,1.3333333333333333,55.0,0,634.5,0.1606634171045135,14.183619879528669,14.42416726859578,14.409228297838922,1810707.6575211536
True,False,2025-12-12,731250.0,37.79755627,-122.20302282,893.0,C29 - Westchester,True,1.0,0.1148,1924.0,1.0,Oakland,2.0,True,1.0,One,5000.0,False,1.0,Middletown Unified,94602,143.0,5000.0,818.8689809630459,2.0,101.0,0,446.5,0.1786,13.502510677528203,13.92839261528267,13.623412847404825,825226.2312354652
True,False,2025-12-09,860000.0,34.100295,-118.059343,1151.0,661 - Temple City,True,2.0,0.1365,1953.0,1.0,Temple City,2.0,True,1.0,One,5945.0,False,2.0,Temple City Unified,91780,0.0,5945.0,747.1763683753258,2.0,72.0,0,575.5,0.1936080740117746,13.664687668229691,13.981024996441848,13.760517836142219,946492.0366658812
True,True,2025-12-30,1350000.0,33.521485,-117.140401,2875.0,SRCAR - Southwest Riverside County,True,2.0,0.59,1977.0,3.0,Temecula,4.0,True,1.0,One,25700.0,False,2.0,Other,92591,397.0,25700.0,469.5652173913044,1.3333333333333333,48.0,0,718.75,0.11186770428015565,14.115615150414612,13.514405465180353,13.876882775334922,1063294.6172655094
True,False,2025-12-19,697500.0,35.616147999999995,-120.677931,1474.0,PRIC - PR Inside City Limit,True,2.0,0.1722,1988.0,2.0,Paso Robles,3.0,True,1.0,One,7500.0,False,2.0,Paso Robles Joint Unified,93446,0.0,7500.0,473.202170963365,1.5,37.0,0,491.3333333333333,0.19653333333333334,13.455257792677658,13.591116224748411,13.452885273137165,695847.1291300379
False,False,2025-12-08,650000.0,34.00021,-118.068302,1093.0,670 - Whittier,False,1.0,0.1406,1949.0,1.0,Whittier,3.0,False,1.0,One,6126.0,False,1.0,Whittier Union High,90606,0.0,6126.0,594.6935041171089,3.0,76.0,0,364.3333333333333,0.1784198498204375,13.38472764187182,13.595482281525381,13.491350325339594,723134.3633792516
True,True,2025-12-01,2650000.0,34.177698,-118.259957,2942.0,626 - Glendale-Northwest,True,2.0,0.1817,1967.0,3.0,Glendale,4.0,True,1.0,One,7917.0,False,2.0,Glendale Unified,91202,0.0,7917.0,900.7477906186268,1.3333333333333333,58.0,0,735.5,0.3716054060881647,14.790070197962406,14.383661248349535,14.510014471352454,2002715.3072131756
False,False,2025-12-09,1062500.0,34.001445000000004,-117.52924,3969.0,251 - Jurupa Valley,True,3.0,0.18,2017.0,5.0,Jurupa Valley,6.0,True,2.0,Two,7840.0,False,3.0,Jurupa Unified,91752,0.0,7840.0,267.6996724615772,1.2,8.0,0,661.5,0.50625,13.876135179780709,13.683120718347036,14.026192053832409,1234519.0930049352
True,True,2025-12-31,1100000.0,35.650268,-120.54421200000002,1533.0,PRNE - PR North 46-East 101,True,2.0,2.0,1999.0,2.0,Paso Robles,3.0,True,1.0,One,87120.0,False,2.0,Paso Robles Joint Unified,93446,0.0,87120.0,717.5472928897586,1.5,26.0,0,511.0,0.01759641873278237,13.9108207377686,13.591116224748411,13.533964876661356,754616.4430255895
False,False,2025-12-24,1685000.0,34.160913,-118.464729,2033.0,SO - Sherman Oaks,True,1.0,0.1393,1949.0,2.0,Sherman Oaks,3.0,False,1.0,One,6066.0,False,2.0,Los Angeles Unified,91403,79.0,6066.0,828.8243974422037,1.5,76.0,0,677.6666666666666,0.33514671941971647,14.3372761217686,14.557447902693651,14.4047144911562,1802552.891560459
False,False,2025-12-24,760000.0,33.888075,-118.204502,1322.0,"RO - Compton S of Rosecrans, E of Alameda",True,0.0,0.1316,1926.0,2.0,Compton,3.0,False,1.0,One,5731.0,False,1.0,Compton Unified,90221,310.0,5731.0,574.8865355521937,1.5,99.0,0,440.6666666666667,0.23067527482114814,13.541073712262515,13.353475098367715,13.319545526548117,608982.9359714238
True,True,2025-12-05,647000.0,34.134798,-117.178486,2051.0,276 - Highland,True,2.0,0.3444,1963.0,2.0,Highland,3.0,True,1.0,One,15000.0,False,2.0,Redlands Unified,92346,0.0,15000.0,315.45587518283764,1.5,62.0,0,683.6666666666666,0.13673333333333335,13.380101573483037,13.28681753563043,13.35355124528177,630047.9743823815
True,True,2025-12-01,895000.0,33.613759,-117.091342,3363.0,SRCAR - Southwest Riverside County,True,4.0,0.23,2015.0,4.0,Winchester,5.0,False,2.0,Two,10019.0,False,4.0,Temecula Unified,92596,50.0,10019.0,266.1314302705917,1.25,10.0,0,672.6,0.3356622417406927,13.704578997256993,13.337474757021274,13.57052212568855,782713.5924045237
False,False,2025-12-19,475000.0,34.061628000000006,-117.388047,2120.0,265 - Bloomington,True,2.0,0.3062,1970.0,2.0,Bloomington,5.0,False,2.0,Two,13340.0,False,2.0,Colton Unified,92316,0.0,13340.0,224.0566037735849,2.5,55.0,0,424.0,0.15892053973013492,13.071070083016778,13.208541073645382,13.28483713160434,588208.7210133083
True,False,2025-12-01,800000.0,34.236236,-118.260404,1034.0,635 - La Crescenta/Glendale Montrose & Annex,False,1.5,0.0872,1946.0,1.0,La Crescenta,2.0,True,1.0,One,3797.0,False,1.5,Glendale Unified,91214,0.0,3797.0,773.6943907156673,2.0,79.0,0,517.0,0.2723202528311825,13.592367006650065,14.115615150414612,13.781185377806384,966257.2458611452
True,False,2025-12-23,469000.0,33.805040000000005,-117.210992,1036.0,SRCAR - Southwest Riverside County,True,2.0,0.09,1987.0,2.0,Perris,3.0,True,1.0,One,3920.0,False,2.0,Perris Union High,92571,0.0,3920.0,452.7027027027027,1.5,38.0,0,345.3333333333333,0.2642857142857143,13.058358047428417,13.214938819306386,13.047435785257822,463905.3323375402
True,False,2025-12-23,950000.0,32.85137953,-116.86525569,2235.0,92021 - El Cajon,True,8.0,0.4103,1995.0,3.0,El Cajon,5.0,True,2.0,Two,17871.0,False,2.0,Gilroy Unified,92021,0.0,17871.0,425.0559284116331,1.6666666666666667,30.0,0,447.0,0.12506295114990768,13.764217263576723,13.612780503903942,13.747905674946027,934629.6886924823
False,False,2025-12-22,2450000.0,34.09618,-118.065029,3680.0,661 - Temple City,True,3.0,0.2205,2023.0,6.0,Temple City,5.0,True,2.0,Two,9605.0,False,3.0,Temple City Unified,91780,0.0,9605.0,665.7608695652174,0.8333333333333334,2.0,0,736.0,0.3831337844872462,14.71159858252091,13.981024996441848,14.639293153810607,2279104.484478227
True,False,2025-12-05,630000.0,33.863787,-117.459882,1759.0,252 - Riverside,True,4.0,0.11,1990.0,3.0,Riverside,3.0,True,2.0,Two,4792.0,False,2.0,Alvord Unified,92503,109.0,4792.0,358.1580443433769,1.0,35.0,0,586.3333333333334,0.3670701168614357,13.353475098367715,13.399995114002609,13.345303710411825,624873.0014629548
False,False,2025-12-17,501000.0,33.780524,-118.174939,480.0,"4 - Downtown Area, Alamitos Beach",True,0.0,0.031,1923.0,1.0,Long Beach,1.0,False,1.0,One,1351.0,False,0.0,Long Beach Unified,90813,0.0,1351.0,1043.75,1.0,102.0,0,480.0,0.35529237601776464,13.124361380067002,13.399995114002609,12.949685708306006,420704.391595536
True,False,2025-12-19,389000.0,34.686014,-118.108574,1393.0,LAC - Lancaster,True,2.0,0.182,1957.0,2.0,Lancaster,4.0,True,1.0,One,7930.0,False,2.0,Antelope Valley Union,93535,0.0,7930.0,279.2534099066762,2.0,68.0,0,348.25,0.17566204287515763,12.871334622600584,12.994530005894443,12.937339352622885,415542.1584966
False,False,2025-12-10,1070000.0,32.84613907,-116.53201396,2942.0,92020 - El Cajon,True,12.0,0.5533,1960.0,4.0,El Cajon,4.0,True,1.0,MultiSplit,24100.0,False,2.0,Anaheim Union High,92020,0.0,24100.0,363.6981645139361,1.0,65.0,0,735.5,0.1220746887966805,13.883169206438088,13.7694117933985,14.169328241025733,1424495.4531537304
False,False,2025-12-16,1775000.0,33.05447121,-117.25888975,2339.0,92024 - Encinitas,True,5.0,0.1814,1975.0,3.0,Encinitas,4.0,True,2.0,Two,7900.0,False,2.0,Temecula Unified,92024,109.0,7900.0,758.8713125267208,1.3333333333333333,50.0,0,584.75,0.2960759493670886,14.389310980891652,14.603967918328545,14.615700791893923,2225964.3421614356
True,False,2025-12-16,1200000.0,36.5713532,-121.7071465,3025.0,699 - Not Defined,True,4.0,1.96,1949.0,4.0,Salinas,6.0,True,1.0,One,85377.6,False,4.0,Other,93908,0.0,85377.6,396.6942148760331,1.5,76.0,0,504.1666666666667,0.035430839002267574,13.997832114758229,13.99543183135603,14.227208105207968,1509377.8517930172
False,False,2025-12-04,628460.0,36.22418,-121.130284,2069.0,699 - Not Defined,True,2.0,0.0964,2025.0,3.0,King City,4.0,False,1.0,Two,4200.0,False,2.0,Other,93930,85.0,4200.0,303.7506041565974,1.3333333333333333,0.0,0,517.25,0.4926190476190476,13.351027661391237,13.222208712374044,13.299991945232048,597190.8035400978
False,False,2025-12-23,1225000.0,34.167137,-118.302383,2021.0,610 - Burbank,True,2.0,0.1322,1948.0,3.0,Burbank,4.0,False,1.0,One,5760.0,False,2.0,Santa Maria-Bonita,91502,0.0,5760.0,606.1355764473033,1.3333333333333333,77.0,0,505.25,0.35086805555555556,14.018451401960965,13.816010308130817,13.966307351321808,1162760.3534458808
False,False,2025-12-15,625000.0,33.375538,-117.257113,1041.0,92028 - Fallbrook,True,2.0,0.1589,1974.0,2.0,Fallbrook,2.0,True,1.0,One,6921.0,False,2.0,Fallbrook Union,92028,0.0,6921.0,600.3842459173871,1.0,51.0,0,520.5,0.15041179020372777,13.345506928718539,13.681979165339751,13.31862946030394,608425.322704841
True,False,2025-12-04,710000.0,37.70136444,-122.13117538,1042.0,MOON - Moonridge,True,0.0,0.1373,1947.0,2.0,San Leandro,2.0,True,1.0,One,5982.0,False,0.0,Los Angeles Unified,94578,584.0,5982.0,681.3819577735125,1.0,78.0,0,521.0,0.17418923436977599,13.473020249017498,13.652991628466498,13.49672513944324,727031.5400724991
True,False,2025-12-10,315000.0,34.213617,-117.126668,900.0,288 - Running Springs,True,0.0,0.1653,1961.0,1.0,Running Springs,2.0,True,1.0,One,7200.0,False,0.0,Rim of the World,92382,0.0,7200.0,350.0,2.0,64.0,0,450.0,0.125,12.66032791780777,12.793859310432293,12.552059724562366,282676.87068119243
True,False,2025-12-22,1200000.0,37.72139774,-122.14777099,1521.0,699 - Not Defined,True,4.0,0.2202,1961.0,2.0,San Leandro,2.0,True,1.0,Two,9590.0,False,2.0,Other,94577,135.0,9590.0,788.9546351084813,1.0,64.0,0,760.5,0.1586027111574557,13.997832114758229,13.667799101765917,13.610953358209619,815008.1223195678
True,False,2025-12-22,732000.0,37.717656,-122.15895682,920.0,249 - Eastvale,False,0.0,0.186,1925.0,2.0,San Leandro,3.0,False,2.0,Two,8100.0,False,0.0,Los Angeles Unified,94577,0.0,8100.0,795.6521739130435,1.5,100.0,0,306.6666666666667,0.11358024691358025,13.503535792943449,13.667799101765917,13.552977770320881,769101.1469410238
False,False,2025-12-30,650000.0,32.787492,-116.96974,869.0,92020 - El Cajon,False,4.0,0.1791,1956.0,1.0,El Cajon,2.0,False,1.0,One,7800.0,False,2.0,Grossmont Union,92020,0.0,7800.0,747.9861910241657,2.0,69.0,0,434.5,0.11141025641025641,13.38472764187182,13.7694117933985,13.490283731736644,722363.4840737468
True,False,2025-12-22,736000.0,33.824675,-118.25423700000002,1038.0,140 - East Carson,True,0.0,0.0852,1955.0,1.0,Carson,3.0,False,1.0,One,3710.0,False,0.0,Los Angeles Unified,90745,0.0,3710.0,709.0558766859344,3.0,70.0,0,346.0,0.27978436657681943,13.508985397711013,13.592367006650065,13.432421398612941,681752.1120000777
True,False,2025-12-19,1170000.0,34.249794,-118.346212,1416.0,672 - Shadow Hills,True,4.0,0.3687,1962.0,2.0,Sunland,3.0,True,1.0,One,16059.0,False,2.0,Los Angeles Unified,91040,0.0,16059.0,826.271186440678,1.5,63.0,0,472.0,0.0881748552213712,13.972514306773938,13.77468856344402,13.714849409657667,904239.3840256411
True,True,2025-12-12,435000.0,34.126034000000004,-117.264844,1004.0,274 - San Bernardino,False,1.0,0.2296,1937.0,1.0,San Bernardino,2.0,True,1.0,One,10000.0,False,1.0,San Bernardino City Unified,92404,0.0,10000.0,433.2669322709163,2.0,88.0,0,502.0,0.1004,12.983101310070822,13.142166004700508,12.953404691137237,422271.8969610159
False,False,2025-12-29,420000.0,32.75516293,-117.08822387,617.0,92115 - San Diego,False,3.0,0.4118,1925.0,2.0,San Diego,2.0,False,1.0,One,18000.0,False,1.0,Huntington Beach Union High,92115,0.0,5800.0,680.7131280388979,1.0,100.0,0,308.5,0.10637931034482759,12.948009990259552,13.748301808270824,13.28906502311218,590700.8682214532
True,True,2025-12-31,1450000.0,35.502669,-120.703617,2828.0,ATSC - Atascadero,True,3.0,2.62,2002.0,4.0,Atascadero,4.0,True,1.0,One,114127.0,False,3.0,Atascadero Unified,93422,0.0,114127.0,512.7298444130128,1.0,23.0,0,707.0,0.024779412408982977,14.187074114396758,13.64826835113874,14.020751519081786,1227820.8864139076
True,False,2025-12-15,1175000.0,33.856277,-117.7819,1328.0,77 - Anaheim Hills,True,2.0,0.1148,1975.0,2.0,Anaheim Hills,3.0,True,1.0,One,5000.0,False,2.0,Orange Unified,92807,0.0,5000.0,884.789156626506,1.5,50.0,0,442.6666666666667,0.2656,13.976778705560397,13.997832114758229,13.818195776888295,1002688.8273534409
True,False,2025-12-09,1900000.0,37.90256465,-122.2807516,2768.0,266 - Grand Terrace,False,2.0,0.1442,1928.0,3.0,Kensington,4.0,True,2.0,Two,6283.0,False,2.0,Other,94707,330.0,6283.0,686.4161849710982,1.3333333333333333,97.0,0,692.0,0.4405538755371638,14.457364444136669,14.331212327451603,14.683682848748244,2382552.258894567
True,False,2025-12-15,685000.0,33.117009,-117.075284,1164.0,92025 - Escondido,False,0.0,0.33,1890.0,1.0,Escondido,3.0,True,1.0,One,0.33,False,0.0,Escondido Union,92025,0.0,14374.8,588.487972508591,3.0,135.0,0,388.0,0.08097503965272561,13.437174117244362,13.740514638062564,13.36946587479292,640155.1672595438
False,False,2025-12-22,855000.0,34.274167,-119.24631200000002,1445.0,RIEN - Rienda,False,2.0,0.14,1949.0,2.0,Ventura,3.0,True,1.0,One,6098.0,False,2.0,San Jose Unified,93003,0.0,6098.0,591.6955017301038,1.5,76.0,0,481.6666666666667,0.23696293866841586,13.658856747918897,13.825460888817442,13.805803091599223,990339.4989921631
False,False,2025-12-15,675000.0,32.723279,-117.088307,852.0,92102 - San Diego,True,0.0,0.124,1953.0,1.0,San Diego,2.0,False,1.0,One,5400.0,False,0.0,San Diego Unified,92102,0.0,5400.0,792.2535211267606,2.0,72.0,0,426.0,0.15777777777777777,13.422467969854667,13.623138665316818,13.338590403912551,620692.0870631972
True,False,2025-12-18,1816000.0,32.753207,-117.173014,1790.0,92103 - Mission Hills,False,2.0,0.0821,1912.0,2.0,San Diego,4.0,True,2.0,Two,3576.0,False,1.0,San Diego Unified,92103,0.0,3576.0,1014.5251396648044,2.0,113.0,0,447.5,0.5005592841163311,14.412146838143375,14.346138809026444,14.351517891009577,1709169.0778735566
True,True,2025-12-17,1175000.0,34.109928000000004,-116.330638,2458.0,DC615 - Upper Friendly Hills,False,4.0,0.4821,1982.0,3.0,Joshua Tree,5.0,True,2.0,Two,21000.0,False,2.0,San Luis Coastal Unified,92252,0.0,21000.0,478.0309194467046,1.6666666666666667,43.0,0,491.6,0.11704761904761905,13.976778705560397,12.871334622600584,13.16250344073928,520478.28191506426
False,False,2025-12-02,765000.0,34.075126000000004,-117.934979,1128.0,669 - West Covina,False,2.0,0.186,1952.0,1.0,West Covina,3.0,False,1.0,One,8103.0,False,2.0,West Covina,91790,0.0,8103.0,678.1914893617021,3.0,73.0,0,376.0,0.13920770085153647,13.547631112808673,13.652991628466498,13.551076769054347,767640.4734975118
False,False,2025-12-30,699000.0,36.69782255,-121.63930972,950.0,699 - Not Defined,False,0.0,0.1377,1954.0,1.0,Salinas,3.0,False,2.0,Two,6000.0,False,0.0,Other,93906,57.0,6000.0,735.7894736842105,3.0,71.0,0,316.6666666666667,0.15833333333333333,13.457406021215947,13.472921052508891,13.322738665890807,610930.6112877436
True,False,2025-12-12,1145000.0,33.819913,-117.998571,1950.0,79 - Anaheim West of Harbor,False,2.0,0.1944,1962.0,2.0,Anaheim,4.0,True,1.0,One,8470.0,False,2.0,See Remarks,92804,0.0,8470.0,587.1794871794872,2.0,63.0,0,487.5,0.23022432113341204,13.950915194970477,13.766841941519797,13.776805716395147,962034.6198738307
False,False,2025-12-01,1000000.0,33.699711,-117.984324,1628.0,16 - Fountain Valley / Northeast HB,True,2.0,0.1652,1956.0,2.0,Huntington Beach,4.0,True,1.0,One,7196.0,False,2.0,Huntington Beach Union High,92646,0.0,7196.0,614.2506142506143,2.0,69.0,0,407.0,0.22623679822123402,13.815510557964274,14.19394699368452,14.143463257440889,1388123.3117773659
True,False,2025-12-18,825000.0,32.852755,-116.965818,1080.0,92071 - Santee,True,4.0,0.13,1985.0,2.0,Santee,3.0,True,1.0,One,0.13,False,2.0,Grossmont Union,92071,0.0,5662.8,763.8888888888889,1.5,40.0,0,360.0,0.19071837253655435,13.623138665316818,13.652403046879991,13.423084557932382,675416.325289873
False,False,2025-12-12,816000.0,34.082156,-117.91291499999998,1793.0,669 - West Covina,False,2.0,0.2217,1957.0,2.0,West Covina,3.0,True,1.0,One,9656.0,False,2.0,Covina Valley Unified,91791,0.0,9656.0,455.1031790295594,1.5,68.0,0,597.6666666666666,0.18568765534382767,13.612169633946245,13.785051350479566,13.818202420410396,1002695.4887609528
False,False,2025-12-09,385000.0,34.936685,-118.212768,2112.0,MOJV - Mojave,True,2.0,2.26,1983.0,3.0,Mojave,3.0,True,1.0,One,98446.0,False,2.0,Mojave Unified,93501,0.0,98446.0,182.29166666666663,1.0,42.0,0,704.0,0.02145338561241696,12.86099861326992,12.604848765487542,12.901968308021846,401100.90498839185
True,False,2025-12-08,1175000.0,37.7406205,-122.50098375,998.0,SRCAR - Southwest Riverside County,False,2.0,0.0689,1944.0,1.0,San Francisco,2.0,False,2.0,Two,3000.0,False,1.0,Perris Union High,94116,142.0,3000.0,1177.3547094188375,2.0,81.0,0,499.0,0.33266666666666667,13.976778705560397,14.504371468802312,14.041722850212699,1253841.8179248113
True,False,2025-12-04,3071250.0,37.88426857,-122.27840666,2042.0,177 - Eastview/RPV,False,2.0,0.1642,1912.0,2.0,Berkeley,4.0,True,2.0,Two,7154.0,False,0.0,Berkeley,94707,0.0,7154.0,1504.0401567091087,2.0,113.0,0,510.5,0.28543472183393903,14.937595202817526,14.331212327451603,14.357927380031757,1720159.1611000225
False,False,2025-12-19,875000.0,33.815705,-118.180356,2024.0,8 - Signal Hill,True,2.0,0.147,1977.0,2.0,Signal Hill,3.0,True,1.0,One,6403.0,False,2.0,Long Beach Unified,90755,0.0,6403.0,432.3122529644269,1.5,48.0,0,674.6666666666666,0.3161018272684679,13.681979165339751,13.976778705560397,13.970962386630218,1168185.6616501089
True,False,2025-12-10,1325000.0,33.520412,-117.704264,1695.0,LNSEA - Sea Country,True,4.0,0.0723,1986.0,3.0,Laguna Niguel,3.0,True,2.0,Two,3150.0,False,2.0,Capistrano Unified,92677,201.0,3150.0,781.7109144542773,1.0,39.0,0,565.0,0.5380952380952381,14.09692301740246,14.349075668699754,14.126848248213458,1365250.1750237744
False,False,2025-12-08,400000.0,34.670281,-118.181481,1452.0,LAC - Lancaster,True,2.0,0.0497,1985.0,3.0,Lancaster,3.0,True,2.0,Two,2166.0,False,2.0,Lancaster,93536,414.0,2166.0,275.4820936639118,1.0,40.0,0,484.0,0.6703601108033241,12.89921982609012,13.224918336616522,13.094854597313736,486433.07033155253
True,False,2025-12-08,1050000.0,37.7048723,-122.45442721,1467.0,699 - Not Defined,True,2.0,0.0574,1922.0,2.0,Daly City,4.0,True,2.0,One,2500.0,False,1.0,Other,94014,0.0,2500.0,715.7464212678937,2.0,103.0,0,366.75,0.5868,13.864300722133706,13.9108207377686,13.794589751008363,979296.5149707793
False,False,2025-12-09,618460.0,36.22418,-121.130284,1844.0,699 - Not Defined,False,4.0,0.0964,2025.0,3.0,King City,4.0,False,1.0,One,4200.0,False,2.0,Other,93930,85.0,4200.0,335.39045553145337,1.3333333333333333,0.0,0,461.0,0.439047619047619,13.33498779612833,13.222208712374044,13.23413054495092,559126.2324335013
False,False,2025-12-08,900000.0,37.64517328,-122.06921326,1296.0,92065 - Ramona,True,4.0,0.0997,1980.0,2.0,Hayward,3.0,True,1.0,One,4343.0,False,2.0,Hayward,94544,0.0,4343.0,694.4444444444445,1.5,45.0,0,432.0,0.29841123647248446,13.710150042306449,13.732128949025222,13.528119370971353,750218.1958276033
True,False,2025-12-04,450000.0,36.830865,-119.816571,1649.0,FSNO - Fresno,True,4.0,0.1808,1988.0,3.0,Fresno,3.0,True,1.0,One,7875.0,False,2.0,Fresno Unified,93711,0.0,7875.0,272.892662219527,1.0,37.0,0,549.6666666666666,0.2093968253968254,13.017002861746503,13.520251361626656,13.462253604336665,702396.6868106293
True,False,2025-12-09,2817250.0,34.101349,-118.267934,3040.0,C21 - Silver Lake - Echo Park,True,2.0,0.1306,1929.0,4.0,Los Angeles,4.0,True,1.0,MultiSplit,5691.0,False,2.0,San Jose Unified,90039,42.0,5691.0,926.7269736842104,1.0,96.0,0,760.0,0.5341767703391319,14.851271789814597,14.283164926819232,14.720883978414994,2472855.1653583786
False,True,2025-12-08,1405000.0,34.171299,-118.390791,1805.0,VVL - Valley Village,False,4.0,0.1798,1942.0,2.0,Valley Village,4.0,True,1.0,One,7831.0,False,2.0,Los Angeles Unified,91607,0.0,7831.0,778.393351800554,2.0,83.0,0,451.25,0.23049418975865152,14.155547860749984,14.132142793443558,14.080118206435484,1302919.6729541318
True,False,2025-12-26,420000.0,34.387807,-117.274812,1778.0,HSP - Hesperia,True,2.0,0.5051,1978.0,2.0,Hesperia,3.0,True,1.0,One,22000.0,False,2.0,Hesperia Unified,92345,0.0,22000.0,236.2204724409449,1.5,47.0,0,592.6666666666666,0.08081818181818182,12.948009990259552,13.064514272196533,13.012699100154746,448067.46884331276
True,True,2025-12-17,1040000.0,33.695243,-116.292225,2680.0,313 - La Quinta South of HWY 111,True,2.0,0.18,1996.0,4.0,La Quinta,3.0,True,1.0,One,7841.0,False,2.0,Long Beach Unified,92253,1198.0,7841.0,388.0597014925374,0.75,29.0,0,893.3333333333334,0.34179313863027677,13.854731271117556,13.545013310266594,13.937018567829584,1129198.4106161117
False,False,2025-12-23,1045000.0,34.149179,-118.827982,1430.0,WV - Westlake Village,True,2.0,0.09,1973.0,2.0,Westlake Village,3.0,False,1.0,One,3920.0,False,2.0,Conejo Valley Unified,91361,402.0,3920.0,730.7692307692307,1.5,52.0,0,476.6666666666667,0.3647959183673469,13.85952744338105,14.450755865652397,14.076186258471193,1297806.719119913
True,False,2025-12-19,1375000.0,39.424144,-123.810037,2350.0,FBS - Fort Bragg South,True,2.0,1.01,1979.0,2.0,Fort Bragg,4.0,True,1.0,One,1.01,False,2.0,San Diego Unified,95437,30.0,43995.6,585.1063829787234,2.0,46.0,0,587.5,0.053414432352326145,14.133964289082808,13.317924750600472,13.56317226396684,776981.8453095481
True,False,2025-12-09,900000.0,32.800283,-116.99146299999998,1674.0,92020 - El Cajon,True,2.0,0.68,1957.0,2.0,El Cajon,4.0,True,1.0,One,0.68,False,2.0,Grossmont Union,92020,0.0,29620.8,537.6344086021505,2.0,68.0,0,418.5,0.056514341273699566,13.710150042306449,13.7694117933985,13.748957851498648,935613.6016706185
True,True,2025-12-18,1615000.0,33.473473,-117.620782,2244.0,FR - Forster Ranch,True,2.0,0.1241,2002.0,3.0,San Clemente,4.0,True,2.0,Two,5405.0,False,2.0,Capistrano Unified,92673,300.0,5405.0,719.6969696969697,1.3333333333333333,23.0,0,561.0,0.41517113783533766,14.294845514638894,14.446782334806132,14.373847707134201,1747763.812103314
True,True,2025-12-12,450000.0,37.662525,-120.946828,1805.0,699 - Not Defined,True,2.0,0.1974,1977.0,2.0,Modesto,3.0,True,1.0,One,8600.0,False,2.0,Modesto City,95355,0.0,8600.0,249.30747922437672,1.5,48.0,0,601.6666666666666,0.20988372093023255,13.017002861746503,13.017002861746503,13.04743098224289,463903.1041986531
True,False,2025-12-15,340000.0,33.071825,-116.575673,720.0,92036 - Julian,True,6.0,0.28,1924.0,1.0,Julian,1.0,True,1.0,One,0.28,False,0.0,Julian High School,92036,0.0,12196.8,472.22222222222223,1.0,101.0,0,720.0,0.0590318772136954,12.736700896592344,13.303016877097587,13.05956520529964,469566.4988996133
False,False,2025-12-18,1100000.0,33.834495000000004,-118.336944,1260.0,126 - Central Torrance,False,2.0,0.134,1951.0,2.0,Torrance,3.0,True,1.0,One,5836.0,False,2.0,Temecula Unified,90503,0.0,5836.0,873.015873015873,1.5,74.0,0,420.0,0.21590130226182316,13.9108207377686,14.148404973237604,13.936084312754833,1128143.9439177222
False,False,2025-12-11,1650000.0,34.162038,-118.025925,1702.0,605 - Arcadia,False,2.0,0.314,1953.0,2.0,Arcadia,2.0,True,1.0,One,13678.0,False,2.0,Arcadia Unified,91006,0.0,13678.0,969.4477085781432,1.0,72.0,0,851.0,0.1244333966954233,14.316285845876763,14.32771348302841,14.198880310443876,1467220.4381789858
True,False,2025-12-03,1980000.0,32.83060863,-117.23949505,2518.0,92037 - La Jolla,False,3.0,0.1657,1996.0,3.0,La Jolla,4.0,True,2.0,Two,7218.0,False,3.0,San Jacinto Unified,92037,300.0,7218.0,786.3383637807784,1.3333333333333333,29.0,0,629.5,0.3488500969797728,14.498607402670718,15.084846812896313,14.948055706807434,3103545.4416915053
True,False,2025-12-12,1250000.0,33.158596,-117.028883,2620.0,92027 - Escondido,True,2.0,0.2345,2025.0,3.0,Escondido,4.0,False,1.0,One,10216.0,True,2.0,Escondido Union,92027,372.0,10216.0,477.09923664122135,1.3333333333333333,0.0,0,655.0,0.25646045418950664,14.038654109278484,13.658839648348096,13.932092055995566,1123649.0819237467
True,True,2025-12-17,630000.0,33.02658138,-116.80527525,2129.0,92065 - Ramona,True,10.0,0.69,1988.0,3.0,Ramona,4.0,True,2.0,Two,30056.0,False,2.0,Covina Valley Unified,92065,175.0,30056.0,295.9135744480977,1.3333333333333333,37.0,0,532.25,0.07083444237423477,13.353475098367715,13.623138665316818,13.738361897005422,925752.2201636803
True,True,2025-12-15,2060000.0,34.128935,-118.016405,2777.0,605 - Arcadia,True,3.0,0.1966,1985.0,3.0,Arcadia,4.0,True,2.0,Two,8562.0,False,3.0,Etiwanda,91006,0.0,8562.0,741.8077061577242,1.3333333333333333,40.0,0,694.25,0.32434010745153,14.538216540765763,14.32771348302841,14.466898299952367,1918200.950806667
True,False,2025-12-22,735000.0,37.79502877,-122.19785677,1232.0,92110 - Old Town Sd,False,1.0,0.0964,1930.0,1.0,Oakland,2.0,True,1.0,One,4200.0,False,1.0,Oakland,94619,0.0,4200.0,596.5909090909091,2.0,95.0,0,616.0,0.29333333333333333,13.507625778194974,13.80285165397213,13.640233872601385,839224.7874280509
True,False,2025-12-15,820000.0,33.723659000000005,-117.806361,1234.0,71 - Tustin,False,2.0,0.0535,1976.0,2.0,Tustin,3.0,False,1.0,One,2332.0,False,2.0,Tustin Unified,92780,150.0,2332.0,664.5056726094003,1.5,49.0,0,411.3333333333333,0.5291595197255574,13.617059619240436,14.077874822431765,13.675156206839135,869050.2319038591
False,False,2025-12-03,1500000.0,32.926832,-117.157518,2341.0,92126 - Mira Mesa,True,2.0,0.11,2025.0,3.0,San Diego,4.0,False,2.0,Two,0.11,True,2.0,San Diego Unified,92126,0.0,4791.6,640.7518154634771,1.3333333333333333,0.0,0,585.25,0.4885633191418315,14.22097566607244,13.885500212990994,14.09803317261042,1326471.7724473136
False,False,2025-12-05,1880000.0,33.923953999999995,-117.862426,3877.0,86 - Brea,True,3.0,0.1653,2005.0,5.0,Brea,5.0,True,2.0,Two,7202.0,False,3.0,Brea-Olinda Unified,92821,194.0,7202.0,484.9110136703637,1.0,20.0,0,775.4,0.5383226881421828,14.446782334806132,13.997832114758229,14.438560485192465,1864606.2918194009
True,False,2025-12-18,2820000.0,34.113579,-118.283635,2471.0,637 - Los Feliz,True,3.0,0.1929,1925.0,3.0,Los Angeles,4.0,True,1.0,One,8402.0,False,0.0,San Diego Unified,90027,0.0,8402.0,1141.238365034399,1.3333333333333333,100.0,0,617.75,0.2940966436562723,14.852247442914296,14.612710764892958,14.67194609931812,2354752.299727813
True,False,2025-12-09,2260000.0,37.75140098,-122.45029326,2159.0,23 - Lakewood Park,True,1.0,0.0863,1957.0,3.0,San Francisco,4.0,True,2.0,Two,3759.0,False,1.0,Glendale Unified,94131,18.0,3759.0,1046.780917091246,1.3333333333333333,68.0,0,539.75,0.5743548816174514,14.630875371248468,14.366517971363097,14.443392489135114,1873637.879534034
True,False,2025-12-19,730000.0,33.996821999999995,-118.056885,1515.0,670 - Whittier,True,1.0,0.1379,1937.0,2.0,Whittier,3.0,False,1.0,One,6009.0,False,1.0,Whittier Union High,90601,0.0,6009.0,481.84818481848185,1.5,88.0,0,505.0,0.2521218172740889,13.500799813124575,13.721199878493033,13.787986942856662,972851.7082844035
True,False,2025-12-12,750000.0,35.753057,-120.983805,2324.0,PRNW - PR North 46-West 101,True,7.0,0.1974,2003.0,3.0,Bradley,4.0,True,2.0,Two,8600.0,False,2.0,Paso Robles Joint Unified,93426,315.0,8600.0,322.71944922547334,1.3333333333333333,22.0,0,581.0,0.2702325581395349,13.527828485512494,13.217673557208654,13.323874867636611,611625.1462060298
True,False,2025-12-23,997000.0,34.119171,-118.190979,1488.0,632 - Highland Park,True,0.0,0.1286,1905.0,2.0,Los Angeles,3.0,False,1.0,One,5601.0,False,0.0,Los Angeles Unified,90042,0.0,5601.0,670.0268817204301,1.5,120.0,0,496.0,0.2656668452062132,13.812506048943975,14.018451401960965,13.922089829916624,1112466.1103108723
False,False,2025-12-11,769000.0,34.002948,-117.299505,2209.0,252 - Riverside,True,2.0,0.3127,2020.0,2.0,Riverside,4.0,False,1.0,One,13621.0,False,2.0,Riverside Unified,92507,0.0,13621.0,348.12132186509734,2.0,5.0,0,552.25,0.16217605168489832,13.55284624848778,13.38472764187182,13.461674836858442,701990.280070339
True,True,2025-12-17,557090.0,33.949503,-116.467115,1876.0,340 - Desert Hot Springs,False,6.0,0.2185,2025.0,3.0,Desert Hot Springs,4.0,False,1.0,One,9520.0,True,0.0,Bass Lake Joint Union,92240,420.0,9520.0,296.95628997867806,1.3333333333333333,0.0,0,469.0,0.19705882352941176,13.230482085749076,12.911642346088676,13.14084908135991,509328.81114543194
False,False,2025-12-05,1200000.0,37.81384303,-122.23622846,1837.0,251 - Jurupa Valley,True,1.0,0.1221,1921.0,2.0,Oakland,3.0,True,2.0,Two,5318.0,False,1.0,Oakland,94610,320.0,5318.0,653.23897659227,1.5,104.0,0,612.3333333333334,0.3454306130124107,13.997832114758229,14.297936707208567,14.312066174747885,1643052.211637472
True,False,2025-12-01,1415000.0,37.81018621,-122.23863592,2060.0,MRBY - Morro Bay,True,2.0,0.1148,1936.0,3.0,Oakland,3.0,True,2.0,Two,5000.0,False,2.0,Oakland,94610,299.0,5000.0,686.8932038834952,1.0,89.0,0,686.6666666666666,0.412,14.162640089059476,14.297936707208567,14.386350194520737,1769752.3765710888
False,False,2025-12-09,565000.0,38.00784725,-121.86725375,2031.0,16 - Fountain Valley / Northeast HB,True,2.0,0.0685,2006.0,3.0,Pittsburg,5.0,False,2.0,Two,2984.0,False,2.0,Orland Joint Unified,94565,247.0,2984.0,278.18808468734613,1.6666666666666667,19.0,0,406.2,0.6806300268096515,13.244581010128577,13.270783382522602,13.263496446257875,575788.9384686854
False,False,2025-12-02,975000.0,34.186489,-118.142235,1090.0,604 - Altadena,True,1.0,0.1631,1939.0,1.0,Altadena,2.0,True,1.0,One,7105.0,False,1.0,Pasadena Unified,91001,0.0,7105.0,894.4954128440367,2.0,86.0,0,545.0,0.1534130893736805,13.790192749979985,13.926582083454587,13.713850212660802,903336.3219922457
False,False,2025-12-19,1425000.0,33.08302865,-117.2424429,1916.0,92009 - Carlsbad,True,4.0,0.2181,1975.0,2.0,Carlsbad,3.0,True,1.0,One,9500.0,False,2.0,Desert Sands Unified,92009,125.0,9500.0,743.7369519832986,1.5,50.0,0,638.6666666666666,0.2016842105263158,14.169682371684887,14.457364444136669,14.302121097708323,1626792.9148021908
False,False,2025-12-16,1025000.0,37.76181581,-122.13938496,2778.0,DC726 - Four Corners,True,2.0,0.2112,1973.0,3.0,Oakland,4.0,True,2.0,Two,9202.0,False,2.0,Murrieta,94605,0.0,9202.0,368.9704823614111,1.3333333333333333,52.0,0,694.5,0.3018908932840687,13.840203170554645,13.527828485512494,13.753548164510574,939918.2332050119
True,False,2025-12-29,2640000.0,32.70969512,-117.24062609,2510.0,92106 - Point Loma,True,8.0,0.3421,1990.0,3.0,San Diego,3.0,False,1.0,One,6450.0,False,2.0,Acalanes,92106,7680.0,3904.0,1051.7928286852589,1.0,35.0,0,836.6666666666666,0.6429303278688525,14.7862894751225,14.53335035111459,14.383756773789145,1765168.6104540783
False,True,2025-12-18,480000.0,33.730964,-116.312858,1538.0,324 - East Palm Desert,True,6.0,0.14,1987.0,2.0,Palm Desert,3.0,True,1.0,One,6098.0,False,2.0,West Contra Costa,92211,398.0,6098.0,312.09362808842656,1.5,38.0,0,512.6666666666666,0.25221384060347657,13.081541382884074,13.226723392728571,13.167909906411476,523299.850363002
True,False,2025-12-18,649000.0,34.278167,-118.878378,912.0,SMP - South Moorpark,True,1.0,0.16,1949.0,1.0,Moorpark,2.0,True,1.0,One,6969.0,False,1.0,Los Angeles Unified,93021,0.0,6969.0,711.6228070175439,2.0,76.0,0,456.0,0.1308652604390874,13.383187995686226,13.8878312195439,13.58304531226075,792577.2943343901
False,False,2025-12-01,871000.0,32.85764931,-117.00126479,1398.0,92071 - Santee,False,6.0,0.186,1960.0,2.0,Santee,3.0,True,1.0,One,8100.0,False,2.0,William S. Hart Union,92071,0.0,8100.0,623.0329041487839,1.5,65.0,0,466.0,0.1725925925925926,13.67739725583464,13.652403046879991,13.618492763495402,821176.0207915066
True,True,2025-12-05,2050000.0,34.151546,-118.561639,3214.0,TAR - Tarzana,True,2.0,0.3625,1966.0,3.0,Tarzana,5.0,True,2.0,Two,15789.0,False,2.0,Los Angeles Unified,91356,0.0,15789.0,637.8344741754822,1.6666666666666667,59.0,0,642.8,0.20355944011653682,14.53335035111459,14.42416726859578,14.599654023616791,2190529.8728861194
True,False,2025-12-08,350000.0,33.346584,-115.980235,1176.0,381 - Salton Sea - Imperial County,False,4.0,0.6618,1986.0,2.0,Thermal,2.0,True,1.0,Two,28830.0,False,4.0,Gilroy Unified,92274,0.0,28830.0,297.6190476190476,1.0,39.0,0,588.0,0.04079084287200833,12.765688433465597,12.644327576461329,12.603675548883698,297650.5864610164
False,False,2025-12-24,830000.0,34.303277,-118.455546,881.0,SYL - Sylmar,True,0.0,0.5278,1953.0,1.0,Sylmar,2.0,False,1.0,One,22991.0,False,0.0,Los Angeles Unified,91342,0.0,22991.0,942.11123723042,2.0,72.0,0,440.5,0.038319342351354875,13.62918097977278,13.667586227071855,13.468933037164298,707104.0018946616
False,False,2025-12-05,520000.0,34.181218,-117.299701,1458.0,274 - San Bernardino,True,2.0,0.1658,1991.0,2.0,San Bernardino,3.0,True,1.0,One,7221.0,False,2.0,San Bernardino City Unified,92407,0.0,7221.0,356.65294924554183,1.5,34.0,0,486.0,0.20191109264644785,13.16158409055761,13.304684934198283,13.206878158785914,544094.4645244614
True,True,2025-12-23,1235000.0,33.808363,-116.519273,1560.0,334 - South End Palm Springs,True,2.0,0.2,1964.0,2.0,Palm Springs,3.0,True,2.0,Two,8712.0,False,2.0,Palm Springs Unified,92264,121.0,8712.0,791.6666666666666,1.5,61.0,0,520.0,0.1790633608815427,14.026581528044215,14.077874822431765,13.955259626494877,1149985.1951740587
False,False,2025-12-10,329000.0,39.767216,-121.627685,1138.0,92078 - San Marcos,True,2.0,0.25,2025.0,2.0,Paradise,2.0,True,1.0,One,10890.0,True,2.0,Paradise Unified,95969,0.0,10890.0,289.103690685413,1.0,0.0,0,569.0,0.10449954086317723,12.70381302974751,12.89921982609012,12.763495855022901,349233.4382255649
False,False,2025-12-05,668900.0,34.069328000000006,-117.699078,1035.0,685 - Montclair,False,2.0,0.1653,1960.0,2.0,Montclair,3.0,True,1.0,One,7200.0,False,2.0,San Bernardino City Unified,91763,0.0,7200.0,646.2801932367149,1.5,65.0,0,345.0,0.14375,13.4133898511065,13.458835614025542,13.347434957028018,626206.1800944649
False,False,2025-12-10,915000.0,33.752377,-117.879928,1450.0,70 - Santa Ana North of First,False,4.0,0.1416,1946.0,1.0,Santa Ana,4.0,False,1.0,One,6168.0,False,2.0,Santa Ana Unified,92703,0.0,6168.0,631.0344827586207,4.0,79.0,0,362.5,0.23508430609597925,13.726679344257658,13.597966781776865,13.513044137263833,738993.3027197999
True,False,2025-12-12,267000.0,36.317043,-119.656141,875.0,HASC - Hasley Canyon,True,1.0,0.1865,1960.0,1.0,Hanford,3.0,False,1.0,One,8122.0,False,1.0,Hanford Joint Union,93230,0.0,8122.0,305.1428571428572,3.0,65.0,0,291.6666666666667,0.10773208569317902,12.495003937382387,12.80765263256463,12.465565888653716,259254.6049850815
True,False,2025-12-10,782000.0,33.799068,-118.015739,1025.0,"57 - Cypress N of Orangewood, S Of Katella",True,2.0,0.0597,1974.0,2.0,Cypress,2.0,True,1.0,One,2600.0,False,2.0,Garden Grove Unified,90630,400.0,2600.0,762.9268292682926,1.0,51.0,0,512.5,0.3942307692307692,13.569610019527449,13.933293593620657,13.430695262765456,680576.3303118569
False,False,2025-12-17,522000.0,34.074425,-117.339753,1452.0,273 - Colton,True,2.0,0.2238,1962.0,2.0,Colton,3.0,False,1.0,One,9750.0,False,2.0,Colton Unified,92324,0.0,9750.0,359.504132231405,1.5,63.0,0,484.0,0.14892307692307694,13.165422866864775,13.142166004700508,13.086445483403493,482359.7497449264
False,False,2025-12-30,880000.0,33.868201,-117.740607,1379.0,77 - Anaheim Hills,True,6.0,0.1045,1984.0,3.0,Anaheim,3.0,True,2.0,Two,4550.0,False,2.0,Orange Unified,92808,77.0,4550.0,638.1435823060189,1.0,41.0,0,459.6666666666667,0.3030769230769231,13.687677186454389,14.137594057133388,13.90829610212769,1097226.4034285706
True,True,2025-12-31,5824000.0,34.089718,-118.425555,3411.0,C01 - Beverly Hills,True,2.0,0.4328,1939.0,4.0,Beverly Hills,5.0,True,2.0,Two,18853.0,False,2.0,Redlands Unified,90210,0.0,18853.0,1707.4171797126942,1.25,86.0,0,682.2,0.18092611255503102,15.577497868858659,15.053884789007542,15.208531158577216,4026995.6457829312
True,False,2025-12-19,495000.0,33.910426,-116.958075,1986.0,263 - Banning/Beaumont/Cherry Valley,True,2.0,0.29,2009.0,2.0,Beaumont,2.0,True,1.0,One,12632.0,False,2.0,Beaumont,92223,298.0,12632.0,249.24471299093656,1.0,16.0,0,993.0,0.1572197593413553,13.112313041550827,13.197470849891134,13.122232170222372,499934.40071266436
True,False,2025-12-12,1405000.0,37.51881159,-122.05318927,1984.0,BKSF - Bakersfield,True,2.0,0.0543,2021.0,4.0,Newark,3.0,False,1.0,ThreeOrMore,2367.0,False,2.0,Willits Unified,94560,247.0,2367.0,708.1653225806451,0.75,4.0,0,661.3333333333334,0.8381918039712717,14.155547860749984,14.151982794585487,14.147579236630301,1393848.5728859978
False,False,2025-12-04,894000.0,33.859975,-117.948789,1245.0,83 - Fullerton,False,2.0,0.1584,1955.0,2.0,Fullerton,3.0,False,1.0,One,6900.0,False,2.0,Fullerton Joint Union High,92833,0.0,6900.0,718.0722891566265,1.5,70.0,0,415.0,0.18043478260869567,13.703461054155651,13.87377946608825,13.765290264810417,951019.898250196
True,False,2025-12-10,550000.0,34.076615999999994,-118.011129,432.0,619 - El Monte,True,0.0,0.2063,1948.0,1.0,El Monte,1.0,False,1.0,One,8987.0,False,0.0,El Monte Union High,91732,0.0,8987.0,1273.148148148148,1.0,77.0,0,432.0,0.04806943362634917,13.217673557208654,13.635115285828064,13.118130278806415,497887.92416754377
True,True,2025-12-11,1115000.0,34.151606,-118.765606,1972.0,AGOA - Agoura,True,2.0,0.1166,1970.0,3.0,Agoura Hills,4.0,True,2.0,Two,5080.0,False,2.0,Las Virgenes,91301,440.0,5080.0,565.4158215010142,1.3333333333333333,55.0,0,493.0,0.38818897637795274,13.924364962876357,14.2040248902346,14.173792439151393,1430868.898662728
True,False,2025-12-24,1590000.0,37.88995217,-122.17129818,2461.0,623 - Glassel Park,True,2.0,2.046,1979.0,3.0,Orinda,4.0,True,1.0,One,89124.0,False,2.0,Acalanes,94563,0.0,89124.0,646.0788297440065,1.3333333333333333,46.0,0,615.25,0.02761321305147884,14.279244574196415,14.408837403242009,14.391981757555184,1779746.9647974758
False,False,2025-12-23,650000.0,33.861624,-118.291309,1061.0,120 - South Gardena,True,0.0,0.1261,1955.0,2.0,Gardena,3.0,False,1.0,One,5495.0,False,0.0,Los Angeles Unified,90248,293.0,5495.0,612.6295947219604,1.5,70.0,0,353.6666666666667,0.19308462238398544,13.38472764187182,13.635187003832993,13.524369273193653,747410.0728973596
True,False,2025-12-16,1347000.0,33.5814,-117.706203,2238.0,S2 - Laguna Hills,True,2.0,0.086,1989.0,3.0,Laguna Hills,4.0,True,2.0,Two,3748.0,False,2.0,Saddleback Valley Unified,92656,79.0,3748.0,601.8766756032171,1.3333333333333333,36.0,0,559.5,0.5971184631803629,14.113390455392501,14.115615150414612,14.138868723638927,1381760.1613486803
False,False,2025-12-12,1050000.0,34.220169,-118.634051,1674.0,WEH - West Hills,True,2.0,0.2848,1963.0,2.0,West Hills,3.0,True,1.0,One,12405.0,False,2.0,Los Angeles Unified,91304,0.0,12405.0,627.2401433691756,1.5,62.0,0,558.0,0.13494558645707377,13.864300722133706,13.846039762999096,13.775159012087075,960451.7369485192
False,True,2025-12-15,900000.0,33.916384,-118.14615,1283.0,"D4 - Southeast Downey, S of Firestone, E of Downey",False,2.0,0.128,1950.0,2.0,Downey,3.0,True,1.0,One,5577.0,False,2.0,Downey Unified,90242,0.0,5577.0,701.4809041309431,1.5,75.0,0,427.6666666666667,0.2300519992827685,13.710150042306449,13.652991628466498,13.628004955923961,829024.4739388683
False,False,2025-12-22,2010000.0,33.03265935,-117.11041216,3079.0,92127 - Rancho Bernardo,True,2.0,0.1511,2008.0,3.0,San Diego,5.0,False,2.0,Two,6952.0,False,2.0,Chino Valley Unified,92127,100.0,3600.0,652.8093536862618,1.6666666666666667,17.0,0,615.8,0.8552777777777778,14.51364528003526,14.53335035111459,14.535180398756895,2053755.0325629767
False,False,2025-12-02,1189000.0,32.78975358,-117.17958796,1487.0,92111 - Linda Vista,True,5.0,0.1009999999999999,1955.0,2.0,San Diego,4.0,False,1.0,One,8914.0,False,1.0,William S. Hart Union,92111,304.0,96880.0,799.5965030262273,2.0,70.0,0,371.75,0.015348885218827416,13.988623175672918,13.818004328719795,13.815754531672626,1000244.0034723576
True,False,2025-12-09,1400000.0,37.8993179,-122.12322720000002,2875.0,614 - Covina,False,0.0,0.49,1960.0,3.0,Lafayette,5.0,True,2.0,Two,21344.0,False,0.0,Acalanes,94549,0.0,21344.0,486.9565217391304,1.6666666666666667,65.0,0,575.0,0.13469827586206898,14.151982794585487,14.527484500631974,14.559498431846603,2104310.5291436715
True,False,2025-12-24,1085000.0,34.021858,-118.111556,2162.0,674 - Montebello,True,2.0,0.1377,1968.0,3.0,Montebello,4.0,False,2.0,Two,5998.0,False,2.0,Montebello Unified,90640,0.0,5998.0,501.8501387604071,1.3333333333333333,57.0,0,540.5,0.3604534844948316,13.897090544956697,13.66988634579858,13.821637517754695,1006145.768001321
True,False,2025-12-08,380000.0,34.444277,-117.342268,1341.0,HSP - Hesperia,True,2.0,0.4362,1986.0,2.0,Hesperia,3.0,True,1.0,One,19000.0,False,2.0,Hesperia Unified,92345,0.0,19000.0,283.3706189410888,1.5,39.0,0,447.0,0.07057894736842105,12.84792653170257,13.064514272196533,12.923706503471092,409915.5752574583
True,False,2025-12-12,425000.0,33.767456,-116.287817,1238.0,307 - Sun City,True,2.0,0.12,1996.0,2.0,Palm Desert,2.0,False,1.0,One,5227.0,False,2.0,Desert Sands Unified,92211,692.5,5227.0,343.2956381260097,1.0,29.0,0,619.0,0.23684713985077482,12.959844447906553,13.226723392728571,12.996777230816956,440989.8908029664
True,False,2025-12-26,380000.0,33.688353,-117.170397,974.0,SRCAR - Southwest Riverside County,True,2.0,0.11,1989.0,2.0,Menifee,2.0,True,1.0,One,4792.0,False,2.0,Menifee Union,92584,92.0,4792.0,390.14373716632446,1.0,36.0,0,487.0,0.20325542570951585,12.84792653170257,13.353475098367715,13.064036028607202,471670.5476577696
True,False,2025-12-16,1515000.0,37.74310001,-122.50438464,1300.0,699 - Not Defined,True,1.0,0.0688,1947.0,1.0,San Francisco,3.0,True,1.0,One,2996.0,False,1.0,San Francisco Unified,94116,0.0,2996.0,1165.3846153846157,3.0,78.0,0,433.3333333333333,0.43391188251001334,14.230925996925606,14.504371468802312,14.23127347635986,1515526.5228155209
True,False,2025-12-18,675000.0,33.663984,-117.160914,2688.0,SRCAR - Southwest Riverside County,True,5.0,0.22,2008.0,3.0,Menifee,5.0,True,2.0,Two,9583.0,False,3.0,Perris Union High,92584,0.0,9583.0,251.11607142857144,1.6666666666666667,17.0,0,537.6,0.28049671292914535,13.422467969854667,13.353475098367715,13.408724151571235,665786.3828302473
False,False,2025-12-22,1323000.0,33.872506,-117.864741,2400.0,84 - Placentia,True,2.0,0.0938,1992.0,3.0,Placentia,5.0,True,2.0,Two,4085.0,False,2.0,Placentia-Yorba Linda Unified,92870,360.0,4085.0,551.25,1.6666666666666667,33.0,0,480.0,0.587515299877601,14.095412443097093,13.980176819817759,14.065435683881242,1283929.280061193
False,False,2025-12-03,897000.0,34.039274,-118.12793,1284.0,641 - Monterey Park,False,2.0,0.1188,1949.0,2.0,Monterey Park,3.0,False,1.0,One,5176.0,False,2.0,Montebello Unified,91755,0.0,5176.0,698.5981308411215,1.5,76.0,0,428.0,0.24806800618238023,13.706811141040934,13.792750300313369,13.753039383944747,939440.1427063812
True,False,2025-12-19,285000.0,35.346864000000004,-119.064202,1613.0,BKSF - Bakersfield,True,0.0,0.1818,1962.0,2.0,Bakersfield,3.0,False,1.0,One,7920.0,False,0.0,Other,93309,525.0,7920.0,176.68939863608185,1.5,63.0,0,537.6666666666666,0.20366161616161615,12.560244459250788,12.80765263256463,12.771690991251738,352107.21323272126
False,False,2025-12-02,2850000.0,37.58736407,-122.36865878,2189.0,699 - Not Defined,False,1.0,0.1377,1925.0,3.0,Burlingame,4.0,True,1.0,One,6000.0,False,1.0,Other,94010,0.0,6000.0,1301.9643672910004,1.3333333333333333,100.0,0,547.25,0.36483333333333334,14.862829552244833,15.145220570031345,14.902731947702192,2966021.1951775076
False,False,2025-12-09,699000.0,33.908901,-118.251342,1164.0,"RN - Compton N of Rosecrans, E of Central",True,2.0,0.1159999999999999,1959.0,3.0,Compton,3.0,False,1.0,One,5052.0,False,2.0,Compton Unified,90222,0.0,5052.0,600.5154639175257,1.0,66.0,0,388.0,0.23040380047505937,13.457406021215947,13.304684934198283,13.195765978915942,538081.857424074
False,False,2025-12-03,529000.0,35.395057,-119.173328,2535.0,BKSF - Bakersfield,True,2.0,0.25,2014.0,2.0,Bakersfield,4.0,False,2.0,Two,10890.0,False,2.0,Bakersfield City,93314,85.0,10890.0,208.67850098619328,2.0,11.0,0,633.75,0.2327823691460055,13.178743710840436,13.399995114002609,13.481529434994407,716067.2993236132
True,False,2025-12-15,1300000.0,33.799471999999994,-117.52372,4248.0,248 - Corona,True,6.0,0.25,2011.0,5.0,Corona,5.0,True,2.0,Two,10890.0,False,3.0,Corona-Norco Unified,92883,275.0,10890.0,306.0263653483992,1.0,14.0,0,849.6,0.39008264462809916,14.077874822431765,13.547957803444275,13.941352465191729,1134102.8606441868
True,False,2025-12-05,763000.0,35.623476000000004,-120.65628999999998,1921.0,PRIC - PR Inside City Limit,True,2.0,0.24,2002.0,2.0,Paso Robles,3.0,True,1.0,One,10454.0,False,2.0,Paso Robles Joint Unified,93446,0.0,10454.0,397.1889640812077,1.5,23.0,0,640.3333333333334,0.18375741343026591,13.545013310266594,13.591116224748411,13.560912162503973,775227.7704445872
True,True,2025-12-22,865000.0,34.246192,-118.49098,1296.0,NOH - North Hills,True,6.0,0.1722,1955.0,2.0,North Hills,3.0,True,1.0,One,7502.0,False,2.0,Los Angeles Unified,91343,0.0,7502.0,667.4382716049382,1.5,70.0,0,432.0,0.17275393228472408,13.670484785914017,13.715690222682063,13.677285949817799,870903.0578545537
False,False,2025-12-12,1040000.0,33.655624,-117.927199,1176.0,C2 - Southwest Costa Mesa,True,2.0,0.1419,1955.0,2.0,Costa Mesa,4.0,False,1.0,One,6180.0,False,2.0,Newport Mesa Unified,92627,0.0,6180.0,884.3537414965987,2.0,70.0,0,294.0,0.19029126213592232,13.854731271117556,14.375126345899696,14.12965057659264,1369081.4200299873
False,False,2025-12-26,635000.0,34.255118,-118.757161,1001.0,SVC - Central Simi,True,2.0,0.09,1973.0,2.0,Simi Valley,3.0,True,1.0,One,3920.0,False,1.0,Simi Valley Unified,93065,230.0,3920.0,634.3656343656344,1.5,52.0,0,333.6666666666667,0.25535714285714284,13.36138027787483,13.676248490630767,13.43360050840134,682556.4466948659
False,False,2025-12-10,439000.0,35.399212,-119.115097,1604.0,BKSF - Bakersfield,True,2.0,0.19,2000.0,2.0,Bakersfield,3.0,False,1.0,One,8276.0,False,2.0,Bakersfield City,93312,0.0,8276.0,273.6907730673317,1.5,25.0,0,534.6666666666666,0.19381343644272594,12.992254692057308,13.06577902835151,13.057211952040339,468462.7891692231
False,False,2025-12-17,590000.0,34.279246,-118.756329,1650.0,SVC - Central Simi,True,2.0,0.15,1968.0,2.0,Simi Valley,3.0,False,1.0,One,6534.0,False,2.0,Simi Valley Unified,93065,0.0,6534.0,357.5757575757576,1.5,57.0,0,550.0,0.25252525252525254,13.287877815881902,13.676248490630767,13.655100181218355,851794.1607155988
False,False,2025-12-11,830000.0,33.819089,-118.12029,1770.0,31 - South of Conant,False,2.0,0.1366,1949.0,2.0,Long Beach,4.0,True,2.0,Two,5951.0,False,2.0,Long Beach Unified,90808,0.0,5951.0,468.9265536723164,2.0,76.0,0,442.5,0.2974290035288187,13.62918097977278,13.869051324892304,13.93271149416949,1124345.3286778315
False,False,2025-12-09,850000.0,37.66018756,-122.10439248,1025.0,699 - Not Defined,True,2.0,0.2357,1951.0,1.0,Hayward,3.0,True,1.0,One,10266.0,False,2.0,Other,94541,0.0,10266.0,829.2682926829268,3.0,74.0,0,341.6666666666667,0.09984414572374829,13.652991628466498,13.647074399642998,13.477181500349488,712960.6441657405
True,False,2025-12-11,3300000.0,37.52720719,-121.92314062,3260.0,699 - Not Defined,True,3.0,0.208,1988.0,4.0,Fremont,4.0,True,1.0,One,9060.0,False,3.0,Fremont Unified,94539,670.0,9060.0,1012.2699386503068,1.0,37.0,0,815.0,0.3598233995584989,15.009433026436708,14.71159858252091,14.938196403061118,3073096.9913983406
True,False,2025-12-15,463000.0,34.552528,-117.18648,1576.0,APPV - Apple Valley,True,4.0,0.4134,2014.0,2.0,Apple Valley,4.0,False,1.0,One,18008.0,False,2.0,Apple Valley Unified,92307,0.0,18008.0,293.7817258883249,2.0,11.0,0,394.0,0.08751665926254998,13.045482333068371,13.049792684569493,13.036379905282972,458804.6986157896
False,False,2025-12-02,755000.0,37.943272,-121.68572075,2462.0,TOW - Thousand Oaks West,True,3.0,0.1641,2005.0,3.0,Brentwood,5.0,True,2.0,Two,7150.0,False,3.0,Los Angeles Unified,94513,0.0,7150.0,306.66125101543463,1.6666666666666667,20.0,0,492.4,0.3443356643356643,13.534473028231162,13.591116224748411,13.583549536886796,792977.0320945798
True,False,2025-12-26,699000.0,37.92892469,-121.93844107,1813.0,TOW - Thousand Oaks West,True,2.0,0.088,1975.0,2.0,Clayton,4.0,False,1.0,One,3833.0,False,2.0,San Jose Unified,94517,175.0,3833.0,385.5488141202427,2.0,50.0,0,453.25,0.4729976519697365,13.457406021215947,13.946538820370678,13.864034047738075,1049720.0292167664
False,False,2025-12-08,790000.0,37.9965093,-122.10279138,1686.0,RIEN - Rienda,True,2.0,0.1111,1980.0,3.0,Martinez,3.0,True,2.0,Two,4840.0,False,2.0,Other,94553-4151,65.0,4840.0,468.564650059312,1.0,45.0,0,562.0,0.34834710743801656,13.579788224443204,13.698976741708323,13.61908421706867,821661.8519424081
True,False,2025-12-02,4300000.0,37.35903249,-122.12415844,2413.0,699 - Not Defined,True,2.0,0.74,1952.0,3.0,Los Altos Hills,4.0,True,1.0,ThreeOrMore,32234.0,False,2.0,Other,94022,220.0,32234.0,1782.01409034397,1.3333333333333333,73.0,0,603.25,0.07485884469814481,15.27412558066379,15.520258650202699,15.382612182815924,4792736.893924941
True,True,2025-12-02,860000.0,34.03909,-118.034617,1542.0,657 - So. El Monte,True,2.0,0.2113,1960.0,2.0,South El Monte,3.0,True,1.0,One,9204.0,False,2.0,El Monte Union High,91733,0.0,9204.0,557.7172503242542,1.5,65.0,0,514.0,0.16753585397653195,13.664687668229691,13.58609739363647,13.557854797188062,772861.2354717
False,False,2025-12-04,1750000.0,32.739571000000005,-117.247012,1364.0,92107 - Ocean Beach,True,2.0,0.1607,1952.0,2.0,San Diego,3.0,False,1.0,One,7000.0,False,2.0,San Diego Unified,92107,0.0,7000.0,1282.991202346041,1.5,73.0,0,454.6666666666667,0.19485714285714287,14.375126345899696,14.403297222866392,14.206223842367992,1478034.6770620449
False,False,2025-12-22,590000.0,32.70265002,-117.13562579,572.0,92113 - Logan Heights,False,3.0,0.0485,1937.0,1.0,San Diego,3.0,False,1.0,One,2113.0,False,0.0,Other,92113,191.0,2113.0,1031.4685314685314,3.0,88.0,0,190.66666666666666,0.2707051585423568,13.287877815881902,13.442452134775017,13.118129057587085,497887.31613755785
True,False,2025-12-15,825000.0,35.563936,-121.09981,1242.0,CAMB - Cambria,True,2.0,0.0707,1972.0,2.0,Cambria,2.0,True,1.0,MultiSplit,3078.0,False,2.0,Coast Unified,93428,0.0,3078.0,664.2512077294685,1.0,53.0,0,621.0,0.40350877192982454,13.623138665316818,13.716772655681458,13.407139977188427,664732.4960887379
False,True,2025-12-16,3450000.0,37.29249959,-122.00658714,2399.0,699 - Not Defined,True,2.0,0.2388,1957.0,3.0,Saratoga,4.0,True,2.0,One,10400.0,False,2.0,Other,95070,0.0,10400.0,1438.0992080033348,1.3333333333333333,68.0,0,599.75,0.23067307692307693,15.053884789007542,15.226497531674536,15.176767337767883,3901093.0371471574
False,False,2025-12-08,1275000.0,37.31356253,-121.80011484,1358.0,699 - Not Defined,True,2.0,0.1377,1971.0,2.0,San Jose,3.0,True,1.0,One,6000.0,False,2.0,Other,95148,0.0,6000.0,938.880706921944,1.5,54.0,0,452.6666666666667,0.22633333333333333,14.058456736574664,14.239034472530271,14.029076113355549,1238084.6587320385
True,False,2025-12-05,4195000.0,33.724816,-118.057479,3422.0,17 - Northwest Huntington Beach,True,5.0,0.1619,1965.0,4.0,Huntington Beach,4.0,True,2.0,Two,7053.0,False,2.0,Huntington Beach Union High,92649,100.0,7053.0,1225.8912916423144,1.0,60.0,0,855.5,0.4851836098114278,15.249403897883443,14.330128979968961,14.695537387378955,2410964.3903129
True,False,2025-12-02,2530000.0,37.78920322,-121.89896125,4526.0,313 - La Quinta South of HWY 111,True,4.0,5.0,1985.0,5.0,Danville,6.0,True,2.0,Two,217800.0,False,4.0,Newport Mesa Unified,94506,196.0,217800.0,558.9924878479894,1.2,40.0,0,754.3333333333334,0.020780532598714416,14.743729860703702,14.68050799545088,14.904836562177247,2972270.099779161
True,True,2025-12-31,2600000.0,33.812538,-117.80511,3039.0,73 - Villa Park,True,6.0,0.6987,1970.0,3.0,Villa Park,4.0,True,1.0,One,30436.0,False,3.0,Orange Unified,92861,0.0,30436.0,855.5445870352089,1.3333333333333333,55.0,0,759.75,0.09984886318832961,14.77102200299171,14.637490610367188,14.756433072800698,2562344.1288188286
False,False,2025-12-16,875000.0,33.812683,-118.190298,1306.0,5 - Wrigley Area,True,1.0,0.1367,1925.0,3.0,Long Beach,3.0,False,1.0,One,5954.0,False,1.0,Long Beach Unified,90807,0.0,5954.0,669.9846860643186,1.0,100.0,0,435.3333333333333,0.21934833725226738,13.681979165339751,13.924364962876357,13.910135485907016,1099246.48115684
False,False,2025-12-02,1095000.0,33.994949,-118.444966,1040.0,C11 - Venice,True,2.0,0.1194,1924.0,2.0,Los Angeles,2.0,True,1.0,One,5200.0,False,2.0,Perris Union High,90066,145.0,5200.0,1052.8846153846157,1.0,101.0,0,520.0,0.2,13.906264921232738,14.628660530918916,14.190180100522264,1454510.681312504
False,False,2025-12-02,1300000.0,37.70303052,-122.48285348,1490.0,699 - Not Defined,False,1.0,0.1022,1949.0,2.0,Daly City,3.0,True,1.0,One,4450.0,False,1.0,Other,94015,0.0,4450.0,872.48322147651,1.5,76.0,0,496.6666666666667,0.3348314606741573,14.077874822431765,14.028601732812717,13.983295537939506,1182682.2829322463
True,False,2025-12-12,3400000.0,37.79021963,-121.83143706,5477.0,LOMP - Lompoc,True,4.0,7.91,2000.0,6.0,Pleasanton,5.0,True,2.0,Two,344560.0,False,4.0,Lucia Mar Unified,94588,127.0,344560.0,620.7777980646339,0.8333333333333334,25.0,0,1095.4,0.01589563501276991,15.03928598958639,14.25858093542591,15.11095905535064,3652633.803546959
False,False,2025-12-03,1785000.0,32.7313901,-117.12370166,1934.0,92104 - North Park,False,5.0,0.1469,1924.0,2.0,San Diego,3.0,False,1.0,One,6400.0,False,1.0,Los Angeles Unified,92104,18.0,6400.0,922.9576008273008,1.5,101.0,0,644.6666666666666,0.3021875,14.394928973195876,13.980515688011007,14.10009462592256,1329209.0524942367
True,True,2025-12-22,1250000.0,32.865116,-116.983599,2544.0,92071 - Santee,True,6.0,0.375,1999.0,3.0,Santee,4.0,True,2.0,Two,16333.0,False,3.0,Grossmont Union,92071,0.0,16333.0,491.3522012578616,1.3333333333333333,26.0,0,636.0,0.15575828078124043,14.038654109278484,13.652403046879991,13.887835590312385,1075004.698586389
False,False,2025-12-02,1000000.0,37.90679566,-122.29859841,1546.0,VIC - Victorville,True,2.0,0.1148,1946.0,2.0,El Cerrito,3.0,True,1.0,One,5000.0,False,1.0,Fontana Unified,94530,0.0,5000.0,646.8305304010349,1.5,79.0,0,515.3333333333334,0.3092,13.815510557964274,14.137594057133388,14.092690370140831,1319403.5945385734
False,False,2025-12-10,650000.0,34.057419,-117.740786,2022.0,687 - Pomona,True,2.0,0.1477,2004.0,2.0,Pomona,4.0,True,1.0,One,6433.0,False,2.0,Pomona Unified,91766,0.0,6433.0,321.4638971315529,2.0,21.0,0,505.5,0.3143168039794808,13.38472764187182,13.449504179573367,13.449293563220118,693352.3310730408
False,False,2025-12-09,697000.0,34.062794,-117.925767,1112.0,669 - West Covina,False,3.0,0.2135,1953.0,4.0,West Covina,3.0,True,1.0,One,9302.0,False,2.0,West Covina,91790,0.0,9302.0,626.7985611510792,0.75,72.0,0,370.6666666666667,0.11954418404644163,13.454540689742661,13.652991628466498,13.689796726233826,881867.1730806995
False,False,2025-12-05,1020000.0,34.190708,-118.632848,1448.0,WEH - West Hills,True,2.0,0.1691,1957.0,2.0,West Hills,4.0,True,1.0,One,7365.0,False,2.0,Redlands Unified,91307,375.0,7365.0,704.4198895027624,2.0,68.0,0,362.0,0.19660556687033265,13.835313185260453,13.849911984681606,13.727621028009501,915862.0464568044
True,False,2025-12-22,1225000.0,35.366440999999995,-120.462772,4050.0,SMRG - Santa Margarita,False,3.0,80.0,1960.0,3.0,Santa Margarita,5.0,True,1.0,One,3484800.0,False,3.0,Atascadero Unified,93453,0.0,3484800.0,302.4691358024691,1.6666666666666667,65.0,0,810.0,0.0011621900826446281,14.018451401960965,13.463851190023554,14.364816401908072,1732050.287277769
True,True,2025-12-04,1311000.0,33.682442,-116.305613,2750.0,313 - La Quinta South of HWY 111,True,2.0,0.19,2002.0,4.0,La Quinta,3.0,True,1.0,One,8276.0,False,2.0,Other,92253,365.0,8276.0,476.7272727272728,0.75,23.0,0,916.6666666666666,0.33228612856452394,14.086300762745838,13.545013310266594,14.016372234683388,1222455.6660494981
False,False,2025-12-22,565000.0,34.285644,-118.431974,780.0,SF - San Fernando,False,1.0,0.1606,1932.0,1.0,San Fernando,2.0,False,1.0,One,6996.0,False,1.0,Los Angeles Unified,91340,0.0,6996.0,724.3589743589744,2.0,93.0,0,390.0,0.11149228130360206,13.244581010128577,13.513053199930338,13.320164105137847,609359.7563116085
True,False,2025-12-29,1100000.0,37.25049979,-121.78558085,1310.0,674 - Montebello,True,2.0,0.13,1979.0,2.0,San Jose,3.0,True,1.0,One,5662.0,False,2.0,San Jacinto Unified,95138,200.0,5662.0,839.6946564885496,1.5,46.0,0,436.6666666666667,0.2313670081243377,13.9108207377686,14.91078394536687,14.59426823211178,2178763.848822643
True,False,2025-12-05,495000.0,33.829868,-116.476015,1550.0,335 - Cathedral City North,True,2.0,0.19,1988.0,2.0,Cathedral City,3.0,True,1.0,One,8276.0,False,2.0,Beaumont,92234,0.0,8276.0,319.35483870967744,1.5,37.0,0,516.6666666666666,0.18728854519091348,13.112313041550827,13.224919965729422,13.152938315927374,515523.5761522843
True,False,2025-12-11,710000.0,37.98515921,-122.07321627,1026.0,263 - Banning/Beaumont/Cherry Valley,True,2.0,0.1446,1960.0,1.0,Pacheco,3.0,True,1.0,One,6300.0,False,2.0,San Jose Unified,94553,0.0,6300.0,692.0077972709552,3.0,65.0,0,342.0,0.16285714285714287,13.473020249017498,13.604789526648622,13.428643439312381,679181.3394625932
True,False,2025-12-09,840000.0,34.28628,-118.389678,2033.0,673 - Lake View Terrace,True,2.0,0.0955,2020.0,3.0,Sylmar,3.0,False,2.0,Two,4160.0,False,2.0,Rim of the World,91342,284.0,4160.0,413.18248893261193,1.0,5.0,0,677.6666666666666,0.48870192307692306,13.641157170819497,13.667586227071855,13.732425188049298,920272.5802746129
False,False,2025-12-16,310600.0,39.514578,-121.541162,1350.0,699 - Not Defined,True,1.0,0.15,1956.0,2.0,Oroville,3.0,True,1.0,One,6534.0,False,1.0,Oroville Union,95966,0.0,6534.0,230.07407407407408,1.5,69.0,0,450.0,0.2066115702479339,12.646261189696723,12.821258284620408,12.6624923465482,315682.5334342679
False,True,2025-12-19,960000.0,34.243482,-118.607989,1750.0,CHT - Chatsworth,True,2.0,0.1744,1974.0,2.0,Chatsworth,4.0,True,1.0,One,7598.0,False,2.0,Los Angeles Unified,91311,0.0,7598.0,548.5714285714286,2.0,51.0,0,437.5,0.23032376941300342,13.77468856344402,13.944283046980045,13.867213523731964,1053062.9003230734
True,False,2025-12-15,460400.0,34.127654,-117.288715,1158.0,274 - San Bernardino,True,1.0,0.1433,1928.0,2.0,San Bernardino,3.0,False,1.0,One,6240.0,False,1.0,San Bernardino City Unified,92405,0.0,6240.0,397.58203799654575,1.5,97.0,0,386.0,0.18557692307692308,13.039850955829865,13.071070083016778,12.965192656873418,427279.07787083584
True,False,2025-12-15,210000.0,39.802039,-121.601806,1372.0,92078 - San Marcos,False,11.0,0.37,1975.0,2.0,Magalia,3.0,True,2.0,Two,0.37,False,1.0,Paradise Unified,95954,285.0,16117.2,153.0612244897959,1.5,50.0,0,457.3333333333333,0.08512644876281239,12.254862809699606,12.587927887999204,12.548509337850465,281675.03797489044
True,False,2025-12-11,1548000.0,37.84189523,-122.11918639,2166.0,SRCAR - Southwest Riverside County,True,2.0,0.287,1969.0,2.0,Moraga,4.0,True,1.0,One,12500.0,False,2.0,El Rancho Unified,94556,0.0,12500.0,714.6814404432133,2.0,56.0,0,541.5,0.17328,14.25247433313181,14.389310980891652,14.355271023598311,1715595.8687946224
False,True,2025-12-04,1127000.0,32.90622584,-117.08602854,1384.0,92131 - Scripps Miramar,True,4.0,0.1607,1973.0,2.0,San Diego,3.0,True,1.0,One,7000.0,False,2.0,Morgan Hill Unified,92131,1550.0,7000.0,814.306358381503,1.5,52.0,0,461.3333333333333,0.1977142857142857,13.935069793021913,14.323804784559034,14.05622616176752,1272159.1866221328
True,False,2025-12-11,315000.0,33.331317,-115.970913,1560.0,381 - Salton Sea - Imperial County,True,2.0,0.2039,2006.0,2.0,Thermal,4.0,True,1.0,One,8880.0,False,2.0,Other,92274,245.0,8880.0,201.92307692307693,2.0,19.0,0,390.0,0.17567567567567569,12.66032791780777,12.644327576461329,12.709000558008748,330711.1312314846
True,False,2025-12-18,995000.0,34.007784,-117.743599,1718.0,682 - Chino Hills,True,2.0,0.1174,1986.0,3.0,Chino Hills,4.0,True,2.0,Two,5115.0,False,2.0,Chino Valley Unified,91709,126.0,5115.0,579.161816065192,1.3333333333333333,39.0,0,429.5,0.3358748778103617,13.81049801614073,13.901688254205327,13.778036519570405,963219.4241195235
True,False,2025-12-22,609500.0,34.10041,-117.809759,1092.0,689 - San Dimas,False,2.0,0.0494,1979.0,2.0,San Dimas,2.0,True,1.0,One,2150.0,False,2.0,Bonita Unified,91773,350.0,2150.0,558.1501831501831,1.0,46.0,0,546.0,0.5079069767441861,13.320394227903464,13.785051350479566,13.310363294091534,603416.7074024682
True,False,2025-12-30,775000.0,33.481612,-117.073376,3717.0,SRCAR - Southwest Riverside County,True,2.0,0.12,2003.0,3.0,Temecula,5.0,True,2.0,"ThreeOrMore,MultiSplit",5227.0,False,2.0,Temecula Unified,92592,40.0,5227.0,208.5014796879204,1.6666666666666667,22.0,0,743.4,0.7111153625406543,13.560618308335483,13.580420735596498,13.751738017877733,938218.3823338434
False,False,2025-12-23,1822000.0,33.971176,-118.40644,1504.0,C29 - Westchester,True,2.0,0.136,1948.0,2.0,Los Angeles,3.0,True,1.0,One,5925.0,False,0.0,Escondido Union,90045,32.0,5925.0,1211.436170212766,1.5,77.0,0,501.3333333333333,0.25383966244725736,14.41544535680204,14.331323723241304,14.208753540103029,1481778.391273144
True,False,2025-12-09,7850000.0,37.25930819,-122.02569582,4511.0,699 - Not Defined,True,3.0,0.51,2001.0,6.0,Saratoga,5.0,True,1.0,One,22215.0,False,3.0,Other,95070,3000.0,22215.0,1740.1906450897804,0.8333333333333334,24.0,0,902.2,0.20306099482331758,15.876024089758591,15.226497531674536,15.504399667838832,5413463.600320811
False,False,2025-12-01,630000.0,37.97882267,-121.84234895,1975.0,VIC - Victorville,True,3.0,0.2581,2001.0,2.0,Antioch,3.0,True,1.0,One,11242.0,False,3.0,Castro Valley,94509,145.0,11242.0,318.9873417721519,1.5,24.0,0,658.3333333333334,0.17568048389966198,13.353475098367715,13.199324418540456,13.243091984736264,564159.3267006153
True,False,2025-12-19,850000.0,38.00912778,-121.95972057,2529.0,17 - Northwest Huntington Beach,True,2.0,0.149,2015.0,3.0,Pittsburg,3.0,True,1.0,One,6491.0,False,2.0,Los Angeles Unified,94565,0.0,6491.0,336.1012257809411,1.0,10.0,0,843.0,0.3896163919272839,13.652991628466498,13.270783382522602,13.397411626380554,658297.0988286481
False,False,2025-12-15,762000.0,33.01072152,-117.05963904,1384.0,92128 - Rancho Bernardo,True,3.0,0.14,1965.0,2.0,San Diego,2.0,False,1.0,One,6100.0,False,1.0,Konocti Unified,92128,42.0,6100.0,550.5780346820809,1.0,60.0,0,692.0,0.22688524590163933,13.543701834668783,13.983960916083914,13.767426417734644,953053.5935555896
True,False,2025-12-01,1032500.0,33.834565000000005,-117.85008899999998,1807.0,699 - Not Defined,True,2.0,0.1809,1964.0,2.0,Orange,4.0,True,1.0,One,7878.0,False,2.0,Orange Unified,92865,0.0,7878.0,571.3890426120641,2.0,61.0,0,451.75,0.22937293729372937,13.847493603817325,13.913540599416507,13.899168256264401,1087256.6603013603
True,False,2025-12-26,1475000.0,32.791388,-117.19196200000002,1544.0,92110 - Old Town Sd,True,2.0,0.16,1951.0,2.0,San Diego,3.0,True,1.0,One,0.16,False,2.0,San Diego Unified,92110,0.0,6969.6,955.3108808290156,1.5,74.0,0,514.6666666666666,0.22153351698806242,14.204168547756057,14.226957737749986,14.167901989118244,1422465.2119583082
True,False,2025-12-03,1350000.0,33.17067,-117.195893,2525.0,92084 - Vista,True,3.0,0.98,1999.0,3.0,Vista,4.0,True,1.0,One,0.98,False,3.0,Vista Unified,92084,0.0,42688.8,534.6534653465346,1.3333333333333333,26.0,0,631.25,0.05914900395419875,14.115615150414612,13.773646353865574,13.981800624008786,1180915.595563665
True,False,2025-12-18,515000.0,33.808771,-117.222232,1356.0,SRCAR - Southwest Riverside County,True,2.0,0.08,1988.0,3.0,Perris,4.0,True,2.0,Two,3485.0,False,2.0,Perris Union High,92571,0.0,3485.0,379.79351032448375,1.3333333333333333,37.0,0,339.0,0.3890961262553802,13.151922179645874,13.214938819306386,13.095449988964381,486722.774755465
True,False,2025-12-08,379900.0,34.258452,-116.833227,1008.0,BBC - Big Bear City,False,0.0,0.1079,1986.0,2.0,Big Bear,2.0,True,1.0,One,4700.0,False,0.0,Torrance Unified,92314,0.0,4700.0,376.8849206349207,1.0,39.0,0,504.0,0.214468085106383,12.847663339175718,12.965709567358951,12.763513969306494,349239.76439640194
False,True,2025-12-04,850000.0,32.830524,-117.193988,875.0,92117 - Clairemont Mesa,False,4.0,0.17,1958.0,1.0,San Diego,3.0,False,1.0,One,0.17,False,1.0,San Diego Unified,92117,0.0,7405.2,971.4285714285714,3.0,67.0,0,291.6666666666667,0.11816021174309944,13.652991628466498,13.964016766263498,13.58709808215644,795795.9455537465
True,False,2025-12-23,435000.0,33.890221999999994,-116.618277,1426.0,332 - Central Palm Springs,True,2.0,0.16,2001.0,2.0,Palm Springs,3.0,False,1.0,One,6970.0,False,2.0,Palm Springs Unified,92262,0.0,6970.0,305.04908835904627,1.5,24.0,0,475.3333333333333,0.20459110473457676,12.983101310070822,13.737549016494562,13.560032085892733,774545.8107478411
True,False,2025-12-24,1725000.0,33.657013,-117.954152,3042.0,14 - South Huntington Beach,True,2.0,0.1379,1971.0,3.0,Huntington Beach,4.0,False,2.0,Two,6008.0,False,2.0,Huntington Beach Union High,92646,0.0,6008.0,567.061143984221,1.3333333333333333,54.0,0,760.5,0.5063249001331558,14.360737608447597,14.19394699368452,14.386311359774808,1769683.6500216848
True,False,2025-12-24,2300000.0,32.91110399,-117.22030226,3093.0,92130 - Carmel Valley,True,5.0,0.1489,2003.0,4.0,San Diego,4.0,True,2.0,Two,6488.0,False,3.0,Fontana Unified,92130,26.0,6488.0,743.6146136437116,1.0,22.0,0,773.25,0.47672626387176326,14.648419680899378,14.674172177001793,14.772253700133637,2603204.3855801816
False,False,2025-12-29,990000.0,33.951255,-118.116409,1850.0,"D1 - Northeast Downey, N of Firestone, E of Downey",False,4.0,0.1726,1952.0,2.0,Downey,3.0,True,1.0,One,7520.0,False,4.0,Downey Unified,90240,0.0,7520.0,535.1351351351351,1.5,73.0,0,616.6666666666666,0.24601063829787234,13.805460222110773,13.835929041168361,13.860202329532864,1045705.4940659575
False,False,2025-12-08,570000.0,33.974138,-117.389473,1230.0,252 - Riverside,False,1.0,0.12,1918.0,2.0,Riverside,3.0,True,1.0,One,5227.0,False,1.0,Riverside Unified,92506,0.0,5227.0,463.4146341463415,1.5,107.0,0,410.0,0.23531662521522861,13.253391639810733,13.493926933836812,13.445492317797594,690721.7316429366
True,False,2025-12-02,600000.0,37.7457005,-122.15925925,1225.0,SRCAR - Southwest Riverside County,True,1.0,0.0918,1927.0,1.0,Oakland,2.0,True,1.0,One,4000.0,False,1.0,Los Angeles Unified,94603,95.0,4000.0,489.7959183673469,2.0,98.0,0,612.5,0.30625,13.304684934198283,13.146062737589267,13.005003152866143,444632.40022907447
True,False,2025-12-16,465000.0,38.04057451,-121.97561463,1144.0,SRCAR - Southwest Riverside County,True,0.0,0.1148,1953.0,1.0,Bay Point,3.0,False,1.0,One,5000.0,False,0.0,Placentia-Yorba Linda Unified,94565,0.0,5000.0,406.46853146853147,3.0,72.0,0,381.3333333333333,0.2288,13.049792684569493,13.270783382522602,13.157092536175643,517669.62913286936
True,False,2025-12-11,360000.0,34.687833000000005,-118.127561,943.0,LAC - Lancaster,True,2.0,0.144,1952.0,1.0,Lancaster,3.0,False,1.0,One,6273.0,False,2.0,Los Angeles Unified,93535,0.0,6273.0,381.7603393425239,3.0,73.0,0,314.3333333333333,0.1503267973856209,12.793859310432293,12.994530005894443,12.765287892197104,349859.83862810855
True,False,2025-12-04,2150000.0,34.111798,-118.216961,2112.0,680 - Mount Washington,True,4.0,0.3572,1941.0,2.0,Los Angeles,3.0,True,2.0,Two,15561.0,False,2.0,Chino Valley Unified,90065,1050.0,15561.0,1017.9924242424242,1.5,84.0,0,704.0,0.1357239251976094,14.580978400103845,14.050977780915009,14.169356464609416,1424535.6580877204
True,False,2025-12-10,710000.0,34.542787,-118.082729,3211.0,PLM - Palmdale,True,4.0,0.8029999999999999,2005.0,3.0,Palmdale,4.0,True,2.0,Two,34978.0,False,4.0,Los Angeles Unified,93550,0.0,34978.0,221.1149174711928,1.3333333333333333,20.0,0,802.75,0.0918005603522214,13.473020249017498,13.049792684569493,13.464480712559098,703962.7434887827
True,False,2025-12-03,1135311.0,34.090177000000004,-118.156724,1320.0,601 - Alhambra,True,1.0,0.1133,1958.0,2.0,Alhambra,3.0,False,1.0,One,4936.0,False,1.0,Alhambra,91801,0.0,4936.0,860.084090909091,1.5,67.0,0,440.0,0.26742301458670986,13.942417180174655,13.91065542118584,13.758196154743572,944297.132630238
False,False,2025-12-22,3100000.0,34.077829,-118.321354,2755.0,C18 - Hancock Park-Wilshire,True,1.0,0.155,1921.0,5.0,Los Angeles,4.0,True,2.0,Two,6752.0,False,2.0,Capistrano Unified,90004,487.0,6752.0,1125.2268602540837,0.8,104.0,0,688.75,0.4080272511848341,14.946912669455374,14.65917278350986,14.875578546114216,2886567.23496268
False,True,2025-12-09,1090000.0,36.99629643,-121.58086163,2590.0,699 - Not Defined,True,3.0,0.1566,1980.0,3.0,Gilroy,5.0,True,1.0,One,6820.0,False,3.0,Gilroy Unified,95020,0.0,6820.0,420.8494208494208,1.6666666666666667,45.0,0,518.0,0.37976539589442815,13.901688254205327,13.965653216393994,14.086078221635292,1310708.2810650074
True,False,2025-12-23,545000.0,33.948112,-117.253173,1308.0,259 - Moreno Valley,True,2.0,0.08,1984.0,3.0,Moreno Valley,3.0,True,2.0,Two,3485.0,False,2.0,Moreno Valley Unified,92557,0.0,3485.0,416.6666666666667,1.0,41.0,0,436.0,0.3753228120516499,13.208541073645382,13.262125319779487,13.13542432506503,506573.3071971078
False,False,2025-12-05,1670000.0,37.73117601,-121.91152986,2480.0,"6 - Bixby, Bixby Knolls, Los Cerritos",True,2.0,0.103,1991.0,3.0,San Ramon,5.0,True,2.0,Two,4486.0,False,2.0,Irvine Unified,94582,13.0,4486.0,673.3870967741935,1.6666666666666667,34.0,0,496.0,0.5528310298707089,14.328334184392938,14.516102044771095,14.431120800629845,1850785.6834045616
True,False,2025-12-03,1041000.0,34.145196,-118.594372,2401.0,WHLL - Woodland Hills,True,2.0,0.1734,1976.0,3.0,Woodland Hills,3.0,True,2.0,Two,7554.0,False,2.0,Los Angeles Unified,91364,0.0,7554.0,433.5693461057893,1.0,49.0,0,800.3333333333334,0.31784485041037863,13.855692347597106,14.15910026235435,14.195530768327803,1462314.143036003
False,False,2025-12-03,750000.0,34.210765,-118.60199,1364.0,CP - Canoga Park,False,2.0,0.2059,1950.0,2.0,Canoga Park,3.0,False,1.0,One,8969.0,False,2.0,Los Angeles Unified,91304,0.0,8969.0,549.8533724340176,1.5,75.0,0,454.6666666666667,0.15207938454677222,13.527828485512494,13.846039762999096,13.773131122519429,958506.0204068585
True,False,2025-12-31,915000.0,32.598431,-117.033005,1611.0,91911 - Chula Vista,True,8.0,0.1607,1967.0,3.0,Chula Vista,4.0,False,2.0,Two,7000.0,False,2.0,Chula Vista Elementary,91911,0.0,7000.0,567.9702048417132,1.3333333333333333,58.0,0,402.75,0.23014285714285715,13.726679344257658,13.617059619240436,13.608558615819017,813058.7229066865
True,False,2025-12-24,430000.0,33.703658000000004,-117.195825,1404.0,SRCAR - Southwest Riverside County,True,2.0,0.16,1964.0,2.0,Menifee,2.0,False,1.0,One,6970.0,False,2.0,Perris Union High,92586,410.0,6970.0,306.2678062678063,1.0,61.0,0,702.0,0.20143472022955525,12.971540487669746,12.89921982609012,12.792468922385076,359499.8081139919
False,False,2025-12-30,945000.0,33.986011,-117.749445,1861.0,682 - Chino Hills,True,2.0,0.0841,1991.0,3.0,Chino Hills,4.0,True,2.0,Two,3663.0,False,2.0,Chino Valley Unified,91709,65.0,3663.0,507.791509940892,1.3333333333333333,34.0,0,465.25,0.508053508053508,13.758940206475879,13.901688254205327,13.762219131914085,948103.670109821
True,False,2025-12-29,630000.0,34.246528000000005,-116.892444,1446.0,289 - Big Bear Area,True,2.0,0.2893,1996.0,2.0,Big Bear Lake,3.0,True,1.0,One,12600.0,False,2.0,Bear Valley Unified,92315,0.0,12600.0,435.6846473029046,1.5,29.0,0,482.0,0.11476190476190476,13.353475098367715,13.398478813484644,13.333152893763053,617326.2267828553
True,False,2025-12-16,1250000.0,33.770863,-118.361021,3200.0,165 - PV Dr North,True,2.0,0.4902,1964.0,4.0,Palos Verdes Peninsula,4.0,True,2.0,Two,21351.0,False,2.0,Palos Verdes Peninsula Unified,90274,0.0,21351.0,390.625,1.0,61.0,0,800.0,0.14987588403353472,14.038654109278484,14.735791327008538,14.902503308397325,2965343.123673075
True,True,2025-12-01,2380000.0,32.92398131,-117.04440326,3780.0,92131 - Scripps Miramar,True,6.0,0.2409,2005.0,4.0,San Diego,4.0,True,1.0,One,10494.0,False,2.0,Middletown Unified,92131,160.0,10494.0,629.6296296296297,1.0,20.0,0,945.0,0.3602058319039451,14.682611045647658,14.323804784559034,14.714422384189174,2456928.091261445
True,False,2025-12-05,1010000.0,34.255723,-118.316371,1520.0,659 - Sunland/Tujunga,True,4.0,0.1398,1949.0,2.0,Sunland,3.0,True,1.0,One,6089.0,False,2.0,Los Angeles Unified,91040,0.0,6089.0,664.4736842105264,1.5,76.0,0,506.6666666666667,0.2496304811955986,13.825460888817442,13.77468856344402,13.806544576876439,991074.093461946
True,True,2025-12-19,1450000.0,33.916975,-117.334682,4128.0,252 - Riverside,True,4.0,0.8,1998.0,5.0,Riverside,4.0,True,1.0,One,34848.0,False,4.0,Riverside Unified,92506,0.0,34848.0,351.2596899224806,0.8,27.0,0,1032.0,0.1184573002754821,14.187074114396758,13.493926933836812,14.48330744013044,1949936.6447307211
True,False,2025-12-15,1039000.0,34.010271,-117.996923,2189.0,631 - Hacienda Heights,True,2.0,0.25,1965.0,2.0,Hacienda Heights,4.0,True,2.0,MultiSplit,10889.0,False,2.0,Hacienda La Puente Unified,91745,0.0,10889.0,474.64595705801736,2.0,60.0,0,547.25,0.20102856093305171,13.853769270081365,13.845069360205818,13.905159937655608,1093790.7112282023
True,False,2025-12-12,2205000.0,34.068342,-118.364659,2824.0,C19 - Beverly Center-Miracle Mile,True,2.0,0.1383,1929.0,4.0,Los Angeles,4.0,True,1.0,One,6026.0,False,2.0,Pomona Unified,90048,555.0,6026.0,780.8073654390935,1.0,96.0,0,706.0,0.46863591105210756,14.606238066863083,14.718711430946737,14.954018725545026,3122107.2284534085
True,False,2025-12-10,349900.0,34.505466,-117.181699,884.0,APPV - Apple Valley,True,4.0,0.45,1986.0,2.0,Apple Valley,3.0,True,1.0,One,19602.0,False,2.0,Apple Valley Unified,92307,0.0,19602.0,395.81447963800906,1.5,39.0,0,294.6666666666667,0.04509743903683298,12.765402678355779,13.049792684569493,12.74818954591903,343928.6650871875
True,False,2025-12-11,874900.0,34.869147,-120.420997,2320.0,ORCT - Orcutt,True,2.0,0.43,1966.0,3.0,Santa Maria,4.0,True,2.0,Two,0.43,False,2.0,ABC Unified,93455,0.0,18730.8,377.11206896551727,1.3333333333333333,59.0,0,580.0,0.12386016614346425,13.681864873094355,13.538369041771391,13.753890042897664,940239.6258700491
False,False,2025-12-16,2280000.0,37.58511727,-122.35494378,1339.0,699 - Not Defined,False,2.0,0.1326,1929.0,2.0,Burlingame,3.0,True,1.0,One,5777.0,False,2.0,Other,94010,293.0,5777.0,1702.7632561613143,1.5,96.0,0,446.3333333333333,0.2317812013155617,14.639686000930624,15.145220570031345,14.75300265516633,2553569.2776411497
False,False,2025-12-23,610000.0,33.9843,-117.454636,1502.0,251 - Jurupa Valley,True,2.0,0.15,1991.0,2.0,Jurupa Valley,3.0,True,1.0,One,6534.0,False,2.0,Jurupa Unified,92509,150.0,6534.0,406.12516644474033,1.5,34.0,0,500.6666666666667,0.22987450260177533,13.321214236149494,13.422467969854667,13.331296355696729,616181.2003649421
False,False,2025-12-23,270000.0,33.936402,-116.97541,628.0,263 - Banning/Beaumont/Cherry Valley,True,0.0,0.22,1947.0,1.0,Beaumont,1.0,False,1.0,One,9583.0,False,0.0,Beaumont,92223,0.0,9583.0,429.9363057324841,1.0,78.0,0,628.0,0.06553271418136283,12.506177237980511,13.197470849891134,12.722794642096847,335304.5968746501
True,False,2025-12-23,535000.0,33.92125,-117.264854,1379.0,259 - Moreno Valley,True,2.0,0.23,1977.0,2.0,Moreno Valley,4.0,True,1.0,One,10019.0,False,2.0,Moreno Valley Unified,92553,0.0,10019.0,387.962291515591,2.0,48.0,0,344.75,0.13763848687493763,13.190022025878143,13.159174447339636,13.09683913023405,487399.37128404307
False,False,2025-12-04,888000.0,37.92701713,-121.70275178,2325.0,92011 - Carlsbad,True,3.0,0.1515,2019.0,3.0,Brentwood,4.0,True,1.0,One,6600.0,False,3.0,William S. Hart Union,94513,450.0,6600.0,381.9354838709677,1.3333333333333333,6.0,0,581.25,0.3522727272727273,13.696727021974308,13.591116224748411,13.615798934364879,818966.8897521044
False,False,2025-12-15,820000.0,37.65542836,-122.1083557,1162.0,647 - Pasadena (SW),True,2.0,0.1162,1956.0,2.0,Hayward,3.0,True,1.0,One,5060.0,False,2.0,Covina Valley Unified,94541-7215,0.0,5060.0,705.6798623063684,1.5,69.0,0,387.3333333333333,0.22964426877470356,13.617059619240436,13.698976741708323,13.62799682962477,829017.7370653294
True,False,2025-12-22,1380000.0,33.845341999999995,-117.792429,3550.0,699 - Not Defined,True,6.0,0.1939999999999999,1976.0,3.0,Anaheim Hills,5.0,True,2.0,Two,8450.0,False,3.0,Anaheim Union High,92807,200.0,8450.0,388.7323943661972,1.6666666666666667,49.0,0,710.0,0.42011834319526625,14.137594057133388,13.997832114758229,14.337430899664447,1685260.8209386414
False,False,2025-12-22,522500.0,33.961940000000006,-117.248229,1441.0,259 - Moreno Valley,True,2.0,0.18,1989.0,2.0,Moreno Valley,3.0,True,1.0,One,7841.0,False,2.0,Moreno Valley Unified,92557,133.0,7841.0,362.5954198473282,1.5,36.0,0,480.3333333333333,0.1837775793903839,13.166380262821104,13.262125319779487,13.180680799176852,530025.7128574371
True,False,2025-12-23,800000.0,34.103642,-117.759198,1808.0,684 - La Verne,False,2.0,0.1703,1964.0,2.0,La Verne,4.0,True,1.0,One,7419.0,False,2.0,Bonita Unified,91750,56.0,7419.0,442.4778761061947,2.0,61.0,0,452.0,0.24369861167273218,13.592367006650065,13.758940206475879,13.756301477365781,942509.6880652354
True,False,2025-12-04,750000.0,34.122785,-117.577689,1232.0,688 - Rancho Cucamonga,True,2.0,0.1653,1977.0,2.0,Rancho Cucamonga,3.0,True,1.0,One,7200.0,False,2.0,Chaffey Joint Union High,91701,0.0,7200.0,608.7662337662338,1.5,48.0,0,410.6666666666667,0.1711111111111111,13.527828485512494,13.654166717138976,13.496263083562667,726695.688471125
False,False,2025-12-19,950000.0,34.013487,-118.327797,1550.0,PHHT - Park Hills Heights,False,2.0,0.1379,1940.0,2.0,Los Angeles,3.0,True,1.0,One,6006.0,False,2.0,Atascadero Unified,90008,0.0,6006.0,612.9032258064516,1.5,85.0,0,516.6666666666666,0.25807525807525805,13.764217263576723,14.085537695177335,14.073248113777835,1293999.1714971634
True,True,2025-12-12,959000.0,33.981074,-117.832417,1300.0,616 - Diamond Bar,True,2.0,0.2053,1963.0,2.0,Diamond Bar,3.0,True,1.0,One,8944.0,False,2.0,Antelope Valley Union,91765,0.0,8944.0,737.6923076923077,1.5,62.0,0,433.3333333333333,0.14534883720930233,13.773646353865574,13.957010120237973,13.794928938360968,979628.7363025593
True,True,2025-12-19,3219000.0,33.476387,-117.665505,3224.0,JS - San Juan South,True,2.0,0.1901,2021.0,5.0,San Juan Capistrano,4.0,True,1.0,One,8280.0,False,2.0,Capistrano Unified,92675,395.0,8280.0,998.4491315136476,0.8,4.0,0,806.0,0.3893719806763285,14.984581310280944,14.32231001513485,14.803523403579282,2685891.883998486
True,False,2025-12-19,850000.0,37.97744519,-121.78083131,3180.0,C13 - Palms - Mar Vista,True,3.0,0.1911,2002.0,3.0,Antioch,4.0,True,2.0,Two,8326.0,False,3.0,San Marcos Unified,94531,349.0,8326.0,267.29559748427675,1.3333333333333333,23.0,0,795.0,0.38193610377131876,13.652991628466498,13.415032991367148,13.550223702977146,766985.904685004
True,False,2025-12-09,1332000.0,33.993974,-118.420673,1706.0,C12 - Marina Del Rey,False,2.0,0.122,1962.0,2.0,Los Angeles,3.0,True,1.0,One,5315.0,False,2.0,Menifee Union,90066,0.0,5315.0,780.7737397420867,1.5,63.0,0,568.6666666666666,0.32097836312323613,14.102192130082472,14.628660530918916,14.461242356319685,1907382.3379253987
False,False,2025-12-12,1390000.0,34.036152,-118.38331399999998,1636.0,C09 - Beverlywood Vicinity,False,6.0,0.115,1931.0,2.0,Los Angeles,3.0,True,1.0,One,5011.0,False,2.0,Los Angeles Unified,90034,0.0,5011.0,849.6332518337408,1.5,94.0,0,545.3333333333334,0.3264817401716224,14.144814305106875,14.291744736960645,14.228311071517886,1511043.5631553733
False,False,2025-12-19,625000.0,35.125588,-120.629968,720.0,GRVC - Grover Beach,True,0.0,0.1561,1952.0,2.0,Grover Beach,2.0,False,1.0,One,6800.0,False,0.0,Lucia Mar Unified,93433,0.0,6800.0,868.0555555555555,1.0,73.0,0,360.0,0.10588235294117647,13.345506928718539,13.576613610603875,13.286748852674634,589334.2875608446
True,True,2025-12-05,700000.0,34.173101,-117.43068,1979.0,272 - Rialto,True,5.0,0.1768,1997.0,2.0,Rialto,4.0,True,1.0,One,7700.0,False,2.0,Rialto Unified,92377,0.0,7700.0,353.71399696816576,2.0,28.0,0,494.75,0.257012987012987,13.458835614025542,13.403775836842515,13.384247603663123,649688.0500442866
True,False,2025-12-01,552000.0,37.335713,-120.463735,2258.0,687 - Pomona,True,3.0,0.2086,2002.0,3.0,Merced,4.0,True,1.0,One,9087.0,False,3.0,Merced City,95340,0.0,9087.0,244.4641275465013,1.3333333333333333,23.0,0,564.5,0.24848684934521845,13.221303325259232,12.934827526010142,13.12470027691558,501169.81609458156
True,False,2025-12-10,825000.0,33.902742,-118.095938,1572.0,M1 - Norwalk,True,2.0,0.1212,1950.0,3.0,Norwalk,4.0,False,1.0,One,5281.0,False,3.0,Los Angeles Unified,90650,0.0,5281.0,524.8091603053435,1.3333333333333333,75.0,0,393.0,0.29767089566370003,13.623138665316818,13.541073712262515,13.59304004264032,800538.6100238384
True,False,2025-12-04,815000.0,32.83255897,-116.91020078,1845.0,92040 - Lakeside,True,2.0,0.1765,2016.0,3.0,Lakeside,4.0,False,2.0,Two,5663.0,False,2.0,Kern Union,92040,189.27,39204.0,441.73441734417344,1.3333333333333333,9.0,0,461.25,0.047061524334251606,13.610943392223,13.623138665316818,13.636516403242476,836110.7866829076
True,False,2025-12-01,500000.0,38.0016956,-121.79993173,1485.0,309 - Indio North of East Valley,True,1.0,0.1291,1953.0,1.0,Antioch,3.0,True,1.0,One,5625.0,False,1.0,Delhi Unified,94509,0.0,5625.0,336.7003367003367,3.0,72.0,0,495.0,0.264,13.122363377404328,13.199324418540456,13.0490705402172,464664.32409400085
True,True,2025-12-11,393000.0,39.760358,-121.840494,1623.0,604 - Altadena,True,4.0,0.31,1966.0,2.0,Chico,3.0,True,1.0,One,13504.0,False,2.0,Chico Unified,95926,0.0,13504.0,242.1441774491682,1.5,59.0,0,541.0,0.12018661137440759,12.881564890851399,13.060487973686241,12.984633005915828,435666.7982282518
True,False,2025-12-19,1000000.0,34.238215000000004,-116.864135,2554.0,289 - Big Bear Area,True,4.0,0.1405,2020.0,4.0,Big Bear Lake,4.0,True,2.0,Two,6120.0,False,2.0,Bear Valley Unified,92315,0.0,6120.0,391.54267815191855,1.0,5.0,0,638.5,0.4173202614379085,13.815510557964274,13.398478813484644,13.564203283197445,777783.3416419604
True,False,2025-12-16,1305000.0,33.739355,-117.945048,1938.0,"72 - Orange & Garden Grove, E of Harbor, N of 22 F",False,2.0,0.1417,1962.0,3.0,Garden Grove,4.0,True,1.0,One,6172.0,False,2.0,Garden Grove Unified,92843,0.0,6172.0,673.374613003096,1.3333333333333333,63.0,0,484.5,0.31399870382372,14.081713598738931,13.800396920154226,13.863191723011944,1048836.1963700298
True,False,2025-12-08,836000.0,32.62887,-116.973819,1913.0,91913 - Chula Vista,True,2.0,0.07,2004.0,3.0,Chula Vista,3.0,True,2.0,Two,0.07,True,2.0,Sweetwater Union,91913,76.0,3049.2,437.0099320439101,1.0,21.0,0,637.6666666666666,0.6273776728322183,13.636383892066839,13.764217263576723,13.62640435290518,827698.5962482223
True,False,2025-12-15,951000.0,34.085716999999995,-117.903233,2152.0,614 - Covina,True,2.0,0.1735,1954.0,3.0,Covina,4.0,True,1.0,One,7557.0,False,2.0,Covina Valley Unified,91722,0.0,7557.0,441.914498141264,1.3333333333333333,71.0,0,538.0,0.28476908826253805,13.765269341527528,13.592367006650065,13.742836287636182,929903.6779197572
False,False,2025-12-09,3500000.0,37.56931442,-122.34432779,2730.0,699 - Not Defined,True,2.0,0.1728,1952.0,3.0,San Mateo,4.0,True,1.0,Two,7526.0,False,2.0,Other,94402,0.0,7526.0,1282.051282051282,1.3333333333333333,73.0,0,682.5,0.36274249269200104,15.068273526459642,14.777515526790612,14.921496267445823,3022202.014248695
True,False,2025-12-12,970000.0,33.728434,-117.913785,1646.0,69 - Santa Ana South of First,True,2.0,0.1948,1961.0,2.0,Santa Ana,4.0,True,1.0,One,8484.0,False,2.0,Santa Ana Unified,92704,0.0,8484.0,589.3074119076549,2.0,64.0,0,411.5,0.194012258368694,13.785051350479566,13.737549016494562,13.69892738426682,889956.0729611352
False,False,2025-12-02,1300000.0,33.652512,-117.633403,2305.0,MN - Mission Viejo North,True,2.0,0.0758,1995.0,4.0,Mission Viejo,3.0,True,2.0,Two,3300.0,False,2.0,Saddleback Valley Unified,92692,467.75,3300.0,563.9913232104121,0.75,30.0,0,768.3333333333334,0.6984848484848485,14.077874822431765,14.006130917572923,14.122821588421955,1359763.8302735272
True,True,2025-12-08,890000.0,33.494556,-117.13533,2106.0,SRCAR - Southwest Riverside County,False,3.0,0.32,1987.0,3.0,Temecula,4.0,True,2.0,Two,13939.0,False,3.0,Temecula Unified,92592,82.0,13939.0,422.602089268756,1.3333333333333333,38.0,0,526.5,0.15108687854221967,13.698976741708323,13.580420735596498,13.634212483529234,834186.6719130964
False,False,2025-12-04,2870000.0,37.38652624,-122.02782240000002,1946.0,699 - Not Defined,True,2.0,0.1194,2018.0,3.0,Sunnyvale,4.0,True,2.0,One,5200.0,False,2.0,Other,94085,0.0,5200.0,1474.820143884892,1.3333333333333333,7.0,0,486.5,0.37423076923076926,14.869822587735804,14.392123922268269,14.367653293185038,1736970.901953366
True,False,2025-12-30,805000.0,34.246811,-116.897117,2297.0,289 - Big Bear Area,True,7.0,0.1664,2004.0,3.0,Big Bear Lake,3.0,True,2.0,Two,7249.0,False,3.0,Bear Valley Unified,92315,0.0,7249.0,350.4571179799739,1.0,21.0,0,765.6666666666666,0.3168712925920817,13.5985975564007,13.398478813484644,13.438409138171611,685846.5119575597
True,False,2025-12-04,1350000.0,33.687339,-117.969024,1473.0,16 - Fountain Valley / Northeast HB,True,2.0,0.1653,1963.0,2.0,Fountain Valley,3.0,True,1.0,One,7200.0,False,2.0,Fountain Valley,92708,0.0,7200.0,916.4969450101833,1.5,62.0,0,491.0,0.20458333333333334,14.115615150414612,14.22097566607244,14.101684262735757,1331323.6924459748
True,False,2025-12-08,1182500.0,34.224272,-118.890135,2150.0,TOW - Thousand Oaks West,True,3.0,0.29,1977.0,3.0,Thousand Oaks,4.0,True,2.0,Two,12632.0,False,3.0,Menifee Union,91360,0.0,12632.0,550.0,1.3333333333333333,48.0,0,537.5,0.1702026599113363,13.983141399348225,13.909911233385758,13.942112953002571,1134965.6600785917
True,False,2025-12-04,1000000.0,37.90691249,-122.29768929,1847.0,SRCAR - Southwest Riverside County,True,2.0,0.1148,1938.0,3.0,El Cerrito,3.0,False,2.0,Two,5000.0,False,2.0,San Bernardino City Unified,94530,359.0,5000.0,541.4185165132648,1.0,87.0,0,615.6666666666666,0.3694,13.815510557964274,14.137594057133388,14.278594040660247,1588965.9880436864
False,False,2025-12-15,793535.0,34.05337,-117.033015,2440.0,269 - Yucaipa/Calimesa/Oak Glen,True,3.0,0.4618,1999.0,3.0,Yucaipa,4.0,True,1.0,One,20115.0,False,3.0,Yucaipa/Calimesa Unified,92399,0.0,20115.0,325.219262295082,1.3333333333333333,26.0,0,610.0,0.12130251056425553,13.584252926356447,13.274219822166483,13.51435127003287,739959.8966775758
False,False,2025-12-31,1380000.0,34.066604,-117.87424,2805.0,669 - West Covina,False,2.0,0.374,1964.0,3.0,West Covina,4.0,True,1.0,One,16293.0,False,2.0,Covina Valley Unified,91791,0.0,16293.0,491.97860962566847,1.3333333333333333,61.0,0,701.25,0.17215982323697293,14.137594057133388,13.785051350479566,14.07459443044009,1295742.4774002654
True,False,2025-12-23,1825000.0,37.91134541,-122.1091523,3049.0,92067 - Rancho Santa Fe,True,2.0,1.17,1959.0,3.0,Lafayette,4.0,True,2.0,Two,50965.0,False,2.0,Sweetwater Union,94549,151.0,50965.0,598.556903902919,1.3333333333333333,66.0,0,762.25,0.05982537035220249,14.417090544998729,14.527484500631974,14.695781182659264,2411552.24370728
True,True,2025-12-01,1300000.0,33.734502,-117.974777,2659.0,59 - Westminster North of 405 & Westminster,True,2.0,0.1653,1968.0,3.0,Westminster,6.0,True,2.0,Two,7199.0,False,2.0,Westminster Unified,92683,0.0,7199.0,488.90560361037984,2.0,57.0,0,443.1666666666667,0.3693568551187665,14.077874822431765,13.933293593620657,14.086219837091502,1310893.910759895
True,False,2025-12-22,825000.0,34.263664,-118.297186,997.0,659 - Sunland/Tujunga,False,2.0,0.2746,1939.0,1.0,Tujunga,3.0,False,1.0,One,11962.0,False,2.0,Los Angeles Unified,91042,0.0,11962.0,827.482447342026,3.0,86.0,0,332.3333333333333,0.08334726634342084,13.623138665316818,13.684633332743342,13.520231443641455,744323.8070346524
True,False,2025-12-05,2150000.0,37.85637837,-122.24251483,2965.0,LAC - Lancaster,False,1.0,0.1377,1921.0,3.0,Berkeley,3.0,True,1.0,ThreeOrMore,6000.0,False,1.0,Berkeley,94705,0.0,6000.0,725.1264755480607,1.0,104.0,0,988.3333333333334,0.49416666666666664,14.580978400103845,14.521080258522776,14.591190147626772,2172067.7405035635
False,False,2025-12-01,1330000.0,34.169751,-118.420891,1942.0,SO - Sherman Oaks,True,2.0,0.1403,1956.0,2.0,Sherman Oaks,3.0,True,1.0,One,6112.0,False,2.0,Saddleback Valley Unified,91401,174.0,6112.0,684.8609680741504,1.5,69.0,0,647.3333333333334,0.31773560209424084,14.100689500197937,14.070122729163781,14.08404775136777,1308049.6269434094
False,False,2025-12-15,550000.0,34.0183,-117.694664,1232.0,681 - Chino,False,1.0,0.1561,1922.0,1.0,Chino,5.0,False,2.0,Two,6800.0,False,1.0,Chino Valley Unified,91710,0.0,6800.0,446.4285714285714,5.0,103.0,0,246.4,0.1811764705882353,13.217673557208654,13.567049198665774,13.502493682554006,731237.5725307205
False,False,2025-12-31,505000.0,33.714191,-117.030057,1672.0,SRCAR - Southwest Riverside County,True,3.0,0.15,2022.0,2.0,Hemet,3.0,False,1.0,One,6534.0,False,3.0,Hemet Unified,92545,120.0,6534.0,302.0334928229665,1.5,3.0,0,557.3333333333334,0.2558922558922559,13.132313708257497,12.990536830078119,13.061936074041672,470681.10019875027
True,True,2025-12-10,1935000.0,33.520193,-117.723106,2739.0,LNSMT - Summit,True,6.0,0.1263,1987.0,3.0,Laguna Niguel,4.0,True,2.0,Two,5500.0,False,3.0,Capistrano Unified,92677,195.0,5500.0,706.4622124863089,1.3333333333333333,38.0,0,684.75,0.498,14.475617884446018,14.349075668699754,14.479307987919903,1942153.540757367
True,False,2025-12-19,1081588.0,34.241183,-118.264724,1368.0,635 - La Crescenta/Glendale Montrose & Annex,True,0.0,0.1391,1932.0,2.0,La Crescenta,2.0,True,2.0,Two,6059.0,False,0.0,Glendale Unified,91214,0.0,6059.0,790.6345029239766,1.0,93.0,0,684.0,0.22577983165538867,13.893940889534734,14.115615150414612,14.044621605225988,1257481.6711530488
False,False,2025-12-10,977000.0,33.248241,-117.318908,2002.0,92057 - Oceanside,True,3.0,0.2297,1990.0,3.0,Oceanside,4.0,True,2.0,Two,10006.0,False,3.0,Oceanside Unified,92057,0.0,10006.0,488.011988011988,1.3333333333333333,35.0,0,500.5,0.20007995202878273,13.79224193102492,13.681979165339751,13.737743411008955,925179.8324044633
True,False,2025-12-24,205000.0,39.933446,-122.056744,1221.0,SO - Sherman Oaks,True,1.0,0.1676,1952.0,2.0,Vina,3.0,True,1.0,One,7301.0,False,0.0,Corning Union,96092,0.0,7301.0,167.8951678951679,1.5,73.0,0,407.0,0.16723736474455553,12.230765258120545,12.84792653170257,12.696298479736752,326536.9788843767
False,False,2025-12-26,1270000.0,32.78227345,-117.05939502,1552.0,92120 - Del Cerro,True,4.0,0.1928,1990.0,3.0,San Diego,4.0,False,1.0,One,8400.0,False,2.0,Rim of the World,92120,0.0,8400.0,818.2989690721649,1.3333333333333333,35.0,0,388.0,0.18476190476190477,14.054527458434775,13.996998434009651,13.885297738665589,1072279.9551015738
True,False,2025-12-08,1020000.0,33.899449,-117.925258,1963.0,83 - Fullerton,False,2.0,0.0579,1977.0,3.0,Fullerton,3.0,True,2.0,Two,2520.0,False,2.0,Fullerton Joint Union High,92835,627.0,2520.0,519.6128374936322,1.0,48.0,0,654.3333333333334,0.778968253968254,13.835313185260453,14.145874202616191,13.968637187572538,1165472.5529317427
False,False,2025-12-15,1345000.0,33.641352000000005,-117.934937,1000.0,C2 - Southwest Costa Mesa,False,4.0,0.186,1955.0,2.0,Costa Mesa,3.0,False,1.0,One,8100.0,False,2.0,Newport Mesa Unified,92627,0.0,8100.0,1345.0,1.5,70.0,0,333.3333333333333,0.12345679012345678,14.111904571018076,14.375126345899696,14.100038963123827,1329135.067057411
False,False,2025-12-31,670000.0,33.795477000000005,-118.18049,1550.0,9 - Poly High,True,2.0,0.0797,1971.0,2.0,Long Beach,3.0,True,1.0,One,3470.0,False,2.0,Long Beach Unified,90806,0.0,3470.0,432.258064516129,1.5,54.0,0,516.6666666666666,0.44668587896253603,13.415032991367148,13.579788224443204,13.487961114819807,720687.6573306642
False,False,2025-12-18,770000.0,32.57660675,-117.04138014,1492.0,92154 - Otay Mesa,True,4.0,0.1469,1971.0,3.0,San Diego,3.0,False,1.0,One,6400.0,False,2.0,Inglewood Unified,92154,0.0,6400.0,516.0857908847184,1.0,54.0,0,497.3333333333333,0.233125,13.554145793829866,13.579788224443204,13.560891505819088,775211.756974212
True,False,2025-12-15,500000.0,37.91056569,-121.72825754,1364.0,267 - Loma Linda,True,2.0,0.1033,2000.0,2.0,Brentwood,2.0,True,1.0,One,4500.0,False,2.0,Newport Mesa Unified,94513,185.0,4500.0,366.5689149560117,1.0,25.0,0,682.0,0.3031111111111111,13.122363377404328,13.591116224748411,13.276366800614483,583247.439964361
False,False,2025-12-17,769800.0,33.911921,-118.087617,1560.0,M1 - Norwalk,False,2.0,0.1201,1952.0,2.0,Norwalk,3.0,False,1.0,One,5233.0,False,2.0,Norwalk - La Mirada,90650,0.0,5233.0,493.46153846153845,1.5,73.0,0,520.0,0.29810815975539845,13.553886019831783,13.541073712262515,13.532150024306652,753248.1675815783
True,False,2025-12-03,2330000.0,37.5418056,-122.00104582,2279.0,699 - Not Defined,True,2.0,0.2365,1955.0,3.0,Fremont,3.0,True,1.0,One,10302.0,False,2.0,Beaumont,94536,519.0,10302.0,1022.3782360684512,1.0,70.0,0,759.6666666666666,0.22121918074160357,14.661378825541883,14.316285845876763,14.414964208775887,1821123.5591621452
False,False,2025-12-12,800000.0,37.34525433,-121.86409244,876.0,699 - Not Defined,False,0.0,0.0826,1925.0,1.0,San Jose,2.0,True,1.0,Two,3600.0,False,0.0,San Jose Unified,95116,0.0,3600.0,913.24200913242,2.0,100.0,0,438.0,0.24333333333333335,13.592367006650065,13.845069360205818,13.565642828685723,778903.8024259188
False,False,2025-12-08,1809000.0,32.77968487,-117.1944099,1764.0,92110 - Old Town Sd,True,4.0,0.4545,1957.0,2.0,San Diego,3.0,True,1.0,One,19800.0,False,2.0,Moreno Valley Unified,92110,0.0,19800.0,1025.5102040816328,1.5,68.0,0,588.0,0.0890909090909091,14.408284764377433,14.226957737749986,14.202906243175052,1473139.2753906918
True,False,2025-12-09,850000.0,34.444106,-118.485557,1677.0,PLUM - Plum Canyon,True,2.0,0.1,2006.0,3.0,Saugus,3.0,True,2.0,Two,4356.0,False,2.0,William S. Hart Union,91350,85.0,4356.0,506.8574836016696,1.0,19.0,0,559.0,0.3849862258953168,13.652991628466498,13.652991628466498,13.574778340025194,786052.0888563956
False,False,2025-12-19,605000.0,33.915004,-117.181417,1812.0,259 - Moreno Valley,True,2.0,0.0826,2025.0,3.0,Moreno Valley,4.0,False,2.0,Two,3600.0,True,2.0,Moreno Valley Unified,92555,132.0,3600.0,333.88520971302427,1.3333333333333333,0.0,0,453.0,0.5033333333333333,13.312983737012978,13.304684934198283,13.28213466008773,586621.2497130894
True,False,2025-12-10,515000.0,33.904936,-116.949195,1859.0,263 - Banning/Beaumont/Cherry Valley,True,2.0,0.14,2016.0,2.0,Beaumont,3.0,False,1.0,One,6098.0,False,2.0,Beaumont,92223,298.0,6098.0,277.03066164604627,1.5,9.0,0,619.6666666666666,0.3048540505083634,13.151922179645874,13.197470849891134,13.207501989222985,544433.9931051941
True,False,2025-12-04,1699000.0,34.009639,-118.331731,2822.0,PHHT - Park Hills Heights,True,2.0,0.1892,1953.0,3.0,Los Angeles,3.0,True,1.0,MultiSplit,8240.0,False,2.0,Rowland Unified,90008,100.0,8240.0,602.0552799433026,1.0,72.0,0,940.6666666666666,0.34247572815533983,14.34555040065407,14.085537695177335,14.42928062697663,1847383.048032371
True,False,2025-12-05,667000.0,34.893525,-120.42788,1278.0,OREA - SM/Orcutt East,True,2.0,0.26,1959.0,2.0,Santa Maria,3.0,True,1.0,One,11326.0,False,2.0,Santa Maria Joint Union,93455,0.0,11326.0,521.9092331768388,1.5,66.0,0,426.0,0.11283771852375066,13.410545324897761,13.538369041771391,13.498355255886986,728217.6526292318
True,True,2025-12-04,1520000.0,34.259091999999995,-118.568989,2333.0,CHT - Chatsworth,True,3.0,0.3821,1965.0,3.0,Chatsworth,4.0,True,1.0,One,16645.0,False,3.0,Los Angeles Unified,91311,0.0,16645.0,651.5216459494213,1.3333333333333333,60.0,0,583.25,0.14016221087413638,14.234220892822458,13.944283046980045,14.097149660559001,1325300.3362157058
True,False,2025-12-12,830000.0,33.958541,-117.353085,2499.0,252 - Riverside,True,0.0,0.3,1951.0,3.0,Riverside,4.0,True,1.0,One,13068.0,False,0.0,Riverside Unified,92506,0.0,13068.0,332.1328531412565,1.3333333333333333,74.0,0,624.75,0.19123048668503215,13.62918097977278,13.493926933836812,13.697752985249124,888911.5229025931
False,False,2025-12-02,700000.0,34.244304,-118.441126,1317.0,ARL - Arleta,False,4.0,0.165,1951.0,2.0,Arleta,3.0,True,1.0,One,7187.0,False,2.0,Los Angeles Unified,91331,0.0,7187.0,531.5110098709188,1.5,74.0,0,439.0,0.18324753026297483,13.458835614025542,13.541073712262515,13.517371264139227,742197.9489558397
True,False,2025-12-10,399900.0,33.764996999999994,-116.246557,1321.0,309 - Indio North of East Valley,True,0.0,0.11,2014.0,2.0,Indio,2.0,False,1.0,One,4792.0,False,2.0,William S. Hart Union,92203,369.0,4792.0,302.7252081756245,1.0,11.0,0,660.5,0.2756677796327212,12.89896979483491,13.255142955086335,13.065852495418023,472528.10017528007
False,False,2025-12-10,801500.0,32.648708,-117.092851,1580.0,91910 - Chula Vista,True,2.0,0.0,1953.0,2.0,Chula Vista,3.0,False,1.0,One,0.17,False,2.0,Chula Vista Elementary,91910,0.0,0.17,507.27848101265823,1.5,72.0,0,526.6666666666666,9294.117647058823,13.594240251031744,13.710150042306449,13.686516124565605,878978.8584568481
False,False,2025-12-12,1010000.0,33.718555,-117.767604,1868.0,NW - Northwood,False,2.0,0.0528,1980.0,3.0,Irvine,3.0,True,2.0,Two,2300.0,False,2.0,Irvine Unified,92620,350.0,2300.0,540.6852248394005,1.0,45.0,0,622.6666666666666,0.8121739130434783,13.825460888817442,14.503142431449666,14.235614066583604,1522119.0999113852
True,False,2025-12-17,810000.0,33.204531,-117.269964,1722.0,92083 - Vista,True,2.0,0.2319,1960.0,2.0,Vista,4.0,False,1.0,One,10100.0,False,2.0,Vista Unified,92083,0.0,10100.0,470.38327526132406,2.0,65.0,0,430.5,0.1704950495049505,13.604789526648622,13.614617615584883,13.611520392679244,815470.3910667187
True,False,2025-12-18,1320000.0,34.138174,-117.834078,2302.0,629 - Glendora,True,6.0,0.3497,1961.0,3.0,Glendora,3.0,True,1.0,One,15231.0,False,2.0,Glendora Unified,91741,0.0,15231.0,573.4144222415291,1.0,64.0,0,767.3333333333334,0.15113912415468453,14.093142294562554,13.868095806767045,14.044936708724453,1257877.9704612554
False,False,2025-12-05,717000.0,33.18506312,-117.22224449,1446.0,92084 - Vista,True,5.0,0.4905,1967.0,2.0,Vista,3.0,True,1.0,One,21368.0,False,2.0,Other,92084,0.0,21368.0,495.850622406639,1.5,58.0,0,482.0,0.06767128416323474,13.482831119581757,13.773646353865574,13.673674036299108,867763.1053584835
True,True,2025-12-16,725000.0,33.467791,-117.12458,1754.0,SRCAR - Southwest Riverside County,True,2.0,0.24,1986.0,2.0,Temecula,5.0,True,1.0,One,10454.0,False,2.0,Temecula Unified,92592,42.0,10454.0,413.3409350057012,2.5,39.0,0,350.8,0.16778266692175245,13.493926933836812,13.580420735596498,13.498404123014787,728253.2394038339
False,False,2025-12-08,859250.0,32.79450677,-117.07688717,1174.0,92120 - Del Cerro,True,5.0,0.1377,1956.0,2.0,San Diego,4.0,False,1.0,One,6000.0,False,2.0,Saddleback Valley Unified,92120,115.0,6000.0,731.8994889267461,2.0,69.0,0,293.5,0.19566666666666666,13.66381519471208,13.996998434009651,13.81704636365471,1001536.9856439772
True,False,2025-12-08,1345000.0,37.86987356,-122.15110034,1860.0,263 - Banning/Beaumont/Cherry Valley,False,0.0,0.6523,1956.0,2.0,Orinda,4.0,True,1.0,One,28416.0,False,0.0,Moreno Valley Unified,94563,0.0,28416.0,723.1182795698925,2.0,69.0,0,465.0,0.06545608108108109,14.111904571018076,14.408837403242009,14.294069957504924,1613747.96080536
True,False,2025-12-17,600000.0,35.748721999999994,-120.993609,1375.0,PRNW - PR North 46-West 101,True,2.0,0.18,1975.0,2.0,Bradley,2.0,True,1.0,MultiSplit,7841.0,False,2.0,Paso Robles Joint Unified,93426,3658.56,7841.0,436.3636363636364,1.0,50.0,0,687.5,0.1753602856778472,13.304684934198283,13.217673557208654,12.967089379831206,428090.2769740026
False,True,2025-12-12,1215000.0,37.40583674,-121.88197699,1248.0,699 - Not Defined,False,2.0,0.0861,1973.0,2.0,San Jose,3.0,False,2.0,Two,3750.0,False,2.0,Other,95132,350.0,3750.0,973.5576923076924,1.5,52.0,0,416.0,0.3328,14.010254634756786,14.316285845876763,13.991035833950404,1191872.1140135587
False,False,2025-12-02,1450000.0,37.79676483,-122.18128041,2806.0,658 - So. Pasadena,True,2.0,0.1739,1993.0,3.0,Oakland,4.0,True,1.0,MultiSplit,7576.0,False,2.0,Orange Unified,94619,125.0,7576.0,516.7498218104063,1.3333333333333333,32.0,0,701.5,0.3703801478352693,14.187074114396758,13.80285165397213,14.00149708226973,1204406.0300605036
False,False,2025-12-12,380000.0,34.458091,-117.20866200000002,1589.0,APPV - Apple Valley,True,2.0,0.4164,1987.0,2.0,Apple Valley,4.0,True,1.0,One,18139.0,False,2.0,Apple Valley Unified,92308,0.0,18139.0,239.14411579609816,2.0,38.0,0,397.25,0.08760130106400574,12.84792653170257,12.936033799212835,12.945646397781784,419008.463415152
True,False,2025-12-09,800000.0,32.676684,-117.068023,1595.0,92139 - Paradise Hills,False,5.0,0.186,1954.0,3.0,San Diego,4.0,False,2.0,Two,8100.0,False,1.0,San Diego Unified,92139,0.0,8100.0,501.56739811912223,1.3333333333333333,71.0,0,398.75,0.19691358024691358,13.592367006650065,13.567049198665774,13.622427934288032,824413.8552215658
True,False,2025-12-12,577000.0,33.494078,-117.106033,1069.0,SRCAR - Southwest Riverside County,True,2.0,0.12,1993.0,2.0,Temecula,3.0,True,1.0,One,5227.0,False,2.0,Temecula Unified,92592,130.0,5227.0,539.7567820392891,1.5,32.0,0,356.3333333333333,0.20451501817486128,13.265597545490236,13.580420735596498,13.352308045162406,629265.1853479549
True,False,2025-12-08,775000.0,33.871122,-117.869947,828.0,84 - Placentia,False,7.0,0.1506,1947.0,1.0,Placentia,2.0,False,1.0,One,6562.0,False,3.0,Placentia-Yorba Linda Unified,92870,0.0,6562.0,935.9903381642512,2.0,78.0,0,414.0,0.12618104236513258,13.560618308335483,13.980176819817759,13.567144212215956,780074.114090007
False,False,2025-12-09,535000.0,38.00587479,-121.80690163,1400.0,92127 - Rancho Bernardo,True,2.0,0.1228,1940.0,2.0,Antioch,3.0,False,1.0,One,5350.0,False,1.0,Antioch,94509,398.0,5350.0,382.1428571428572,1.5,85.0,0,466.6666666666667,0.2616822429906542,13.190022025878143,13.199324418540456,13.175570498837327,527324.0313585757
True,False,2025-12-05,1425000.0,37.94765129,-121.65399686,2512.0,SRCAR - Southwest Riverside County,False,0.0,5.27,1934.0,3.0,Brentwood,3.0,True,1.0,One,229561.0,False,0.0,Ventura Unified,94513,0.0,229561.0,567.2770700636943,1.0,91.0,0,837.3333333333334,0.010942625271714272,14.169682371684887,13.591116224748411,14.001679288697503,1204625.5005746915
True,False,2025-12-09,600000.0,33.696546999999995,-117.161975,2121.0,699 - Not Defined,True,2.0,0.14,2002.0,2.0,Menifee,3.0,False,1.0,One,6098.0,False,2.0,Perris Union High,92584,330.0,6098.0,282.88543140028287,1.5,23.0,0,707.0,0.34781895703509347,13.304684934198283,13.353475098367715,13.304114368560969,599657.7582625833
True,False,2025-12-05,1817500.0,34.143544,-118.455213,2000.0,SO - Sherman Oaks,True,2.0,0.2995,1941.0,2.0,Sherman Oaks,3.0,True,2.0,Two,13045.0,False,2.0,Riverside Unified,91403,0.0,13045.0,908.75,1.5,84.0,0,666.6666666666666,0.15331544653123802,14.412972488389812,14.557447902693651,14.419238530194994,1828924.2861286025
False,False,2025-12-01,1480000.0,37.64699511,-121.8765803,2047.0,683 - Claremont,True,2.0,0.1547,1967.0,2.0,Pleasanton,4.0,True,1.0,One,6740.0,False,2.0,Pleasanton,94566,65.0,6740.0,723.009281875916,2.0,58.0,0,511.75,0.30370919881305636,14.207552645740298,14.430696197054507,14.317838587026053,1652564.0130054238
True,False,2025-12-05,826000.0,32.788142,-116.992401,1466.0,91942 - La Mesa,True,4.0,0.1561,1956.0,2.0,La Mesa,3.0,True,1.0,One,6800.0,False,2.0,Grossmont Union,91942,0.0,6800.0,563.43792633015,1.5,69.0,0,488.6666666666667,0.21558823529411764,13.624350052503114,13.683121369918528,13.672488862504906,866735.2644717912
True,False,2025-12-23,772000.0,35.632015,-120.53994,1590.0,PRNE - PR North 46-East 101,True,2.0,1.0,1986.0,2.0,Paso Robles,3.0,True,1.0,One,43560.0,False,2.0,Paso Robles Joint Unified,93446,0.0,43560.0,485.5345911949685,1.5,39.0,0,530.0,0.03650137741046832,13.556739829006913,13.591116224748411,13.545514480355283,763382.4886155908
True,False,2025-12-01,1215000.0,32.967545,-117.08576,1525.0,92128 - Rancho Bernardo,True,4.0,0.12,1988.0,2.0,San Diego,3.0,True,1.0,One,0.12,False,2.0,Poway Unified,92128,58.0,5227.2,796.7213114754098,1.5,37.0,0,508.3333333333333,0.2917431894704622,14.010254634756786,13.983960916083914,13.850959405404154,1036084.6483902741
True,True,2025-12-24,975000.0,34.243265,-119.094412,2036.0,VC43 - Las Posas Estates,True,2.0,0.0467,2000.0,3.0,Camarillo,3.0,True,2.0,Two,2036.0,False,2.0,Los Angeles Unified,93010,225.0,2036.0,478.8801571709234,1.0,25.0,0,678.6666666666666,1.0,13.790192749979985,13.790192749979985,13.777273738996406,962484.9792000764
True,False,2025-12-24,512000.0,37.76124512,-122.20333373,880.0,TC - Trabuco Canyon,False,3.0,0.0803,1928.0,1.0,Oakland,2.0,False,1.0,One,3500.0,False,0.0,Los Angeles Unified,94621,0.0,3500.0,581.8181818181819,2.0,97.0,0,440.0,0.25142857142857145,13.146079904021645,13.142166004700508,12.953655305555719,422377.7376489612
False,False,2025-12-12,705000.0,34.090284000000004,-118.037466,1024.0,619 - El Monte,False,2.0,0.1211,1951.0,1.0,El Monte,3.0,False,1.0,One,5273.0,False,2.0,El Monte Union High,91731,0.0,5273.0,688.4765625,3.0,74.0,0,341.3333333333333,0.19419685188697136,13.465953081794405,13.507625778194974,13.432794172705682,682006.2988993045
True,False,2025-12-08,985000.0,33.729125,-118.316431,1580.0,179 - South Shores,True,4.0,0.1757,1957.0,2.0,San Pedro,3.0,True,1.0,One,7653.0,False,2.0,Los Angeles Unified,90732,0.0,7653.0,623.4177215189874,1.5,68.0,0,526.6666666666666,0.20645498497321313,13.800396920154226,13.946538820370678,13.847501665842737,1032508.3240747922
False,False,2025-12-30,900000.0,32.827229,-117.185536,1228.0,92117 - Clairemont Mesa,True,0.0,0.12,1963.0,1.0,San Diego,3.0,False,1.0,One,0.12,False,0.0,Claremont Unified,92117,0.0,5227.2,732.899022801303,3.0,62.0,0,409.3333333333333,0.2349250076522804,13.710150042306449,13.964016766263498,13.72681595909595,915125.0111160286
False,True,2025-12-05,900000.0,34.003226,-117.663637,1842.0,681 - Chino,True,3.0,0.1722,1989.0,3.0,Chino,4.0,True,2.0,Two,7500.0,False,3.0,Chino Valley Unified,91710,0.0,7500.0,488.599348534202,1.3333333333333333,36.0,0,460.5,0.2456,13.710150042306449,13.567049198665774,13.55184493106163,768230.3722844166
True,True,2025-12-24,2700000.0,34.130342,-118.33061200000002,2992.0,C30 - Hollywood Hills East,True,2.0,0.4901,1973.0,4.0,Los Angeles,5.0,True,2.0,Two,21350.0,False,2.0,Los Angeles Unified,90068,0.0,21350.0,902.4064171122994,1.25,52.0,0,598.4,0.14014051522248244,14.808762330974558,14.457364444136669,14.637054636974067,2274008.3767070435
True,False,2025-12-15,2047000.0,34.096861,-118.272603,1760.0,C21 - Silver Lake - Echo Park,False,2.0,0.1524,1934.0,2.0,Los Angeles,3.0,True,2.0,Two,6638.0,False,2.0,Hemet Unified,90039,134.0,6638.0,1163.0681818181818,1.5,91.0,0,586.6666666666666,0.26514010244049413,14.531885864643426,14.283164926819232,14.246375371626632,1538587.5398824636
True,False,2025-12-24,1758800.0,37.78334687,-122.29005646,2806.0,659 - Sunland/Tujunga,True,2.0,0.1065,2007.0,3.0,Alameda,4.0,True,2.0,Two,4640.0,False,2.0,Lake Elsinore Unified,94501,165.0,4640.0,626.79971489665,1.3333333333333333,18.0,0,701.5,0.6047413793103448,14.380142316288792,14.096915897380246,14.313640656168353,1645641.2044432478
True,False,2025-12-30,920000.0,37.94510291,-122.02055971,1266.0,629 - Glendora,True,2.0,0.1492,1963.0,2.0,Concord,3.0,True,1.0,One,6500.0,False,2.0,San Diego Unified,94518,0.0,6500.0,726.698262243286,1.5,62.0,0,422.0,0.19476923076923078,13.732128949025222,13.753635154246187,13.600126038123284,806231.3686091532
True,True,2025-12-05,1640000.0,33.694148,-116.269428,2635.0,313 - La Quinta South of HWY 111,True,2.0,0.21,2003.0,4.0,La Quinta,3.0,True,1.0,One,9148.0,False,2.0,Fremont Unified,92253,1198.0,9148.0,622.3908918406072,0.75,22.0,0,878.3333333333334,0.2880411018801924,14.310206799800381,13.545013310266594,13.960350899009185,1155855.0129316992
True,False,2025-12-12,1585000.0,37.88505594,-122.02277714,2228.0,87 - La Habra,True,2.0,0.4988,1949.0,2.0,Walnut Creek,4.0,True,2.0,Two,21726.0,False,2.0,Acalanes,94596,0.0,21726.0,711.4003590664273,2.0,76.0,0,557.0,0.10254994016385897,14.276094965293519,14.269765830241871,14.355923026294711,1716714.8066626238
True,True,2025-12-17,795000.0,34.029228,-117.818305,1260.0,616 - Diamond Bar,True,2.0,0.1696,1976.0,2.0,Diamond Bar,3.0,True,1.0,One,7389.0,False,2.0,Pomona Unified,91765,0.0,7389.0,630.952380952381,1.5,49.0,0,420.0,0.1705237515225335,13.58609739363647,13.957010120237973,13.744809850777209,931740.7136999934
True,False,2025-12-12,840000.0,37.72984001,-122.158306,1108.0,PLM - Palmdale,True,6.0,0.1258,1938.0,1.0,San Leandro,2.0,True,1.0,One,5480.0,False,2.0,Hesperia Unified,94577,0.0,5480.0,758.1227436823104,2.0,87.0,0,554.0,0.2021897810218978,13.641157170819497,13.667799101765917,13.504420424889227,732647.8370907549
True,False,2025-12-29,513000.0,33.689495,-117.204225,1206.0,SRCAR - Southwest Riverside County,True,4.0,0.17,1989.0,2.0,Menifee,3.0,True,1.0,One,7405.0,False,2.0,Riverside Unified,92586,0.0,7405.0,425.3731343283582,1.5,36.0,0,402.0,0.16286293045239703,13.148031124152906,12.89921982609012,12.823489598075854,370826.5077345146
True,False,2025-12-26,410000.0,33.654887,-117.36927,895.0,SRCAR - Southwest Riverside County,True,0.0,0.08,1922.0,2.0,Lake Elsinore,2.0,False,1.0,One,3485.0,False,0.0,Lake Elsinore Unified,92530,75.0,3485.0,458.1005586592179,1.0,103.0,0,447.5,0.2568149210903874,12.92391243868049,13.270783382522602,13.104050034318933,490926.66360061243
False,True,2025-12-04,1080000.0,33.895303000000006,-117.990744,1627.0,M3 - La Mirada,True,6.0,0.1653,1960.0,3.0,La Mirada,4.0,True,1.0,One,7200.0,False,2.0,Fullerton Joint Union High,90638,0.0,7200.0,663.79840196681,1.3333333333333333,65.0,0,406.75,0.2259722222222222,13.892471599100402,13.709037694795391,13.719484172028656,908440.0457119081
True,False,2025-12-02,669900.0,33.927336,-118.040017,859.0,670 - Whittier,False,1.0,0.1107,1953.0,1.0,Whittier,3.0,False,1.0,One,4821.0,False,1.0,Whittier Union High,90605,0.0,4821.0,779.860302677532,3.0,72.0,0,286.3333333333333,0.1781788010786144,13.41488372649636,13.602934236950354,13.412371924978789,668219.4556438786
True,False,2025-12-17,2260000.0,34.121463,-118.361629,2558.0,C03 - Sunset Strip - Hollywood Hills West,False,2.0,0.1826,1958.0,3.0,Los Angeles,3.0,True,1.0,One,7955.0,False,2.0,Los Angeles Unified,90046,0.0,7955.0,883.5027365129007,1.0,67.0,0,852.6666666666666,0.32155876807039596,14.630875371248468,14.637490610367188,14.691060868051006,2400195.7825439456
True,False,2025-12-15,730000.0,34.119296000000006,-117.467539,2440.0,264 - Fontana,True,2.0,0.1225,2003.0,3.0,Fontana,5.0,False,2.0,Two,5338.0,False,2.0,Fontana Unified,92336,0.0,5338.0,299.1803278688525,1.6666666666666667,22.0,0,488.0,0.45710003746721617,13.500799813124575,13.487006490992238,13.510586657224021,737179.4710691918
True,False,2025-12-12,1080888.0,33.617331,-117.585079,1434.0,CC - Coto De Caza,True,2.0,0.1136,1988.0,2.0,Coto de Caza,2.0,True,1.0,One,4950.0,False,2.0,Capistrano Unified,92679,550.0,4950.0,753.7573221757323,1.0,37.0,0,717.0,0.2896969696969697,13.893293483483106,14.357834848789636,13.95803834985346,1153185.1297053557
False,False,2025-12-03,1125000.0,32.63481788,-116.99080543,2454.0,91913 - Chula Vista,True,6.0,0.1824,2000.0,3.0,Chula Vista,4.0,True,1.0,One,7944.0,False,3.0,Palos Verdes Peninsula Unified,91913,89.0,7944.0,458.43520782396087,1.3333333333333333,25.0,0,613.5,0.30891238670694865,13.933293593620657,13.764217263576723,13.858365269783134,1043786.2340301753
False,True,2025-12-16,1318000.0,33.62583,-117.700565,2492.0,LS - Lake Forest South,True,2.0,0.3737,1969.0,3.0,Lake Forest,4.0,True,1.0,One,16280.0,False,2.0,Saddleback Valley Unified,92630,0.0,16280.0,528.892455858748,1.3333333333333333,56.0,0,623.0,0.15307125307125308,14.09162599404459,14.077874822431765,14.262744774105897,1563980.5658856842
False,False,2025-12-16,1515000.0,34.259423,-118.785389,2682.0,SVW - West Simi,False,8.0,0.26,2025.0,4.0,Simi Valley,4.0,True,1.0,One,11325.0,True,2.0,Simi Valley Unified,93065,0.0,11325.0,564.8769574944072,1.0,0.0,0,670.5,0.23682119205298013,14.230925996925606,13.676248490630767,14.022683192825484,1230194.9279808372
True,False,2025-12-03,1100000.0,37.6789294,-121.72021979999998,2087.0,92111 - Linda Vista,True,2.0,0.0667,2018.0,3.0,Livermore,3.0,False,2.0,Two,2907.0,False,2.0,ABC Unified,94550,132.0,2907.0,527.0723526593196,1.0,7.0,0,695.6666666666666,0.717922256621947,13.9108207377686,14.077490059042251,14.018522955652049,1225087.656407611
False,False,2025-12-02,1185000.0,32.637478,-116.958634,2248.0,91915 - Chula Vista,True,3.0,0.1912,1995.0,3.0,Chula Vista,4.0,True,2.0,Two,8329.0,False,3.0,Other,91915,123.0,8329.0,527.1352313167259,1.3333333333333333,30.0,0,562.0,0.26990034818105413,13.985253332551368,13.72940414664144,13.858282958807038,1043700.3225021967
False,False,2025-12-09,800000.0,32.666807,-117.055472,1844.0,92139 - Paradise Hills,True,2.0,0.1009999999999999,1972.0,2.0,San Diego,4.0,True,2.0,Two,4400.0,False,2.0,San Diego Unified,92139,0.0,4400.0,433.8394793926247,2.0,53.0,0,461.0,0.41909090909090907,13.592367006650065,13.567049198665774,13.575125105142416,786324.7115664212
False,True,2025-12-02,1885000.0,33.752559000000005,-117.823831,2330.0,71 - Tustin,True,3.0,0.2382,1968.0,3.0,Tustin,3.0,True,1.0,One,10375.0,False,3.0,Tustin Unified,92780,0.0,10375.0,809.0128755364807,1.0,57.0,0,776.6666666666666,0.22457831325301206,14.449438378864247,14.077874822431765,14.230940008952969,1515021.2283701792
True,False,2025-12-10,1198000.0,33.791813,-118.111957,1820.0,"34 - Los Altos, X-100",True,1.0,0.1421,1952.0,2.0,Long Beach,3.0,True,1.0,One,6190.0,False,1.0,Long Beach Unified,90815,0.0,6190.0,658.2417582417582,1.5,73.0,0,606.6666666666666,0.2940226171243942,13.996164057657532,13.937728190688523,13.944375993507972,1137537.0418126856
True,True,2025-12-23,1550000.0,34.174426000000004,-118.397417,2251.0,VVL - Valley Village,True,2.0,0.1148,1977.0,3.0,Valley Village,4.0,True,2.0,Two,5000.0,False,2.0,Los Angeles Unified,91607,0.0,5000.0,688.5828520657485,1.3333333333333333,48.0,0,562.75,0.4502,14.253765488895429,14.132142793443558,14.092258078408584,1318833.350537921
False,False,2025-12-04,865000.0,36.67635329,-121.60044738,2658.0,699 - Not Defined,False,2.0,0.1045,2015.0,3.0,Salinas,5.0,False,1.0,One,4551.0,False,3.0,Other,93905,0.0,4551.0,325.4326561324304,1.6666666666666667,10.0,0,531.6,0.5840474620962426,13.670484785914017,13.403597805863242,13.480421035756182,715274.0505738921
True,False,2025-12-12,730000.0,38.01200999,-122.13780432,2311.0,232 - Gavilan Hills,True,2.0,0.4287,1997.0,4.0,Martinez,4.0,True,2.0,Two,18675.0,False,2.0,Martinez,94553,235.0,18675.0,315.8805711813068,1.0,28.0,0,577.75,0.12374832663989291,13.500799813124575,13.604789526648622,13.844628172719265,1029545.6771170045
True,True,2025-12-10,2155000.0,34.264107,-118.356171,3915.0,659 - Sunland/Tujunga,True,3.0,1.6369999999999998,2000.0,4.0,Sunland,4.0,True,2.0,Two,71306.0,False,3.0,Los Angeles Unified,91040,0.0,71306.0,550.4469987228608,1.0,25.0,0,978.75,0.05490421563402799,14.583301281519985,13.77468856344402,14.395304927222615,1785671.204100764
False,False,2025-12-11,1065000.0,34.174008,-118.450264,1611.0,SO - Sherman Oaks,True,0.0,0.1582,1941.0,2.0,Sherman Oaks,4.0,True,1.0,One,6891.0,False,0.0,Los Angeles Unified,91411,0.0,6891.0,661.0800744878957,2.0,84.0,0,402.75,0.23378319547235524,13.878485357125662,13.961752072660685,13.957967144255353,1153103.0193918578
False,False,2025-12-03,400000.0,34.870459999999994,-118.187567,1375.0,ROSA - Rosamond,True,2.0,0.15,1994.0,2.0,Rosamond,3.0,True,1.0,One,6534.0,False,2.0,Kern Union,93560,0.0,6534.0,290.90909090909093,1.5,31.0,0,458.3333333333333,0.21043771043771045,12.89921982609012,13.005829561148378,12.922202554518718,409299.546511496
True,False,2025-12-04,680000.0,33.324434000000004,-117.153205,1535.0,92028 - Fallbrook,True,2.0,0.11,1997.0,2.0,Fallbrook,3.0,True,1.0,One,4791.0,False,2.0,Fallbrook Union,92028,125.0,4791.0,442.99674267100977,1.5,28.0,0,511.6666666666667,0.3203924024212064,13.42984807715229,13.681979165339751,13.585964758702271,794894.5622198341
False,True,2025-12-05,1185000.0,32.83629558,-117.20034661,1404.0,92117 - Clairemont Mesa,True,4.0,0.1286,1958.0,2.0,San Diego,4.0,True,1.0,One,9600.0,False,2.0,Rim of the World,92117,251.0,6480.0,844.017094017094,2.0,67.0,0,351.0,0.21666666666666667,13.985253332551368,13.964016766263498,13.847191928674338,1032188.567392966
False,False,2025-12-05,1461000.0,33.989609,-118.46626299999998,936.0,C11 - Venice,True,1.0,0.0621,1908.0,1.0,Venice,2.0,False,1.0,One,2707.0,False,0.0,Chino Valley Unified,90291,150.0,2707.0,1560.8974358974358,2.0,117.0,0,468.0,0.3457702253417067,14.194631690732837,14.66457824156197,13.953083551562738,1147485.4620082648
False,False,2025-12-29,850000.0,32.75927799,-117.13907784,858.0,92116 - Normal Heights,True,1.0,4.5,1924.0,1.0,San Diego,2.0,False,1.0,One,6207.0,False,1.0,Lake Elsinore Unified,92116,0.0,19581.0,990.6759906759906,2.0,101.0,0,429.0,0.043817986823962006,13.652991628466498,14.115615150414612,13.756151043411972,942367.9132704949
False,False,2025-12-12,890000.0,32.784398,-116.967388,2264.0,92020 - El Cajon,False,2.0,0.1791,1985.0,2.0,El Cajon,3.0,True,1.0,One,7800.0,False,2.0,Grossmont Union,92020,0.0,7800.0,393.1095406360424,1.5,40.0,0,754.6666666666666,0.29025641025641025,13.698976741708323,13.7694117933985,13.829986507513533,1014581.2335219878
False,False,2025-12-23,630000.0,33.82993,-118.225305,855.0,699 - Not Defined,True,2.0,0.1251,1943.0,1.0,Carson,2.0,False,1.0,One,5451.0,False,2.0,Los Angeles Unified,90810,0.0,5451.0,736.8421052631579,2.0,82.0,0,427.5,0.15685195376995048,13.353475098367715,13.499429010990795,13.347912390131038,626505.2230349769
True,True,2025-12-11,985000.0,34.194666999999995,-118.424887,1965.0,VG - Valley Glen,True,2.0,0.2118,1955.0,3.0,Valley Glen,3.0,True,2.0,Two,9225.0,False,2.0,Los Angeles Unified,91405,0.0,9225.0,501.2722646310432,1.0,70.0,0,655.0,0.21300813008130082,13.800396920154226,13.68482817589707,13.86046729803199,1045982.6097930956
False,False,2025-12-10,1762500.0,34.034565,-118.423664,1940.0,C08 - Cheviot Hills/Rancho Park,False,1.0,0.1467,1945.0,2.0,Los Angeles,3.0,True,1.0,One,6389.0,False,1.0,Riverside Unified,90064,74.0,6389.0,908.5051546391752,1.5,80.0,0,646.6666666666666,0.30364689309751136,14.38224381366856,14.615267473582477,14.531831684715092,2046889.0966910932
True,False,2025-12-01,1649000.0,32.93689869,-117.07864215,2558.0,92128 - Rancho Bernardo,True,6.0,0.1436,1998.0,3.0,San Diego,5.0,True,2.0,Two,6256.0,False,3.0,Riverside Unified,92128,66.0,6256.0,644.6442533229085,1.6666666666666667,27.0,0,511.6,0.40888746803069054,14.315679601541737,13.983960916083914,14.162678588314026,1415054.477493855
False,False,2025-12-04,2125000.0,33.746107,-118.094947,1633.0,1A - Seal Beach,True,4.0,0.1171,1957.0,2.0,Seal Beach,4.0,True,1.0,One,5100.0,True,2.0,Los Alamitos Unified,90740,0.0,5100.0,1301.2859767299449,2.0,68.0,0,408.25,0.32019607843137254,14.569282360340654,14.28551418721001,14.198759923160807,1467043.814128629
True,False,2025-12-29,1042000.0,32.620311,-116.980473,2287.0,91913 - Chula Vista,True,2.0,0.1227,2003.0,3.0,Chula Vista,4.0,True,2.0,Two,5345.0,False,2.0,Sweetwater Union,91913,67.0,5345.0,455.61871447310887,1.3333333333333333,22.0,0,571.75,0.42787652011225447,13.85665250129545,13.764217263576723,13.799006578176703,983631.4647386051
True,True,2025-12-15,1198900.0,34.149407000000004,-117.564356,2658.0,688 - Rancho Cucamonga,True,3.0,0.217,1988.0,4.0,Rancho Cucamonga,4.0,True,2.0,Two,9453.0,False,3.0,Chaffey Joint Union High,91737,0.0,9453.0,451.05342362678704,1.0,37.0,0,664.5,0.28118057759441445,13.996915027695746,13.75893124807979,13.984076580031154,1183606.3684041107
True,False,2025-12-10,759000.0,33.733329,-116.361055,2183.0,322 - North Palm Desert,True,8.0,0.2,2001.0,4.0,Palm Desert,4.0,True,1.0,One,8712.0,False,3.0,Desert Sands Unified,92260,365.0,8712.0,347.68666972056803,1.0,24.0,0,545.75,0.2505739210284665,13.539757056377766,13.624349319661324,13.76914579329711,954693.660155248
True,False,2025-12-30,660000.0,34.106776,-117.506709,1322.0,264 - Fontana,True,4.0,0.1125,1988.0,3.0,Fontana,3.0,True,2.0,Two,4900.0,False,2.0,Fontana Unified,92336,0.0,4900.0,499.2435703479576,1.0,37.0,0,440.6666666666667,0.26979591836734695,13.399995114002609,13.487006490992238,13.327040548083454,613564.4239193965
False,False,2025-12-05,1275000.0,34.265304,-118.54149,3004.0,NR - Northridge,True,2.0,0.1947,1978.0,3.0,Northridge,5.0,True,2.0,Two,8480.0,False,2.0,Los Angeles Unified,91326,0.0,8480.0,424.4340878828229,1.6666666666666667,47.0,0,600.8,0.35424528301886793,14.058456736574664,14.126664986601197,14.24353325179736,1534220.8979254863
False,True,2025-12-05,540000.0,33.920412,-117.238031,1954.0,259 - Moreno Valley,True,3.0,0.18,1984.0,2.0,Moreno Valley,3.0,True,2.0,Two,7840.0,False,3.0,Moreno Valley Unified,92553,0.0,7840.0,276.35619242579327,1.5,41.0,0,651.3333333333334,0.249234693877551,13.199324418540456,13.159174447339636,13.187040880687283,533407.4622953859
False,False,2025-12-02,670000.0,33.133133,-117.069818,1309.0,92025 - Escondido,True,6.0,0.14,1958.0,2.0,Escondido,3.0,False,1.0,One,0.14,True,2.0,Escondido Union,92025,0.0,6098.4,511.8411000763942,1.5,67.0,0,436.3333333333333,0.21464646464646467,13.415032991367148,13.740514638062564,13.66679529839252,861814.473387781
True,True,2025-12-02,1900000.0,33.108008,-117.188036,3505.0,92078 - San Marcos,True,5.0,0.1962,2014.0,4.0,San Marcos,5.0,True,2.0,Two,8545.0,False,3.0,San Marcos Unified,92078,90.0,8545.0,542.0827389443652,1.25,11.0,0,701.0,0.4101813926272674,14.457364444136669,14.075178214680975,14.435331076777226,1858594.4291742493
False,False,2025-12-12,1799999.0,37.76429908,-121.887871,2408.0,STEV - Stevenson Ranch,True,2.0,0.1247,2004.0,3.0,San Ramon,4.0,True,2.0,Two,5430.0,False,2.0,San Ramon Valley,94582,0.0,5430.0,747.5078903654485,1.3333333333333333,21.0,0,602.0,0.4434622467771639,14.403296667310682,14.516102044771095,14.43397912679421,1856083.4002425186
False,False,2025-12-23,630000.0,33.824057,-116.448839,2351.0,335 - Cathedral City North,True,6.0,0.21,2002.0,2.0,Cathedral City,3.0,True,1.0,One,9148.0,False,3.0,Palm Springs Unified,92344,0.0,9148.0,267.97107613781367,1.5,23.0,0,783.6666666666666,0.2569960647135986,13.353475098367715,13.180613417425775,13.241106657984236,563040.3971847852
False,False,2025-12-08,1550000.0,37.30974539,-121.8993336,1804.0,699 - Not Defined,False,2.0,0.1354,1932.0,2.0,San Jose,3.0,True,1.0,Two,5900.0,False,2.0,San Jose Unified,95125,0.0,5900.0,859.2017738359202,1.5,93.0,0,601.3333333333334,0.3057627118644068,14.253765488895429,14.462613800022813,14.378748227713032,1756349.785317931
True,False,2025-12-19,744000.0,34.202277,-117.357796,3064.0,274 - San Bernardino,True,7.0,0.2479,1990.0,3.0,San Bernardino,5.0,True,2.0,Two,10800.0,False,2.0,San Bernardino City Unified,92407,0.0,10800.0,242.81984334203656,1.6666666666666667,35.0,0,612.8,0.2837037037037037,13.51979631381523,13.304684934198283,13.496062375714851,726549.8495794698
True,False,2025-12-12,1230000.0,34.235414,-119.06553,2438.0,VC42 - Camarillo Heights,True,2.0,0.23,1978.0,3.0,Camarillo,4.0,True,2.0,Two,10018.0,False,2.0,Oxnard Union,93010,0.0,10018.0,504.5118949958983,1.3333333333333333,47.0,0,609.5,0.24336194849271311,14.0225247273486,13.790192749979985,13.943660759080059,1136723.7270473868
True,False,2025-12-16,1720000.0,37.80649177,-121.98916858,2021.0,DC612 - Joshua Tree Village,True,2.0,0.2755,1962.0,3.0,Danville,4.0,True,1.0,One,12000.0,False,2.0,San Ramon Valley,94526,0.0,12000.0,851.063829787234,1.3333333333333333,63.0,0,505.25,0.16841666666666666,14.357834848789636,14.430696197054507,14.364475004414473,1731459.0705765963
True,False,2025-12-01,1395000.0,37.5577278,-122.02867728,1159.0,121 - Lomita,True,2.0,0.124,1956.0,2.0,Fremont,3.0,True,1.0,One,5400.0,False,2.0,Fremont Unified,94536,0.0,5400.0,1203.623813632442,1.5,69.0,0,386.3333333333333,0.21462962962962964,14.148404973237604,14.316285845876763,14.0911515129968,1317374.7823177143
True,False,2025-12-24,2554000.0,37.66418322,-121.8460673,3430.0,268 - Redlands,True,3.0,0.2402,1991.0,3.0,Pleasanton,5.0,True,2.0,Two,10462.0,False,3.0,Kern Union,94566,0.0,10462.0,744.6064139941691,1.6666666666666667,34.0,0,686.0,0.32785318294781113,14.753171315574622,14.430696197054507,14.613505029376123,2221082.015269778
False,True,2025-12-02,512500.0,34.855922,-118.192077,2669.0,ROSA - Rosamond,True,3.0,0.14,1995.0,3.0,Rosamond,5.0,True,2.0,Two,6098.0,False,3.0,Kern Union,93560,0.0,6098.0,192.01948295241664,1.6666666666666667,30.0,0,533.8,0.43768448671695637,13.1470559899947,13.005829561148378,13.127658207841536,502654.43641248404
True,False,2025-12-05,476000.0,34.113593,-117.173116,1551.0,699 - Not Defined,True,2.0,0.0356,1994.0,3.0,Highland,4.0,True,2.0,Two,1551.0,False,2.0,See Remarks,92346,160.0,1551.0,306.89877498388137,1.3333333333333333,31.0,0,387.75,1.0,13.073173133213556,13.28681753563043,13.233389823814012,558712.2291643529
True,False,2025-12-18,850000.0,34.462513,-118.493093,2322.0,BOUQ - Bouquet Canyon,True,2.0,0.2342,1979.0,3.0,Saugus,4.0,True,2.0,Two,10201.0,False,2.0,William S. Hart Union,91390,0.0,10201.0,366.0637381567614,1.3333333333333333,46.0,0,580.5,0.22762474267228702,13.652991628466498,13.751477381367541,13.866282198108802,1052082.6124156802
False,False,2025-12-10,569900.0,37.99999651,-121.77022403,1422.0,C2 - Southwest Costa Mesa,True,2.0,0.158,1986.0,3.0,Antioch,3.0,True,2.0,Two,6882.0,False,2.0,Rim of the World,94509,0.0,6882.0,400.7735583684951,1.0,39.0,0,474.0,0.2066259808195292,13.25321618582309,13.199324418540456,13.136795939995652,507268.6074418054
True,False,2025-12-13,750000.0,33.796265000000005,-118.019456,1392.0,"57 - Cypress N of Orangewood, S Of Katella",False,2.0,0.0472,1974.0,2.0,Cypress,3.0,True,2.0,Two,2054.0,False,2.0,Garden Grove Unified,90630,398.0,2054.0,538.7931034482758,1.5,51.0,0,464.0,0.6777020447906524,13.527828485512494,13.933293593620657,13.620819700283215,823089.0703930989
False,False,2025-12-08,1590000.0,34.110562,-118.258519,1906.0,606 - Atwater,True,4.0,0.144,1929.0,3.0,Los Angeles,3.0,False,2.0,Two,6272.0,False,2.0,Chico Unified,90039,0.0,6272.0,834.2077649527807,1.0,96.0,0,635.3333333333334,0.303890306122449,14.279244574196415,14.283164926819232,14.357361503329134,1719186.0384656333
True,False,2025-12-05,1855000.0,33.056544,-117.245339,2852.0,92024 - Encinitas,True,6.0,0.1856,1980.0,3.0,Encinitas,4.0,False,2.0,Two,8084.0,False,3.0,San Dieguito Union,92024,100.0,8084.0,650.4207573632539,1.3333333333333333,45.0,0,713.0,0.3527956457199406,14.433395254023672,14.603967918328545,14.667712059567721,2344803.2620620052
True,False,2025-12-22,540000.0,33.893614,-117.213719,1978.0,259 - Moreno Valley,True,2.0,0.15,2000.0,2.0,Moreno Valley,3.0,True,1.0,One,6534.0,False,2.0,Moreno Valley Unified,92551,50.0,6534.0,273.0030333670374,1.5,25.0,0,659.3333333333334,0.3027242118151209,13.199324418540456,13.180632285528304,13.168862937083675,523798.8088947823
True,False,2025-12-05,1852000.0,34.133777,-118.187742,2336.0,618 - Eagle Rock,True,2.0,0.1396,1927.0,2.0,Los Angeles,4.0,True,1.0,MultiSplit,6080.0,False,0.0,Corona-Norco Unified,90041,0.0,6080.0,792.8082191780821,2.0,98.0,0,584.0,0.38421052631578945,14.431776694188262,14.115615150414612,14.33154700698278,1675374.0420241687
True,False,2025-12-23,995000.0,34.139977,-117.672031,1936.0,690 - Upland,True,3.0,0.2181,1988.0,2.0,Upland,4.0,True,1.0,One,9500.0,False,3.0,Upland,91784,0.0,9500.0,513.9462809917355,2.0,37.0,0,484.0,0.20378947368421052,13.81049801614073,13.815510557964274,13.813934654106182,998425.3372263643
True,True,2025-12-05,505000.0,33.718508,-117.003235,2013.0,SRCAR - Southwest Riverside County,True,2.0,0.18,2006.0,3.0,Hemet,3.0,True,1.0,One,7841.0,False,2.0,Hemet Unified,92545,184.0,7841.0,250.86934923000496,1.0,19.0,0,671.0,0.2567274582323683,13.132313708257497,12.990536830078119,13.035865572488161,458568.78098816524
True,False,2025-12-19,999000.0,33.946946000000004,-117.961552,1747.0,88 - La Habra Heights,True,2.0,0.236,1959.0,2.0,La Habra Heights,3.0,True,1.0,One,10281.0,False,2.0,Capistrano Unified,90631,0.0,10281.0,571.8374356038923,1.5,66.0,0,582.3333333333334,0.16992510456181306,13.81451005763069,13.792724135316895,13.818793634520945,1003288.4717551774
True,False,2025-12-19,1200000.0,32.744261,-117.167948,1888.0,92102 - San Diego,True,2.0,0.1783,1975.0,2.0,San Diego,3.0,True,1.0,One,7768.0,False,2.0,San Diego Unified,92103,0.0,7768.0,635.5932203389831,1.5,50.0,0,629.3333333333334,0.243048403707518,13.997832114758229,14.346138809026444,14.290651748890562,1608241.2505283481
True,False,2025-12-11,860000.0,33.838359000000004,-117.777807,1286.0,77 - Anaheim Hills,True,4.0,0.0654,1985.0,3.0,Anaheim Hills,2.0,True,2.0,Two,2847.0,False,2.0,Orange Unified,92807,375.0,2847.0,668.7402799377916,0.6666666666666666,40.0,0,643.0,0.45170354759395853,13.664687668229691,13.997832114758229,13.690153452067808,882181.8140004132
True,False,2025-12-03,785000.0,33.872376,-118.178401,1402.0,7 - North Long Beach,False,5.0,0.1046,1941.0,2.0,Long Beach,3.0,False,1.0,One,4557.0,False,2.0,Long Beach Unified,90805,0.0,4557.0,559.9144079885878,1.5,84.0,0,467.3333333333333,0.3076585472898837,13.573438996764546,13.526494262499357,13.538217784071248,757832.5910300022
False,False,2025-12-12,1950000.0,37.92069223,-122.02420148,2308.0,C34 - Los Angeles Southwest,True,2.0,0.2481,1969.0,2.0,Walnut Creek,4.0,True,1.0,One,10807.0,False,2.0,Riverside Unified,94598,147.0,10807.0,844.8873483535529,2.0,56.0,0,577.0,0.21356528176182105,14.48333993053993,14.240778293368619,14.342928581944898,1694551.3643195492
True,False,2025-12-02,1800000.0,33.887871999999994,-117.905596,2886.0,83 - Fullerton,True,2.0,0.4224,1969.0,3.0,Fullerton,4.0,True,2.0,Two,18400.0,False,2.0,Fullerton Joint Union High,92831,0.0,18400.0,623.7006237006237,1.3333333333333333,56.0,0,721.5,0.15684782608695652,14.403297222866392,13.966081104032241,14.2219852915015,1501515.202908577
False,False,2025-12-11,755000.0,34.032461,-117.15671100000002,2233.0,268 - Redlands,True,3.0,0.0513,1977.0,3.0,Redlands,5.0,True,2.0,Two,2233.0,False,3.0,Redlands Unified,92373,400.0,2233.0,338.1101656963726,1.6666666666666667,48.0,0,446.6,1.0,13.534473028231162,13.621317169677567,13.688099678541628,880371.8715876398
True,False,2025-12-03,1140000.0,32.631851,-117.030005,2293.0,91910 - Chula Vista,True,2.0,0.3,1979.0,3.0,Chula Vista,5.0,True,2.0,MultiSplit,0.3,False,2.0,Sweetwater Union,91910,0.0,13068.0,497.1652856519843,1.6666666666666667,46.0,0,458.6,0.17546678910315275,13.946538820370678,13.710150042306449,13.837812202325237,1022552.1850548633
True,False,2025-12-12,1162600.0,34.096639,-118.210241,1078.0,680 - Mount Washington,True,2.0,0.1665,1946.0,2.0,Los Angeles,2.0,False,1.0,One,7252.0,False,1.0,Moreno Valley Unified,90065,0.0,7252.0,1078.47866419295,1.0,79.0,0,539.0,0.14864864864864866,13.966169434249387,14.050977780915009,13.844888310326482,1029813.5355044799
False,False,2025-12-04,385000.0,38.48881064,-121.45502127,1024.0,251 - Jurupa Valley,True,2.0,0.21,1956.0,1.0,Sacramento,3.0,False,1.0,One,9148.0,False,2.0,Fallbrook Union,95823,0.0,9148.0,375.9765625,3.0,69.0,0,341.3333333333333,0.11193703541757762,12.86099861326992,12.92391243868049,12.651765344949851,312314.3041918276
True,True,2025-12-05,2050000.0,33.695916,-117.901746,2480.0,C3 - South Coast Metro,True,4.0,0.1636,1970.0,3.0,Costa Mesa,4.0,True,2.0,Two,7125.0,False,2.0,Newport Mesa Unified,92626,0.0,7125.0,826.6129032258065,1.3333333333333333,55.0,0,620.0,0.3480701754385965,14.53335035111459,14.28551418721001,14.369962174762044,1740985.995472727
True,False,2025-12-22,925000.0,34.038394,-118.139214,1336.0,641 - Monterey Park,True,2.0,0.1322,1948.0,3.0,Monterey Park,3.0,False,1.0,One,5759.0,False,2.0,Montebello Unified,91754,0.0,5759.0,692.3652694610779,1.0,77.0,0,445.3333333333333,0.23198471956936967,13.737549016494562,13.764217263576723,13.73060709028414,918600.9548028071
True,True,2025-12-04,1085000.0,34.253108000000005,-118.299656,1572.0,659 - Sunland/Tujunga,True,2.0,0.1256,1965.0,2.0,Tujunga,3.0,True,1.0,One,5469.0,False,2.0,Los Angeles Unified,91042,0.0,5469.0,690.2035623409669,1.5,60.0,0,524.0,0.2874382885353812,13.897090544956697,13.684633332743342,13.652422780279492,849516.6165399812
False,False,2025-12-18,1300000.0,37.75168822,-121.93803016,1593.0,314 - Indio South of East Valley,True,2.0,0.1676,1976.0,2.0,San Ramon,3.0,True,1.0,One,7300.0,False,2.0,San Ramon Valley,94583,0.0,7300.0,816.0703075957314,1.5,49.0,0,531.0,0.21821917808219177,14.077874822431765,14.23026571297953,14.106850631607742,1338219.5997912635
False,False,2025-12-04,875000.0,37.79595256,-122.19444859,1083.0,SRCAR - Southwest Riverside County,False,0.0,0.0781,1928.0,1.0,Oakland,2.0,True,1.0,One,3400.0,False,0.0,Santa Maria Joint Union,94619,0.0,3400.0,807.9409048938135,2.0,97.0,0,541.5,0.3185294117647059,13.681979165339751,13.80285165397213,13.5759337766577,786960.8471401223
True,False,2025-12-23,1050000.0,33.616971,-117.580375,2033.0,CC - Coto De Caza,True,6.0,0.1377,1983.0,2.0,Coto de Caza,3.0,True,2.0,Two,6000.0,False,2.0,Capistrano Unified,92679,245.0,6000.0,516.4781111657649,1.5,42.0,0,677.6666666666666,0.3388333333333333,13.864300722133706,14.357834848789636,14.220880300471086,1499856.9584187022
False,True,2025-12-02,1850000.0,37.23596264,-121.82179693,2274.0,699 - Not Defined,True,2.0,0.1405,1966.0,3.0,San Jose,4.0,True,1.0,Two,6120.0,False,2.0,Other,95123,0.0,6120.0,813.5444151275286,1.3333333333333333,59.0,0,568.5,0.3715686274509804,14.430696197054507,14.209238987979617,14.290439955662654,1607900.6719900304
True,True,2025-12-15,1550000.0,32.83193,-116.949126,3003.0,92071 - Santee,True,4.0,0.3938,2013.0,3.0,Santee,4.0,False,1.0,One,17152.0,False,2.0,Santee,92071,299.0,17152.0,516.1505161505162,1.3333333333333333,12.0,0,750.75,0.17508162313432835,14.253765488895429,13.652403046879991,14.000105631562079,1202731.3238434573
False,False,2025-12-05,1315000.0,33.711498,-117.982854,1250.0,16 - Fountain Valley / Northeast HB,True,2.0,0.1377,1963.0,2.0,Huntington Beach,3.0,True,1.0,One,6000.0,False,2.0,Huntington Beach Union High,92647,0.0,6000.0,1052.0,1.5,62.0,0,416.6666666666667,0.20833333333333334,14.089347223594002,14.080942316715522,13.873055589723755,1059232.9687050416
True,False,2025-12-12,2550000.0,37.76786599,-122.13641378,3948.0,SN - San Clemente North,False,10.0,1.5629,1952.0,4.0,Oakland,4.0,True,1.0,One,68080.0,False,0.0,Placentia-Yorba Linda Unified,94605,0.0,68080.0,645.8966565349544,1.0,73.0,0,987.0,0.05799059929494712,14.75160391713461,13.527828485512494,14.366649157689368,1735227.6232062804
True,False,2025-12-19,429000.0,34.542169,-117.347877,1937.0,VIC - Victorville,True,2.0,0.192,2006.0,3.0,Victorville,4.0,False,2.0,Two,8364.0,False,2.0,Victor Valley Unified,92394,0.0,8364.0,221.4765100671141,1.3333333333333333,19.0,0,484.25,0.23158775705404114,12.969212197910155,12.948009990259552,13.04434103339204,462471.87967896054
True,False,2025-12-30,319000.0,34.175775,-116.382114,416.0,DC571 - Yucca Mesa,True,0.0,4.1297,2022.0,1.0,Yucca Valley,1.0,False,1.0,One,179888.0,False,2.0,Long Beach Unified,92284,0.0,179888.0,766.8269230769231,1.0,3.0,0,416.0,0.002312550031130481,12.672946381766982,12.86876061860541,12.84715237570773,379705.93456290814
True,True,2025-12-22,665000.0,33.906131,-117.440701,1312.0,252 - Riverside,True,4.0,0.15,1974.0,2.0,Riverside,4.0,True,1.0,One,6534.0,False,2.0,Riverside Unified,92503,0.0,6534.0,506.859756097561,2.0,51.0,0,328.0,0.20079583715947352,13.407542319637992,13.399995114002609,13.328473891516353,614444.5030342165
True,False,2025-12-08,1125000.0,37.03171664,-122.08767475,1962.0,699 - Not Defined,False,5.0,0.625,1977.0,2.0,Felton,3.0,True,1.0,One,27225.0,False,0.0,Other,95018,0.0,27225.0,573.394495412844,1.5,48.0,0,654.0,0.07206611570247934,13.933293593620657,13.693342923990066,13.779499652643208,964629.7738283698
False,False,2025-12-08,1700000.0,33.088183,-117.241993,2647.0,92009 - Carlsbad,True,6.0,0.1205,1982.0,3.0,Carlsbad,4.0,True,2.0,Two,5248.0,False,2.0,San Dieguito Union,92009,32.0,5248.0,642.2364941443143,1.3333333333333333,43.0,0,661.75,0.5043826219512195,14.346138809026444,14.457364444136669,14.367860188963183,1737330.3110785745
True,False,2025-12-19,1270000.0,37.98561499,-121.67177321,1296.0,C04 - Bel Air - Holmby Hills,True,4.0,5.0,2011.0,2.0,Oakley,3.0,False,1.0,One,217800.0,False,4.0,Antelope Valley Union,94561,273.0,217800.0,979.9382716049382,1.5,14.0,0,432.0,0.0059504132231404955,14.054527458434775,13.415032991367148,13.46413455128905,703719.1010236554
False,False,2025-12-11,1050000.0,33.590444,-117.70748,1549.0,S2 - Laguna Hills,False,4.0,0.0918,1982.0,2.0,Laguna Hills,3.0,True,1.0,One,4000.0,False,2.0,Capistrano Unified,92653,340.0,4000.0,677.8566817301485,1.5,43.0,0,516.3333333333334,0.38725,13.864300722133706,14.226450581665564,14.0473498064432,1260917.0182071216
False,False,2025-12-05,2050000.0,37.3744045,-121.88343282,2388.0,699 - Not Defined,True,2.0,0.119,1999.0,3.0,San Jose,5.0,True,1.0,Two,5184.0,False,2.0,Other,95131,0.0,5184.0,858.4589614740369,1.6666666666666667,26.0,0,477.6,0.46064814814814814,14.53335035111459,14.274269297520263,14.34265639906228,1694090.1992079357
True,False,2025-12-02,1270000.0,34.164803000000006,-118.749702,1924.0,AGOA - Agoura,True,4.0,0.1712,1975.0,2.0,Agoura Hills,4.0,True,1.0,One,7458.0,False,2.0,Hemet Unified,91301,0.0,7458.0,660.0831600831601,2.0,50.0,0,481.0,0.25797801019039956,14.054527458434775,14.2040248902346,14.14380423476686,1388596.711056957
False,False,2025-12-11,2621242.0,32.83808644,-117.23968097,3493.0,92037 - La Jolla,True,2.0,0.4618,1977.0,4.0,La Jolla,5.0,False,2.0,Two,1976.0,False,2.0,Fontana Unified,92037,575.0,5662.0,750.4271399942743,1.25,48.0,0,698.6,0.6169198163193218,14.779158809214591,15.084846812896313,15.281661158632275,4332525.380120922
False,False,2025-12-16,770000.0,33.947291,-118.026444,1045.0,670 - Whittier,False,2.0,0.1624,1951.0,1.0,Whittier,3.0,True,1.0,One,7075.0,False,2.0,Whittier Union High,90604,0.0,7075.0,736.8421052631579,3.0,74.0,0,348.3333333333333,0.14770318021201415,13.554145793829866,13.636672835828117,13.477388264385404,713108.0740270485
False,False,2025-12-12,722000.0,34.366628000000006,-119.042214,1936.0,VC52 - S.P. East of Ojai/S.P. Road North,True,2.0,0.1377,2019.0,3.0,Santa Paula,3.0,False,2.0,Two,6000.0,False,2.0,Los Angeles Unified,93060,314.0,6000.0,372.9338842975207,1.0,6.0,0,645.3333333333334,0.32266666666666666,13.489780417874963,13.54098713967118,13.531313301893878,752618.1715600322
True,False,2025-12-17,975000.0,34.083938,-118.181343,1849.0,621 - El Sereno,True,0.0,0.1075,1927.0,2.0,El Sereno,4.0,True,1.0,One,4682.0,False,0.0,Los Angeles Unified,90032,0.0,4682.0,527.3120605732829,2.0,98.0,0,462.25,0.3949167022639897,13.790192749979985,13.6623593784701,13.765077094281898,950817.1904422861
True,False,2025-12-16,457000.0,34.407696,-117.380578,2346.0,HSP - Hesperia,True,2.0,0.1377,2006.0,2.0,Hesperia,4.0,True,1.0,One,5998.0,False,2.0,Hesperia Unified,92344,0.0,5998.0,194.7996589940324,2.0,19.0,0,586.5,0.3911303767922641,13.032438669876342,13.180613417425775,13.163147770643526,520813.7497009696
False,False,2025-12-03,1060000.0,37.35755238,-121.91135051,893.0,699 - Not Defined,True,2.0,0.124,1948.0,1.0,San Jose,2.0,False,1.0,Two,5400.0,False,2.0,San Jose Unified,95110,369.0,5400.0,1187.010078387458,2.0,77.0,0,446.5,0.16537037037037036,13.87377946608825,13.829561273019712,13.606666751755949,811521.9804399308
False,False,2025-12-19,297000.0,39.5132927,-121.60084226,1510.0,WIN - Winnetka,True,2.0,0.27,1964.0,2.0,Oroville,3.0,False,1.0,One,11761.0,False,0.0,Capistrano Unified,95965,150.0,11761.0,196.6887417218543,1.5,61.0,0,503.3333333333333,0.1283904429895417,12.601487417784837,12.732278280413873,12.69679050373515,326697.6824461145
True,False,2025-12-22,249900.0,34.881464,-117.11619,1220.0,BSTW - Barstow,True,2.0,0.1054,2006.0,2.0,Barstow,3.0,False,1.0,One,4590.0,False,2.0,Barstow Unified,92311,90.0,4590.0,204.8360655737705,1.5,19.0,0,406.6666666666667,0.2657952069716776,12.428816116823043,12.556723317938081,12.478294559666045,262575.6630486809
True,False,2025-12-12,685000.0,34.125112,-117.184114,2240.0,276 - Highland,True,2.0,0.28,2004.0,2.0,Highland,3.0,True,1.0,One,0.28,False,2.0,Redlands Unified,92346,0.0,12196.8,305.80357142857144,1.5,21.0,0,746.6666666666666,0.18365472910927458,13.437174117244362,13.28681753563043,13.365485522521928,637612.1885187674
False,False,2025-12-05,2875000.0,34.039022,-118.409007,2094.0,C08 - Cheviot Hills/Rancho Park,False,2.0,0.1564,1940.0,2.0,Los Angeles,3.0,True,1.0,One,6813.0,False,2.0,San Diego Unified,90064,0.0,6813.0,1372.970391595033,1.5,85.0,0,698.0,0.30735358872743285,14.871563232213587,14.615267473582477,14.540422266938515,2064548.810787122
False,False,2025-12-03,545000.0,33.678475,-117.194394,1788.0,SRCAR - Southwest Riverside County,True,4.0,0.13,2021.0,2.0,Menifee,2.0,False,1.0,One,5663.0,False,2.0,Menifee Union,92584,104.0,5663.0,304.80984340044745,1.0,4.0,0,894.0,0.3157337100476779,13.208541073645382,13.353475098367715,13.22861371746633,556050.1224529782
False,False,2025-12-01,1595000.0,33.00935323,-117.08273841,2181.0,92127 - Rancho Bernardo,True,4.0,0.41,1981.0,3.0,San Diego,4.0,True,2.0,Two,11326.0,False,2.0,Capistrano Unified,92127,136.0,5487.0,731.3159101329666,1.3333333333333333,44.0,0,545.25,0.39748496446145437,14.282384294201082,14.53335035111459,14.443021827193443,1872943.5219735275
True,False,2025-12-15,950000.0,37.66844632,-122.0515426,1688.0,287A - Arrowhead Woods,True,2.0,0.1563,1986.0,2.0,Hayward,3.0,True,1.0,One,6810.0,False,2.0,Hayward,94541,100.0,6810.0,562.7962085308056,1.5,39.0,0,562.6666666666666,0.24787077826725404,13.764217263576723,13.647074399642998,13.560613467184083,774996.2481167463
True,False,2025-12-31,1520000.0,37.70630195,-121.94355743,1948.0,SRCAR - Southwest Riverside County,True,2.0,0.1858,1963.0,2.0,Dublin,4.0,True,2.0,Two,8094.0,False,2.0,San Francisco Unified,94568,170.0,8094.0,780.2874743326489,2.0,62.0,0,487.0,0.24067210279219176,14.234220892822458,14.288629462085328,14.225417713016649,1506677.8911888362
False,False,2025-12-12,2595000.0,34.025427,-118.447918,2094.0,WLA - West Los Angeles,True,2.0,0.1377,1962.0,3.0,Los Angeles,4.0,True,1.0,One,6000.0,False,2.0,Redlands Unified,90064,0.0,6000.0,1239.2550143266476,1.3333333333333333,63.0,0,523.5,0.349,14.769097074582126,14.615267473582477,14.554488716684663,2093794.8949392259
True,False,2025-12-15,1800000.0,33.475046,-117.616717,3289.0,FR - Forster Ranch,True,3.0,0.155,2001.0,3.0,San Clemente,5.0,True,2.0,Two,6750.0,False,3.0,Capistrano Unified,92673,300.0,6750.0,547.2788081483734,1.6666666666666667,24.0,0,657.8,0.4872592592592593,14.403297222866392,14.446782334806132,14.545874732237635,2075836.436264899
False,False,2025-12-12,1311750.0,34.166412,-118.409679,1032.0,VVL - Valley Village,True,3.0,0.155,1939.0,1.0,Valley Village,2.0,False,1.0,One,6753.0,False,1.0,Los Angeles Unified,91607,0.0,6753.0,1271.0755813953488,2.0,86.0,0,516.0,0.1528209684584629,14.086872681548957,14.132142793443558,13.755842856108826,942077.5321929118
True,True,2025-12-05,1200000.0,33.834662,-117.869652,1921.0,78 - Anaheim East of Harbor,True,2.0,0.2019999999999999,1961.0,2.0,Anaheim,4.0,True,1.0,One,8800.0,False,2.0,Alameda City Unified,92806,0.0,8800.0,624.6746486205102,2.0,64.0,0,480.25,0.21829545454545454,13.997832114758229,13.825460888817442,13.851064096197863,1036193.1225924897
True,True,2025-12-05,1275000.0,33.791377000000004,-116.411658,3636.0,321 - Rancho Mirage,True,6.0,0.32,2001.0,4.0,Rancho Mirage,4.0,True,2.0,One,13939.0,False,3.0,Huntington Beach Union High,92270,405.0,13939.0,350.6600660066007,1.0,24.0,0,909.0,0.26085085013272113,14.058456736574664,13.9108207377686,14.244983021174416,1536446.7775171057
False,False,2025-12-19,850000.0,34.045377,-117.94709,2190.0,633 - Industry/La Puente/Valinda,False,2.0,0.1648,1934.0,3.0,La Puente,3.0,True,1.0,One,7180.0,False,2.0,Hacienda La Puente Unified,91744,0.0,7180.0,388.12785388127855,1.0,91.0,0,730.0,0.3050139275766017,13.652991628466498,13.547631112808673,13.766804092573627,952460.6688396437
True,False,2025-12-18,550000.0,33.502159000000006,-117.121313,953.0,SRCAR - Southwest Riverside County,True,4.0,0.19,1986.0,1.0,Temecula,2.0,True,1.0,One,8276.0,False,2.0,Temecula Unified,92592,78.0,8276.0,577.1248688352571,2.0,39.0,0,476.5,0.1151522474625423,13.217673557208654,13.580420735596498,13.224909892206231,553994.4192962615
True,False,2025-12-22,1260000.0,33.75002,-118.017046,1330.0,17 - Northwest Huntington Beach,True,2.0,0.1607,1964.0,2.0,Huntington Beach,4.0,False,1.0,One,7000.0,False,2.0,Huntington Beach Union High,92647,0.0,7000.0,947.3684210526316,2.0,61.0,0,332.5,0.19,14.04662227892766,14.080942316715522,13.917878416976894,1107790.9076533287
False,False,2025-12-05,1210000.0,37.35930998,-121.85644538,1005.0,699 - Not Defined,True,2.0,0.0981,1980.0,2.0,San Jose,3.0,True,1.0,One,4275.0,False,2.0,Other,95116,0.0,4275.0,1203.9800995024875,1.5,45.0,0,335.0,0.23508771929824562,14.006130917572923,13.845069360205818,13.511489257480843,737845.1498248173
False,False,2025-12-19,779900.0,34.278341,-118.690302,1389.0,SVE - East Simi,True,2.0,0.09,1986.0,2.0,Simi Valley,3.0,True,1.0,One,3920.0,False,2.0,Simi Valley Unified,93063,90.0,3920.0,561.4830813534917,1.5,39.0,0,463.0,0.35433673469387755,13.566920985318589,13.637546696375418,13.450426026863552,694137.9721510859
True,True,2025-12-12,2800000.0,34.163256,-118.238877,3122.0,627 - Rossmoyne & Verdu Woodlands,False,3.0,0.2424,1928.0,3.0,Glendale,4.0,True,2.0,Two,10561.0,False,3.0,Desert Sands Unified,91207,79.0,10561.0,896.8609865470852,1.3333333333333333,97.0,0,780.5,0.29561594545971026,14.845129975145433,14.557447902693651,14.804189871960654,2687682.542657362
True,False,2025-12-11,900000.0,37.857535,-122.26880975,1137.0,259 - Moreno Valley,True,1.0,0.0573,1905.0,1.0,Berkeley,2.0,True,1.0,One,2495.0,False,0.0,Fontana Unified,94703,42.0,2495.0,791.5567282321899,2.0,120.0,0,568.5,0.4557114228456914,13.710150042306449,14.226294827550038,13.891390834520449,1078833.404774603
True,False,2025-12-12,439000.0,39.744658,-122.169313,1686.0,SRCAR - Southwest Riverside County,False,2.0,0.1491,2019.0,2.0,Orland,4.0,False,1.0,One,6494.0,False,2.0,Orland Joint Unified,95963,0.0,6494.0,260.3795966785291,2.0,6.0,0,421.5,0.2596242685555898,12.992254692057308,12.834681304952548,12.939726324778793,416535.2308049978
True,True,2025-12-22,506500.0,34.67725,-118.169872,1850.0,LAC - Lancaster,True,2.0,0.1775,1969.0,2.0,Lancaster,4.0,True,1.0,One,7734.0,False,2.0,Antelope Valley Union,93536,0.0,7734.0,273.7837837837838,2.0,56.0,0,462.5,0.23920351693819497,13.135279602670876,13.224918336616522,13.207102370687089,544216.4706558734
True,False,2025-12-09,2225000.0,33.807186,-118.390488,1512.0,128 - Hollywood Riviera,True,2.0,0.1377,1955.0,2.0,Redondo Beach,3.0,True,1.0,One,6000.0,False,2.0,Torrance Unified,90277,0.0,6000.0,1471.5608465608466,1.5,70.0,0,504.0,0.252,14.615267473582477,14.508657738524219,14.410399405973465,1812829.4341605958
False,False,2025-12-01,850000.0,36.82953919,-121.37565838,3200.0,699 - Not Defined,True,3.0,0.1523,1999.0,3.0,Hollister,4.0,True,2.0,One,6634.0,False,3.0,Other,95023,0.0,6634.0,265.625,1.3333333333333333,26.0,0,800.0,0.482363581549593,13.652991628466498,13.527828485512494,13.719831671166652,908755.7827007029
False,False,2025-12-12,3400000.0,34.191975,-118.202282,2687.0,634 - La Canada Flintridge,True,2.0,0.5554,1958.0,4.0,La Canada Flintridge,4.0,True,1.0,One,24192.0,False,2.0,West Contra Costa,91011,0.0,24192.0,1265.3516933382955,1.0,67.0,0,671.75,0.11106977513227513,15.03928598958639,14.635290389457586,14.797817581177917,2670610.3003796274
False,False,2025-12-03,886000.0,33.797155,-117.991644,1971.0,"61 - N of Gar Grv, S Of Ball, E of Knott, W of Dal",True,2.0,0.0521,2008.0,3.0,Stanton,4.0,True,2.0,Two,2268.0,False,2.0,Garden Grove Unified,90680,250.0,2268.0,449.5180111618468,1.3333333333333333,17.0,0,492.75,0.8690476190476191,13.694472229587218,13.652991628466498,13.65592243756988,852494.8419047397
False,False,2025-12-10,750000.0,33.493539,-117.655695,1680.0,OR - Ortega/Orange County,True,2.0,0.0396,1968.0,2.0,San Juan Capistrano,2.0,True,1.0,One,1724.0,False,2.0,Capistrano Unified,92675,385.0,1724.0,446.4285714285714,1.0,57.0,0,840.0,0.974477958236659,13.527828485512494,14.32231001513485,13.867719936520142,1053596.3198964
True,True,2025-12-10,575000.0,34.145059,-117.225146,1449.0,276 - Highland,True,3.0,0.1853,1979.0,2.0,Highland,4.0,True,1.0,One,8073.0,False,3.0,San Bernardino City Unified,92346,0.0,8073.0,396.8253968253968,2.0,46.0,0,362.25,0.1794871794871795,13.262125319779487,13.28681753563043,13.228627980694183,556058.0535791345
True,False,2025-12-03,680000.0,37.97550828,-122.32927068,1579.0,686 - Ontario,False,0.0,0.1148,1955.0,2.0,Richmond,3.0,True,1.0,One,5000.0,False,0.0,Menifee Union,94806,0.0,5000.0,430.6523115896137,1.5,70.0,0,526.3333333333334,0.3158,13.42984807715229,13.321214236149494,13.288307743350927,590253.7117416402
True,False,2025-12-02,1440000.0,37.59582842,-122.06410823,1770.0,92123 - San Diego,True,2.0,0.1263,1973.0,2.0,Union City,4.0,True,1.0,One,5500.0,False,2.0,New Haven,94587-2824,432.0,5500.0,813.5593220338983,2.0,52.0,0,442.5,0.32181818181818184,14.180153671552183,13.698976741708323,13.726891290844787,915193.9516801947
True,False,2025-12-12,650000.0,35.621632,-120.675956,1122.0,PRIC - PR Inside City Limit,True,2.0,0.1722,1988.0,2.0,Paso Robles,3.0,True,1.0,One,7500.0,False,2.0,Paso Robles Joint Unified,93446,0.0,7500.0,579.3226381461676,1.5,37.0,0,374.0,0.1496,13.38472764187182,13.591116224748411,13.385536139370432,650525.735873529
False,False,2025-12-08,1385000.0,33.748342,-117.804808,1407.0,71 - Tustin,True,2.0,0.264,1960.0,2.0,Tustin,4.0,True,1.0,One,11500.0,False,2.0,Tustin Unified,92780,0.0,11500.0,984.363894811656,2.0,65.0,0,351.75,0.12234782608695652,14.141210697603576,14.077874822431765,13.930914461750563,1122326.658023677
True,False,2025-12-22,1110000.0,33.03933307,-117.05661684,1714.0,92128 - Rancho Bernardo,True,4.0,0.1663,1977.0,2.0,San Diego,3.0,True,1.0,One,9583.0,False,2.0,Garden Grove Unified,92128,780.0,8470.0,647.6079346557759,1.5,48.0,0,571.3333333333334,0.20236127508854782,13.919870573288517,13.983960916083914,13.928907054525087,1120075.9511794103
True,False,2025-12-09,885000.0,33.14580404,-117.11618219,1692.0,92026 - Escondido,True,4.0,0.1561,1986.0,4.0,Escondido,4.0,False,2.0,Two,6799.0,False,2.0,El Monte Union High,92026,0.0,6799.0,523.049645390071,1.0,39.0,0,423.0,0.2488601264891896,13.693342923990066,13.709594177880103,13.729080990676994,917200.1474042401
False,False,2025-12-23,1450000.0,34.216299,-118.821467,2661.0,TOE - Thousand Oaks East,True,3.0,0.0611,1997.0,3.0,Thousand Oaks,4.0,True,2.0,Two,2661.0,False,3.0,Conejo Valley Unified,91362,187.0,2661.0,544.9079293498685,1.3333333333333333,28.0,0,665.25,1.0,14.187074114396758,14.119312012295937,14.247712259660576,1540645.8347020037
False,False,2025-12-31,1450000.0,33.892853,-117.95736399999998,2056.0,83 - Fullerton,True,3.0,0.1739,1974.0,3.0,Fullerton,4.0,True,2.0,Two,7575.0,False,3.0,Fullerton Joint Union High,92833,0.0,7575.0,705.2529182879377,1.3333333333333333,51.0,0,514.0,0.2714191419141914,14.187074114396758,13.87377946608825,14.030910796850423,1240358.237231393
True,True,2025-12-15,900000.0,33.796164000000005,-116.548093,1007.0,334 - South End Palm Springs,True,2.0,0.27,1960.0,2.0,Palm Springs,1.0,False,1.0,One,11761.0,False,2.0,Covina Valley Unified,92264,90.0,11761.0,893.7437934458789,0.5,65.0,0,1007.0,0.08562197092084006,13.710150042306449,14.077874822431765,13.673817153541918,867887.3061089576
True,False,2025-12-19,845000.0,32.747882000000004,-116.955972,1420.0,91941 - La Mesa,True,2.0,0.1339,1985.0,2.0,La Mesa,3.0,True,1.0,One,5831.0,False,2.0,Grossmont Union,91941,390.0,5831.0,595.0704225352113,1.5,40.0,0,473.3333333333333,0.24352598182129995,13.64709190633931,13.903955641362648,13.677346387552374,870955.6948530196
False,False,2025-12-04,1025000.0,34.194362,-118.631038,1608.0,WEH - West Hills,True,2.0,0.158,1958.0,2.0,West Hills,4.0,True,1.0,One,6883.0,False,2.0,Vista Unified,91307,162.0,6883.0,637.4378109452737,2.0,67.0,0,402.0,0.23361906145576056,13.840203170554645,13.849911984681606,13.791753133205264,976522.5612252179
False,False,2025-12-31,640000.0,34.068039,-117.768172,1128.0,687 - Pomona,False,2.0,0.1703,1952.0,1.0,Pomona,3.0,True,1.0,One,7420.0,False,2.0,Pomona Unified,91768,0.0,7420.0,567.3758865248227,3.0,73.0,0,376.0,0.15202156334231806,13.369223455335854,13.373053959873324,13.302761539007014,598847.0720087484
True,True,2025-12-05,1725000.0,34.152059,-117.660395,4015.0,690 - Upland,True,3.0,0.6428,1982.0,3.0,Upland,4.0,True,2.0,Two,28000.0,False,3.0,Upland,91784,0.0,28000.0,429.63885429638856,1.3333333333333333,43.0,0,1003.75,0.14339285714285716,14.360737608447597,13.815510557964274,14.320313594352822,1656659.1867476047
False,False,2025-12-23,535000.0,33.750575,-116.222267,2451.0,309 - Indio North of East Valley,True,3.0,0.19,2006.0,3.0,Indio,4.0,True,1.0,One,8276.0,False,3.0,Desert Sands Unified,92203,85.0,8276.0,218.2782537739698,1.3333333333333333,19.0,0,612.75,0.29615756404059934,13.190022025878143,13.255142955086335,13.328803691430194,614647.1801979956
True,False,2025-12-30,585000.0,33.717322,-116.266357,1981.0,699 - Not Defined,True,6.0,0.23,2003.0,3.0,Indio,3.0,True,1.0,One,10019.0,False,2.0,Desert Sands Unified,92201,392.0,10019.0,295.30540131246846,1.0,22.0,0,660.3333333333334,0.19772432378480886,13.279367126213993,13.235692062711331,13.33635695465869,619307.349730373
True,False,2025-12-19,617000.0,37.74775997,-121.46354896,1565.0,628 - Glendale-South of 134 Fwy,True,2.0,0.1406,1996.0,3.0,Tracy,4.0,True,2.0,Two,6124.0,False,2.0,San Bernardino City Unified,95377,0.0,6124.0,394.2492012779553,1.3333333333333333,29.0,0,391.25,0.25555192684519923,13.332624302887524,13.569648381962956,13.525570704246691,748308.5742039003
False,True,2025-12-16,675000.0,34.607431,-118.193417,2746.0,PLM - Palmdale,True,3.0,0.1825,2003.0,3.0,Palmdale,5.0,True,1.0,One,7950.0,False,3.0,Antelope Valley Union,93551,0.0,7950.0,245.8120903131828,1.6666666666666667,22.0,0,549.2,0.34540880503144655,13.422467969854667,13.345506928718539,13.402124077977927,661406.6130066315
True,False,2025-12-23,1090000.0,33.64533,-117.588424,1551.0,R2 - Rancho Santa Margarita Central,True,4.0,0.0779,1989.0,3.0,Rancho Santa Margarita,3.0,True,2.0,Two,3392.0,False,2.0,Saddleback Valley Unified,92688,87.0,3392.0,702.7724049000644,1.0,36.0,0,517.0,0.45725235849056606,13.901688254205327,14.041051233878205,13.860135270198015,1045635.3721022693
True,False,2025-12-08,650000.0,34.01437,-118.141131,1175.0,ELA - East Los Angeles,True,4.0,0.1107,1929.0,1.0,Los Angeles,2.0,True,1.0,One,4821.0,False,2.0,Capistrano Unified,90022,0.0,4821.0,553.1914893617021,2.0,96.0,0,587.5,0.24372536818087534,13.38472764187182,13.4034268364651,13.289359440334636,590874.8063343088
True,False,2025-12-11,260000.0,34.240809000000006,-117.279771,920.0,286 - Crestline Area,False,3.0,0.1515,1935.0,1.0,Crestline,2.0,True,1.0,One,6600.0,False,0.0,Rim of the World,92325,0.0,6600.0,282.60869565217394,2.0,90.0,0,460.0,0.1393939393939394,12.468436909997665,12.793859310432293,12.544603673723596,280577.0554548456
False,False,2025-12-04,1200000.0,34.287440999999994,-118.54502,2258.0,PORA - Porter Ranch,True,2.0,0.2117,1977.0,2.0,Porter Ranch,4.0,True,1.0,One,9223.0,False,2.0,Los Angeles Unified,91326,0.0,9223.0,531.4437555358725,2.0,48.0,0,564.5,0.24482272579421013,13.997832114758229,14.126664986601197,14.103286054212669,1333457.9042143368
True,False,2025-12-10,825000.0,34.215429,-118.867971,1581.0,TOE - Thousand Oaks East,True,2.0,0.15,1982.0,2.0,Thousand Oaks,3.0,True,1.0,One,6534.0,False,2.0,Conejo Valley Unified,91360,0.0,6534.0,521.8216318785579,1.5,43.0,0,527.0,0.24196510560146925,13.623138665316818,13.909911233385758,13.713152416041458,902706.1968357996
False,False,2025-12-09,1595000.0,33.824198,-118.344966,2234.0,127 - South East Torrance - West,True,3.0,0.1719,1954.0,4.0,Torrance,3.0,True,1.0,One,7490.0,False,3.0,Torrance Unified,90505,0.0,7490.0,713.9659803043868,0.75,71.0,0,744.6666666666666,0.29826435246995997,14.282384294201082,14.214722054279537,14.423120384818276,1836037.7020149683
True,False,2025-12-05,1430000.0,37.51951384,-122.05624557,2152.0,92008 - Carlsbad,True,2.0,0.0365,2024.0,4.0,Newark,3.0,False,1.0,ThreeOrMore,1590.0,False,2.0,Pasadena Unified,94560,243.0,1590.0,664.4981412639405,0.75,1.0,0,717.3333333333334,1.3534591194968553,14.17318500223609,14.151982794585487,14.164421067201845,1417522.3295116061
False,True,2025-12-30,700000.0,34.080134,-117.43058,1945.0,264 - Fontana,True,6.0,0.2324,1966.0,2.0,Fontana,3.0,True,1.0,One,10125.0,False,2.0,Fontana Unified,92335,0.0,10125.0,359.8971722365039,1.5,59.0,0,648.3333333333334,0.19209876543209878,13.458835614025542,13.226723392728571,13.287473474210934,589761.486637824
True,False,2025-12-15,905000.0,32.56398366,-117.02487495,2350.0,92154 - Otay Mesa,True,6.0,0.0739,2006.0,3.0,San Diego,4.0,True,2.0,Two,4500.0,False,3.0,Pomona Unified,92154,53.0,7789.0,385.1063829787234,1.3333333333333333,19.0,0,587.5,0.30170753626909746,13.715690222682063,13.579788224443204,13.589522779693345,797727.851219766
True,False,2025-12-03,260000.0,34.246427000000004,-116.80307,992.0,BBC - Big Bear City,True,1.0,0.1023,1989.0,2.0,Big Bear City,2.0,True,1.0,One,4455.0,False,1.0,Bear Valley Unified,92314,0.0,4455.0,262.0967741935484,1.0,36.0,0,496.0,0.22267115600448933,12.468436909997665,12.965709567358951,12.765837958533252,350052.3376864801
False,False,2025-12-30,1020000.0,34.082094,-117.906728,1989.0,669 - West Covina,False,2.0,0.2261,1955.0,3.0,West Covina,5.0,True,1.0,One,9851.0,False,2.0,Covina Valley Unified,91791,0.0,9851.0,512.8205128205128,1.6666666666666667,70.0,0,397.8,0.20190843569180794,13.835313185260453,13.785051350479566,13.897267338421148,1085191.8378662704
True,False,2025-12-30,1915000.0,33.901376,-117.887187,3417.0,83 - Fullerton,True,3.0,0.1492,1996.0,5.0,Fullerton,5.0,True,2.0,Two,6500.0,False,3.0,Palm Springs Unified,92835,360.0,6500.0,560.4331284752707,1.0,29.0,0,683.4,0.5256923076923077,14.465228180596883,14.145874202616191,14.458845411700521,1902815.923001961
False,False,2025-12-19,550000.0,34.114918,-117.506603,895.0,264 - Fontana,True,2.0,0.1102,1988.0,2.0,Fontana,2.0,True,1.0,One,4800.0,False,2.0,Chaffey Joint Union High,92336,0.0,4800.0,614.5251396648044,1.0,37.0,0,447.5,0.18645833333333334,13.217673557208654,13.487006490992238,13.148641784080905,513313.3642128089
True,False,2025-12-09,1150000.0,38.150606,-121.284082,2958.0,APPV - Apple Valley,True,6.0,0.39,1961.0,3.0,Lodi,4.0,False,1.0,One,0.39,False,2.0,Lodi Unified,95240,350.0,16988.4,388.7762001352266,1.3333333333333333,64.0,0,739.5,0.17411881048244682,13.955272500339433,13.028052697933088,13.347120900175339,626009.5466310761
False,False,2025-12-19,508000.0,34.03333,-118.297741,1232.0,SRCAR - Southwest Riverside County,False,0.0,0.0643,1908.0,2.0,Los Angeles,2.0,False,1.0,One,2800.0,False,0.0,Victor Valley Unified,90007,0.0,2800.0,412.3376623376623,1.0,117.0,0,616.0,0.44,13.138236726560619,13.611037477991864,13.44716443517939,691877.6656157146
True,False,2025-12-11,1100000.0,33.997839,-118.052965,2626.0,670 - Whittier,True,3.0,0.2626,1954.0,3.0,Whittier,4.0,True,1.0,One,11440.0,False,3.0,Whittier Union High,90601,0.0,11440.0,418.88804265041887,1.3333333333333333,71.0,0,656.5,0.22954545454545455,13.9108207377686,13.721199878493033,14.045116582843093,1258104.2505029
False,False,2025-12-09,1497000.0,33.845217,-117.792874,2388.0,77 - Anaheim Hills,True,6.0,0.2238,1976.0,3.0,Anaheim Hills,4.0,True,2.0,Two,9750.0,False,3.0,Orange Unified,92807,200.0,9750.0,626.8844221105528,1.3333333333333333,49.0,0,597.0,0.2449230769230769,14.218973663401766,13.997832114758229,14.152509580535346,1400737.694616323
True,False,2025-12-05,900000.0,33.210791,-117.258217,1276.0,92083 - Vista,False,4.0,0.3,1990.0,2.0,Vista,3.0,True,1.0,One,0.3,False,2.0,Vista Unified,92083,0.0,13068.0,705.3291536050157,1.5,35.0,0,425.3333333333333,0.09764309764309764,13.710150042306449,13.614617615584883,13.460776442318823,701359.8990436926
False,False,2025-12-19,515000.0,33.919908,-117.255146,1323.0,259 - Moreno Valley,True,2.0,0.18,1984.0,2.0,Moreno Valley,4.0,True,1.0,One,7841.0,False,2.0,Moreno Valley Unified,92553,0.0,7841.0,389.2668178382464,2.0,41.0,0,330.75,0.16872847851039408,13.151922179645874,13.159174447339636,13.084169002918657,481262.91612181324
True,True,2025-12-31,2880000.0,34.137036,-118.496067,4363.0,ENC - Encino,True,2.0,0.4186,1974.0,6.0,Encino,5.0,True,2.0,Two,18236.0,False,2.0,Los Angeles Unified,91436,0.0,18236.0,660.0962640385056,0.8333333333333334,51.0,0,872.6,0.23925202895371792,14.873300852112129,14.68050799545088,15.079915927314966,3540986.5308439126
True,False,2025-12-04,1640000.0,34.184415,-119.236061,2020.0,VC32 - Oxnard - Port Hueneme Beaches,False,2.0,0.0918,1976.0,4.0,Oxnard,3.0,True,2.0,Two,4000.0,False,2.0,San Luis Coastal Unified,93035,0.0,4000.0,811.8811881188119,0.75,49.0,0,673.3333333333334,0.505,14.310206799800381,14.077874822431765,14.076351351727368,1298020.9959444012
True,False,2025-12-16,972000.0,33.391194,-117.194148,3251.0,92028 - Fallbrook,True,3.0,3.53,1991.0,4.0,Fallbrook,4.0,True,1.0,One,3.53,False,3.0,Fallbrook Union,92028,0.0,153766.8,298.98492771454937,1.0,34.0,0,812.75,0.02114240525262931,13.787111083442577,13.681979165339751,14.119050474163817,1354645.6621694227
True,False,2025-12-29,508000.0,36.516457,-119.544862,1507.0,699 - Not Defined,True,0.0,0.2359,1921.0,1.0,Kingsburg,3.0,True,1.0,One,10275.0,False,0.0,Kingsburg Joint Union,93631,0.0,10275.0,337.0935633709356,3.0,104.0,0,502.3333333333333,0.14666666666666667,13.138236726560619,13.669749172045414,13.582235796873153,791935.9504426639
True,False,2025-12-22,3520000.0,34.072821000000005,-118.605857,3200.0,TOP - Topanga,True,8.0,2.2986,1980.0,2.0,Topanga,4.0,True,2.0,MultiSplit,100126.0,False,3.0,Mountain Empire Unified,90290,202.0,100126.0,1100.0,2.0,45.0,0,800.0,0.03195973073926852,15.07397154757428,14.266581106099132,14.455583034428342,1896618.334514329
True,False,2025-12-09,2295000.0,33.693265000000004,-118.004048,2957.0,17 - Northwest Huntington Beach,True,3.0,0.1214,1997.0,3.0,Huntington Beach,5.0,True,2.0,Two,5287.0,False,3.0,Huntington Beach Union High,92648,98.0,5287.0,776.1244504565437,1.6666666666666667,28.0,0,591.4,0.5592963873652355,14.646243401476783,14.580978400103845,14.671862701615979,2354555.926985535
True,False,2025-12-12,1295030.0,32.7406109,-117.22730673,1272.0,92106 - Point Loma,True,4.0,0.1745,1943.0,1.0,San Diego,2.0,False,1.0,One,7600.0,False,0.0,Saddleback Valley Unified,92106,100.0,7600.0,1018.1053459119496,2.0,82.0,0,636.0,0.16736842105263158,14.074044418870614,14.53335035111459,14.151120221658898,1398792.9185754962
True,False,2025-12-22,535000.0,33.746745000000004,-116.709893,1044.0,222 - Idyllwild,False,4.0,0.45,1930.0,1.0,Idyllwild,2.0,True,1.0,One,19602.0,False,0.0,Apple Valley Unified,92549,0.0,19602.0,512.4521072796935,2.0,95.0,0,522.0,0.05325987144168962,13.190022025878143,13.132313708257497,12.928291839461698,411799.4917921157
False,False,2025-12-14,630000.0,33.959191,-118.258282,1180.0,C37 - Metropolitan South,False,2.0,0.1172,1940.0,2.0,Los Angeles,3.0,False,1.0,One,5104.0,False,2.0,Los Angeles Unified,90002,0.0,5104.0,533.8983050847457,1.5,85.0,0,393.3333333333333,0.23119122257053293,13.353475098367715,13.287734158360443,13.2325848522576,558262.6626800487
True,False,2025-12-19,470000.0,33.672354,-116.315169,1658.0,313 - La Quinta South of HWY 111,True,2.0,0.12,1990.0,2.0,La Quinta,3.0,True,1.0,One,5227.0,False,2.0,Desert Sands Unified,92253,0.0,5227.0,283.47406513872136,1.5,35.0,0,552.6666666666666,0.31719915821695044,13.060487973686241,13.545013310266594,13.364793241003424,637170.9341384321
True,True,2025-12-09,905000.0,34.238821,-118.501799,1724.0,NR - Northridge,True,2.0,0.1734,1957.0,2.0,Northridge,4.0,True,1.0,One,7554.0,False,2.0,Los Angeles Unified,91343,0.0,7554.0,524.9419953596288,2.0,68.0,0,431.0,0.2282234577707175,13.715690222682063,13.715690222682063,13.732584209252728,920418.934764237
True,False,2025-12-16,925000.0,34.458894,-118.54348799999998,2811.0,NPRK - Valencia Northpark,True,4.0,0.1123,1997.0,3.0,Valencia,4.0,True,2.0,Two,4890.0,False,2.0,William S. Hart Union,91354,59.0,4890.0,329.06438989683386,1.3333333333333333,28.0,0,702.75,0.5748466257668712,13.737549016494562,13.710150042306449,13.891357779843572,1078797.744874371
False,False,2025-12-17,740000.0,36.84023136,-121.35754053,1848.0,699 - Not Defined,True,2.0,0.1193,2018.0,3.0,Hollister,3.0,False,2.0,One,5195.0,False,2.0,Other,95023,0.0,5195.0,400.43290043290045,1.0,7.0,0,616.0,0.35572666025024063,13.514405465180353,13.527828485512494,13.456682863877004,698494.6957493386
False,False,2025-12-19,499000.0,37.76862559,-122.19994721,1239.0,309 - Indio North of East Valley,True,1.0,0.0941,1920.0,2.0,Oakland,3.0,True,1.0,One,4100.0,False,1.0,San Marino Unified,94621,0.0,4100.0,402.7441485068604,1.5,105.0,0,413.0,0.3021951219512195,13.120361374733656,13.142166004700508,13.0943732489333,486198.9829042796
True,False,2025-12-16,374000.0,36.575129,-119.605088,1622.0,699 - Not Defined,False,1.0,0.2066,1947.0,2.0,Selma,3.0,True,1.0,One,9000.0,False,1.0,Selma Unified,93662,0.0,9000.0,230.57953144266332,1.5,78.0,0,540.6666666666666,0.18022222222222223,12.832011076396668,12.896716695872,12.901851329668057,401053.98760903534
True,True,2025-12-15,1285000.0,33.741705,-118.022687,1268.0,17 - Northwest Huntington Beach,True,8.0,0.1719,1964.0,2.0,Huntington Beach,3.0,False,1.0,One,7490.0,False,2.0,Huntington Beach Union High,92647,0.0,7490.0,1013.4069400630916,1.5,61.0,0,422.6666666666667,0.16929238985313752,14.066269276311457,14.080942316715522,13.893438220970896,1081044.4563359774
True,False,2025-12-02,840000.0,34.24159,-119.027868,1662.0,VC42 - Camarillo Heights,False,2.0,0.22,1964.0,2.0,Camarillo,3.0,True,1.0,One,9583.0,False,0.0,Los Angeles Unified,93010,0.0,9583.0,505.41516245487367,1.5,61.0,0,554.0,0.17343211937806532,13.641157170819497,13.790192749979985,13.75438059578368,940700.9762812017
True,False,2025-12-18,530000.0,33.94829,-118.229125,924.0,C37 - Metropolitan South,False,0.0,0.1102,1925.0,1.0,Los Angeles,2.0,False,1.0,One,4802.0,False,0.0,Los Angeles Unified,90002,0.0,4802.0,573.5930735930735,2.0,100.0,0,462.0,0.1924198250728863,13.180632285528304,13.287734158360443,13.096752254483727,487357.02993720036
False,False,2025-12-12,601953.0,36.22418,-121.130284,1550.0,699 - Not Defined,False,2.0,0.124,2025.0,2.0,King City,4.0,False,1.0,MultiSplit,5400.0,False,2.0,Other,93930,85.0,5400.0,388.3567741935484,2.0,0.0,0,387.5,0.28703703703703703,13.307934648153395,13.222208712374044,13.167063857050131,522857.30009489466
False,True,2025-12-02,1735000.0,37.37947593,-121.81993107,2310.0,699 - Not Defined,True,2.0,0.2583,1948.0,3.0,San Jose,4.0,True,1.0,One,11250.0,False,2.0,Other,95127,0.0,11250.0,751.0822510822511,1.3333333333333333,77.0,0,577.5,0.20533333333333334,14.366517971363097,13.972514306773938,14.219191029317635,1497325.4321437033
True,False,2025-12-26,820000.0,33.125303,-117.057951,1756.0,92027 - Escondido,True,2.0,0.21,1974.0,2.0,Escondido,3.0,True,1.0,One,0.21,False,2.0,Escondido Union,92027,0.0,9147.6,466.9703872437358,1.5,51.0,0,585.3333333333334,0.1919629192356465,13.617059619240436,13.658839648348096,13.68244754657293,875409.9295731972
True,False,2025-12-12,757619.0,33.87978,-117.229888,4134.0,259 - Moreno Valley,True,3.0,0.1757,2025.0,4.0,Moreno Valley,5.0,False,2.0,Two,7653.0,True,3.0,Val Verde,92551,293.0,7653.0,183.26536042573773,1.25,0.0,0,826.8,0.5401803214425716,13.537935899736993,13.180632285528304,13.51839739229903,742959.930049681
True,True,2025-12-09,917000.0,33.558145,-117.143157,2809.0,SRCAR - Southwest Riverside County,True,2.0,0.35,2003.0,3.0,Murrieta,4.0,True,1.0,One,0.35,False,2.0,Murrieta,92563,0.0,15246.0,326.4506941972232,1.3333333333333333,22.0,0,702.25,0.18424504788141152,13.728862751238601,13.458835614025542,13.67735617059805,870964.2154940434
True,False,2025-12-23,1495000.0,33.977376,-118.362884,2129.0,101 - North Inglewood,True,3.0,0.1267,1939.0,3.0,Los Angeles,4.0,True,1.0,One,5520.0,False,3.0,Riverside Unified,90302,0.0,5520.0,702.2076092062001,1.3333333333333333,86.0,0,532.25,0.38568840579710145,14.217636764806924,13.652991628466498,13.915820687203682,1105513.717045131
False,False,2025-12-12,900000.0,34.012003,-117.866883,1297.0,699 - Not Defined,True,2.0,0.1744,1975.0,2.0,Walnut,3.0,True,1.0,One,7598.0,False,2.0,Los Angeles Unified,91789,369.0,7598.0,693.9090208172706,1.5,50.0,0,432.3333333333333,0.17070281653066596,13.710150042306449,13.963930563082547,13.763852357650059,949653.4026112352
False,False,2025-12-12,585000.0,33.909778,-118.200882,1346.0,699 - Not Defined,False,2.0,0.1435,1947.0,1.0,Compton,4.0,False,1.0,One,6253.0,False,2.0,Compton Unified,90221,0.0,6253.0,434.6210995542348,4.0,78.0,0,336.5,0.21525667679513832,13.279367126213993,13.353475098367715,13.263250308217666,575647.2323481455
True,False,2025-12-02,885000.0,33.327948,-117.234308,1939.0,92028 - Fallbrook,False,8.0,1.2,1972.0,3.0,Fallbrook,3.0,True,1.0,One,52272.0,False,2.0,Fallbrook Union,92028,0.0,52272.0,456.42083548220734,1.0,53.0,0,646.3333333333334,0.037094429139883686,13.693342923990066,13.681979165339751,13.790616689745011,975413.4288991847
False,False,2025-12-01,862600.0,33.992899,-118.437826,742.0,C13 - Palms - Mar Vista,False,1.0,0.0597,1952.0,2.0,Los Angeles,2.0,False,1.0,One,2601.0,False,1.0,Los Angeles Unified,90066,296.42,2601.0,1162.533692722372,1.0,73.0,0,371.0,0.28527489427143404,13.66770636319588,14.628660530918916,13.930173175303532,1121495.0007691514
False,True,2025-12-23,1285000.0,36.66387045,-121.80247140000002,2401.0,699 - Not Defined,True,2.0,0.0882,2022.0,3.0,Marina,3.0,True,1.0,One,3840.0,False,2.0,Other,93933,169.0,3840.0,535.1936693044564,1.0,3.0,0,800.3333333333334,0.6252604166666667,14.066269276311457,13.795307850646754,13.923906319040498,1114488.7293775398
False,False,2025-12-18,3090000.0,33.985372,-118.449539,3100.0,C12 - Marina Del Rey,False,2.0,0.1923,1967.0,4.0,Marina Del Rey,5.0,True,2.0,Two,8376.0,False,2.0,Bear Valley Unified,90292,0.0,8376.0,996.7741935483872,1.25,58.0,0,620.0,0.37010506208213945,14.943681648873929,14.871563232213587,15.181265250650808,3918679.3349448005
True,False,2025-12-05,895000.0,37.67587423,-122.14767582,1465.0,699 - Not Defined,True,2.0,0.1178,1956.0,2.0,San Lorenzo,3.0,True,1.0,One,5130.0,False,2.0,Sweetwater Union,94580,98.0,5130.0,610.9215017064846,1.5,69.0,0,488.3333333333333,0.2855750487329435,13.704578997256993,13.652991628466498,13.652183300134901,849313.1985360782
True,True,2025-12-08,1799000.0,33.710972,-116.31566,3033.0,325 - Indian Wells,True,2.0,0.23,1972.0,3.0,Indian Wells,2.0,True,1.0,One,10019.0,False,2.0,Los Angeles Unified,92210,55.0,10019.0,593.1421035278602,0.6666666666666666,53.0,0,1516.5,0.30272482283661045,14.40274151293267,14.452073389471401,14.56349920267457,2112746.256776199
True,False,2025-12-19,1050000.0,34.264625,-118.330402,1729.0,659 - Sunland/Tujunga,True,2.0,0.4041,1964.0,2.0,Sunland,3.0,True,1.0,One,17603.0,False,2.0,Los Angeles Unified,91040,0.0,17603.0,607.2874493927126,1.5,61.0,0,576.3333333333334,0.0982218939953417,13.864300722133706,13.77468856344402,13.769617167242068,955143.783952042
True,False,2025-12-16,2050000.0,34.094658,-118.039479,3662.0,661 - Temple City,True,3.0,0.3109,1999.0,4.0,Temple City,5.0,True,2.0,Two,13544.0,False,3.0,El Monte Union High,91780,0.0,13544.0,559.8033861277991,1.25,26.0,0,732.4,0.2703780271707029,14.53335035111459,13.981024996441848,14.487881387357106,1958875.9804790618
True,False,2025-12-10,789000.0,34.927644,-120.431265,2265.0,SMSE - SM Southeast,True,3.0,0.22,1982.0,3.0,Santa Maria,4.0,True,2.0,Two,9583.0,False,3.0,Santa Maria-Bonita,93454,0.0,9583.0,348.34437086092714,1.3333333333333333,43.0,0,566.25,0.23635604716685799,13.578521599828012,13.422467969854667,13.485856411248967,719172.4185683844
True,False,2025-12-05,664000.0,34.001161,-117.018197,1591.0,269 - Yucaipa/Calimesa/Oak Glen,True,2.0,1.33,1973.0,2.0,Calimesa,3.0,True,1.0,One,57935.0,False,2.0,Yucaipa/Calimesa Unified,92320,0.0,57935.0,417.3475801382778,1.5,52.0,0,530.3333333333334,0.02746181064986623,13.406037428458571,13.321214236149494,13.366602797767044,638324.9749481522
False,False,2025-12-29,310000.0,34.445147,-117.337348,852.0,HSP - Hesperia,True,1.0,0.4966,1972.0,1.0,Hesperia,2.0,False,1.0,One,21630.0,False,0.0,Hesperia Unified,92345,0.0,21630.0,363.849765258216,2.0,53.0,0,426.0,0.03938973647711512,12.644327576461329,13.064514272196533,12.669243867687266,317821.08183589857
True,False,2025-12-18,4275000.0,37.82637633,-122.23100485,3873.0,83 - Fullerton,True,2.0,0.1276,1912.0,4.0,Piedmont,5.0,True,1.0,ThreeOrMore,5560.0,False,2.0,Piedmont,94611,0.0,5560.0,1103.7955073586368,1.25,113.0,0,774.6,0.6965827338129497,15.268294660352998,14.128493142202753,14.819981854548299,2730463.2858727104
True,False,2025-12-01,1830000.0,37.58040434,-121.98522385,2451.0,WLA - West Los Angeles,True,2.0,0.1406,1985.0,4.0,Fremont,5.0,True,2.0,Two,6125.0,False,2.0,Inglewood Unified,94536,0.0,6125.0,746.6340269277846,1.25,40.0,0,490.2,0.40016326530612245,14.419826524817603,14.316285845876763,14.44792016408194,1882140.3364763556
True,False,2025-12-01,655000.0,37.92423018,-122.32466729,1047.0,HNDL - Helendale,True,1.0,0.0696,1957.0,2.0,Richmond,3.0,True,2.0,Two,3030.0,False,1.0,Hemet Unified,94804,0.0,3030.0,625.5969436485195,1.5,68.0,0,349.0,0.3455445544554455,13.39239051461739,13.337442237753596,13.224288846771973,553650.470406552
False,False,2025-12-15,1325000.0,33.839675,-118.365542,1545.0,131 - West Torrance,True,4.0,0.1382,1961.0,2.0,Torrance,3.0,True,1.0,One,6022.0,False,2.0,Torrance Unified,90503,0.0,6022.0,857.6051779935275,1.5,64.0,0,515.0,0.2565592826303554,14.09692301740246,14.148404973237604,14.049259254472988,1263326.9738335502
True,False,2025-12-09,1399000.0,33.86976,-118.389494,1316.0,150 - Hermosa Bch East,True,2.0,0.0807,1960.0,2.0,Hermosa Beach,3.0,False,1.0,One,3517.0,False,2.0,Manhattan Unified,90254,0.0,3517.0,1063.0699088145896,1.5,65.0,0,438.6666666666667,0.3741825419391527,14.151268253647618,14.648419680899378,14.284829551765663,1598904.9581840378
True,False,2025-12-31,435000.0,34.589457,-118.149761,1026.0,PLM - Palmdale,True,1.0,0.2522,1955.0,1.0,Palmdale,3.0,False,1.0,One,0.2522,False,1.0,Palmdale,93551,0.0,10985.83,423.9766081871345,3.0,70.0,0,342.0,0.09339303448169142,12.983101310070822,13.345506928718539,13.19987271930098,540296.1635966256
True,False,2025-12-05,1200000.0,37.88720616,-122.26943303,1034.0,RES - Reseda,False,2.0,0.123,1919.0,1.0,Berkeley,2.0,True,1.0,One,5360.0,False,0.0,Moreno Valley Unified,94707,0.0,5360.0,1160.5415860735009,2.0,106.0,0,517.0,0.19291044776119404,13.997832114758229,14.331212327451603,13.945601740981056,1138932.2298666588
False,False,2025-12-19,1024000.0,32.726523,-116.916139,2258.0,91978 - Spring Valley,True,9.0,0.52,1961.0,2.0,Spring Valley,3.0,True,1.0,One,22651.0,False,1.0,Grossmont Union,91978,0.0,22651.0,453.4986713906111,1.5,64.0,0,752.6666666666666,0.0996865480552735,13.83922708458159,13.693279081298371,13.882744151487122,1069545.2878481373
True,False,2025-12-05,605000.0,33.951879,-117.293569,2052.0,259 - Moreno Valley,True,3.0,0.27,1991.0,3.0,Moreno Valley,4.0,True,2.0,Two,11761.0,False,3.0,Moreno Valley Unified,92557,0.0,11761.0,294.83430799220275,1.3333333333333333,34.0,0,513.0,0.17447495961227788,13.312983737012978,13.262125319779487,13.348377487209255,626796.6765555352
False,False,2025-12-16,1041990.0,33.971357,-118.059924,2093.0,670 - Whittier,True,2.0,0.0947,2025.0,3.0,Whittier,4.0,False,2.0,Two,4123.0,True,2.0,Whittier Union High,90606,282.0,4123.0,497.8451982799809,1.3333333333333333,0.0,0,523.25,0.5076400679117148,13.856642904320415,13.595482281525381,13.641309890500983,840128.2943287338
True,False,2025-12-03,429000.0,37.349953,-120.623831,1513.0,ELA - East Los Angeles,True,3.0,0.1377,2021.0,2.0,Atwater,4.0,False,1.0,One,6000.0,False,3.0,Atwater,95301,95.0,6000.0,283.5426305353602,2.0,4.0,0,378.25,0.25216666666666665,12.969212197910155,13.038981768465277,13.032982347484015,457248.52822019916
True,False,2025-12-17,799000.0,33.906805,-118.034776,1144.0,M3 - La Mirada,True,4.0,0.1287,1955.0,2.0,La Mirada,4.0,True,1.0,One,5607.0,False,2.0,Norwalk - La Mirada,90638,0.0,5607.0,698.4265734265734,2.0,70.0,0,286.0,0.2040306759407883,13.591116224748411,13.709037694795391,13.618545729204598,821219.516113693
False,False,2025-12-02,945000.0,33.807437,-118.127653,1253.0,"32 - Stratford Square, University",False,2.0,0.1492,1952.0,2.0,Long Beach,3.0,True,1.0,One,6497.0,False,2.0,Long Beach Unified,90815,0.0,6497.0,754.1899441340782,1.5,73.0,0,417.6666666666667,0.19285824226566106,13.758940206475879,13.937728190688523,13.78366848403623,968659.5465975938
False,True,2025-12-22,1462500.0,36.60048544,-121.90438676,1867.0,699 - Not Defined,True,0.0,0.1102,2000.0,3.0,Monterey,3.0,True,1.0,One,4800.0,False,2.0,Other,93940,60.0,4800.0,783.3422603106588,1.0,25.0,0,622.3333333333334,0.38895833333333335,14.195657858088149,14.119680947920857,13.979873046087095,1178641.481204724
True,False,2025-12-24,670000.0,37.66819475,-122.1292365,1260.0,335 - Cathedral City North,True,1.0,0.1288,1949.0,2.0,San Lorenzo,3.0,True,1.0,One,5610.0,False,1.0,Rowland Unified,94580,0.0,5610.0,531.7460317460317,1.5,76.0,0,420.0,0.22459893048128343,13.415032991367148,13.652991628466498,13.625542214035246,826985.3126347521
False,False,2025-12-05,1125000.0,37.8096595,-122.1973727,2084.0,92067 - Rancho Santa Fe,True,4.0,0.1326,1955.0,2.0,Oakland,3.0,True,1.0,One,5775.0,False,2.0,Oakland,94062,214.0,5775.0,539.827255278311,1.5,70.0,0,694.6666666666666,0.3608658008658009,13.933293593620657,14.793836680757881,14.653356139121597,2311381.923993772
True,False,2025-12-10,510000.0,34.576858,-118.038524,1923.0,PLM - Palmdale,True,2.0,0.182,2006.0,2.0,Palmdale,4.0,True,1.0,One,7929.0,False,2.0,Call Listing Office,93552,0.0,7929.0,265.2106084243369,2.0,19.0,0,480.75,0.2425274309496784,13.142166004700508,13.122363377404328,13.08617846683513,482230.9688939093
False,False,2025-12-05,630000.0,33.793779,-118.202184,1200.0,5 - Wrigley Area,False,1.0,0.0821,1938.0,2.0,Long Beach,2.0,False,1.0,One,3576.0,False,1.0,Long Beach Unified,90806,0.0,3576.0,525.0,1.0,87.0,0,600.0,0.33557046979865773,13.353475098367715,13.579788224443204,13.46250564357619,702573.7406487381
True,False,2025-12-02,455000.0,33.955492,-116.948278,1677.0,263 - Banning/Beaumont/Cherry Valley,True,2.0,0.1443,2022.0,2.0,Beaumont,3.0,True,1.0,One,6286.0,False,2.0,Beaumont,92223,325.0,6286.0,271.3178294573643,1.5,3.0,0,559.0,0.26678332803054405,13.028052697933088,13.197470849891134,13.151638183649125,514853.762828043
False,False,2025-12-15,229650.0,40.71043505,-122.24181234,1200.0,92028 - Fallbrook,False,10.0,2.1,1960.0,2.0,Redding,3.0,True,1.0,One,91476.0,False,4.0,Paso Robles Joint Unified,96003,0.0,91476.0,191.375,1.5,65.0,0,400.0,0.013118194936376755,12.344311689753939,12.700145730017464,12.659241559813546,314657.98304188444
True,False,2025-12-02,1100000.0,37.6699235,-121.78009175,1120.0,619 - El Monte,True,2.0,0.1331,1957.0,2.0,Livermore,3.0,True,1.0,One,5800.0,False,2.0,Jurupa Unified,94550,0.0,5800.0,982.1428571428572,1.5,68.0,0,373.3333333333333,0.19310344827586207,13.9108207377686,14.077490059042251,13.876322352247538,1062698.889358731
True,False,2025-12-01,860000.0,37.69005031,-121.77644966,1185.0,SO - Sherman Oaks,True,1.0,0.1148,1943.0,2.0,Livermore,3.0,False,1.0,One,5000.0,False,1.0,Tustin Unified,94551,135.0,5000.0,725.7383966244726,1.5,82.0,0,395.0,0.237,13.664687668229691,13.87377946608825,13.7652939870166,951023.438148929
False,False,2025-12-09,511111.0,37.91843919,-122.32070067,1659.0,648 - Pasadena (SE),True,3.0,0.1056,1962.0,2.0,Richmond,3.0,True,2.0,Two,4600.0,False,2.0,Moreno Valley Unified,94804,0.0,4600.0,308.0837854128993,1.5,63.0,0,553.0,0.3606521739130435,13.144342066731776,13.337442237753596,13.296557632641806,595143.3814008984
True,False,2025-12-02,1075000.0,33.482149,-117.681058,1500.0,DO - Del Obispo,True,4.0,0.0367,1978.0,2.0,San Juan Capistrano,3.0,True,2.0,Two,1600.0,False,2.0,Capistrano Unified,92675,465.0,1600.0,716.6666666666666,1.5,47.0,0,500.0,0.9375,13.8878312195439,14.32231001513485,13.851941062975477,1037102.228105598
False,False,2025-12-08,900000.0,33.916066,-117.974137,1593.0,87 - La Habra,False,2.0,0.1874,1963.0,2.0,La Habra,4.0,True,1.0,One,8162.0,False,2.0,Fullerton Joint Union High,90631,0.0,8162.0,564.9717514124294,2.0,62.0,0,398.25,0.19517275177652535,13.710150042306449,13.792724135316895,13.745713768512973,932583.3114183795
True,False,2025-12-05,745000.0,34.43654,-118.480009,1240.0,CAN1 - Canyon Country 1,True,2.0,0.1376,1964.0,2.0,Canyon Country,3.0,False,1.0,One,5996.0,False,2.0,William S. Hart Union,91351,0.0,5996.0,600.8064516129032,1.5,61.0,0,413.3333333333333,0.2068045363575717,13.521139497361697,13.527828485512494,13.452726278949832,695736.5022759807
False,False,2025-12-30,2210000.0,34.051474,-118.53743500000002,1904.0,C15 - Pacific Palisades,True,2.0,0.1856,1953.0,4.0,Pacific Palisades,4.0,True,1.0,One,8084.0,False,2.0,Santa Monica-Malibu Unified,90272,160.0,8084.0,1160.7142857142858,1.0,72.0,0,476.0,0.23552696684809502,14.608503073493935,14.966082585563095,14.93094696872805,3050899.334004964
False,False,2025-12-05,1155000.0,35.392982,-120.862592,1362.0,MRBY - Morro Bay,True,2.0,0.1157,1968.0,2.0,Morro Bay,2.0,True,1.0,One,5040.0,False,2.0,San Luis Coastal Unified,93442,0.0,5040.0,848.0176211453745,1.0,57.0,0,681.0,0.2702380952380952,13.959610901938031,13.883057393779731,13.69738459405636,888584.1160370138
False,False,2025-12-11,435000.0,37.327364,-120.491703,2090.0,249 - Eastvale,True,3.0,0.1954,1991.0,3.0,Merced,4.0,True,2.0,Two,8512.0,False,3.0,Merced City,95348,0.0,8512.0,208.13397129186603,1.3333333333333333,34.0,0,522.5,0.24553571428571427,12.983101310070822,12.970364687642453,13.089505540561131,483838.05885130353
True,False,2025-12-29,410000.0,37.352402000000005,-120.597655,1791.0,274 - San Bernardino,True,2.0,0.1642,1979.0,2.0,Atwater,4.0,True,1.0,One,7152.0,False,2.0,Atwater,95301,0.0,7152.0,228.92238972640985,2.0,46.0,0,447.75,0.25041946308724833,12.92391243868049,13.038981768465277,13.00405801094294,444212.3580382138
False,False,2025-12-03,1728000.0,37.848558,-122.25469675,1327.0,263 - Banning/Beaumont/Cherry Valley,False,1.0,0.0918,1911.0,1.0,Oakland,3.0,True,1.0,One,4000.0,False,0.0,Other,94618,0.0,4000.0,1302.1853805576488,3.0,114.0,0,442.3333333333333,0.33175,14.362475228346138,14.478185245710499,13.908418656997338,1097360.8821077575
False,True,2025-12-08,810000.0,33.899313,-117.322861,2447.0,252 - Riverside,True,3.0,0.2,2001.0,3.0,Riverside,4.0,True,2.0,Two,8712.0,False,3.0,Riverside Unified,92508,0.0,8712.0,331.0175725378014,1.3333333333333333,24.0,0,611.75,0.28087695133149676,13.604789526648622,13.56126305375042,13.585950607854576,794883.3138675372
True,False,2025-12-18,420000.0,34.415957,-117.315511,1722.0,HSP - Hesperia,True,2.0,1.0486,1984.0,2.0,Hesperia,4.0,True,1.0,One,45678.0,False,2.0,Hesperia Unified,92345,0.0,45678.0,243.90243902439025,2.0,41.0,0,430.5,0.037698673321949296,12.948009990259552,13.064514272196533,13.008637710980222,446251.3828881583
True,False,2025-12-12,827000.0,36.83785024,-121.35755943,2422.0,699 - Not Defined,True,2.0,0.142,2017.0,3.0,Hollister,4.0,False,1.0,One,6187.0,False,3.0,Other,95023,0.0,6187.0,341.45334434351776,1.3333333333333333,8.0,0,605.5,0.3914659770486504,13.625559974005828,13.527828485512494,13.617556115732034,820407.2282084336
True,False,2025-12-19,585000.0,38.826222,-122.571442,3486.0,LCHVL - Hidden Valley Lake,True,2.0,0.66,2007.0,3.0,Hidden Valley Lake,5.0,True,2.0,Two,28750.0,False,2.0,Middletown Unified,95467,282.0,28750.0,167.81411359724612,1.6666666666666667,18.0,0,697.2,0.12125217391304348,13.279367126213993,12.818551923022664,13.486345174755897,719524.009717233
True,False,2025-12-03,2900000.0,37.82333908,-122.00648773,3084.0,92021 - El Cajon,True,2.0,0.3053,1950.0,3.0,Danville,5.0,True,2.0,Two,13300.0,False,2.0,Hesperia Unified,94526,100.0,13300.0,940.337224383917,1.6666666666666667,75.0,0,616.8,0.2318796992481203,14.880221294956703,14.430696197054507,14.666461785024412,2341873.446153158
True,False,2025-12-19,965000.0,35.372777,-120.845131,1890.0,MRBY - Morro Bay,True,2.0,0.0918,2001.0,3.0,Morro Bay,3.0,True,2.0,Two,4000.0,False,2.0,San Luis Coastal Unified,93442,0.0,4000.0,510.5820105820106,1.0,24.0,0,630.0,0.4725,13.779883380321124,13.883057393779731,13.881516500833545,1068233.0655165885
True,False,2025-12-04,1335000.0,37.89872842,-122.29404544,1661.0,92173 - San Ysidro,True,1.0,0.1323,1947.0,2.0,El Cerrito,2.0,True,2.0,MultiSplit,5764.0,False,1.0,San Dieguito Union,94530,0.0,5764.0,803.7326911499097,1.0,78.0,0,830.5,0.2881679389312977,14.104441849816487,14.137594057133388,14.120992418225764,1357278.86420713
True,True,2025-12-26,2274500.0,37.06938495,-121.98976711,3134.0,699 - Not Defined,True,6.0,2.72,2025.0,3.0,Scotts Valley,4.0,True,2.0,One,118483.0,False,2.0,Other,95066,0.0,118483.0,725.7498404594767,1.3333333333333333,0.0,0,783.5,0.026451052049661132,14.637270805992197,14.187074114396758,14.417343705770012,1825462.0768949953
True,False,2025-12-29,2255000.0,37.65426725,-122.01334675,4434.0,CHT - Chatsworth,True,2.0,0.1494,2007.0,4.0,Hayward,5.0,True,2.0,Two,6510.0,False,2.0,Pasadena Unified,94542,250.0,6510.0,508.5701398285972,1.25,18.0,0,886.8,0.6811059907834102,14.628660530918916,14.155547860749984,14.638658223929271,2277657.8722356125
False,False,2025-12-09,1465000.0,34.184704,-118.52514,2772.0,ENC - Encino,True,2.0,0.1949,2004.0,3.0,Encino,5.0,True,2.0,Two,8490.0,False,2.0,Los Angeles Unified,91316,0.0,8490.0,528.4992784992785,1.6666666666666667,21.0,0,554.4,0.3265017667844523,14.197365800433305,14.300596894375873,14.46529330588031,1915124.718978898
True,True,2025-12-08,2300000.0,33.823089,-118.047638,3614.0,80 - Cypress North of Katella,True,3.0,0.1607,1992.0,5.0,Cypress,4.0,True,2.0,Two,7000.0,False,3.0,Anaheim Union High,90630,0.0,7000.0,636.4139457664637,0.8,33.0,0,903.5,0.5162857142857142,14.648419680899378,13.933293593620657,14.445120231076467,1876877.8403835725
True,False,2025-12-04,2025000.0,36.9912861,-122.00738363,3299.0,699 - Not Defined,True,2.0,0.244,2000.0,3.0,Santa Cruz,3.0,True,1.0,One,10629.0,False,2.0,Other,95065,0.0,10629.0,613.8223704152773,1.0,25.0,0,1099.6666666666667,0.3103772697337473,14.521080258522776,14.17161767960286,14.596966358261602,2184650.3662496414
False,True,2025-12-10,685000.0,37.99526851,-121.72823356,1872.0,699 - Not Defined,True,2.0,0.123,1981.0,3.0,Oakley,4.0,True,1.0,Two,5357.0,False,2.0,Other,94561,0.0,5357.0,365.9188034188034,1.3333333333333333,44.0,0,468.0,0.3494493186484973,13.437174117244362,13.415032991367148,13.378910216324288,646229.6508898675
False,False,2025-12-02,1550000.0,37.39392965,-122.01719436,996.0,699 - Not Defined,True,2.0,0.1404,1953.0,1.0,Sunnyvale,3.0,True,2.0,One,6118.0,False,2.0,Other,94085,308.0,6118.0,1556.2248995983937,3.0,72.0,0,332.0,0.16279830009807125,14.253765488895429,14.392123922268269,14.09233094495255,1318929.4528675224
True,False,2025-12-17,450000.0,39.044456,-122.921781,2014.0,LCLPN - Lakeport North,True,4.0,0.24,1992.0,2.0,Lakeport,3.0,False,1.0,One,0.24,False,2.0,Lakeport Unified,95453,0.0,10454.4,223.4359483614697,1.5,33.0,0,671.3333333333334,0.19264615855524947,13.017002861746503,12.89167886987763,12.989017440448276,437581.1443790654
True,True,2025-12-23,2235000.0,33.781743,-118.087418,2442.0,51 - Rossmoor,True,8.0,0.1919,1959.0,3.0,Rossmoor,4.0,True,1.0,One,8360.0,False,2.0,Los Alamitos Unified,90720,0.0,8360.0,915.2334152334151,1.3333333333333333,66.0,0,610.5,0.29210526315789476,14.619751786029806,14.283636643008586,14.451771508283825,1889403.0834403115
False,True,2025-12-05,468400.0,37.68039454,-121.01706703,1700.0,699 - Not Defined,True,0.0,0.1841,1971.0,2.0,Modesto,3.0,True,2.0,One,8019.0,False,2.0,Other,95350,0.0,8019.0,275.52941176470586,1.5,54.0,0,566.6666666666666,0.2119965082928046,13.057077910705699,13.028052697933088,13.017711467780998,450318.9857197786
True,False,2025-12-12,975000.0,33.118365000000004,-117.217542,1456.0,92078 - San Marcos,True,4.0,0.0903,1992.0,2.0,San Marcos,2.0,True,1.0,One,3932.0,False,2.0,San Marcos Unified,92078,241.0,3932.0,669.6428571428571,1.0,33.0,0,728.0,0.37029501525940994,13.790192749979985,14.075178214680975,13.817754764536225,1002246.726688388
False,False,2025-12-19,560000.0,33.93639,-117.472747,976.0,252 - Riverside,True,1.0,0.19,1957.0,1.0,Riverside,3.0,False,1.0,One,8276.0,False,1.0,Riverside Unified,92503,0.0,8276.0,573.7704918032787,3.0,68.0,0,325.3333333333333,0.1179313678105365,13.235692062711331,13.399995114002609,13.244949344627596,565208.1473235119
False,False,2025-12-01,1298000.0,33.862173,-118.363793,1042.0,153 - N Redondo Bch/El Nido,False,2.0,0.1148,1951.0,2.0,Redondo Beach,3.0,False,1.0,One,5001.0,False,2.0,Redondo Unified,90278,0.0,5001.0,1245.6813819577735,1.5,74.0,0,347.3333333333333,0.20835832833433313,14.076335176246172,14.253765488895429,14.03431375846812,1244586.318624084
False,True,2025-12-18,897000.0,33.953022999999995,-117.590943,2590.0,249 - Eastvale,True,4.0,0.15,2000.0,3.0,Eastvale,4.0,True,2.0,Two,6534.0,False,2.0,Riverside Unified,92880,0.0,6534.0,346.33204633204633,1.3333333333333333,25.0,0,647.5,0.3963881236608509,13.706811141040934,13.764217263576723,13.896020097880006,1083839.1863274358
True,False,2025-12-11,395000.0,37.329281,-120.466133,1527.0,CAC - California City,True,2.0,0.1419,1988.0,2.0,Merced,3.0,True,1.0,One,6180.0,False,2.0,Merced City,95340,0.0,6180.0,258.6771447282253,1.5,37.0,0,509.0,0.2470873786407767,12.886641043883259,12.934827526010142,12.85726436705799,383564.99620469497
True,False,2025-12-15,1310000.0,33.104831,-117.240624,1728.0,92009 - Carlsbad,True,4.0,0.29,1987.0,3.0,Carlsbad,3.0,True,2.0,Two,0.29,False,2.0,San Marcos Unified,92009,0.0,12632.4,758.1018518518518,1.0,38.0,0,576.0,0.13679110857794244,14.085537695177335,14.457364444136669,14.156503165076986,1406342.8438896036
False,False,2025-12-23,850000.0,33.865036,-117.972611,1035.0,83 - Fullerton,True,1.0,0.1426,1952.0,1.0,Fullerton,3.0,True,1.0,One,6210.0,False,1.0,Fullerton Joint Union High,92833,0.0,6210.0,821.256038647343,3.0,73.0,0,345.0,0.16666666666666666,13.652991628466498,13.87377946608825,13.671095178080904,865528.1503973925
False,True,2025-12-03,700000.0,34.147128,-117.383764,2227.0,272 - Rialto,True,2.0,0.27,1964.0,3.0,Rialto,3.0,True,1.0,One,11760.0,False,2.0,Rialto Unified,92377,0.0,11760.0,314.3242029636282,1.0,61.0,0,742.3333333333334,0.18937074829931974,13.458835614025542,13.403775836842515,13.524283602420772,747346.0444414782
True,True,2025-12-05,1250000.0,33.762106,-118.020088,1680.0,59 - Westminster North of 405 & Westminster,True,2.0,0.1667,1958.0,3.0,Westminster,3.0,False,1.0,One,7260.0,False,2.0,Huntington Beach Union High,92683,0.0,7260.0,744.047619047619,1.0,67.0,0,560.0,0.23140495867768596,14.038654109278484,13.933293593620657,13.912413746842368,1101753.7064454246
True,False,2025-12-11,1320000.0,34.212887,-118.408622,1999.0,NHO - North Hollywood,True,5.0,0.2351,1955.0,5.0,North Hollywood,5.0,True,1.0,One,10240.0,False,2.0,Los Angeles Unified,91605,0.0,10240.0,660.3301650825413,1.0,70.0,0,399.8,0.19521484375,14.093142294562554,13.670484785914017,13.857488134137352,1042871.0933276699
False,False,2025-12-10,890000.0,34.277242,-119.169089,1592.0,272 - Rialto,True,2.0,0.1443,1986.0,3.0,Ventura,3.0,True,2.0,Two,6287.0,False,2.0,Perris Union High,93004,125.0,6287.0,559.0452261306533,1.0,39.0,0,530.6666666666666,0.25322093208207413,13.698976741708323,13.68710868156085,13.616316726998582,819391.0545800995
True,True,2025-12-26,645000.0,34.120184,-117.392105,2000.0,272 - Rialto,True,9.0,0.1928,1989.0,3.0,Rialto,4.0,True,2.0,Two,8400.0,False,3.0,Rialto Unified,92376,0.0,8400.0,322.5,1.3333333333333333,36.0,0,500.0,0.23809523809523808,13.37700559577791,13.253391639810733,13.32865191718752,614553.8996666793
True,False,2025-12-05,220000.0,39.086885,-122.791715,952.0,LCLUC - Lucerne,True,4.0,0.21,1967.0,1.0,Lucerne,2.0,False,1.0,One,9148.0,False,0.0,Upper Lake Union,95458,0.0,9148.0,231.0924369747899,2.0,58.0,0,476.0,0.10406646261477918,12.301382825334498,12.608198852372823,12.427298966805404,249521.1516681362
False,False,2025-12-19,1564000.0,34.202541,-118.228971,1618.0,635 - La Crescenta/Glendale Montrose & Annex,False,4.0,0.1472,1928.0,1.0,Glendale,2.0,True,1.0,One,6413.0,False,2.0,Orange Unified,91208,0.0,6413.0,966.6254635352288,2.0,97.0,0,809.0,0.25230001559332604,14.262757200087393,14.246322223230198,14.09680705084536,1324846.3532209592
True,False,2025-12-30,215000.0,38.959246,-122.627679,1288.0,LCCLW - Clearlake West,False,6.0,0.15,1978.0,2.0,Clearlake,3.0,False,1.0,One,6534.0,False,2.0,Konocti Unified,95422,0.0,6534.0,166.92546583850933,1.5,47.0,0,429.3333333333333,0.19712274257728804,12.2783933071098,12.524526376648708,12.493401645121299,266572.5305232618
True,True,2025-12-22,1280000.0,32.7968777,-116.98277804,2576.0,92020 - El Cajon,True,4.0,0.3421,1964.0,3.0,El Cajon,4.0,True,1.0,One,14900.0,False,2.0,Irvine Unified,92020,0.0,14900.0,496.8944099378882,1.3333333333333333,61.0,0,644.0,0.17288590604026846,14.0623706358958,13.7694117933985,14.022694346362213,1230208.6490816693
True,False,2025-12-01,495000.0,37.74176137,-121.13958005,1541.0,681 - Chino,True,2.0,0.1377,1989.0,2.0,Ripon,3.0,True,1.0,One,6000.0,False,2.0,Redlands Unified,95366,302.0,6000.0,321.2199870214147,1.5,36.0,0,513.6666666666666,0.25683333333333336,13.112313041550827,13.592367006650065,13.508461241238116,735614.3219226082
False,False,2025-12-01,646000.0,33.462178,-117.108769,1949.0,SRCAR - Southwest Riverside County,True,2.0,0.07,2006.0,3.0,Temecula,3.0,True,2.0,Two,3049.0,False,2.0,Temecula Unified,92592,122.0,3049.0,331.4520266803489,1.0,19.0,0,649.6666666666666,0.6392259757297475,13.37855478276474,13.580420735596498,13.46635141317261,705280.8795594914
True,True,2025-12-02,717000.0,33.978906,-117.255061,2645.0,259 - Moreno Valley,True,7.5,0.32,2004.0,3.0,Moreno Valley,4.0,True,1.0,One,13939.0,False,3.5,Moreno Valley Unified,92557,65.0,13939.0,271.07750472589794,1.3333333333333333,21.0,0,661.25,0.18975536265155318,13.482831119581757,13.262125319779487,13.463615706884623,703354.075009842
True,False,2025-12-03,2270000.0,32.899909,-117.082047,2826.0,92131 - Scripps Miramar,True,6.0,0.2275,1984.0,3.0,San Diego,4.0,True,1.0,One,9912.0,False,3.0,San Diego Unified,92131,355.0,9912.0,803.2554847841473,1.3333333333333333,41.0,0,706.5,0.2851089588377724,14.635290389457586,14.323804784559034,14.466718383828209,1917855.86657028
True,False,2025-12-10,610000.0,33.935543,-117.43665,1470.0,252 - Riverside,True,1.0,0.27,1938.0,2.0,Riverside,3.0,False,1.0,One,11761.0,False,1.0,Riverside Unified,92504,0.0,11761.0,414.9659863945578,1.5,87.0,0,490.0,0.1249893716520704,13.321214236149494,13.353475098367715,13.346289202754011,625489.1125572547
False,True,2025-12-02,1342000.0,32.91634063,-117.14803601,2607.0,92126 - Mira Mesa,True,6.0,0.1492,1975.0,3.0,San Diego,5.0,True,2.0,Two,6500.0,False,2.0,Capistrano Unified,92126,0.0,6500.0,514.7679324894515,1.6666666666666667,50.0,0,521.4,0.40107692307692305,14.109671596513763,13.885500212990994,14.132578870308913,1373096.3681540266
True,False,2025-12-24,900000.0,37.95734675,-122.00585234,2585.0,VC33 - Oxnard - Southwest / Port Huenem,True,2.0,0.2296,1978.0,3.0,Concord,4.0,True,2.0,Two,10000.0,False,2.0,Upland,94518-1894,0.0,10000.0,348.1624758220503,1.3333333333333333,47.0,0,646.25,0.2585,13.710150042306449,13.698976741708323,13.907480792533269,1096332.1887950231
False,False,2025-12-16,1826550.0,33.667756,-117.653967,2708.0,699 - Not Defined,True,2.0,0.0833,2018.0,4.0,Lake Forest,5.0,False,2.0,Two,3627.0,False,2.0,Saddleback Valley Unified,92630,237.0,3627.0,674.5014771048744,1.25,7.0,0,541.6,0.746622553074166,14.417939499603262,14.077874822431765,14.45759062763198,1900429.7972457802
False,True,2025-12-08,1330000.0,33.656664,-117.564968,1906.0,RR - Robinson Ranch,True,2.0,0.1148,1987.0,3.0,Trabuco Canyon,4.0,True,2.0,Two,5000.0,False,2.0,Saddleback Valley Unified,92679,184.0,5000.0,697.7964323189926,1.3333333333333333,38.0,0,476.5,0.3812,14.100689500197937,14.357834848789636,14.206590991120509,1478577.4352803093
True,False,2025-12-11,2734200.0,34.259553000000004,-119.264546,2568.0,VC23 - Ventura Beach S. of Ventura River to S.C.,True,3.0,0.1033,1976.0,3.0,Ventura,4.0,False,2.0,Two,4500.0,False,3.0,Inglewood Unified,93001,0.0,4500.0,1064.7196261682243,1.3333333333333333,49.0,0,642.0,0.5706666666666667,14.82134944648003,13.90609809121013,14.048880270994069,1262848.284495399
True,False,2025-12-23,275000.0,39.510575,-121.56664,1184.0,92019 - El Cajon,True,1.0,0.13,1930.0,1.0,Oroville,2.0,True,1.0,One,5663.0,False,0.0,Oroville Union,95965,0.0,5663.0,232.26351351351352,2.0,95.0,0,592.0,0.20907646123962564,12.524526376648708,12.732278280413873,12.602690752472641,297357.60551868915
True,False,2025-12-08,765000.0,35.117389,-120.624656,924.0,GRVC - Grover Beach,True,0.0,0.1149,1959.0,1.0,Grover Beach,2.0,False,1.0,One,5006.0,False,0.0,Lucia Mar Unified,93433,0.0,5006.0,827.922077922078,2.0,66.0,0,462.0,0.18457850579304835,13.547631112808673,13.576613610603875,13.353406444641749,629956.7496373074
True,False,2025-12-23,1775000.0,33.858967,-118.388356,1710.0,150 - Hermosa Bch East,True,4.0,0.0513,1973.0,2.0,Hermosa Beach,3.0,True,2.0,Two,2234.0,False,2.0,Hermosa,90254,0.0,2234.0,1038.0116959064328,1.5,52.0,0,570.0,0.76544315129812,14.389310980891652,14.648419680899378,14.191044303306136,1455768.2167970329
True,False,2025-12-24,675000.0,34.437304,-118.542792,1529.0,VALN - Valencia North,True,2.0,0.177,1977.0,3.0,Valencia,3.0,True,1.0,One,7710.0,False,2.0,William S. Hart Union,91354,0.0,7710.0,441.4650098103335,1.0,48.0,0,509.6666666666667,0.19831387808041503,13.422467969854667,13.710150042306449,13.65623696232177,852763.014804675
False,True,2025-12-19,669800.0,34.07856,-117.429899,1714.0,264 - Fontana,True,2.0,0.1977,1966.0,2.0,Fontana,3.0,True,1.0,One,8610.0,False,2.0,Fontana Unified,92335,0.0,8610.0,390.781796966161,1.5,59.0,0,571.3333333333334,0.19907084785133566,13.414734439342242,13.226723392728571,13.223011931264146,552943.9567101204
False,False,2025-12-18,569000.0,34.04731,-117.493308,1386.0,264 - Fontana,True,2.0,4000.0,1987.0,3.0,Fontana,3.0,True,2.0,Two,4000.0,False,2.0,Fontana Unified,92337,0.0,174240000.0,410.53391053391056,1.0,38.0,0,462.0,7.954545454545455e-06,13.251635713108469,13.304684934198283,13.391763647710691,654589.5308443196
True,False,2025-12-05,1900000.0,33.663174,-117.951968,2836.0,14 - South Huntington Beach,True,2.0,0.1504,1966.0,3.0,Huntington Beach,5.0,True,2.0,Two,6552.0,False,2.0,Huntington Beach Union High,92646,0.0,6552.0,669.9576868829337,1.6666666666666667,59.0,0,567.2,0.43284493284493286,14.457364444136669,14.19394699368452,14.374081750001793,1748172.9116293164
True,False,2025-12-18,665000.0,34.231325,-116.854749,1930.0,289 - Big Bear Area,True,5.0,0.2073,1983.0,2.0,Big Bear Lake,3.0,True,2.0,Two,9030.0,False,0.0,Bear Valley Unified,92315,0.0,9030.0,344.559585492228,1.5,42.0,0,643.3333333333334,0.21373200442967885,13.407542319637992,13.398478813484644,13.369987806013379,640489.371435484
False,False,2025-12-16,525000.0,37.80576334,-122.20694892,1168.0,248 - Corona,True,1.0,0.1148,1947.0,1.0,Oakland,3.0,False,1.0,One,5000.0,False,1.0,Hermosa,94602,300.0,5000.0,449.486301369863,3.0,78.0,0,389.3333333333333,0.2336,13.17115354157376,13.92839261528267,13.683039348402078,875928.1520981664
True,False,2025-12-02,1232000.0,34.128177,-118.202525,978.0,632 - Highland Park,False,2.0,0.1156,1925.0,2.0,Los Angeles,2.0,False,1.0,One,5037.0,False,2.0,Los Angeles Unified,90042,0.0,5037.0,1259.7137014314928,1.0,100.0,0,489.0,0.19416319237641452,14.024149423075603,14.018451401960965,13.802534593848064,987107.8607449807
True,False,2025-12-23,739000.0,34.343961,-119.086898,1369.0,SPL - Santa Paula,True,2.0,0.14,1965.0,2.0,Santa Paula,3.0,True,1.0,One,6098.0,False,2.0,Other,93060,50.0,6098.0,539.8100803506209,1.5,60.0,0,456.3333333333333,0.22449983601180715,13.513053199930338,13.54098713967118,13.459478516316024,700450.176297518
False,True,2025-12-05,2000000.0,34.171084,-118.43483799999998,2175.0,SO - Sherman Oaks,True,2.0,0.2205,1950.0,3.0,Sherman Oaks,4.0,False,1.0,One,9606.0,False,2.0,Los Angeles Unified,91401,0.0,9606.0,919.5402298850574,1.3333333333333333,75.0,0,543.75,0.226420986883198,14.508657738524219,14.070122729163781,14.20952587138117,1482923.2571229404
True,False,2025-12-19,1580000.0,33.992568,-118.439451,865.0,C12 - Marina Del Rey,True,2.0,0.1263,1950.0,1.0,Los Angeles,2.0,False,1.0,One,5501.0,False,4.0,Morongo Unified,90066,0.0,5501.0,1826.5895953757224,2.0,75.0,0,432.5,0.15724413742955826,14.27293540500315,14.628660530918916,14.043453292060896,1256013.3966310166
True,False,2025-12-11,1890000.0,34.187265000000004,-118.11379,2536.0,604 - Altadena,True,5.0,0.2492,1924.0,4.0,Altadena,3.0,True,1.0,One,10855.0,False,1.0,Capistrano Unified,91001,0.0,10855.0,745.2681388012618,0.75,101.0,0,845.3333333333334,0.23362505757715338,14.452087387035824,13.926582083454587,14.313199687297807,1644915.6878768678
True,False,2025-12-19,300000.0,39.916017,-122.154548,1400.0,PL01 - Tehama County,True,0.0,6.75,1920.0,1.0,Corning,3.0,True,2.0,Two,6.75,False,0.0,Corning Union,96021,0.0,294030.0,214.28571428571428,3.0,105.0,0,466.6666666666667,0.004761418902833044,12.611537753638338,12.714366872124934,12.672098213001615,318729.54887416
False,False,2025-12-12,715000.0,33.922398,-118.304144,983.0,C36 - Metropolitan Southwest,False,7.0,0.1607,1949.0,1.0,Los Angeles,3.0,False,1.0,One,7001.0,False,0.0,Placentia-Yorba Linda Unified,90047,0.0,7001.0,727.3652085452696,3.0,76.0,0,327.6666666666667,0.14040851306956148,13.480037821676145,13.493926933836812,13.356507313345972,631913.1945790532
True,False,2025-12-23,975000.0,32.796867,-117.128669,1000.0,92123 - San Diego,True,1.0,0.12,1958.0,2.0,San Diego,3.0,False,1.0,One,0.12,False,1.0,San Diego Unified,92123,0.0,5227.2,975.0,1.5,67.0,0,333.3333333333333,0.19130700948882767,13.790192749979985,13.856882046372755,13.626367358028368,827667.9762070127
True,False,2025-12-15,1100000.0,37.68537529,-121.74325649,1809.0,VAL1 - Valencia 1,True,2.0,0.166,1961.0,2.0,Livermore,4.0,True,1.0,One,7230.0,False,2.0,Livermore Valley,94550,0.0,7230.0,608.0707573244887,2.0,64.0,0,452.25,0.25020746887966805,13.9108207377686,14.077490059042251,14.046507362299758,1259855.213368198
False,False,2025-12-19,440000.0,34.09787,-117.432133,887.0,264 - Fontana,False,2.0,0.1525,1942.0,1.0,Fontana,2.0,False,1.0,One,6642.0,False,2.0,Fontana Unified,92335,0.0,6642.0,496.05411499436303,2.0,83.0,0,443.5,0.13354411321890997,12.994530005894443,13.226723392728571,13.037122104121144,459145.34932969435
False,False,2025-12-11,960000.0,33.87254,-118.033553,1604.0,RA - Cerritos North of 91 Frwy,True,2.0,0.1174,1970.0,2.0,Cerritos,4.0,True,1.0,One,5113.0,False,2.0,ABC Unified,90703,0.0,5113.0,598.5037406483791,2.0,55.0,0,401.0,0.3137101505965187,13.77468856344402,14.01436141670944,13.94472470895092,1137933.787717783
True,False,2025-12-26,959000.0,34.090809,-118.171034,1518.0,621 - El Sereno,True,0.0,0.1026,1924.0,2.0,El Sereno,4.0,False,1.0,One,4471.0,False,0.0,Los Angeles Unified,90032,0.0,4471.0,631.7523056653491,2.0,101.0,0,379.5,0.33952135987474835,13.773646353865574,13.6623593784701,13.683318779363326,876172.9477438398
True,False,2025-12-05,2200000.0,33.814021000000004,-118.377829,1767.0,128 - Hollywood Riviera,False,3.0,0.1362,1957.0,2.0,Redondo Beach,4.0,False,1.0,One,5934.0,False,3.0,Torrance Unified,90277,0.0,5934.0,1245.048104131296,2.0,68.0,0,441.75,0.29777553083923153,14.603967918328545,14.508657738524219,14.425815978104422,1840993.5894451921
False,False,2025-12-03,635000.0,38.01350918,-121.92584737,1610.0,VC45 - Mission Oaks,True,2.0,0.1492,1984.0,2.0,Pittsburg,3.0,True,1.0,One,6500.0,False,2.0,Fontana Unified,94565,0.0,6500.0,394.4099378881988,1.5,41.0,0,536.6666666666666,0.24769230769230768,13.36138027787483,13.270783382522602,13.191342207894177,535706.7638043596
False,False,2025-12-08,495000.0,34.069697999999995,-117.256222,1080.0,274 - San Bernardino,True,0.0,0.2424,1964.0,1.0,San Bernardino,3.0,False,1.0,One,10560.0,False,0.0,San Bernardino City Unified,92408,0.0,10560.0,458.3333333333333,3.0,61.0,0,360.0,0.10227272727272728,13.112313041550827,13.151922179645874,12.976266654621044,432037.0617442448
True,True,2025-12-23,833000.0,34.118558,-117.771472,1358.0,684 - La Verne,True,2.0,0.1133,1978.0,2.0,La Verne,3.0,True,1.0,One,4936.0,False,2.0,Bonita Unified,91750,0.0,4936.0,613.4020618556701,1.5,47.0,0,452.6666666666667,0.27512155591572124,13.632788921148979,13.758940206475879,13.569440896280978,781867.7568042752
False,False,2025-12-19,660000.0,34.889737,-120.423678,1253.0,OREA - SM/Orcutt East,True,2.0,0.17,1962.0,2.0,Santa Maria,3.0,True,1.0,One,7405.0,False,2.0,Orcutt Union,93455,0.0,7405.0,526.7358339984038,1.5,63.0,0,417.6666666666667,0.16920999324780553,13.399995114002609,13.538369041771391,13.475977213897536,712102.552119218
True,False,2025-12-01,650000.0,32.835593,-116.93877,906.0,92040 - Lakeside,False,0.0,0.5,1930.0,1.0,Lakeside,2.0,False,1.0,One,21780.0,False,0.0,Lakeside Union,92040,0.0,21780.0,717.439293598234,2.0,95.0,0,453.0,0.04159779614325069,13.38472764187182,13.623138665316818,13.367883699394337,639143.1303237183
False,False,2025-12-19,561370.0,33.697316,-117.091273,2151.0,SRCAR - Southwest Riverside County,True,2.0,0.023,2025.0,3.0,Winchester,4.0,False,2.0,Two,1000.0,True,2.0,Hemet Unified,92596,140.0,1000.0,260.9809390980939,1.3333333333333333,0.0,0,537.75,2.151,13.238135503648081,13.337474757021274,13.292344220849484,592641.0725902301
True,True,2025-12-15,1343800.0,34.149479,-117.669196,3135.0,690 - Upland,False,2.0,0.3889,1979.0,4.0,Upland,4.0,True,1.0,One,16940.0,False,2.0,Upland,91784,0.0,16940.0,428.6443381180224,1.0,46.0,0,783.75,0.18506493506493507,14.111011979468186,13.815510557964274,14.1995176554702,1468155.8618899393
False,False,2025-12-04,985000.0,32.61709953,-116.97524507,2148.0,91913 - Chula Vista,True,4.0,0.1689999999999999,2013.0,3.0,Chula Vista,4.0,True,2.0,Two,7840.0,False,2.0,Chino Valley Unified,91913,150.87,5784.0,458.5661080074488,1.3333333333333333,12.0,0,537.0,0.37136929460580914,13.800396920154226,13.764217263576723,13.761012684942163,946960.5230197767
True,False,2025-12-05,2205500.0,33.05745649,-117.27206597,2561.0,92024 - Encinitas,True,4.0,0.1334,2003.0,3.0,Encinitas,4.0,False,1.0,MultiSplit,5812.0,False,2.0,Livermore Valley,92024,294.0,5812.0,861.1870363139399,1.3333333333333333,22.0,0,640.25,0.4406400550584997,14.606464798527131,14.603967918328545,14.578167874029914,2143965.8524775254
False,False,2025-12-30,1575000.0,37.26177382,-121.8490635,2124.0,699 - Not Defined,True,2.0,0.1391,1973.0,3.0,San Jose,4.0,True,2.0,One,6060.0,False,2.0,San Jose Unified,95136,0.0,6060.0,741.5254237288135,1.3333333333333333,52.0,0,531.0,0.3504950495049505,14.269765830241871,14.22097566607244,14.209370299476058,1482692.573871078
False,False,2025-12-08,437500.0,37.99149393,-122.04832957,1116.0,699 - Not Defined,True,2.0,0.1521,1955.0,2.0,Concord,3.0,True,1.0,One,6624.0,False,2.0,San Bernardino City Unified,94520,0.0,6624.0,392.0250896057347,1.5,70.0,0,372.0,0.16847826086956522,12.988831984779805,13.38472764187182,13.304994628392025,600185.8452923638
False,True,2025-12-02,894000.0,33.963684,-117.556824,2299.0,249 - Eastvale,True,6.0,0.17,2005.0,3.0,Eastvale,4.0,True,1.0,One,7405.0,False,3.0,Corona-Norco Unified,91752,0.0,7405.0,388.86472379295344,1.3333333333333333,20.0,0,574.75,0.3104659014179608,13.703461054155651,13.683120718347036,13.759077357644072,945129.6167422824
True,False,2025-12-12,625000.0,33.837921,-118.070236,836.0,54 - Hawaiian Gardens,True,1.0,0.0603,1968.0,1.0,Hawaiian Gardens,2.0,False,1.0,One,2625.0,False,1.0,ABC Unified,90716,0.0,2625.0,747.6076555023924,2.0,57.0,0,418.0,0.31847619047619047,13.345506928718539,13.415032991367148,12.992887169389077,439277.7453732137
False,False,2025-12-18,650000.0,34.090731,-117.955211,1634.0,608 - Baldwin Pk/Irwindale,False,2.0,0.161,1912.0,2.0,Baldwin Park,4.0,True,1.0,One,7014.0,False,2.0,Baldwin Park Unified,91706,0.0,7014.0,397.79681762545897,2.0,113.0,0,408.5,0.23296264613629883,13.38472764187182,13.527828485512494,13.491247007572564,723059.6546110028
False,False,2025-12-01,1898000.0,33.0590929,-117.298516,1798.0,92024 - Encinitas,True,2.0,0.1656,2025.0,3.0,Encinitas,3.0,False,2.0,Two,3943.0,False,2.0,Fullerton Joint Union High,92024,354.0,5047.0,1055.6173526140155,1.0,0.0,0,599.3333333333334,0.35625123835942146,14.45631125815201,14.603967918328545,14.561502100656618,2108531.097415986
False,False,2025-12-05,730000.0,33.948944,-118.0213,1144.0,670 - Whittier,False,2.0,0.1454,1950.0,2.0,Whittier,3.0,False,1.0,One,6335.0,False,2.0,Whittier Union High,90603,0.0,6335.0,638.1118881118881,1.5,75.0,0,381.3333333333333,0.18058405682715076,13.500799813124575,13.711260536590475,13.649372211484721,846929.0564306328
False,False,2025-12-23,450000.0,34.065318,-117.758263,613.0,687 - Pomona,True,0.0,0.1124,1915.0,1.0,Pomona,2.0,False,1.0,One,4895.0,False,0.0,Pomona Unified,91768,0.0,4895.0,734.094616639478,2.0,110.0,0,306.5,0.12522982635342186,13.017002861746503,13.373053959873324,13.014998896806556,449099.1187457341
False,False,2025-12-09,280000.0,36.13113,-120.372017,1072.0,699 - Not Defined,True,2.0,0.1515,1983.0,2.0,Coalinga,3.0,True,1.0,One,6600.0,False,2.0,Coalinga-Huron Joint Unified,93210,0.0,6600.0,261.1940298507463,1.5,42.0,0,357.3333333333333,0.16242424242424242,12.542544882151386,12.509874099861838,12.43667176651702,251870.85790785612
False,False,2025-12-12,765000.0,33.956868,-118.039834,1120.0,670 - Whittier,False,2.0,0.1384,1954.0,2.0,Whittier,3.0,True,1.0,One,6029.0,False,2.0,Lake Elsinore Unified,90602,0.0,6029.0,683.0357142857143,1.5,71.0,0,373.3333333333333,0.18576878420965334,13.547631112808673,13.764217263576723,13.630230908256221,830871.8982765788
True,False,2025-12-04,805000.0,33.946721999999994,-118.188101,1768.0,"T2 - Cudahy, SouthGate W of 710, HuntPk S of Flore",False,4.0,0.1823,1941.0,2.0,South Gate,3.0,True,1.0,One,7942.0,False,2.0,Santa Ana Unified,90280,0.0,7942.0,455.316742081448,1.5,84.0,0,589.3333333333334,0.2226139511458071,13.5985975564007,13.458120817620745,13.515144315080615,740546.9509586433
True,False,2025-12-30,720500.0,34.139757,-117.550562,1484.0,688 - Rancho Cucamonga,True,2.0,0.1194,1988.0,3.0,Rancho Cucamonga,3.0,True,2.0,Two,5200.0,False,2.0,Etiwanda,91737,0.0,5200.0,485.5121293800539,1.0,37.0,0,494.6666666666667,0.2853846153846154,13.487700694421713,13.75893124807979,13.600568083667822,806587.8383756453
True,False,2025-12-05,825000.0,32.84529067,-117.01069581,1305.0,92071 - Santee,True,4.0,0.1814,1972.0,2.0,Santee,3.0,False,1.0,One,7900.0,False,2.0,Capistrano Unified,92071,0.0,7900.0,632.183908045977,1.5,53.0,0,435.0,0.1651898734177215,13.623138665316818,13.652403046879991,13.567216425055657,780130.4474909356
False,False,2025-12-03,1555000.0,37.80130397,-121.92696326,2457.0,690 - Upland,True,2.0,0.1056,2001.0,3.0,Danville,3.0,True,2.0,Two,4600.0,False,2.0,San Ramon Valley,94506,336.0,4600.0,632.8856328856328,1.0,24.0,0,819.0,0.5341304347826087,14.256986103595471,14.68050799545088,14.398336257840715,1791092.3764271971
False,False,2025-12-10,755000.0,37.706529,-122.18276942,1042.0,92078 - San Marcos,True,5.0,0.1148,1951.0,1.0,San Leandro,3.0,False,1.0,One,5000.0,False,2.0,San Leandro,94577,137.0,5000.0,724.5681381957774,3.0,74.0,0,347.3333333333333,0.2084,13.534473028231162,13.667799101765917,13.528289799299234,750346.0651562322
True,False,2025-12-02,640000.0,33.666212,-117.157296,2535.0,SRCAR - Southwest Riverside County,True,3.0,0.22,2004.0,3.0,Menifee,6.0,True,2.0,Two,9583.0,False,3.0,Perris Union High,92584,25.0,9583.0,252.465483234714,2.0,21.0,0,422.5,0.2645309402066159,13.369223455335854,13.353475098367715,13.436729054470446,684695.1998325023
False,False,2025-12-23,465000.0,34.132951,-117.332273,878.0,274 - San Bernardino,True,1.0,0.1818,1951.0,2.0,San Bernardino,3.0,False,1.0,One,7920.0,False,1.0,San Bernardino City Unified,92411,0.0,7920.0,529.6127562642369,1.5,74.0,0,292.6666666666667,0.11085858585858586,13.049792684569493,12.994530005894443,12.829890835154291,373207.8698256299
True,False,2025-12-18,460000.0,34.563117,-118.033187,1388.0,PLM - Palmdale,True,2.0,0.1523,1989.0,2.0,Palmdale,3.0,True,1.0,One,6633.0,False,2.0,Antelope Valley Union,93552,0.0,6633.0,331.4121037463977,1.5,36.0,0,462.6666666666667,0.2092567465701794,13.038981768465277,13.122363377404328,12.997075069355377,441121.25414906384
True,False,2025-12-15,1090000.0,32.73762763,-117.12153527,927.0,92104 - North Park,True,1.0,0.0688,1924.0,2.0,San Diego,2.0,True,1.0,One,2998.0,False,1.0,Bonita Unified,92104,65.0,2998.0,1175.8360302049623,1.0,101.0,0,463.5,0.30920613742494996,13.901688254205327,13.980515688011007,13.746271863798007,933103.9270304304
False,True,2025-12-10,725000.0,33.733243,-116.270599,2352.0,"308 - La Quinta North of HWY 111, Indian Springs",True,4.0,0.2,2004.0,3.0,La Quinta,5.0,True,1.0,One,8712.0,False,2.0,Glendale Unified,92253,205.0,8712.0,308.2482993197279,1.6666666666666667,21.0,0,470.4,0.2699724517906336,13.493926933836812,13.545013310266594,13.569230170267122,781703.0142868978
False,False,2025-12-23,756000.0,34.220346,-118.513845,1253.0,NR - Northridge,True,1.0,0.1385,1951.0,1.0,Northridge,2.0,True,1.0,One,6033.0,False,1.0,Los Angeles Unified,91325,0.0,6033.0,603.3519553072625,2.0,74.0,0,626.5,0.20769103265373778,13.53579665516167,13.955272500339433,13.781927933151605,966975.0118014052
False,True,2025-12-17,622500.0,34.278141999999995,-119.165268,1392.0,STG - Stonegate,True,2.0,0.09,1984.0,2.0,Ventura,3.0,False,1.0,One,3920.0,False,2.0,Rim of the World,93004,235.0,3920.0,447.19827586206895,1.5,41.0,0,464.0,0.3551020408163265,13.341498907321,13.68710868156085,13.52101693151927,744908.6940430023
False,False,2025-12-23,1150000.0,34.442504,-118.543009,3489.0,NBRG - Valencia Northbridge,True,3.0,0.1574,1998.0,4.0,Valencia,5.0,True,2.0,Two,6858.0,False,3.0,William S. Hart Union,91354,83.0,6858.0,329.6073373459444,1.25,27.0,0,697.8,0.5087489063867017,13.955272500339433,13.710150042306449,13.959760885194791,1155173.2436530571
True,False,2025-12-12,2518000.0,33.104764,-117.258072,3399.0,92009 - Carlsbad,True,3.0,0.2035,2007.0,5.0,Carlsbad,5.0,True,2.0,Two,8864.0,False,3.0,San Marcos Unified,92009,260.0,8864.0,740.8061194468961,1.0,18.0,0,679.8,0.3834611913357401,14.73897549358643,14.457364444136669,14.687872566261058,2392555.4203965846
True,False,2025-12-12,1200000.0,37.93303711,-122.31275573,1381.0,SRCAR - Southwest Riverside County,True,1.0,0.1574,1951.0,2.0,El Cerrito,3.0,True,1.0,One,6858.0,False,1.0,West Contra Costa,94530,125.0,6858.0,868.9355539464157,1.5,74.0,0,460.3333333333333,0.20137066200058326,13.997832114758229,14.137594057133388,13.990104256523871,1190762.309871334
True,False,2025-12-04,447000.0,34.475501,-117.247032,1470.0,APPV - Apple Valley,True,12.0,0.4591,1982.0,2.0,Apple Valley,3.0,True,1.0,One,20000.0,False,2.0,Apple Valley Unified,92308,137.59,20000.0,304.0816326530612,1.5,43.0,0,490.0,0.0735,13.010313873595706,12.936033799212835,12.859029956642555,384242.8127638461
False,False,2025-12-02,792000.0,34.275958,-118.725102,1462.0,SVC - Central Simi,True,2.0,0.13,1970.0,2.0,Simi Valley,3.0,True,1.0,One,5662.0,False,2.0,Simi Valley Unified,93063,340.0,5662.0,541.7236662106703,1.5,55.0,0,487.3333333333333,0.2582126457082303,13.582316670796564,13.637546696375418,13.567187258582132,780107.694168712
True,False,2025-12-19,507000.0,34.098896,-116.523233,1222.0,DC512 - NE Morongo,True,6.0,4.3,1953.0,2.0,Morongo Valley,2.0,True,1.0,One,187308.0,False,0.0,Murrieta,92256,0.0,187308.0,414.8936170212766,1.0,72.0,0,611.0,0.00652401392359109,13.13626628257332,12.834681304952548,12.758356991369425,347443.3785788279
False,False,2025-12-02,585000.0,33.12581481,-117.07138173,780.0,92025 - Escondido,True,2.0,0.0773,1947.0,1.0,Escondido,2.0,False,1.0,One,3366.0,False,1.0,Central Unified,92025,0.0,3366.0,750.0,2.0,78.0,0,390.0,0.23172905525846701,13.279367126213993,13.740514638062564,13.396323983804827,657581.4961070222
True,False,2025-12-03,1000000.0,33.163816,-117.090656,3145.0,92026 - Escondido,True,3.0,0.3,2004.0,4.0,Escondido,4.0,True,2.0,Two,0.3,False,3.0,Escondido Union,92026,180.0,13068.0,317.9650238473768,1.0,21.0,0,786.25,0.2406642179369452,13.815510557964274,13.709594177880103,14.031594395615171,1241206.4344704717
False,False,2025-12-12,2150000.0,33.092459000000005,-117.310554,2798.0,92011 - Carlsbad,True,6.0,0.14,2000.0,3.0,Carlsbad,5.0,True,2.0,Two,0.14,False,3.0,Carlsbad Unified,92011,202.0,6098.4,768.4060042887777,1.6666666666666667,25.0,0,559.6,0.45880886789977704,14.580978400103845,14.406071149749119,14.46820402401869,1920707.22784922
True,False,2025-12-04,1150000.0,34.198169,-118.508469,2123.0,LKBL - Lake Balboa,True,2.0,0.1708,1956.0,2.0,Lake Balboa,4.0,True,1.0,One,7442.0,False,2.0,Los Angeles Unified,91406,0.0,7442.0,541.6862929816298,2.0,69.0,0,530.75,0.28527277613544744,13.955272500339433,13.708480036117827,13.820142579406562,1004642.7658366254
True,False,2025-12-09,1030000.0,34.222999,-118.861367,2850.0,TOE - Thousand Oaks East,True,2.0,0.31,1961.0,3.0,Thousand Oaks,4.0,True,1.0,One,13503.0,False,2.0,Temecula Unified,91360,245.0,13503.0,361.4035087719298,1.3333333333333333,64.0,0,712.5,0.21106420795378805,13.845069360205818,13.909911233385758,14.116168957223097,1350747.8462535145
False,False,2025-12-18,350000.0,34.509352,-117.18198999999998,1050.0,APPV - Apple Valley,True,2.0,0.5034,1986.0,2.0,Apple Valley,3.0,True,1.0,One,21930.0,False,2.0,Apple Valley Unified,92307,0.0,21930.0,333.3333333333333,1.5,39.0,0,350.0,0.047879616963064295,12.765688433465597,13.049792684569493,12.8600725867681,384643.64481943456
True,False,2025-12-23,1950000.0,33.983814,-118.469804,1307.0,C11 - Venice,True,2.0,0.0606,1908.0,2.0,Venice,2.0,True,1.0,One,2641.0,False,2.0,Saddleback Valley Unified,90291,0.0,2641.0,1491.9663351185925,1.0,117.0,0,653.5,0.49488829988640665,14.48333993053993,14.66457824156197,14.256188570909163,1553760.3310767424
False,False,2025-12-04,845000.0,33.827421,-117.916473,1021.0,78 - Anaheim East of Harbor,False,3.0,0.1185,1928.0,2.0,Anaheim,2.0,True,1.0,One,5160.0,False,2.0,American Union,92805,0.0,5160.0,827.6199804113614,1.0,97.0,0,510.5,0.19786821705426358,13.64709190633931,13.670484785914017,13.537875558089269,757573.2854004535
False,False,2025-12-05,569000.0,34.021532,-117.029476,1612.0,269 - Yucaipa/Calimesa/Oak Glen,True,4.0,0.1646,1973.0,2.0,Yucaipa,3.0,True,1.0,One,7171.0,False,2.0,Yucaipa/Calimesa Unified,92399,0.0,7171.0,352.9776674937965,1.5,52.0,0,537.3333333333334,0.2247943104169572,13.251635713108469,13.274219822166483,13.253416350216327,570014.085105212
False,False,2025-12-30,475000.0,34.391169,-117.318705,1081.0,HSP - Hesperia,False,4.0,3.0,1956.0,1.0,Hesperia,3.0,False,1.0,One,130680.0,False,2.0,Covina Valley Unified,92345,0.0,130680.0,439.40795559666975,3.0,69.0,0,360.3333333333333,0.008272115090296909,13.071070083016778,13.064514272196533,12.797475329571634,361304.1233366203
False,False,2025-12-23,700000.0,34.017319,-118.067229,1153.0,649 - Pico Rivera,True,2.0,0.1176,1957.0,1.0,Pico Rivera,3.0,False,1.0,One,5123.0,False,2.0,El Rancho Unified,90660,0.0,5123.0,607.1118820468344,3.0,68.0,0,384.3333333333333,0.22506343939098183,13.458835614025542,13.527828485512494,13.453422307873732,696220.9235710369
True,True,2025-12-12,1560500.0,33.770064,-118.136886,1944.0,"2 - Belmont Heights, Alamitos Heights",True,2.0,0.1068,1970.0,3.0,Long Beach,3.0,False,2.0,Two,4651.0,False,2.0,Long Beach Unified,90814,0.0,4651.0,802.7263374485597,1.0,55.0,0,648.0,0.41797462911201894,14.26051684069297,14.053739746696525,14.028002031674484,1236755.568583953
True,False,2025-12-02,560000.0,33.745163,-117.133755,2104.0,SRCAR - Southwest Riverside County,True,2.0,0.14,2023.0,2.0,Homeland,3.0,False,1.0,One,6098.0,False,2.0,Romoland,92548,0.0,6098.0,266.1596958174905,1.5,2.0,0,701.3333333333334,0.3450311577566415,13.235692062711331,13.21676363885016,13.279489472825446,585071.5771462212
True,True,2025-12-29,340000.0,34.176315,-116.113784,1100.0,DC710 - Desert Heights,False,0.0,5.0,1952.0,2.0,29 Palms,2.0,False,1.0,One,217800.0,False,0.0,Morongo Unified,92277,0.0,217800.0,309.09090909090907,1.0,73.0,0,550.0,0.005050505050505051,12.736700896592344,12.666637149787377,12.75986997427648,347969.4523417391
True,False,2025-12-08,870000.0,33.918779,-117.329894,2934.0,252 - Riverside,True,3.0,0.2,1988.0,3.0,Riverside,4.0,True,2.0,Two,8712.0,False,3.0,Riverside Unified,92506,0.0,8712.0,296.5235173824131,1.3333333333333333,37.0,0,733.5,0.3367768595041322,13.676248490630767,13.493926933836812,13.615232859561408,818503.4244213378
True,False,2025-12-11,1110000.0,33.231223,-117.353992,1806.0,92058 - Oceanside,True,4.0,0.181,1997.0,3.0,Oceanside,4.0,True,2.0,Two,7886.0,False,2.0,Oceanside Unified,92058,110.0,7886.0,614.6179401993355,1.3333333333333333,28.0,0,451.5,0.22901344154197312,13.919870573288517,13.664687668229691,13.695824911184037,887199.2868385332
True,False,2025-12-19,725000.0,34.261206,-118.459202,2248.0,MHL - Mission Hills,False,2.0,0.2233,1951.0,3.0,San Fernando,3.0,True,1.0,One,9725.0,False,2.0,Los Angeles Unified,91345,0.0,9725.0,322.508896797153,1.0,74.0,0,749.3333333333334,0.2311568123393316,13.493926933836812,13.620099142278626,13.779178438081555,964319.9704577525
True,False,2025-12-16,950000.0,34.005579,-117.842449,1629.0,668 - Walnut,True,2.0,0.118,1977.0,3.0,Walnut,4.0,True,2.0,Two,5139.0,False,2.0,Walnut Valley Unified,91789,0.0,5139.0,583.1798649478208,1.3333333333333333,48.0,0,407.25,0.3169877408056042,13.764217263576723,13.963930563082547,13.867678873234311,1053553.056657837
False,False,2025-12-17,982500.0,34.187348,-118.490754,1385.0,LKBL - Lake Balboa,True,2.0,0.1504,1951.0,3.0,Van Nuys,4.0,False,1.0,One,6550.0,False,2.0,Saddleback Valley Unified,91406,250.0,6550.0,709.3862815884477,1.3333333333333333,74.0,0,346.25,0.21145038167938932,13.797855622725553,13.708480036117827,13.713474851619159,902997.3083597044
True,False,2025-12-08,1315000.0,33.750592,-117.802586,1471.0,71 - Tustin,True,2.0,0.198,1959.0,2.0,Tustin,3.0,True,1.0,One,8625.0,False,2.0,Tustin Unified,92780,0.0,8625.0,893.949694085656,1.5,66.0,0,490.3333333333333,0.17055072463768117,14.089347223594002,14.077874822431765,13.97978260819382,1178534.8921721552
True,False,2025-12-05,476000.0,33.935541,-116.88395,1170.0,263 - Banning/Beaumont/Cherry Valley,True,2.0,0.27,1959.0,2.0,Banning,3.0,False,1.0,One,11761.0,False,2.0,Banning Unified,92220,0.0,11761.0,406.8376068376068,1.5,66.0,0,390.0,0.09948133662103563,13.073173133213556,12.994530005894443,12.873761006698986,389945.0094285713
True,False,2025-12-09,1330000.0,34.027302,-118.347769,2200.0,699 - Not Defined,True,0.0,0.1194,1927.0,4.0,Los Angeles,6.0,False,1.0,One,5202.0,False,0.0,Los Angeles Unified,90016,0.0,5202.0,604.5454545454545,1.5,98.0,0,366.6666666666667,0.4229142637447136,14.100689500197937,13.849900315661687,14.067587076908838,1286694.4900223955
False,False,2025-12-17,750000.0,33.794907,-118.26973999999998,1501.0,195 - West Wilmington,False,2.0,0.1263,1955.0,2.0,Wilmington,3.0,False,1.0,One,5501.0,False,2.0,Los Angeles Unified,90744,0.0,5501.0,499.66688874083945,1.5,70.0,0,500.3333333333333,0.27285948009452826,13.527828485512494,13.452727022056246,13.424670174241976,676488.1259387552
True,False,2025-12-15,1200000.0,37.73261595,-122.13412207,2497.0,263 - Banning/Beaumont/Cherry Valley,True,2.0,0.2156,1951.0,3.0,San Leandro,3.0,True,1.0,One,9393.0,False,2.0,San Leandro,94577,250.0,9393.0,480.5766920304365,1.0,74.0,0,832.3333333333334,0.2658362610454594,13.997832114758229,13.667799101765917,13.951801601187334,1146015.3850736388
True,False,2025-12-10,735000.0,34.207374,-119.191574,1234.0,VC31 - Oxnard - Northwest,False,2.0,0.14,1954.0,2.0,Oxnard,3.0,False,1.0,One,6098.0,False,2.0,Oxnard Union,93030,0.0,6098.0,595.6239870340356,1.5,71.0,0,411.3333333333333,0.20236142997704165,13.507625778194974,13.617059619240436,13.540664054224653,759688.7236540074
False,False,2025-12-19,445000.0,33.786698,-116.287842,1616.0,307 - Sun City,True,4.0,0.12,2002.0,2.0,Palm Desert,2.0,True,1.0,One,5227.0,False,2.0,Poway Unified,92211,398.0,5227.0,275.3712871287129,1.0,23.0,0,808.0,0.3091639563803329,13.005829561148378,13.226723392728571,13.029577989121938,455694.537041888
True,False,2025-12-05,740000.0,32.69199428,-117.06763177,1879.0,92114 - Encanto,True,4.0,0.1148,1977.0,2.0,San Diego,4.0,True,2.0,Two,5000.0,False,2.0,Palm Springs Unified,92114,0.0,5000.0,393.82650345928687,2.0,48.0,0,469.75,0.3758,13.514405465180353,13.547631112808673,13.589297800357919,797548.3991252108
True,False,2025-12-10,1765000.0,33.991567,-118.372533,1988.0,103 - Ladera Heights,True,2.0,0.1863,1954.0,3.0,Ladera Heights,3.0,True,1.0,One,8117.0,False,2.0,Inglewood Unified,90056,0.0,8117.0,887.8269617706237,1.0,71.0,0,662.6666666666666,0.2449180731797462,14.383661248349535,14.372265113618665,14.420621794820706,1831455.9229548697
False,False,2025-12-16,1054000.0,34.164879,-118.160247,1105.0,645 - Pasadena (NW),True,2.0,0.0899,1930.0,1.0,Pasadena,2.0,True,1.0,One,3918.0,False,0.0,Fullerton Joint Union High,91103,123.0,3918.0,953.8461538461538,2.0,95.0,0,552.5,0.2820316488004084,13.868103008083445,14.182799053125816,13.888982693549874,1076238.5474971975
True,False,2025-12-11,640000.0,33.65715,-116.311776,1695.0,313 - La Quinta South of HWY 111,True,4.0,0.11,2017.0,2.0,La Quinta,3.0,True,1.0,One,4792.0,False,2.0,Desert Sands Unified,92253,295.0,4792.0,377.5811209439528,1.5,8.0,0,565.0,0.35371452420701166,13.369223455335854,13.545013310266594,13.38065503711914,647358.1900860089
True,False,2025-12-05,537000.0,33.943006,-117.423493,952.0,252 - Riverside,True,0.0,0.13,1950.0,2.0,Riverside,3.0,False,1.0,One,5663.0,False,0.0,Ramona Unified,92504,0.0,5663.0,564.0756302521008,1.5,75.0,0,317.3333333333333,0.1681087762669963,13.193753373491,13.353475098367715,13.24591545154973,565754.4626841205
True,False,2025-12-09,1116000.0,33.977366,-117.850545,1755.0,616 - Diamond Bar,True,2.0,0.1335,1987.0,3.0,Diamond Bar,3.0,True,2.0,Two,5816.0,False,2.0,Walnut Valley Unified,91789,59.0,5816.0,635.8974358974359,1.0,38.0,0,585.0,0.30175378266850067,13.925261421923393,13.963930563082547,13.862745497155329,1048368.282945154
True,False,2025-12-02,1726000.0,33.757119,-118.136664,1806.0,"1 - Belmont Shore/Park,Naples,Marina Pac,Bay Hrbr",True,2.0,0.0518,1928.0,3.0,Long Beach,3.0,True,2.0,Two,2255.0,False,2.0,Long Beach Unified,90803,0.0,2255.0,955.703211517165,1.0,97.0,0,602.0,0.8008869179600887,14.36131715062551,14.288556669519746,14.314657119840911,1647314.7893706744
False,False,2025-12-10,755000.0,34.258612,-118.475827,1168.0,GH - Granada Hills,False,2.0,0.1653,1955.0,2.0,Granada Hills,3.0,False,1.0,One,7199.0,False,2.0,Los Angeles Unified,91344,0.0,7199.0,646.4041095890411,1.5,70.0,0,389.3333333333333,0.16224475621614112,13.534473028231162,13.892471599100402,13.697923283764075,889062.9161055186
False,False,2025-12-11,785000.0,36.96721847,-121.76234866,1092.0,699 - Not Defined,True,4.0,0.179,1971.0,2.0,Watsonville,3.0,False,1.0,One,7797.0,False,2.0,Other,95076,0.0,7797.0,718.8644688644689,1.5,54.0,0,364.0,0.1400538668718738,13.573438996764546,13.723849529400505,13.531914108198928,753070.4851656277
True,False,2025-12-29,1075000.0,33.441237,-117.639824,1204.0,SN - San Clemente North,False,1.0,0.0501,1964.0,2.0,San Clemente,2.0,True,1.0,One,2184.0,False,1.0,Capistrano Unified,92672,475.0,2184.0,892.8571428571429,1.0,61.0,0,602.0,0.5512820512820513,13.8878312195439,14.43202387032261,13.919520432668206,1109611.4119456557
True,False,2025-12-18,368000.0,38.801987,-122.556936,1376.0,LCHVL - Hidden Valley Lake,True,6.0,0.24,1982.0,2.0,Hidden Valley Lake,3.0,True,1.0,One,10454.0,False,2.0,Middletown Unified,95467,310.0,10454.0,267.4418604651163,1.5,43.0,0,458.6666666666667,0.13162425865697341,12.815838217151068,12.818551923022664,12.68684955684779,323466.08730730746
True,False,2025-12-19,290000.0,35.402455,-119.031168,1593.0,BKSF - Bakersfield,False,2.0,0.5489,1960.0,2.0,Bakersfield,3.0,False,1.0,One,23912.0,False,2.0,Kern Union,93308,0.0,23912.0,182.04645323289392,1.5,65.0,0,531.0,0.06661927065908331,12.577636201962656,12.736406735684207,12.791540878304016,359166.33120949735
True,False,2025-12-08,550000.0,37.93559926,-121.71261291,1141.0,259 - Moreno Valley,True,4.0,0.1009999999999999,1989.0,2.0,Brentwood,3.0,True,1.0,One,4400.0,False,2.0,ABC Unified,94513,165.0,4400.0,482.0333041191937,1.5,36.0,0,380.3333333333333,0.25931818181818184,13.217673557208654,13.591116224748411,13.38824250283089,652288.6794621979
True,False,2025-12-02,770000.0,34.035388,-118.009903,1482.0,678 - N. Whittier,True,5.0,0.1665,1962.0,2.0,Whittier,3.0,True,1.0,One,7252.0,False,2.0,Whittier Union High,90601,0.0,7252.0,519.5681511470985,1.5,63.0,0,494.0,0.20435741864313292,13.554145793829866,13.721199878493033,13.683588833331552,876409.5936773787
True,False,2025-12-10,765000.0,33.916221,-118.09521,1214.0,M1 - Norwalk,True,2.0,0.1287,1955.0,2.0,Norwalk,3.0,False,1.0,One,5608.0,False,2.0,Norwalk - La Mirada,90650,0.0,5608.0,630.1482701812191,1.5,70.0,0,404.6666666666667,0.21647646219686162,13.547631112808673,13.541073712262515,13.49377343944635,724888.72510717
True,False,2025-12-26,493500.0,34.141793,-117.293755,1425.0,274 - San Bernardino,False,10.0,0.1331,1930.0,2.0,San Bernardino,3.0,True,1.0,One,5800.0,False,2.0,Barstow Unified,92405,0.0,5800.0,346.3157894736842,1.5,95.0,0,475.0,0.24568965517241378,13.109278137855673,13.071070083016778,13.015211163458476,449194.4576303252
True,True,2025-12-06,1100000.0,33.790083,-116.414222,3430.0,321 - Rancho Mirage,True,3.0,0.44,2000.0,4.0,Rancho Mirage,4.0,True,1.0,One,19166.0,False,3.0,Palm Springs Unified,92270,380.0,19166.0,320.6997084548105,1.0,25.0,0,857.5,0.1789627465303141,13.9108207377686,13.9108207377686,14.338060891777479,1686322.8564661113
True,False,2025-12-09,415000.0,34.423421000000005,-117.260266,1351.0,HSP - Hesperia,True,2.0,0.4036,1979.0,2.0,Hesperia,3.0,True,1.0,One,17582.0,False,2.0,Hesperia Unified,92345,0.0,17582.0,307.179866765359,1.5,46.0,0,450.3333333333333,0.07683994994881128,12.936033799212835,13.064514272196533,12.92072909486786,408696.90423816635
True,False,2025-12-23,850000.0,33.901752,-117.995069,1269.0,M3 - La Mirada,True,7.0,0.1561,1955.0,2.0,La Mirada,3.0,True,1.0,One,6800.0,False,2.0,Norwalk - La Mirada,90638,0.0,6800.0,669.8187549251379,1.5,70.0,0,423.0,0.18661764705882353,13.652991628466498,13.709037694795391,13.63922163436814,838375.7218127657
True,False,2025-12-02,865999.0,32.579429,-117.022758,1923.0,92154 - Otay Mesa,True,4.0,0.1138,2004.0,3.0,San Diego,3.0,True,2.0,Two,4957.0,True,2.0,Sweetwater Union,92154,120.0,4957.0,450.33749349974,1.0,21.0,0,641.0,0.38793625176518054,13.671639032809495,13.579788224443204,13.53546234404769,755747.3030398863
False,False,2025-12-12,212600.0,35.358882,-119.000607,576.0,BKSF - Bakersfield,True,0.0,0.1714,1954.0,2.0,Bakersfield,2.0,False,1.0,One,7467.0,False,0.0,Bakersfield City,93307,0.0,7467.0,369.09722222222223,1.0,71.0,0,288.0,0.07713941341904379,12.267167744889985,12.74984936943585,12.444785107389135,253922.68436219913
True,False,2025-12-15,839000.0,34.207097999999995,-118.510199,1234.0,LKBL - Lake Balboa,False,1.0,0.1378,1950.0,2.0,Lake Balboa,2.0,True,1.0,One,6002.0,False,1.0,Los Angeles Unified,91406,0.0,6002.0,679.902755267423,1.0,75.0,0,617.0,0.2055981339553482,13.639965985449344,13.708480036117827,13.601124345490485,807036.6372100139
False,False,2025-12-26,980000.0,34.304309,-118.451408,2175.0,SYL - Sylmar,True,0.0,0.1638,1952.0,5.0,Sylmar,5.0,False,1.0,One,7135.0,False,0.0,Los Angeles Unified,91342,0.0,7135.0,450.5747126436781,1.0,73.0,0,435.0,0.30483531885073584,13.795307850646754,13.667586227071855,13.936196214590645,1128270.192359691
False,False,2025-12-23,669000.0,36.84503585,-121.38470378,1628.0,699 - Not Defined,True,2.0,0.1377,1997.0,2.0,Hollister,3.0,True,1.0,One,5998.0,False,2.0,Other,95023,105.0,5998.0,410.9336609336609,1.5,28.0,0,542.6666666666666,0.27142380793597864,13.413539339110365,13.527828485512494,13.43673869740675,684701.8023365354
False,False,2025-12-05,810000.0,36.85250374,-121.37797052,2010.0,699 - Not Defined,True,2.0,0.1398,2011.0,2.0,Hollister,4.0,True,1.0,Two,6088.0,False,2.0,Other,95023,0.0,6088.0,402.9850746268657,2.0,14.0,0,502.5,0.33015768725361366,13.604789526648622,13.527828485512494,13.523134949922971,746488.0963772343
False,False,2025-12-10,825000.0,32.71835316,-117.02115773,1630.0,91977 - Spring Valley,True,8.0,0.241,1960.0,2.0,Spring Valley,3.0,False,1.0,One,10500.0,False,2.0,William S. Hart Union,91977,76.0,10500.0,506.13496932515335,1.5,65.0,0,543.3333333333334,0.15523809523809523,13.623138665316818,13.592367006650065,13.58487397125229,794027.9739250472
False,True,2025-12-05,1125000.0,34.266863,-118.552246,2154.0,PORA - Porter Ranch,True,2.0,0.1846,1964.0,2.0,Porter Ranch,4.0,True,2.0,Two,8043.0,False,2.0,Los Angeles Unified,91326,0.0,8043.0,522.284122562674,2.0,61.0,0,538.5,0.26781051846326,13.933293593620657,14.126664986601197,14.063442556794685,1281372.7943826208
False,False,2025-12-01,1020000.0,33.885223,-117.83927,1755.0,84 - Placentia,True,2.0,0.1469,1964.0,2.0,Placentia,4.0,True,2.0,Two,6400.0,False,2.0,Placentia-Yorba Linda Unified,92870,0.0,6400.0,581.1965811965812,2.0,61.0,0,438.75,0.27421875,13.835313185260453,13.980176819817759,13.93253296964713,1124144.6233810035
False,False,2025-12-02,1010000.0,37.725729,-122.16817248,1742.0,690 - Upland,True,2.0,0.1517,1994.0,3.0,San Leandro,4.0,True,2.0,Two,6608.0,False,2.0,Other,94577,170.0,6608.0,579.7933409873708,1.3333333333333333,31.0,0,435.5,0.26361985472154964,13.825460888817442,13.667799101765917,13.656657641391726,853121.8298243285
True,False,2025-12-03,775000.0,37.94957739,-122.32148511,942.0,699 - Not Defined,True,2.0,0.1722,1953.0,2.0,Richmond,2.0,False,1.0,One,7500.0,False,1.0,West Contra Costa,94805,0.0,7500.0,822.7176220806795,1.0,72.0,0,471.0,0.1256,13.560618308335483,13.458835614025542,13.288535401927561,590388.1033586299
False,False,2025-12-30,600000.0,37.72930879,-122.38713648,1346.0,92078 - San Marcos,True,1.0,0.0558,1907.0,2.0,San Francisco,3.0,False,2.0,Two,2429.0,False,1.0,Grossmont Union,94124,0.0,2429.0,445.76523031203567,1.5,118.0,0,448.6666666666667,0.5541375051461507,13.304684934198283,13.696727021974308,13.57838663248363,788893.5179512445
True,True,2025-12-05,830000.0,33.702558,-116.220083,2738.0,314 - Indio South of East Valley,True,2.0,0.18,2018.0,4.0,Indio,5.0,False,1.0,One,7841.0,False,2.0,Los Angeles Unified,92201,0.0,7841.0,303.14097881665447,1.25,7.0,0,547.6,0.3491901543170514,13.62918097977278,13.235692062711331,13.455651845005741,697774.9056588886
True,True,2025-12-03,1300000.0,34.292976,-118.549782,2450.0,PORA - Porter Ranch,True,3.0,0.3245,1966.0,3.0,Porter Ranch,3.0,True,2.0,Two,14135.0,False,3.0,Los Angeles Unified,91326,0.0,14135.0,530.6122448979592,1.0,59.0,0,816.6666666666666,0.17332861690838344,14.077874822431765,14.126664986601197,14.215326187093488,1491549.6739766619
True,False,2025-12-09,1990000.0,33.908472,-117.971202,3434.0,87 - La Habra,True,3.0,0.22,2000.0,4.0,La Habra,4.0,True,2.0,Two,9583.0,False,3.0,Fullerton Joint Union High,90631,259.0,9583.0,579.4991263832266,1.0,25.0,0,858.5,0.3583428988834394,14.503645196700676,13.792724135316895,14.180370328211076,1440312.0193881239
False,False,2025-12-17,485000.0,33.780576,-117.224916,1302.0,SRCAR - Southwest Riverside County,True,1.0,0.17,1972.0,2.0,Perris,4.0,False,1.0,One,7405.0,False,1.0,Perris Union High,92570,0.0,7405.0,372.5038402457757,2.0,53.0,0,325.5,0.17582714382174205,13.091904169919621,13.32666315004938,13.25316041942747,569868.2196172825
True,False,2025-12-08,920000.0,33.860865999999994,-118.110028,1464.0,"22 - Lakewood Estates, Lakewood Manor",False,4.0,0.139,1954.0,2.0,Lakewood,4.0,False,1.0,One,6057.0,False,2.0,Bellflower Unified,90713,0.0,6057.0,628.4153005464481,2.0,71.0,0,366.0,0.24170381376919267,13.732128949025222,13.721199878493033,13.691174790686922,883083.2806291109
True,False,2025-12-08,1270000.0,33.668461,-117.68093,1621.0,BK - Baker Ranch,True,2.0,0.0479,2015.0,3.0,Lake Forest,3.0,False,2.0,Two,2087.0,False,2.0,Saddleback Valley Unified,92630,279.0,2087.0,783.466995681678,1.0,10.0,0,540.3333333333334,0.7767129851461428,14.054527458434775,14.077874822431765,13.933562462707993,1125302.5183903517
True,False,2025-12-22,1850000.0,33.71648,-117.772263,2711.0,NW - Northwood,True,4.0,0.1217,1980.0,3.0,Irvine,4.0,True,2.0,Two,5300.0,False,2.0,Irvine Unified,92620,0.0,5300.0,682.4050165990409,1.3333333333333333,45.0,0,677.75,0.5115094339622641,14.430696197054507,14.503142431449666,14.470076837304516,1924307.7243401776
True,False,2025-12-22,1400000.0,37.53127617,-121.98364786,1277.0,C34 - Los Angeles Southwest,True,2.0,0.1377,1968.0,2.0,Fremont,3.0,True,1.0,One,6000.0,False,2.0,Yucaipa/Calimesa Unified,94538-1931,0.0,6000.0,1096.319498825372,1.5,57.0,0,425.6666666666667,0.21283333333333335,14.151982794585487,13.698976741708323,13.588181201756678,796658.3547019797
False,False,2025-12-05,297000.0,39.504394,-121.596387,1124.0,699 - Not Defined,True,2.0,0.27,1962.0,1.0,Oroville,3.0,False,1.0,One,11761.0,False,2.0,Thermalito Union,95965,0.0,11761.0,264.2348754448399,3.0,63.0,0,374.6666666666667,0.09557010458294363,12.601487417784837,12.732278280413873,12.501681038516821,268788.75119345135
True,False,2025-12-15,1200000.0,34.092801,-118.332159,2060.0,C20 - Hollywood,False,2.0,0.0295,2021.0,4.0,Los Angeles,3.0,False,2.0,ThreeOrMore,1287.0,False,2.0,Antelope Valley Union,90038,185.0,1287.0,582.5242718446602,0.75,4.0,0,686.6666666666666,1.6006216006216005,13.997832114758229,13.864300722133706,13.870200641648516,1056213.2262348756
True,False,2025-12-16,530000.0,34.396035999999995,-117.362737,1448.0,OKH - Oak Hills,False,3.0,2.5,1988.0,2.0,Oak Hills,3.0,True,1.0,One,108900.0,False,3.0,Hesperia Unified,92344,0.0,108900.0,366.0220994475138,1.5,37.0,0,482.6666666666667,0.013296602387511479,13.180632285528304,13.180613417425775,13.089158724719754,483670.28524278704
False,False,2025-12-05,842000.0,33.959864,-117.562825,2245.0,249 - Eastvale,True,2.0,0.0919,2016.0,3.0,Eastvale,4.0,False,2.0,Two,4003.0,False,2.0,Corona-Norco Unified,92880,189.0,4003.0,375.0556792873051,1.3333333333333333,9.0,0,561.25,0.5608293779665251,13.643535293224463,13.764217263576723,13.78444448667155,969411.5206876836
True,False,2025-12-04,510000.0,33.72811,-117.296295,1493.0,SRCAR - Southwest Riverside County,True,0.0,1.78,2025.0,2.0,Perris,3.0,False,1.0,One,77537.0,False,0.0,Perris Union High,92570,0.0,77537.0,341.5941058271936,1.5,0.0,0,497.6666666666667,0.01925532326502186,13.142166004700508,13.32666315004938,13.345661606122562,625096.6808544935
False,False,2025-12-05,1397000.0,33.924826,-118.375329,1334.0,107 - Holly Glen/Del Aire,False,2.0,0.1786,1947.0,2.0,Inglewood,3.0,False,1.0,One,7778.0,False,2.0,San Diego Unified,90304,730.0,7778.0,1047.2263868065968,1.5,78.0,0,444.6666666666667,0.17150938544613012,14.149837638239099,13.520328065005813,13.522902118838525,746314.3109763354
False,False,2025-12-16,425000.0,33.752595,-117.054435,2024.0,SRCAR - Southwest Riverside County,True,2.0,0.12,2006.0,2.0,Hemet,2.0,False,1.0,One,5227.0,False,2.0,Hemet Unified,92545,184.0,5227.0,209.9802371541502,1.0,19.0,0,1012.0,0.3872202027931892,12.959844447906553,12.990536830078119,12.888690753565916,395810.46565054375
True,False,2025-12-22,423000.0,33.754385,-116.732528,1120.0,222 - Idyllwild,False,2.0,0.17,1976.0,2.0,Idyllwild,2.0,True,1.0,MultiSplit,7405.0,False,0.0,Riverside Unified,92549,145.0,7405.0,377.6785714285714,1.0,49.0,0,560.0,0.1512491559756921,12.955127458028414,13.132313708257497,12.885123659506814,394401.08767631964
True,False,2025-12-30,550000.0,33.643449,-117.31034,1746.0,SRCAR - Southwest Riverside County,True,2.0,0.1033,2021.0,2.0,Lake Elsinore,3.0,False,1.0,One,4500.0,False,2.0,Lake Elsinore Unified,92530,122.0,4500.0,315.0057273768614,1.5,4.0,0,582.0,0.388,13.217673557208654,13.270783382522602,13.233677712443187,558873.0992173292
False,False,2025-12-03,369100.0,34.511009,-117.404394,1128.0,ADL - Adelanto,True,2.0,0.2112,1993.0,2.0,Adelanto,3.0,False,1.0,One,9200.0,False,2.0,Adelanto,92301,0.0,9200.0,327.2163120567376,1.5,32.0,0,376.0,0.12260869565217392,12.81882288901809,12.907924856844918,12.759628246791312,347885.3487265964
True,False,2025-12-30,1725000.0,33.857028,-117.746749,2900.0,77 - Anaheim Hills,True,3.0,0.2433,1992.0,3.0,Anaheim Hills,5.0,True,2.0,Two,10600.0,False,3.0,Orange Unified,92808,95.0,10600.0,594.8275862068965,1.6666666666666667,33.0,0,580.0,0.27358490566037735,14.360737608447597,14.137594057133388,14.34853576897458,1704079.7194205485
False,False,2025-12-09,750000.0,37.12972288,-121.65203968,1088.0,699 - Not Defined,False,1.0,0.1157,1951.0,1.0,Morgan Hill,2.0,True,1.0,One,5040.0,False,1.0,Other,95037,0.0,5040.0,689.3382352941177,2.0,74.0,0,544.0,0.21587301587301588,13.527828485512494,14.187074114396758,13.863535924817178,1049197.269819717
True,True,2025-12-19,3200000.0,33.626033,-116.238342,4366.0,313 - La Quinta South of HWY 111,True,3.0,0.35,2006.0,5.0,La Quinta,4.0,True,1.0,One,15246.0,False,3.0,San Diego Unified,92253,1222.0,15246.0,732.9363261566651,0.8,19.0,0,1091.5,0.28637019546110454,14.978661367769956,13.545013310266594,14.704263053506674,2432093.7102637654
True,False,2025-12-05,387000.0,34.509747,-117.289934,1582.0,VIC - Victorville,True,2.0,0.2164,1983.0,2.0,Victorville,3.0,True,1.0,One,9425.0,False,2.0,Victor Valley Union High,92395,0.0,9425.0,244.62705436156764,1.5,42.0,0,527.3333333333334,0.16785145888594163,12.866179972011919,12.947950462906661,12.910662376130078,404603.30657233566
False,False,2025-12-19,575000.0,33.76556687,-116.93359003,3087.0,SRCAR - Southwest Riverside County,True,4.0,0.17,2005.0,3.0,San Jacinto,6.0,True,2.0,Two,7405.0,False,2.0,San Bernardino City Unified,92583,150.0,7405.0,186.26498218334956,2.0,20.0,0,514.5,0.41688048615800133,13.262125319779487,13.064725287181727,13.220013227882646,551288.3254115904
False,True,2025-12-18,550000.0,34.497906,-117.402396,2741.0,VIC - Victorville,True,2.0,6488.0,2004.0,3.0,Victorville,6.0,True,2.0,Two,6488.0,False,2.0,Victor Valley Unified,92392,0.0,282617280.0,200.6566946369938,2.0,21.0,0,456.8333333333333,9.698628477352836e-06,13.217673557208654,13.01477816672439,13.396672182148025,657810.5047623881
False,False,2025-12-22,225000.0,39.519167,-121.589666,962.0,92065 - Ramona,False,0.0,0.51,1959.0,2.0,Oroville,3.0,True,1.0,One,22216.0,False,0.0,Oroville Union,95965,0.0,22216.0,233.8877338877339,1.5,66.0,0,320.6666666666667,0.04330212459488657,12.323855681186558,12.732278280413873,12.570707467488697,287997.612020637
False,True,2025-12-08,1165000.0,34.178102,-118.901139,2080.0,TOW - Thousand Oaks West,True,3.0,0.21,1977.0,3.0,Newbury Park,4.0,True,2.0,Two,9147.0,False,3.0,Other,91320,0.0,9147.0,560.0961538461538,1.3333333333333333,48.0,0,520.0,0.22739696075215918,13.968231644981937,13.933293593620657,13.979476156814894,1178173.7838632308
True,False,2025-12-18,2500000.0,34.141178000000004,-118.861762,3887.0,WV - Westlake Village,True,3.0,0.34,1994.0,4.0,Lake Sherwood,4.0,True,2.0,ThreeOrMore,14810.0,False,3.0,Conejo Valley Unified,91361,308.0,14810.0,643.1695394906097,1.0,31.0,0,971.75,0.262457798784605,14.73180128983843,14.450755865652397,14.764710470182123,2583641.6919972473
True,False,2025-12-08,1395000.0,34.12082,-118.231659,1886.0,623 - Glassel Park,True,3.0,0.1079,1989.0,3.0,Los Angeles,3.0,True,1.0,MultiSplit,4702.0,False,3.0,Placentia-Yorba Linda Unified,90065,191.0,4702.0,739.6606574761399,1.0,36.0,0,628.6666666666666,0.4011059123777116,14.148404973237604,14.050977780915009,13.972067699888507,1169477.586609437
True,False,2025-12-16,670000.0,33.985447,-117.581651,1993.0,686 - Ontario,True,2.0,0.0458,2018.0,3.0,Ontario,3.0,False,2.0,Two,1993.0,False,2.0,Chaffey Joint Union High,91762,189.0,1993.0,336.1766181635725,1.0,7.0,0,664.3333333333334,1.0,13.415032991367148,13.530491602931978,13.462916909335712,702862.7445964472
True,False,2025-12-22,700000.0,34.006723,-117.466169,1458.0,251 - Jurupa Valley,True,3.0,0.46,1984.0,2.0,Jurupa Valley,4.0,True,1.0,One,20038.0,False,3.0,Jurupa Unified,92509,0.0,20038.0,480.10973936899865,2.0,41.0,0,364.5,0.07276175266992714,13.458835614025542,13.422467969854667,13.388570473198097,652502.645905335
False,False,2025-12-02,780000.0,34.061884,-118.041111,1170.0,619 - El Monte,False,2.0,0.1546,1926.0,2.0,El Monte,3.0,False,1.0,One,6734.0,False,1.0,ABC Unified,91733,0.0,6734.0,666.6666666666666,1.5,99.0,0,390.0,0.17374517374517376,13.567049198665774,13.58609739363647,13.52755480851934,749794.7703397347
True,False,2025-12-23,1195000.0,37.89388663,-122.29150722,1299.0,91910 - Chula Vista,False,1.0,0.0574,1932.0,2.0,Albany,3.0,True,2.0,MultiSplit,2500.0,False,1.0,Los Angeles Unified,94706,0.0,2500.0,919.938414164742,1.5,93.0,0,433.0,0.5196,13.993656743347747,14.180153671552183,14.007157584593317,1211242.9050102946
True,False,2025-12-08,888000.0,34.1047,-117.880059,1963.0,614 - Covina,True,2.0,0.0795,1995.0,3.0,Covina,4.0,True,2.0,Two,3461.0,False,2.0,Covina Valley Unified,91722,240.0,3461.0,452.3688232297504,1.3333333333333333,30.0,0,490.75,0.5671771164403352,13.696727021974308,13.592367006650065,13.610618453059473,814735.2176031409
True,False,2025-12-03,860000.0,34.328388000000004,-118.424721,1668.0,SYL - Sylmar,True,2.0,0.1722,1976.0,3.0,Sylmar,4.0,True,2.0,Two,7502.0,False,2.0,Los Angeles Unified,91342,0.0,7502.0,515.5875299760191,1.3333333333333333,49.0,0,417.0,0.2223407091442282,13.664687668229691,13.667586227071855,13.678096349684894,871609.1236360575
False,False,2025-12-10,1175000.0,32.81470338,-117.17157485,1689.0,92111 - Linda Vista,True,6.0,0.1745,1962.0,2.0,San Diego,4.0,True,1.0,One,7600.0,False,2.0,Orange Unified,92111,0.0,7600.0,695.6779159265838,2.0,63.0,0,422.25,0.22223684210526315,13.976778705560397,13.818004328719795,13.763891267754314,949690.3544430321
True,False,2025-12-01,1700000.0,33.522289,-117.694163,1727.0,LNSEA - Sea Country,True,4.0,0.1102,1988.0,2.0,Laguna Niguel,3.0,True,1.0,One,4800.0,False,2.0,Capistrano Unified,92677,225.0,4800.0,984.3659525188187,1.5,37.0,0,575.6666666666666,0.3597916666666667,14.346138809026444,14.349075668699754,14.185946942264545,1448366.5211871376
False,False,2025-12-22,1155000.0,33.874034,-117.789406,1366.0,85 - Yorba Linda,True,2.0,0.1641,1972.0,2.0,Yorba Linda,3.0,True,1.0,One,7150.0,False,2.0,Placentia-Yorba Linda Unified,92886,0.0,7150.0,845.5344070278185,1.5,53.0,0,455.3333333333333,0.19104895104895106,13.959610901938031,14.20888790014483,14.01073947293177,1215589.2212095307
False,False,2025-12-16,685000.0,33.990382000000004,-118.341728,1188.0,WIND - Windsor Hills,False,2.0,0.1468,1923.0,1.0,Los Angeles,3.0,False,1.0,One,6393.0,False,2.0,Los Angeles Unified,90043,0.0,6393.0,576.5993265993266,3.0,102.0,0,396.0,0.18582824964805256,13.437174117244362,13.652991628466498,13.536326173923845,756400.4221903794
True,False,2025-12-22,593100.0,34.088627,-117.655842,1300.0,690 - Upland,True,2.0,0.1722,1963.0,2.0,Upland,3.0,True,1.0,One,7500.0,False,2.0,Upland,91786,0.0,7500.0,456.2307692307692,1.5,62.0,0,433.3333333333333,0.17333333333333334,13.293118297826817,13.554145793829866,13.50154169452908,730541.774366604
True,True,2025-12-10,200555.0,34.18927,-116.41763799999998,891.0,DC572 - New Horizons,False,2.0,1.829,1960.0,1.0,Yucca Valley,1.0,False,1.0,One,79671.0,False,2.0,Morongo Unified,92284,0.0,79671.0,225.08978675645344,1.0,65.0,0,891.0,0.011183492111307753,12.20884380232596,12.86876061860541,12.617065217799484,301662.83063302486
False,False,2025-12-03,1467000.0,36.97916402,-121.98596523,1980.0,699 - Not Defined,True,5.0,0.276,1990.0,2.0,Santa Cruz,3.0,True,1.0,One,12023.0,False,2.0,Other,95062,660.0,12023.0,740.9090909090909,1.5,35.0,0,660.0,0.16468435498627632,14.198730057125118,14.444785440003537,14.334158322428337,1679754.689273814
False,False,2025-12-09,850000.0,34.196325,-118.573307,1204.0,WIN - Winnetka,True,4.0,0.1981,1953.0,2.0,Winnetka,3.0,False,1.0,One,8631.0,False,2.0,Los Angeles Unified,91306,0.0,8631.0,705.9800664451827,1.5,72.0,0,401.3333333333333,0.13949716139497162,13.652991628466498,13.65680576350189,13.596142632888162,803026.2103150378
False,False,2025-12-23,2265000.0,37.20811898,-121.85987791,2164.0,699 - Not Defined,True,2.0,0.3791,1964.0,2.0,San Jose,4.0,True,2.0,One,16512.0,False,2.0,San Jose Unified,95120,0.0,16512.0,1046.6728280961183,2.0,61.0,0,541.0,0.1310562015503876,14.63308531689927,14.622185682591283,14.602094709059402,2195882.797003205
True,False,2025-12-08,1850000.0,33.682416,-117.739395,2823.0,GP - Great Park,True,2.0,0.0803,2018.0,4.0,Irvine,5.0,False,1.0,ThreeOrMore,3500.0,False,2.0,Irvine Unified,92618,240.0,3500.0,655.3312079348211,1.25,7.0,0,564.6,0.8065714285714286,14.430696197054507,14.648419680899378,14.624335877322839,2245268.9629892735
False,False,2025-12-03,760000.0,34.181812,-119.216306,1374.0,VC33 - Oxnard - Southwest / Port Huenem,False,2.0,0.11,1969.0,2.0,Oxnard,3.0,True,1.0,One,4791.0,False,2.0,Sweetwater Union,93035,0.0,4791.0,553.1295487627366,1.5,56.0,0,458.0,0.2867877269881027,13.541073712262515,14.077874822431765,13.88470960652862,1071649.4982143026
True,False,2025-12-05,1246000.0,34.173124,-118.509028,1364.0,ENC - Encino,True,2.0,0.1405,1955.0,3.0,Encino,3.0,False,1.0,One,6122.0,False,2.0,Los Angeles Unified,91316,0.0,6122.0,913.4897360703812,1.0,70.0,0,454.6666666666667,0.2228030055537406,14.035448978329535,14.300596894375873,14.125977327325497,1364061.6677520827
True,True,2025-12-10,1160000.0,34.268048,-118.49979,1552.0,GH - Granada Hills,False,2.0,0.178,1953.0,2.0,Granada Hills,4.0,True,1.0,One,7753.0,False,2.0,Los Angeles Unified,91344,0.0,7753.0,747.4226804123712,2.0,72.0,0,388.0,0.2001805752611892,13.963930563082547,13.892471599100402,13.794614672797177,979320.9210958326
True,False,2025-12-12,1180000.0,34.117663,-118.068874,1526.0,654 - San Gabriel,False,2.0,0.1589,1947.0,2.0,San Gabriel,3.0,True,1.0,One,6922.0,False,2.0,Temple City Unified,91775,0.0,6922.0,773.2634338138926,1.5,78.0,0,508.6666666666667,0.22045651545796013,13.981024996441848,14.157248338395881,14.042547608492821,1254876.3609114126
False,False,2025-12-03,998000.0,33.779531,-117.827372,1562.0,"75 - Orange, Orange Park Acres E of 55",True,2.0,0.1742,1958.0,2.0,Orange,3.0,True,1.0,One,7590.0,False,2.0,Orange Unified,92869,0.0,7590.0,638.9244558258642,1.5,67.0,0,520.6666666666666,0.20579710144927535,13.813508555293602,14.115985383678474,14.046439326190734,1259769.5006373604
True,False,2025-12-02,430000.0,39.749597,-121.778609,1496.0,264 - Fontana,True,2.0,0.15,2003.0,2.0,Chico,3.0,True,1.0,One,6534.0,False,2.0,Chico Unified,95928,0.0,6534.0,287.4331550802139,1.5,22.0,0,498.6666666666667,0.22895622895622897,12.971540487669746,13.078384738024758,13.01462322077019,448930.4346561371
True,True,2025-12-09,930000.0,33.746692,-116.372321,2774.0,322 - North Palm Desert,True,6.0,0.22,2005.0,4.0,Palm Desert,3.0,True,1.0,One,9583.0,False,2.0,Morongo Unified,92260,175.0,9583.0,335.2559480894016,0.75,20.0,0,924.6666666666666,0.2894709381195868,13.742939865129438,13.624349319661324,14.0092764746992,1213812.1165947977
True,False,2025-12-10,990000.0,34.061737,-118.083005,1421.0,651 - Rosemead/S. San Gabriel,False,2.0,0.1653,1953.0,2.0,Rosemead,3.0,False,1.0,One,7202.0,False,2.0,Rosemead,91770,0.0,7202.0,696.6924700914849,1.5,72.0,0,473.6666666666667,0.19730630380449876,13.805460222110773,13.726664413759128,13.702893236675823,893492.5152660204
True,True,2025-12-24,500000.0,33.82306,-116.395703,1582.0,320 - Thousand Palms,True,2.0,0.17,2001.0,2.0,Thousand Palms,4.0,True,1.0,One,7405.0,False,2.0,Palm Springs Unified,92276,0.0,7405.0,316.05562579013906,2.0,24.0,0,395.5,0.21363943281566508,13.122363377404328,13.107132773660975,13.069603759226029,474304.0065999392
True,True,2025-12-03,1160000.0,33.853828,-116.543158,1567.0,331 - North End Palm Springs,True,2.0,0.24,1959.0,2.0,Palm Springs,3.0,False,1.0,One,10454.0,False,2.0,Fontana Unified,92262,0.0,10454.0,740.2680280791321,1.5,66.0,0,522.3333333333334,0.1498947771188062,13.963930563082547,13.737549016494562,13.71813941521304,907219.2357990571
False,True,2025-12-12,660000.0,33.68678,-117.154868,2015.0,SRCAR - Southwest Riverside County,True,2.0,0.21,1989.0,3.0,Menifee,5.0,True,2.0,Two,9148.0,False,2.0,Perris Union High,92584,100.0,9148.0,327.54342431761785,1.6666666666666667,36.0,0,403.0,0.22026672496720595,13.399995114002609,13.353475098367715,13.37807381906076,645689.372153577
False,True,2025-12-01,1790000.0,32.965394,-117.052618,3102.0,92064 - Poway,True,3.0,0.23,1990.0,3.0,Poway,4.0,True,2.0,Two,0.23,False,3.0,Poway Unified,92064,0.0,10018.8,577.0470664087685,1.3333333333333333,35.0,0,775.5,0.3096179183135705,14.397726177816939,14.042638194103073,14.260331823587832,1560211.3075147772
True,False,2025-12-15,489000.0,33.766628999999995,-116.946986,2518.0,SRCAR - Southwest Riverside County,True,2.0,0.12,2006.0,3.0,San Jacinto,4.0,True,2.0,Two,5227.0,False,2.0,San Jacinto Unified,92583,0.0,5227.0,194.20174741858617,1.3333333333333333,19.0,0,629.5,0.4817294815381672,13.10011776845701,13.064725287181727,13.116070281091835,496863.33187286335
False,True,2025-12-15,4200000.0,37.24961907,-121.98326728,2323.0,699 - Not Defined,True,4.0,1.3786,1980.0,3.0,Monte Sereno,4.0,True,1.0,Two,60053.0,False,2.0,Other,95030,0.0,60053.0,1808.0068876452865,1.3333333333333333,45.0,0,580.75,0.038682497127537345,15.250595083253597,15.107414985656664,14.976270196781893,3192357.3938687397
False,False,2025-12-26,1250000.0,32.72564166,-117.11893085,1642.0,92104 - North Park,True,4.0,0.1744,1956.0,2.0,San Diego,3.0,False,1.0,One,7596.0,False,2.0,San Ramon Valley,92104,0.0,7596.0,761.2667478684531,1.5,69.0,0,547.3333333333334,0.21616640337019483,14.038654109278484,13.980515688011007,13.965531109073817,1161858.119956427
False,False,2025-12-30,725000.0,33.903696000000004,-117.454297,1804.0,252 - Riverside,True,3.0,0.17,1989.0,3.0,Riverside,4.0,True,2.0,Two,7405.0,False,3.0,Riverside Unified,92503,0.0,7405.0,401.88470066518846,1.3333333333333333,36.0,0,451.0,0.2436191762322755,13.493926933836812,13.399995114002609,13.406336912060814,664198.8868920844
False,False,2025-12-08,485000.0,33.768607,-116.289818,1576.0,307 - Sun City,True,4.0,0.15,1996.0,2.0,Palm Desert,2.0,False,1.0,One,6534.0,False,2.0,San Dieguito Union,92211,398.0,6534.0,307.74111675126903,1.0,29.0,0,788.0,0.24119987756351394,13.091904169919621,13.226723392728571,13.04601574062955,463247.03357975796
True,False,2025-12-10,415000.0,34.56475,-118.042106,1746.0,PLM - Palmdale,True,2.0,0.1256,1987.0,3.0,Palmdale,4.0,True,2.0,Two,5469.0,False,2.0,Palmdale,93552,0.0,5469.0,237.6861397479954,1.3333333333333333,38.0,0,436.5,0.31925397696105323,12.936033799212835,13.122363377404328,13.110670881673014,494187.7979258334
False,False,2025-12-10,1415000.0,33.754095,-117.973737,2277.0,"65 - N of Blsa, S of GGrv, E of Bch, W of Brookhrs",False,2.0,0.1707,1960.0,3.0,Westminster,5.0,True,1.0,One,7434.0,False,2.0,Huntington Beach Union High,92683,0.0,7434.0,621.4317083882302,1.6666666666666667,65.0,0,455.4,0.3062953995157385,14.162640089059476,13.933293593620657,14.046555960903524,1259916.4420603164
True,False,2025-12-05,1250000.0,34.152557,-118.621546,2851.0,WHLL - Woodland Hills,True,2.0,0.1936,1964.0,3.0,Woodland Hills,4.0,True,1.0,One,8432.0,False,0.0,Los Angeles Unified,91364,0.0,8432.0,438.4426517011575,1.3333333333333333,61.0,0,712.75,0.33811669829222013,14.038654109278484,14.15910026235435,14.29836945822556,1620701.208360901
False,False,2025-12-08,1200000.0,33.777408,-117.91074,2302.0,"72 - Orange & Garden Grove, E of Harbor, N of 22 F",True,3.0,0.2066,1955.0,3.0,Garden Grove,5.0,True,1.0,One,9000.0,False,3.0,Garden Grove Unified,92840,0.0,9000.0,521.2858384013902,1.6666666666666667,70.0,0,460.4,0.25577777777777777,13.997832114758229,13.864300722133706,14.013436640636945,1218872.2947093605
False,False,2025-12-05,925000.0,36.62158494,-121.82814388,1250.0,699 - Not Defined,False,3.0,0.186,1954.0,2.0,Seaside,3.0,False,2.0,One,8100.0,False,1.0,Other,93955,0.0,8100.0,740.0,1.5,71.0,0,416.6666666666667,0.15432098765432098,13.737549016494562,13.564794368589576,13.513035453177585,738986.885266087
False,True,2025-12-19,885000.0,33.934889,-118.003152,1603.0,670 - Whittier,True,2.0,0.1494,1954.0,2.0,Whittier,4.0,False,1.0,One,6506.0,False,2.0,East Whittier Unified,90604,0.0,6506.0,552.089831565814,2.0,71.0,0,400.75,0.24638794958499846,13.693342923990066,13.636672835828117,13.626824323603431,828046.2784086801
True,False,2025-12-02,4050000.0,33.7279,-118.083478,1710.0,699 - Not Defined,True,2.0,0.0256,1977.0,4.0,Surfside,3.0,True,1.0,ThreeOrMore,1114.0,False,2.0,Los Alamitos Unified,90743,60.0,1114.0,2368.4210526315787,0.75,48.0,0,570.0,1.5350089766606823,15.214227439082721,14.528460365820399,14.239233870695664,1527638.857081033
False,True,2025-12-03,1565500.0,34.163160999999995,-118.422794,1854.0,SO - Sherman Oaks,False,2.0,0.2086,1943.0,2.0,Sherman Oaks,3.0,True,1.0,One,9088.0,False,2.0,Los Angeles Unified,91423,0.0,9088.0,844.3905070118662,1.5,82.0,0,618.0,0.20400528169014084,14.263715819748597,14.49104488660402,14.381809278550982,1761734.2982294702
True,False,2025-12-23,759000.0,33.738559,-116.718502,1942.0,222 - Idyllwild,False,2.0,1.56,1947.0,2.0,Idyllwild,4.0,True,2.0,Two,1.56,False,2.0,Hemet Unified,92549,0.0,67953.6,390.83419155509785,2.0,78.0,0,485.5,0.028578324032869484,13.539757056377766,13.132313708257497,13.198784712306452,539708.6372658516
False,False,2025-12-15,680000.0,37.93666858,-121.7036805,2428.0,C03 - Sunset Strip - Hollywood Hills West,True,2.0,0.0733,2014.0,3.0,Brentwood,5.0,False,2.0,Two,3192.0,False,2.0,Hesperia Unified,94513,105.0,3192.0,280.0658978583196,1.6666666666666667,11.0,0,485.6,0.7606516290726817,13.42984807715229,13.591116224748411,13.605066266759945,810224.1905099943
True,True,2025-12-30,1050000.0,34.460741,-118.6334,2245.0,HASC - Hasley Canyon,True,6.0,0.1737,2022.0,3.0,Castaic,3.0,False,2.0,Two,7566.0,False,3.0,William S. Hart Union,91384,385.0,7566.0,467.70601336302894,1.0,3.0,0,748.3333333333334,0.29672217816547714,13.864300722133706,13.602317337503232,13.724578217937932,913079.4877434205
True,False,2025-12-05,2000000.0,33.530793,-117.756632,1672.0,LV - Laguna Village,True,0.0,0.0545,1973.0,3.0,Laguna Beach,3.0,True,2.0,Two,2375.0,False,0.0,Laguna Beach Unified,92651,0.0,2375.0,1196.1722488038276,1.0,52.0,0,557.3333333333334,0.704,14.508657738524219,14.914122846632385,14.574396871607146,2135896.176999262
True,False,2025-12-16,510000.0,33.885445000000004,-117.215024,1106.0,259 - Moreno Valley,True,2.0,0.13,1995.0,2.0,Moreno Valley,2.0,True,1.0,One,5663.0,False,2.0,Val Verde,92551,74.0,5663.0,461.121157323689,1.0,30.0,0,553.0,0.19530284301606923,13.142166004700508,13.180632285528304,12.915943999052775,406745.92193334736
False,False,2025-12-05,590000.0,34.038745,-117.490065,1258.0,264 - Fontana,True,4.0,0.0826,1987.0,3.0,Fontana,3.0,True,2.0,Two,3600.0,False,2.0,Fontana Unified,92337,0.0,3600.0,468.9984101748808,1.0,38.0,0,419.3333333333333,0.34944444444444445,13.287877815881902,13.304684934198283,13.133399293531406,505548.5182411178
True,False,2025-12-03,500000.0,39.779506,-121.875235,1479.0,252 - Riverside,True,4.0,0.1,2024.0,2.0,Chico,3.0,False,1.0,One,0.1,False,2.0,Chico Unified,95973,0.0,4356.0,338.0662609871535,1.5,1.0,0,493.0,0.33953168044077137,13.122363377404328,13.151922179645874,13.101938526239696,489891.16160425195
False,True,2025-12-04,1150000.0,33.886238,-117.44266100000002,3737.0,252 - Riverside,True,4.0,0.35,2011.0,4.0,Riverside,5.0,True,2.0,Two,15246.0,False,4.0,Riverside Unified,92503,185.0,15246.0,307.73347605030773,1.25,14.0,0,747.4,0.24511347238619965,13.955272500339433,13.399995114002609,13.840697221444929,1025506.5272773632
True,False,2025-12-17,2660000.0,37.90306456,-122.12178839,3650.0,PRIC - PR Inside City Limit,True,3.0,0.88,1978.0,3.0,Lafayette,5.0,True,1.0,MultiSplit,38333.0,False,3.0,Acalanes,94549-3029,0.0,38333.0,728.7671232876712,1.6666666666666667,47.0,0,730.0,0.09521821928886338,14.793836680757881,13.698976741708323,14.142980860981414,1387453.8474930325
False,False,2025-12-26,570000.0,34.081228,-117.390793,1281.0,265 - Bloomington,True,2.0,0.1768,1983.0,2.0,Bloomington,3.0,True,1.0,One,7700.0,False,2.0,Colton Unified,92316,0.0,7700.0,444.9648711943794,1.5,42.0,0,427.0,0.16636363636363635,13.253391639810733,13.208541073645382,13.082526309662262,480472.9977493678
True,False,2025-12-19,905000.0,34.191765999999994,-118.558131,1466.0,RES - Reseda,True,2.0,0.138,1951.0,2.0,Reseda,3.0,True,1.0,One,6012.0,False,2.0,Los Angeles Unified,91335,0.0,6012.0,617.3260572987722,1.5,74.0,0,488.6666666666667,0.24384564204923487,13.715690222682063,13.652991628466498,13.665474796261574,860677.1965926659
False,False,2025-12-24,480000.0,34.686368,-118.081007,2843.0,LAC - Lancaster,True,2.0,0.1526,2005.0,3.0,Lancaster,5.0,True,2.0,Two,6648.0,False,2.0,Los Angeles Unified,93535,0.0,6648.0,168.83573689764333,1.6666666666666667,20.0,0,568.6,0.427647412755716,13.081541382884074,12.994530005894443,13.120112770642411,498875.96197728766
True,True,2025-12-04,757250.0,33.703628,-117.219634,3256.0,SRCAR - Southwest Riverside County,True,3.0,0.42,2021.0,4.0,Menifee,6.0,False,2.0,Two,18295.0,False,3.0,Menifee Union,92586,0.0,18295.0,232.57063882063883,1.5,4.0,0,542.6666666666666,0.1779721235310194,13.537448728889483,12.89921982609012,13.525238328484514,748059.8959008153
True,False,2025-12-05,1550000.0,37.84594072,-122.15046235,1874.0,SRCAR - Southwest Riverside County,True,2.0,0.4894,1959.0,3.0,Orinda,3.0,True,1.0,One,21320.0,False,2.0,Ontario-Montclair,94563,0.0,21320.0,827.1077908217716,1.0,66.0,0,624.6666666666666,0.08789868667917448,14.253765488895429,14.408837403242009,14.357969567903353,1720231.7324846413
True,False,2025-12-16,1075000.0,33.682216,-117.984551,1009.0,14 - South Huntington Beach,True,4.0,0.1435,1960.0,2.0,Huntington Beach,3.0,False,1.0,One,6250.0,False,2.0,Huntington Beach Union High,92646,0.0,6250.0,1065.4112983151635,1.5,65.0,0,336.3333333333333,0.16144,13.8878312195439,14.19394699368452,13.930612879802977,1121988.2355979353
True,True,2025-12-24,1060000.0,33.141531,-117.036331,2548.0,92027 - Escondido,True,6.0,0.52,1966.0,3.0,Escondido,5.0,True,2.0,Two,0.52,False,2.0,Other,92027,0.0,22651.2,416.0125588697017,1.6666666666666667,59.0,0,509.6,0.11248852157943066,13.87377946608825,13.658839648348096,13.891879858974157,1079361.1097108077
True,False,2025-12-10,365000.0,34.73042,-117.350798,1669.0,HNDL - Helendale,True,2.0,0.1895,1993.0,2.0,Helendale,4.0,True,1.0,One,8255.0,False,2.0,Other,92342,235.0,8255.0,218.69382863990413,2.0,32.0,0,417.25,0.20218049666868565,12.80765263256463,12.86099861326992,12.853446629059153,382103.4372434523
False,False,2025-12-11,1939900.0,33.755655,-117.81323799999998,2233.0,NTS - North Tustin,True,2.0,0.2611,1963.0,3.0,North Tustin,4.0,True,1.0,One,11375.0,False,2.0,Tustin Unified,92705,0.0,11375.0,868.7416032243618,1.3333333333333333,62.0,0,558.25,0.1963076923076923,14.478146983319197,14.376839163903371,14.35110032902924,1708455.5428315897
False,False,2025-12-16,1131980.0,33.174807,-117.08506,2838.0,92026 - Escondido,True,2.0,0.2022,2025.0,3.0,Escondido,5.0,False,2.0,Two,8810.0,True,2.0,Escondido Union,92026,235.0,8810.0,398.86539816772375,1.6666666666666667,0.0,0,567.6,0.32213393870601587,13.939478869744665,13.709594177880103,13.943208846233395,1136210.1430483703
True,False,2025-12-23,602000.0,34.118334000000004,-117.372758,1308.0,272 - Rialto,True,2.0,0.1951,1956.0,2.0,Rialto,4.0,True,1.0,One,8500.0,False,2.0,Rialto Unified,92376,0.0,8500.0,460.2446483180428,2.0,69.0,0,327.0,0.15388235294117647,13.308012724290958,13.253391639810733,13.164144962966247,521333.36020648445
True,False,2025-12-29,520000.0,33.952735,-117.252157,1376.0,259 - Moreno Valley,True,2.0,0.17,1985.0,2.0,Moreno Valley,4.0,True,1.0,One,7405.0,False,2.0,Moreno Valley Unified,92557,0.0,7405.0,377.90697674418607,2.0,40.0,0,344.0,0.18582039162727887,13.16158409055761,13.262125319779487,13.193488996326668,536858.048227983
False,False,2025-12-15,1220000.0,34.099777,-118.031251,1231.0,661 - Temple City,True,2.0,0.3491,1946.0,1.0,Temple City,3.0,True,1.0,One,15205.0,False,2.0,El Monte Union High,91780,0.0,15205.0,991.0641754671,3.0,79.0,0,410.3333333333333,0.08096021045708648,14.01436141670944,13.981024996441848,13.79331312824753,978047.1204226061
True,False,2025-12-05,657500.0,34.148742,-119.190051,1048.0,VC33 - Oxnard - Southwest / Port Huenem,False,2.0,0.16,1956.0,2.0,Port Hueneme,3.0,False,1.0,One,6969.0,False,2.0,Ventura Unified,93041,134.0,6969.0,627.3854961832061,1.5,69.0,0,349.3333333333333,0.15038025541684602,13.396200043034057,13.458835614025542,13.362037300179122,635417.3462511104
False,True,2025-12-29,450000.0,33.936890000000005,-116.874364,1486.0,263 - Banning/Beaumont/Cherry Valley,True,0.0,0.18,1958.0,2.0,Banning,3.0,True,1.0,One,7841.0,False,0.0,Banning Unified,92220,0.0,7841.0,302.82637954239567,1.5,67.0,0,495.3333333333333,0.18951664328529524,13.017002861746503,12.994530005894443,12.945401230325798,418905.7487677986
False,False,2025-12-01,865000.0,33.753147,-117.992539,864.0,"60 - Westminster South of Westminster, W of Beach",False,2.0,0.155,1930.0,1.0,Westminster,2.0,False,1.0,One,6750.0,False,2.0,Huntington Beach Union High,92683,0.0,6750.0,1001.1574074074074,2.0,95.0,0,432.0,0.128,13.670484785914017,13.933293593620657,13.608289864302709,812840.2415019765
False,False,2025-12-02,1515000.0,34.172474,-118.584196,1910.0,WHLL - Woodland Hills,True,2.0,0.1724,1959.0,4.0,Woodland Hills,4.0,True,1.0,One,7508.0,False,2.0,Long Beach Unified,91367,0.0,7508.0,793.1937172774869,1.0,66.0,0,477.5,0.25439531166755464,14.230925996925606,14.130321297804308,14.075858683296191,1297381.6594800733
True,True,2025-12-17,1142500.0,33.811864,-116.421293,2610.0,321 - Rancho Mirage,True,2.0,0.1743,2023.0,3.0,Rancho Mirage,2.0,False,2.0,One,7593.0,False,2.0,Los Angeles Unified,92270,445.0,7593.0,437.7394636015326,0.6666666666666666,2.0,0,1305.0,0.3437376531015409,13.948729401750496,13.9108207377686,13.93986040311854,1132411.9705489113
True,True,2025-12-08,725000.0,33.738431,-116.415907,1704.0,321 - Rancho Mirage,True,2.0,0.22,1978.0,2.0,Rancho Mirage,3.0,True,1.0,One,9583.0,False,2.0,Palm Springs Unified,92270,245.0,9583.0,425.46948356807513,1.5,47.0,0,568.0,0.1778148805175832,13.493926933836812,13.9108207377686,13.756293541333708,942502.2083078014
True,False,2025-12-19,882000.0,34.186289,-118.377749,1847.0,NHO - North Hollywood,True,2.0,0.0223,2021.0,4.0,North Hollywood,3.0,False,2.0,ThreeOrMore,971.0,False,2.0,Los Angeles Unified,91606,133.0,971.0,477.53113156469954,0.75,4.0,0,615.6666666666666,1.90216271884655,13.68994733498893,13.741864017795976,13.678100838934618,871613.0365158581
False,False,2025-12-31,1642908.0,33.520039000000004,-117.574854,2769.0,ESEN - Esencia,True,4.0,0.1057,2025.0,3.0,Rancho Mission Viejo,4.0,False,2.0,Two,4603.0,True,2.0,Capistrano Unified,92694,246.0,4603.0,593.3217768147346,1.3333333333333333,0.0,0,692.25,0.6015641972626548,14.311978400320761,14.232573444874031,14.453150021615894,1892009.446821082
True,True,2025-12-23,3700000.0,34.177049,-118.253342,6154.0,626 - Glendale-Northwest,True,3.0,0.6371,1986.0,5.0,Glendale,4.0,True,2.0,ThreeOrMore,27754.0,False,3.0,Glendale Unified,91207,0.0,27754.0,601.2349691257718,0.8,39.0,0,1538.5,0.2217338041363407,15.123843377614453,14.557447902693651,15.15876922005453,3831508.776681254
False,False,2025-12-02,1050000.0,33.956495000000004,-117.564891,3575.0,249 - Eastvale,True,3.0,0.17,2006.0,5.0,Eastvale,5.0,True,2.0,Two,7405.0,False,3.0,Corona-Norco Unified,92880,0.0,7405.0,293.7062937062937,1.0,19.0,0,715.0,0.48278190411883865,13.864300722133706,13.764217263576723,13.958407638129398,1153611.0660955582
False,False,2025-12-01,1320000.0,36.778261,-119.4179324,3426.0,91913 - Chula Vista,True,8.0,0.1431,2002.0,4.0,Chula Vista,4.0,False,2.0,Two,0.21,False,3.0,Corona-Norco Unified,91913,136.0,7201.0,385.2889667250438,1.0,23.0,0,856.5,0.47576725454797947,14.093142294562554,13.764217263576723,13.967067287106401,1163644.3124808813
True,True,2025-12-17,1725000.0,33.798336,-116.54811,2407.0,334 - South End Palm Springs,True,6.0,0.19,2007.0,4.0,Palm Springs,4.0,True,1.0,One,8276.0,False,3.0,Capistrano Unified,92264,0.0,8276.0,716.6597424179477,1.0,18.0,0,601.75,0.29084098598356695,14.360737608447597,14.077874822431765,14.254155721124064,1550604.9779876613
False,False,2025-12-16,880000.0,34.077592,-118.121576,1155.0,601 - Alhambra,False,2.0,0.1542,1930.0,1.0,Alhambra,2.0,True,1.0,One,6715.0,False,2.0,Alhambra,91801,0.0,6715.0,761.9047619047619,2.0,95.0,0,577.5,0.1720029784065525,13.687677186454389,13.91065542118584,13.669237723740956,863921.9635492525
False,False,2025-12-12,880000.0,34.077455,-118.121574,1200.0,601 - Alhambra,True,2.0,0.1541,1926.0,1.0,Alhambra,2.0,True,1.0,One,6714.0,False,2.0,Alhambra,91801,0.0,6714.0,733.3333333333334,2.0,99.0,0,600.0,0.17873100983020554,13.687677186454389,13.91065542118584,13.674533923735307,868509.6048571514
True,False,2025-12-09,710000.0,33.832921,-118.158021,1348.0,24 - Lakewood Mutuals,False,2.0,0.1148,1952.0,2.0,Lakewood,3.0,False,1.0,One,4999.0,False,2.0,Long Beach Unified,90712,0.0,4999.0,526.7062314540059,1.5,73.0,0,449.3333333333333,0.26965393078615724,13.473020249017498,13.671639520838347,13.636622936123162,836199.8647183712
False,False,2025-12-03,1055000.0,32.817239,-117.165024,1232.0,92111 - Linda Vista,True,2.0,0.1263,1960.0,2.0,San Diego,3.0,True,1.0,One,5500.0,False,2.0,San Diego Unified,92111,0.0,5500.0,856.3311688311688,1.5,65.0,0,410.6666666666667,0.224,13.869051324892304,13.818004328719795,13.666732329467147,861760.2075650686
False,False,2025-12-19,998000.0,34.20968,-118.565928,2264.0,WIN - Winnetka,True,2.0,0.1224,2007.0,3.0,Winnetka,4.0,True,2.0,Two,5330.0,False,2.0,Los Angeles Unified,91306,0.0,5330.0,440.8127208480566,1.3333333333333333,18.0,0,566.0,0.424765478424015,13.813508555293602,13.65680576350189,13.751888966552501,938360.0158447267
False,False,2025-12-23,1015000.0,37.3248986,-121.87027255,1456.0,699 - Not Defined,False,2.0,0.1457,1915.0,2.0,San Jose,4.0,False,2.0,One,6348.0,False,2.0,San Jose Unified,95112,42.0,6348.0,697.1153846153846,2.0,110.0,0,364.0,0.2293635790800252,13.830399170458024,14.014227026169724,13.967688845287583,1164367.8099478818
True,False,2025-12-01,840000.0,37.94052059,-121.964267,1446.0,699 - Not Defined,True,2.0,0.1567,1984.0,2.0,Concord,3.0,True,1.0,One,6825.0,False,2.0,William S. Hart Union,94521,385.0,6825.0,580.9128630705394,1.5,41.0,0,482.0,0.21186813186813186,13.641157170819497,13.656514826473817,13.539488910670869,758796.5046928802
True,False,2025-12-05,650000.0,33.668145,-117.206656,1443.0,SRCAR - Southwest Riverside County,True,2.0,0.94,1998.0,2.0,Menifee,3.0,False,1.0,One,40946.0,False,2.0,Riverside Unified,92584,0.0,40946.0,450.4504504504504,1.5,27.0,0,481.0,0.03524153763493382,13.38472764187182,13.353475098367715,13.334722901645486,618296.195054612
True,False,2025-12-19,660000.0,37.66953507,-122.09776757,890.0,635 - La Crescenta/Glendale Montrose & Annex,True,1.0,0.1065,1924.0,1.0,Hayward,2.0,True,1.0,One,4640.0,False,1.0,Palm Springs Unified,94541,0.0,4640.0,741.5730337078652,2.0,101.0,0,445.0,0.19181034482758622,13.399995114002609,13.647074399642998,13.397391647626819,658283.9470044045
True,True,2025-12-09,3100000.0,34.020348,-118.438716,2832.0,C13 - Palms - Mar Vista,True,4.0,0.12,1969.0,3.0,Los Angeles,5.0,True,2.0,Two,5228.0,False,2.0,Corona-Norco Unified,90066,85.0,5228.0,1094.6327683615818,1.6666666666666667,56.0,0,566.4,0.541698546289212,14.946912669455374,14.628660530918916,14.673499868596643,2358413.885402678
False,False,2025-12-08,1168000.0,33.730346999999995,-118.037831,1232.0,17 - Northwest Huntington Beach,True,2.0,0.1377,1960.0,2.0,Huntington Beach,3.0,True,1.0,One,6000.0,False,2.0,Huntington Beach Union High,92649,0.0,6000.0,948.051948051948,1.5,65.0,0,410.6666666666667,0.20533333333333334,13.97080344237031,14.330128979968961,14.095941092299169,1323699.5877963193
False,False,2025-12-03,400000.0,33.972132,-117.713235,864.0,682 - Chino Hills,True,0.0,0.1492,1948.0,1.0,Chino Hills,2.0,False,1.0,One,6500.0,False,0.0,Chino Valley Unified,91709,0.0,6500.0,462.962962962963,2.0,77.0,0,432.0,0.13292307692307692,12.89921982609012,13.901688254205327,13.575483500267433,786606.5770163119
True,True,2025-12-04,585000.0,40.009005,-122.170272,2547.0,PL01 - Tehama County,False,4.0,13.04,1994.0,2.0,Gerber,5.0,True,1.0,"Two,One",13.04,False,2.0,Los Molinos Unified,96035,0.0,568022.4,229.68197879858656,2.5,31.0,0,509.4,0.0044839780966384425,13.279367126213993,13.079584433223506,13.306423873170887,601044.2710822554
False,False,2025-12-05,975000.0,33.152556,-117.14292904,2088.0,92069 - San Marcos,True,6.0,0.1603,1999.0,3.0,San Marcos,4.0,True,2.0,Two,6982.0,False,3.0,Riverside Unified,92069,89.0,6982.0,466.95402298850576,1.3333333333333333,26.0,0,522.0,0.29905471211687196,13.790192749979985,13.859515996625632,13.856729333927465,1042080.062678234
True,False,2025-12-09,1300000.0,34.124937,-118.191751,1144.0,632 - Highland Park,True,2.0,0.1609,1949.0,2.0,Los Angeles,3.0,False,1.0,One,7010.0,False,2.0,ABC Unified,90042,413.0,7010.0,1136.3636363636365,1.5,76.0,0,381.3333333333333,0.1631954350927247,14.077874822431765,14.018451401960965,13.861310692836513,1046865.1582078763
False,False,2025-12-16,1685000.0,34.188918,-119.240597,2285.0,VC32 - Oxnard - Port Hueneme Beaches,True,3.0,0.0932,1976.0,3.0,Oxnard,4.0,True,2.0,Two,4060.0,False,2.0,Fullerton Joint Union High,93035,0.0,4060.0,737.417943107221,1.3333333333333333,49.0,0,571.25,0.562807881773399,14.3372761217686,14.077874822431765,14.133622340006639,1374529.900399909
False,False,2025-12-17,1225000.0,33.722443,-118.020971,1389.0,17 - Northwest Huntington Beach,True,2.0,0.1458,1964.0,2.0,Huntington Beach,4.0,True,1.0,One,6350.0,False,2.0,Huntington Beach Union High,92647,0.0,6350.0,881.9294456443484,2.0,61.0,0,347.25,0.21874015748031497,14.018451401960965,14.080942316715522,13.919924694361724,1110060.0760169341
True,False,2025-12-19,280000.0,34.906611,-118.191102,1400.0,ROSA - Rosamond,False,7.0,3.82,1960.0,2.0,Rosamond,2.0,True,1.0,One,166399.0,False,5.0,Kern Union,93560,0.0,166399.0,200.0,1.0,65.0,0,700.0,0.008413512100433295,12.542544882151386,13.005829561148378,12.926884276073837,411220.2656487175
True,False,2025-12-12,760000.0,34.129844,-117.441144,2911.0,264 - Fontana,True,3.0,0.1718,2013.0,3.0,Fontana,4.0,True,2.0,Two,7485.0,False,3.0,Fontana Unified,92336,0.0,7485.0,261.0786671246994,1.3333333333333333,12.0,0,727.75,0.3889111556446226,13.541073712262515,13.487006490992238,13.571657586218787,783602.8375510225
True,True,2025-12-04,1260000.0,33.646623,-117.662568,1941.0,LN - Lake Forest North,True,5.0,0.1148,1979.0,3.0,Lake Forest,4.0,True,2.0,Two,5000.0,False,2.0,Saddleback Valley Unified,92630,105.0,5000.0,649.1499227202473,1.3333333333333333,46.0,0,485.25,0.3882,14.04662227892766,14.077874822431765,14.053091456576796,1268177.5864481581
True,False,2025-12-11,525000.0,38.01294961,-121.89872959999998,1327.0,"75 - Orange, Orange Park Acres E of 55",True,2.0,0.124,1964.0,2.0,Pittsburg,4.0,True,1.0,One,5400.0,False,2.0,Conejo Valley Unified,94565,109.0,5400.0,395.6292388847023,2.0,61.0,0,331.75,0.24574074074074073,13.17115354157376,13.270783382522602,13.19770267580186,539124.9686508073
True,False,2025-12-01,1975000.0,35.440967,-120.894047,1612.0,CAYU - Cayucos,True,1.5,0.0863,1982.0,2.0,Cayucos,2.0,True,1.0,One,3760.0,False,1.5,Coast Unified,93430,0.0,3760.0,1225.1861042183623,1.0,43.0,0,806.0,0.42872340425531913,14.496078956317358,14.218748490897749,13.972454698577579,1169930.2604888026
True,False,2025-12-01,340000.0,38.08574731,-122.22771895,875.0,92078 - San Marcos,True,1.0,0.4,1944.0,1.0,Vallejo,3.0,False,1.0,One,17424.0,False,1.0,Jurupa Unified,94591,17.0,17424.0,388.57142857142856,3.0,81.0,0,291.6666666666667,0.05021808999081726,12.736700896592344,13.304684934198283,13.1080576399523,492898.0516977281
False,False,2025-12-10,733000.0,34.002044,-117.967196,940.0,631 - Hacienda Heights,False,1.0,0.1403,1957.0,1.0,Hacienda Heights,3.0,False,1.0,One,6110.0,False,3.0,Redlands Unified,91745,0.0,6110.0,779.7872340425532,3.0,68.0,0,313.3333333333333,0.15384615384615385,13.504900980868788,13.845069360205818,13.553873817148968,769790.606432083
True,False,2025-12-04,2050000.0,33.49719,-117.67892,2374.0,DO - Del Obispo,True,3.0,0.2297,1973.0,3.0,San Juan Capistrano,4.0,True,1.0,One,10004.0,False,3.0,Capistrano Unified,92675,0.0,10004.0,863.5214827295704,1.3333333333333333,52.0,0,593.5,0.23730507796881248,14.53335035111459,14.32231001513485,14.359614728828443,1723064.11974061
True,True,2025-12-02,1200000.0,33.694256,-116.299607,3000.0,313 - La Quinta South of HWY 111,True,4.0,0.0003,1985.0,4.0,La Quinta,3.0,True,1.0,One,11.76,False,2.0,Temecula Unified,92253,300.0,11.76,400.0,0.75,40.0,0,1000.0,255.10204081632654,13.997832114758229,13.545013310266594,13.969448624459158,1166418.644146278
True,False,2025-12-08,584000.0,33.973941,-117.248175,2150.0,259 - Moreno Valley,True,2.0,0.15,1989.0,3.0,Moreno Valley,4.0,True,2.0,Two,6534.0,False,2.0,Moreno Valley Unified,92557,127.0,6534.0,271.6279069767442,1.3333333333333333,36.0,0,537.5,0.3290480563207836,13.277656261810364,13.262125319779487,13.326867950468394,613458.5333016389
True,True,2025-12-19,875000.0,33.75275,-116.391657,2649.0,321 - Rancho Mirage,True,8.0,0.31,2001.0,3.0,Rancho Mirage,4.0,True,1.0,One,13504.0,False,2.0,Los Angeles Unified,92270,280.0,13504.0,330.31332578331444,1.3333333333333333,24.0,0,662.25,0.19616409952606634,13.681979165339751,13.9108207377686,14.001978894986197,1204986.468021543
True,False,2025-12-30,915000.0,33.807428,-116.419616,2241.0,321 - Rancho Mirage,True,5.0,0.1747,2021.0,3.0,Rancho Mirage,2.0,False,1.0,One,7610.0,False,3.0,Conejo Valley Unified,92270,500.25,7610.0,408.2998661311914,0.6666666666666666,4.0,0,1120.5,0.29448094612352166,13.726679344257658,13.9108207377686,13.888272900742436,1075474.9121605915
True,True,2025-12-10,3909760.0,34.139226,-118.67601100000002,4259.0,CLB - Calabasas,True,4.0,0.2505,2005.0,5.0,Calabasas,4.0,True,2.0,Two,10910.0,False,2.0,Las Virgenes,91302,422.0,10910.0,917.9995304061988,0.8,20.0,0,1064.75,0.39037580201649863,15.178986549003485,14.473030560881067,14.935185697594926,3063858.715330572
True,False,2025-12-10,3900000.0,37.48150303,-122.24266302,3390.0,699 - Not Defined,False,2.0,0.1641,1931.0,3.0,Redwood City,5.0,True,2.0,Two,7150.0,False,2.0,Other,94062,0.0,7150.0,1150.4424778761063,1.6666666666666667,94.0,0,678.0,0.47412587412587415,15.176487111099874,14.793836680757881,14.944532724395577,3092630.9427685835
False,False,2025-12-15,899900.0,32.76365813,-117.08816481,919.0,92115 - San Diego,False,5.0,0.1217,1939.0,1.0,San Diego,2.0,False,1.0,One,5300.0,False,1.0,Fullerton Joint Union High,92115,100.0,5300.0,979.2165397170838,2.0,86.0,0,459.5,0.17339622641509433,13.71003892502204,13.748301808270824,13.497731955189524,727763.8954867057
False,False,2025-12-18,800000.0,33.145895,-117.130133,1610.0,92069 - San Marcos,True,4.0,0.18,1979.0,2.0,San Marcos,3.0,True,1.0,One,7839.0,False,2.0,San Marcos Unified,92069,95.0,7839.0,496.8944099378882,1.5,46.0,0,536.6666666666666,0.20538333971169792,13.592367006650065,13.859515996625632,13.71806232778531,907149.3032972751
True,False,2025-12-01,2460000.0,32.81629463,-117.26017755,1809.0,92037 - La Jolla,True,4.0,0.1423,1958.0,2.0,La Jolla,3.0,True,1.0,One,6200.0,False,2.0,Fullerton Joint Union High,92037,200.0,6200.0,1359.8673300165838,1.5,67.0,0,603.0,0.2917741935483871,14.715671907908545,15.084846812896313,14.848584788330932,2809690.2062071776
False,False,2025-12-05,390000.0,38.01005311,-121.28137667,1070.0,699 - Not Defined,True,2.0,0.1365,1994.0,2.0,Stockton,3.0,False,2.0,One,5948.0,False,2.0,Other,95210,0.0,5948.0,364.4859813084112,1.5,31.0,0,356.6666666666667,0.17989240080699395,12.873902018105829,12.873902018105829,12.736234707365599,339841.532603673
True,True,2025-12-08,865000.0,33.597501,-117.189266,2508.0,SRCAR - Southwest Riverside County,True,3.0,0.68,1997.0,3.0,Murrieta,4.0,True,1.0,One,29621.0,False,3.0,Murrieta,92562,0.0,29621.0,344.896331738437,1.3333333333333333,28.0,0,627.0,0.08466966003848621,13.670484785914017,13.487006490992238,13.727987457609661,916197.7069144966
True,True,2025-12-05,2700000.0,33.840309000000005,-116.549317,4966.0,332 - Central Palm Springs,False,3.0,0.59,1938.0,8.0,Palm Springs,7.0,True,1.0,One,25700.0,False,2.0,Other,92262,0.0,25700.0,543.6971405557794,0.875,87.0,0,709.4285714285714,0.1932295719844358,14.808762330974558,13.737549016494562,14.781033116672658,2626159.620556794
True,False,2025-12-05,835000.0,32.75033856,-117.0086693,2000.0,91941 - La Mesa,True,5.0,0.1676,1971.0,2.0,La Mesa,4.0,False,1.0,One,7300.0,False,2.0,Pasadena Unified,91941,93.0,7300.0,417.5,2.0,54.0,0,500.0,0.273972602739726,13.635187003832993,13.903955641362648,13.883457967562784,1070309.0190176156
True,False,2025-12-12,690000.0,37.92208587,-122.31217925,992.0,VIC - Victorville,False,0.0,0.0849,1944.0,1.0,El Cerrito,3.0,False,1.0,One,3700.0,False,0.0,West Contra Costa,94530,0.0,3700.0,695.5645161290323,3.0,81.0,0,330.6666666666667,0.2681081081081081,13.444446876573442,14.137594057133388,13.739698744228223,926990.6370508582
False,False,2025-12-26,725000.0,34.045356,-118.198639,1170.0,BOYH - Boyle Heights,True,0.0,0.1575,1910.0,2.0,Los Angeles,3.0,False,1.0,One,6861.0,False,0.0,Los Angeles Unified,90063,0.0,6861.0,619.6581196581196,1.5,115.0,0,390.0,0.1705290773939659,13.493926933836812,13.436422313574042,13.391239066632709,654246.2356135568
True,False,2025-12-19,1570000.0,33.871088,-118.382981,1826.0,154 - N Redondo Bch/Golden Hills,True,2.0,0.0574,1987.0,3.0,Redondo Beach,3.0,True,2.0,Two,2501.0,False,2.0,Redondo Unified,90278,0.0,2501.0,859.802847754655,1.0,38.0,0,608.6666666666666,0.7301079568172731,14.266586177324491,14.253765488895429,14.099561243127203,1328500.264298722
True,True,2025-12-08,862500.0,33.590706,-117.257327,3595.0,SRCAR - Southwest Riverside County,True,5.0,0.3,2007.0,5.0,Wildomar,5.0,True,2.0,Two,13068.0,False,2.0,Lake Elsinore Unified,92595,40.0,13068.0,239.91655076495127,1.0,18.0,0,719.0,0.2750994796449342,13.667590427887651,13.442996549995796,13.888456550272704,1075672.4407604865
False,False,2025-12-02,729900.0,34.407402000000005,-118.543066,1344.0,VAL1 - Valencia 1,True,2.0,0.0877,1984.0,2.0,Valencia,3.0,False,1.0,One,3821.0,False,2.0,William S. Hart Union,91355,70.0,3821.0,543.0803571428571,1.5,41.0,0,448.0,0.351740382098927,13.500662817439723,13.697852514496041,13.491209699794739,723032.6793652505
False,False,2025-12-05,2900000.0,32.83208091,-117.25425278,3425.0,92037 - La Jolla,False,3.0,1.0,1968.0,4.0,La Jolla,4.0,True,1.0,One,6970.0,False,3.0,Los Angeles Unified,92037,0.0,6200.0,846.7153284671533,1.0,57.0,0,856.25,0.5524193548387096,14.880221294956703,15.084846812896313,15.287446094960316,4357661.398618763
False,False,2025-12-10,492500.0,39.756205,-121.575579,1826.0,325 - Indian Wells,True,2.0,0.42,2025.0,2.0,Paradise,3.0,True,1.0,One,18295.0,True,2.0,Paradise Unified,95969,0.0,18295.0,269.71522453450166,1.5,0.0,0,608.6666666666666,0.09980869089915277,13.10724973959428,12.89921982609012,13.086970379681576,482613.0050428317
True,False,2025-12-12,1270000.0,37.80096659,-122.18034083,2595.0,341 - Mission Lakes,True,2.0,0.2204,1959.0,3.0,Oakland,4.0,True,2.0,Two,9600.0,False,1.0,Ventura Unified,94619,100.0,9600.0,489.402697495183,1.3333333333333333,66.0,0,648.75,0.2703125,14.054527458434775,13.80285165397213,14.074008127178512,1294983.002022802
False,True,2025-12-16,610000.0,34.650431,-118.258825,2429.0,LAC - Lancaster,True,3.0,0.2205,1990.0,3.0,Lancaster,4.0,True,1.0,One,9606.0,False,3.0,Westside Union,93536,0.0,9606.0,251.1321531494442,1.3333333333333333,35.0,0,607.25,0.25286279408702894,13.321214236149494,13.224918336616522,13.346822725798068,625822.9144501938
False,True,2025-12-18,800000.0,34.082474,-117.912367,2212.0,669 - West Covina,False,2.0,0.2847,1894.0,2.0,West Covina,4.0,True,2.0,Two,12401.0,False,2.0,West Covina,91791,0.0,12401.0,361.6636528028933,2.0,131.0,0,553.0,0.17837271187807435,13.592367006650065,13.785051350479566,13.870887284015263,1056938.7160318375
False,True,2025-12-03,1400000.0,33.792756,-117.990977,3715.0,699 - Not Defined,True,2.0,0.625,1952.0,4.0,Stanton,5.0,True,2.0,Two,27225.0,False,2.0,Stanton Unified,92804,0.0,27225.0,376.8506056527591,1.25,73.0,0,743.0,0.136455463728191,14.151982794585487,13.766841941519797,14.26495668424134,1567443.779097211
False,False,2025-12-17,1325000.0,37.47986022,-122.23445991,1010.0,699 - Not Defined,False,1.0,0.0918,1939.0,1.0,Redwood City,3.0,False,1.0,One,4000.0,False,1.0,Other,94062,0.0,4000.0,1311.881188118812,3.0,86.0,0,336.6666666666667,0.2525,14.09692301740246,14.793836680757881,14.163455704305633,1416154.5663502687
True,True,2025-12-12,565000.0,33.735499,-116.31988,1755.0,324 - East Palm Desert,True,4.0,0.11,2010.0,3.0,Palm Desert,3.0,True,2.0,One,4792.0,False,2.0,Bear Valley Unified,92211,165.0,4792.0,321.93732193732194,1.0,15.0,0,585.0,0.3662353923205342,13.244581010128577,13.226723392728571,13.214958182948253,548508.5699685304
True,False,2025-12-20,560000.0,34.112835,-117.429022,1040.0,274 - San Bernardino,True,2.0,0.2061,1952.0,1.0,Fontana,2.0,True,1.0,One,8976.0,False,2.0,Fontana Unified,92336,0.0,8976.0,538.4615384615385,2.0,73.0,0,520.0,0.11586452762923351,13.235692062711331,13.487006490992238,13.27072383105402,579965.4611766518
True,True,2025-12-16,1080000.0,33.813098,-118.038484,1249.0,80 - Cypress North of Katella,True,2.0,0.1515,1962.0,2.0,Cypress,4.0,False,1.0,One,6600.0,False,2.0,Anaheim Union High,90630,0.0,6600.0,864.6917534027222,2.0,63.0,0,312.25,0.18924242424242424,13.892471599100402,13.933293593620657,13.744824958125434,931754.7899377384
True,False,2025-12-04,1350000.0,34.277515,-118.297268,1776.0,659 - Sunland/Tujunga,True,2.0,0.3674,1969.0,2.0,Tujunga,3.0,True,1.0,One,16004.0,False,2.0,Los Angeles Unified,91042,0.0,16004.0,760.1351351351351,1.5,56.0,0,592.0,0.11097225693576605,14.115615150414612,13.684633332743342,13.756865707544794,943041.6305301373
False,False,2025-12-04,840000.0,33.869707,-118.181422,1116.0,7 - North Long Beach,False,2.0,0.1859,1947.0,2.0,Long Beach,3.0,True,1.0,One,8096.0,False,2.0,Long Beach Unified,90805,0.0,8096.0,752.6881720430108,1.5,78.0,0,372.0,0.13784584980237155,13.641157170819497,13.526494262499357,13.479156642036376,714370.2340667743
True,False,2025-12-15,2038000.0,34.147576,-118.45674,2172.0,SO - Sherman Oaks,True,2.0,0.2253,1963.0,3.0,Sherman Oaks,3.0,True,1.0,One,9814.0,False,2.0,Charter Oak Unified,91403,0.0,9814.0,938.3057090239412,1.0,62.0,0,724.0,0.22131648665172202,14.527479492764806,14.557447902693651,14.46065474451532,1906261.8667814725
True,False,2025-12-10,700000.0,37.80361798,-122.19715584,935.0,313 - La Quinta South of HWY 111,False,0.0,0.2657,1962.0,1.0,Oakland,2.0,False,1.0,One,11576.0,False,0.0,San Bernardino City Unified,94602,0.0,11576.0,748.663101604278,2.0,63.0,0,467.5,0.0807705597788528,13.458835614025542,13.92839261528267,13.569998282680846,782303.6807361622
True,False,2025-12-03,730000.0,38.161126200000005,-122.25039948,3024.0,BSTW - Barstow,True,2.0,0.1427,2002.0,3.0,American Canyon,5.0,True,2.0,Two,6214.0,False,2.0,Hesperia Unified,94503,0.0,6214.0,241.4021164021164,1.6666666666666667,23.0,0,604.8,0.48664306404892177,13.500799813124575,13.3618195514588,13.491647807746723,723349.5151306912
False,False,2025-12-11,607000.0,36.98326,-119.6659,2971.0,91910 - Chula Vista,True,3.0,0.2459,2018.0,4.0,Friant,4.0,True,2.0,Two,10710.0,False,3.0,Clovis Unified,93626,0.0,10710.0,204.3083136990912,1.0,7.0,0,742.75,0.2774042950513539,13.316284070041636,13.188315912844299,13.433121511244583,682229.5823873586
True,False,2025-12-11,768000.0,34.106026,-117.696972,2193.0,690 - Upland,True,2.0,0.0747,2018.0,3.0,Upland,3.0,False,2.0,Two,3252.0,False,2.0,Upland,91786,200.0,3252.0,350.2051983584132,1.0,7.0,0,731.0,0.6743542435424354,13.551545012129809,13.554145793829866,13.550713446256745,767361.6228725902
True,False,2025-12-30,2188875.0,33.639601,-117.880955,1808.0,NV - East Bluff - Harbor View,False,2.0,0.0595,1968.0,2.0,Newport Beach,3.0,True,1.0,One,2590.0,False,2.0,Newport Mesa Unified,92660,595.0,2590.0,1210.6609513274336,1.5,57.0,0,602.6666666666666,0.698069498069498,14.598898271174201,15.133214468519324,14.65803998700773,2322233.4790101945
False,False,2025-12-10,1300000.0,33.762503,-118.13676,1555.0,"1 - Belmont Shore/Park,Naples,Marina Pac,Bay Hrbr",False,2.0,0.0722,1964.0,2.0,Long Beach,4.0,True,1.0,One,3146.0,False,2.0,Long Beach Unified,90803,0.0,3146.0,836.0128617363345,2.0,61.0,0,388.75,0.49427844882390337,14.077874822431765,14.288556669519746,14.094182294363073,1321373.5138399454
False,True,2025-12-01,915000.0,33.812494,-117.934374,1286.0,79 - Anaheim West of Harbor,True,2.0,0.168,1956.0,3.0,Anaheim,3.0,True,1.0,One,7320.0,False,2.0,Anaheim Union High,92802,0.0,7320.0,711.5085536547434,1.0,69.0,0,428.6666666666667,0.1756830601092896,13.726679344257658,13.815510557964274,13.755914048617585,942144.6034433313
True,False,2025-12-16,575000.0,33.664972,-117.239915,1954.0,SRCAR - Southwest Riverside County,True,2.0,0.12,2007.0,3.0,Lake Elsinore,4.0,True,2.0,Two,5227.0,False,2.0,Perris Union High,92532,134.0,5227.0,294.2681678607984,1.3333333333333333,18.0,0,488.5,0.3738281997321599,13.262125319779487,13.353475098367715,13.268117998905678,578456.1359112109
True,False,2025-12-17,525000.0,33.93473,-117.254865,1170.0,259 - Moreno Valley,True,2.0,0.17,1982.0,2.0,Moreno Valley,3.0,True,1.0,One,7405.0,False,2.0,Moreno Valley Unified,92553,0.0,7405.0,448.71794871794873,1.5,43.0,0,390.0,0.15800135043889263,13.17115354157376,13.159174447339636,13.035501319874182,458401.7765287531
True,False,2025-12-15,831500.0,37.67230148,-122.13546014,1484.0,251 - Jurupa Valley,True,2.0,0.1263,1951.0,1.0,San Lorenzo,3.0,True,1.0,One,5500.0,False,2.0,Morongo Unified,94580,245.0,5500.0,560.3099730458221,3.0,74.0,0,494.6666666666667,0.26981818181818185,13.63098657761512,13.652991628466498,13.570483387819676,782683.272335287
True,True,2025-12-26,1130000.0,33.706077,-117.98363799999998,1457.0,16 - Fountain Valley / Northeast HB,True,4.0,0.1377,1963.0,3.0,Huntington Beach,4.0,True,1.0,One,6000.0,False,2.0,Huntington Beach Union High,92647,0.0,6000.0,775.5662319835278,1.3333333333333333,62.0,0,364.25,0.24283333333333335,13.937728190688523,14.080942316715522,13.966728514199046,1163250.1680805066
True,False,2025-12-12,1245000.0,33.031269,-117.051417,2102.0,92128 - Rancho Bernardo,True,2.0,0.1423,1974.0,2.0,San Diego,3.0,True,1.0,One,6200.0,False,2.0,Poway Unified,92128,595.0,6200.0,592.2930542340628,1.5,51.0,0,700.6666666666666,0.33903225806451615,14.034646087880946,13.983960916083914,14.016433773930292,1222530.8973653754
True,False,2025-12-23,595000.0,34.04195,-117.041235,2487.0,269 - Yucaipa/Calimesa/Oak Glen,True,2.0,0.1667,1977.0,3.0,Yucaipa,4.0,True,2.0,Two,7260.0,False,2.0,Yucaipa/Calimesa Unified,92399,0.0,7260.0,239.24406915963007,1.3333333333333333,48.0,0,621.75,0.34256198347107436,13.296316684527767,13.274219822166483,13.38966379800693,653216.4333655991
True,True,2025-12-08,725000.0,33.734747,-116.268776,2060.0,"308 - La Quinta North of HWY 111, Indian Springs",False,2.0,0.24,2005.0,3.0,La Quinta,3.0,True,1.0,One,10454.0,False,2.0,Call Listing Office,92253,215.0,10454.0,351.9417475728156,1.0,20.0,0,686.6666666666666,0.19705375932657357,13.493926933836812,13.545013310266594,13.542660409433582,761206.8470472123
True,False,2025-12-08,3600000.0,37.82072601,-122.21128239,4559.0,WSCO - Wasco,True,3.0,0.5105,1928.0,5.0,Oakland,5.0,True,2.0,Two,22236.0,False,3.0,Oakland,94611,0.0,22236.0,789.6468523799078,1.0,97.0,0,911.8,0.2050278827127181,15.096444403426338,14.128493142202753,14.94258228402074,3086604.829211315
True,True,2025-12-24,1845000.0,34.246604,-118.561572,3485.0,NR - Northridge,True,1.0,0.2885,1973.0,4.0,Northridge,4.0,True,1.0,One,12567.0,False,1.0,Los Angeles Unified,91324,0.0,12567.0,529.4117647058823,1.0,52.0,0,871.25,0.27731359910877695,14.427989835456765,13.767367980495198,14.157633279165903,1407933.0701506354
True,False,2025-12-11,3300000.0,33.576155,-117.694185,3426.0,S2 - Laguna Hills,True,3.0,0.7656,1980.0,3.0,Laguna Hills,4.0,True,2.0,Two,33350.0,False,3.0,Saddleback Valley Unified,92653,191.0,33350.0,963.2224168126096,1.3333333333333333,45.0,0,856.5,0.10272863568215893,15.009433026436708,14.226450581665564,14.557835162541153,2100813.403168781
False,False,2025-12-03,1080000.0,33.800474,-117.839601,1471.0,OTO - Old Towne Orange,False,2.0,0.1598,1956.0,2.0,Orange,3.0,True,1.0,One,6960.0,False,2.0,Orange Unified,92867,0.0,6960.0,734.194425560843,1.5,69.0,0,490.3333333333333,0.21135057471264368,13.892471599100402,14.026983356405268,13.945124052316874,1138388.3047749484
True,False,2025-12-30,479000.0,33.610261,-116.239624,1386.0,313 - La Quinta South of HWY 111,True,2.0,0.23,2003.0,2.0,La Quinta,2.0,False,1.0,One,10019.0,False,2.0,Fullerton Joint Union High,92253,595.0,10019.0,345.5988455988456,1.0,22.0,0,693.0,0.13833715939714541,13.079455876393052,13.545013310266594,13.24394771621762,564642.3022161783
True,False,2025-12-05,785000.0,33.965996000000004,-118.294773,1232.0,C36 - Metropolitan Southwest,False,2.0,0.0937,1929.0,1.0,Los Angeles,2.0,True,1.0,One,4081.0,False,2.0,Garden Grove Unified,90044,70.0,4081.0,637.1753246753246,2.0,96.0,0,616.0,0.3018867924528302,13.573438996764546,13.38472764187182,13.293342852137679,593233.1981163174
True,True,2025-12-10,920000.0,33.791205,-116.542131,2122.0,334 - South End Palm Springs,True,2.0,0.07,1972.0,3.0,Palm Springs,2.0,False,1.0,Two,3049.0,False,2.0,Hesperia Unified,92264,945.0,3049.0,433.5532516493874,0.6666666666666666,53.0,0,1061.0,0.6959658904558872,13.732128949025222,14.077874822431765,14.023764702907453,1231526.1159150677
True,False,2025-12-16,404900.0,34.696186,-118.121956,1590.0,LAC - Lancaster,True,2.0,0.1539,1955.0,2.0,Lancaster,4.0,True,1.0,One,6703.0,False,2.0,Other,93535,0.0,6703.0,254.65408805031447,2.0,70.0,0,397.5,0.2372072206474713,12.911395402020252,12.994530005894443,12.9666188970019,427888.9152216315
False,False,2025-12-11,1015000.0,33.750294,-117.973792,1731.0,"65 - N of Blsa, S of GGrv, E of Bch, W of Brookhrs",True,2.0,0.0989,1999.0,3.0,Westminster,3.0,True,1.0,One,4306.0,False,2.0,Westminster Unified,92683,67.0,4306.0,586.366262276141,1.0,26.0,0,577.0,0.40199721319089643,13.830399170458024,13.933293593620657,13.814522808268215,999012.7379680956
True,False,2025-12-01,1200000.0,33.625467,-117.708303,1690.0,LS - Lake Forest South,True,2.0,0.155,1972.0,3.0,Lake Forest,3.0,True,1.0,One,6750.0,False,2.0,Saddleback Valley Unified,92630,123.0,6750.0,710.0591715976332,1.0,53.0,0,563.3333333333334,0.25037037037037035,13.997832114758229,14.077874822431765,13.984674321732111,1184314.0707785636
True,True,2025-12-10,2285000.0,33.648145,-116.247933,4357.0,313 - La Quinta South of HWY 111,True,3.0,0.32,2001.0,5.0,La Quinta,4.0,True,1.0,One,13939.0,False,3.0,Escondido Union,92253,924.0,13939.0,524.4434243745696,0.8,24.0,0,1089.25,0.31257622498027116,14.641876582310442,13.545013310266594,14.697277257450674,2415162.8063897225
False,False,2025-12-19,567500.0,33.217721000000004,-117.271882,1186.0,92056 - Oceanside,True,1.0,0.1396,1978.0,2.0,Oceanside,2.0,False,1.0,One,6079.0,False,1.0,Vista Unified,92056,125.0,6079.0,478.4991568296796,1.0,47.0,0,593.0,0.19509787794045072,13.248996028337695,13.732128949025222,13.462902048740105,702852.299715041
False,False,2025-12-12,510000.0,34.124503999999995,-117.162914,1379.0,276 - Highland,True,419.0,0.0803,1990.0,3.0,Highland,3.0,True,2.0,Two,3500.0,False,1.0,Redlands Unified,92346,164.0,3500.0,369.8332124728064,1.0,35.0,0,459.6666666666667,0.394,13.142166004700508,13.28681753563043,13.17518314066726,527119.8076431719
True,True,2025-12-24,760000.0,33.930944000000004,-118.024632,1264.0,699 - Not Defined,True,3.0,0.1466,1953.0,2.0,Whittier,3.0,True,1.0,One,6386.0,False,0.0,East Whittier Unified,90604,0.0,6386.0,601.2658227848101,1.5,72.0,0,421.3333333333333,0.19793297839022864,13.541073712262515,13.636672835828117,13.572182408740424,784014.197904335
True,False,2025-12-17,1500000.0,34.180921999999995,-118.388122,2697.0,NHO - North Hollywood,True,2.0,0.1584,1937.0,4.0,North Hollywood,6.0,False,2.0,MultiSplit,6902.0,False,3.0,Riverside Unified,91606,135.0,6902.0,556.1735261401557,1.5,88.0,0,449.5,0.3907563025210084,14.22097566607244,13.741864017795976,14.079692925244691,1302365.6835331002
False,False,2025-12-02,1279500.0,32.92402987,-117.13357188,1855.0,92126 - Mira Mesa,True,4.0,0.1791,1972.0,3.0,San Diego,4.0,True,1.0,One,7800.0,False,2.0,Sweetwater Union,92126,200.0,7800.0,689.7574123989218,1.3333333333333333,53.0,0,463.75,0.2378205128205128,14.06197993458198,13.885500212990994,13.94605909643085,1139453.2458646065
True,False,2025-12-01,3160000.0,32.94598111,-117.250535,2540.0,92014 - Del Mar,True,6.0,0.1446,1985.0,3.0,Del Mar,4.0,True,1.0,ThreeOrMore,6300.0,False,2.0,Newport Mesa Unified,92014,0.0,6300.0,1244.0944881889764,1.3333333333333333,40.0,0,635.0,0.4031746031746032,14.966082585563095,14.859308410932126,14.888726828758259,2924771.245017799
False,False,2025-12-12,1125000.0,34.072775,-118.158351,1588.0,601 - Alhambra,True,2.0,0.1457,1940.0,2.0,Alhambra,3.0,True,1.0,One,6348.0,False,2.0,Alhambra,91803,0.0,6348.0,708.4382871536524,1.5,85.0,0,529.3333333333334,0.25015752993068685,13.933293593620657,13.768418401049605,13.790788329946464,975580.8634254574
False,False,2025-12-08,605000.0,38.57210119,-122.44729444,1123.0,92028 - Fallbrook,True,2.0,1.08,1943.0,1.0,Angwin,2.0,False,1.0,One,47044.0,False,0.0,Yucaipa/Calimesa Unified,94508,0.0,47044.0,538.7355298308104,2.0,82.0,0,561.5,0.023871269449876713,13.312983737012978,13.698976741708323,13.551819876630987,768211.1249509521
False,False,2025-12-02,1305000.0,37.28701470000001,-121.86282494,2411.0,699 - Not Defined,True,2.0,0.0647,2005.0,4.0,San Jose,4.0,True,2.0,Two,2817.0,False,2.0,Other,95136,90.0,2817.0,541.2691829116549,1.0,20.0,0,602.75,0.855875044373447,14.081713598738931,14.22097566607244,14.2861654565034,1601042.3702644552
True,True,2025-12-05,689900.0,33.596658000000005,-117.110427,1715.0,699 - Not Defined,True,3.0,0.18,2000.0,2.0,Winchester,3.0,True,1.0,One,7840.0,False,3.0,Temecula Unified,92596,50.0,7840.0,402.2740524781341,1.5,25.0,0,571.6666666666666,0.21875,13.4443019385342,13.337474757021274,13.29952998337809,596914.9878823892
True,False,2025-12-16,1600000.0,34.10864,-118.030904,1917.0,605 - Arcadia,False,4.0,0.2999,1945.0,2.0,Arcadia,4.0,True,1.0,One,13062.0,False,2.0,Arcadia Unified,91006,0.0,13062.0,834.6374543557642,2.0,80.0,0,479.25,0.14676159853008727,14.28551418721001,14.32771348302841,14.314916099457037,1647741.465570298
False,False,2025-12-16,675000.0,37.988034000000006,-122.03108600000002,1283.0,699 - Not Defined,True,2.0,0.124,1954.0,2.0,Concord,3.0,True,1.0,One,5400.0,False,2.0,Mount Diablo,94519,180.0,5400.0,526.1106780982074,1.5,71.0,0,427.6666666666667,0.2375925925925926,13.422467969854667,13.514405465180353,13.499121530987107,728775.8815350505
False,False,2025-12-05,288000.0,39.479953,-121.513368,1404.0,SRCAR - Southwest Riverside County,False,2.0,1.07,2003.0,2.0,Oroville,3.0,False,1.0,One,1.07,False,2.0,Oroville Union,95966,0.0,46609.2,205.1282051282051,1.5,22.0,0,468.0,0.03012280837259597,12.570715759118084,12.821258284620408,12.799114068272978,361896.6917863027
True,True,2025-12-17,760000.0,33.781247,-116.440301,2284.0,321 - Rancho Mirage,True,6.0,0.15,1980.0,3.0,Rancho Mirage,3.0,True,2.0,One,6534.0,False,2.0,San Jose Unified,92270,786.0,6534.0,332.7495621716287,1.0,45.0,0,761.3333333333334,0.3495561677379859,13.541073712262515,13.9108207377686,13.889721179861814,1077033.628474982
True,False,2025-12-19,1330000.0,33.883652000000005,-117.796981,1745.0,85 - Yorba Linda,True,4.0,0.2424,1965.0,2.0,Yorba Linda,4.0,True,1.0,One,10560.0,False,2.0,Placentia-Yorba Linda Unified,92886,0.0,10560.0,762.1776504297994,2.0,60.0,0,436.25,0.16524621212121213,14.100689500197937,14.20888790014483,14.142798206592284,1387200.4461012152
False,True,2025-12-09,550000.0,33.920196999999995,-117.213031,1730.0,259 - Moreno Valley,True,4.0,0.2,1987.0,3.0,Moreno Valley,3.0,True,2.0,Two,8712.0,False,2.0,Riverside Unified,92553,0.0,8712.0,317.91907514450867,1.0,38.0,0,576.6666666666666,0.1985766758494031,13.217673557208654,13.159174447339636,13.182829883084878,531166.007443275
False,False,2025-12-30,395000.0,33.74951,-116.955337,1637.0,SRCAR - Southwest Riverside County,True,1.0,0.19,1973.0,2.0,Hemet,2.0,True,1.0,One,8276.0,False,1.0,Hemet Unified,92544,0.0,8276.0,241.29505192425168,1.0,52.0,0,818.5,0.19780086998550026,12.886641043883259,13.081541382884074,12.985119036526262,435878.5970943371
True,False,2025-12-16,393000.0,34.488188,-117.34547,1446.0,VIC - Victorville,True,12.0,0.4247,1986.0,2.0,Victorville,3.0,True,1.0,One,18500.0,False,2.0,Victor Valley Unified,92392,0.0,18500.0,271.7842323651452,1.5,39.0,0,482.0,0.07816216216216217,12.881564890851399,13.01477816672439,12.929772172358865,412409.54355529416
False,False,2025-12-03,250000.0,37.7673665,-122.1930225,888.0,SWR - Simi Wood Ranch,False,3.0,0.0689,1923.0,1.0,Oakland,2.0,True,1.0,One,3000.0,False,0.0,San Dieguito Union,94621,0.0,3000.0,281.5315315315315,2.0,102.0,0,444.0,0.296,12.429216196844383,13.142166004700508,12.961873095367404,425863.05028726417
True,False,2025-12-18,1200000.0,34.120375,-117.160345,3564.0,276 - Highland,True,3.0,0.72,1990.0,4.0,Highland,5.0,True,1.0,"One,Two",31363.0,False,3.0,San Bernardino City Unified,92346,0.0,31363.0,336.7003367003367,1.25,35.0,0,712.8,0.11363708828874788,13.997832114758229,13.28681753563043,13.820675179110173,1005177.9807909562
True,False,2025-12-01,860000.0,34.10263,-117.664178,1718.0,690 - Upland,True,6.0,0.2525,1963.0,2.0,Upland,3.0,True,1.0,One,11000.0,False,2.0,Upland,91786,0.0,11000.0,500.5820721769499,1.5,62.0,0,572.6666666666666,0.15618181818181817,13.664687668229691,13.554145793829866,13.558166373736679,773102.0784265678
False,False,2025-12-03,682000.0,32.68905,-117.107019,1688.0,92113 - Logan Heights,True,0.0,0.1607,1954.0,1.0,San Diego,3.0,True,1.0,One,7000.0,False,0.0,San Diego Unified,92113,0.0,7000.0,404.0284360189573,3.0,71.0,0,562.6666666666666,0.24114285714285713,13.432784936825598,13.442452134775017,13.31974157677232,609102.3389166611
False,False,2025-12-12,480000.0,34.708831,-118.063831,2632.0,LAC - Lancaster,True,2.0,0.1293,2007.0,3.0,Lancaster,5.0,True,2.0,Two,5634.0,False,2.0,Antelope Valley Union,93535,0.0,5634.0,182.370820668693,1.6666666666666667,18.0,0,526.4,0.4671636492722755,13.081541382884074,12.994530005894443,13.076876935507878,477766.27884674625
False,False,2025-12-18,725000.0,32.80823187,-116.92811663,1730.0,92021 - El Cajon,True,2.0,0.1655,2003.0,3.0,El Cajon,3.0,False,2.0,Two,7428.0,False,2.0,Other,92021,340.0,14605.0,419.0751445086705,1.0,22.0,0,576.6666666666666,0.11845258473125642,13.493926933836812,13.612780503903942,13.547079017544107,764577.7636906655
False,False,2025-12-08,1300000.0,37.595883,-122.02163275,2320.0,699 - Not Defined,True,2.0,0.1148,2024.0,3.0,Union City,3.0,False,1.0,One,5000.0,False,2.0,Other,94587,0.0,5000.0,560.3448275862069,1.0,1.0,0,773.3333333333334,0.464,14.077874822431765,14.117095535585046,14.30599403289528,1633105.5947332827
True,False,2025-12-04,1225000.0,34.198403000000006,-118.121229,2243.0,604 - Altadena,False,2.0,0.2792,1953.0,3.0,Altadena,4.0,True,1.0,One,12161.0,False,2.0,Victor Valley Union High,91001,125.0,12161.0,546.1435577351762,1.3333333333333333,72.0,0,560.75,0.18444206890880685,14.018451401960965,13.926582083454587,14.117492452579077,1352536.7382891567
True,False,2025-12-11,820000.0,33.192809000000004,-117.311247,1281.0,92056 - Oceanside,True,4.0,0.1039,1990.0,2.0,Oceanside,3.0,True,1.0,One,4527.0,False,2.0,Oceanside Unified,92056,127.0,4527.0,640.1249024199844,1.5,35.0,0,427.0,0.2829688535453943,13.617059619240436,13.732128949025222,13.535903511582937,756080.7877707471
True,False,2025-12-12,2180000.0,37.95139536,-122.10290104,3207.0,248 - Corona,True,5.0,0.843,1988.0,4.0,Lafayette,4.0,True,2.0,Two,36720.0,False,3.0,Martinez,94549,0.0,36720.0,679.763018397256,1.0,37.0,0,801.75,0.08733660130718954,14.594835434765272,14.527484500631974,14.685808218013184,2387621.4472781196
True,True,2025-12-10,6500000.0,33.734413,-116.342577,6422.0,325 - Indian Wells,True,5.0,0.44,2006.0,5.0,Indian Wells,4.0,True,1.0,One,19166.0,False,3.0,Los Angeles Unified,92210,750.0,19166.0,1012.1457489878544,0.8,19.0,0,1605.5,0.33507252426171347,15.687312734865866,14.452073389471401,15.202494433218689,4002759.0076161623
False,False,2025-12-03,320000.0,35.320083000000004,-119.106867,1032.0,BKSF - Bakersfield,True,2.0,0.0876,1988.0,2.0,Bakersfield,2.0,True,1.0,One,3816.0,False,2.0,Bakersfield City,93311,0.0,3816.0,310.07751937984494,1.0,37.0,0,516.0,0.27044025157232704,12.676076274775909,13.112313041550827,12.816720876646926,368324.9620888146
True,False,2025-12-15,825000.0,33.16581843,-117.13819488,1380.0,92026 - Escondido,False,4.0,0.0905,1997.0,2.0,Escondido,3.0,True,2.0,Two,3941.0,False,2.0,Long Beach Unified,92026,250.0,3941.0,597.8260869565217,1.5,28.0,0,460.0,0.3501649327581832,13.623138665316818,13.709594177880103,13.503252971637108,731793.0040765675
True,False,2025-12-19,568033.0,34.057935,-117.14563400000002,1348.0,268 - Redlands,True,2.0,0.1653,1987.0,2.0,Redlands,3.0,True,1.0,One,7200.0,False,2.0,Redlands Unified,92374,0.0,7200.0,421.38946587537095,1.5,38.0,0,449.3333333333333,0.18722222222222223,13.24993479460718,13.299666780812677,13.201662811177407,541264.2095570462
True,True,2025-12-08,895000.0,33.402284,-117.127984,1477.0,92028 - Fallbrook,False,23.0,2.54,1963.0,2.0,Rainbow,4.0,False,1.0,One,110642.0,False,3.0,Fallbrook Union,92028,0.0,110642.0,605.9580230196344,2.0,62.0,0,369.25,0.013349361002151082,13.704578997256993,13.681979165339751,13.667352546406121,862294.8516236473
False,False,2025-12-11,1255000.0,33.870191,-118.067153,1501.0,"RB - Cerritos South of 91 Frwy, E of Norwalk",True,2.0,0.1911,1971.0,2.0,Cerritos,4.0,True,1.0,One,8324.0,False,2.0,ABC Unified,90703,0.0,8324.0,836.1092604930046,2.0,54.0,0,375.25,0.18032196059586736,14.042646130548022,14.01436141670944,13.902533712056496,1090921.9387330278
False,False,2025-12-05,1340000.0,37.42162783,-121.8802539,1187.0,252 - Riverside,True,4.0,0.1003,1981.0,2.0,Milpitas,2.0,True,1.0,One,4368.0,False,2.0,Temple City Unified,95035-5456,0.0,4368.0,1128.8963774220724,1.0,44.0,0,593.5,0.2717490842490842,14.108180171927094,13.698976741708323,13.35294185519191,629664.1463530334
True,False,2025-12-15,625000.0,33.964275,-117.39825,1300.0,252 - Riverside,False,2.0,0.19,1949.0,2.0,Riverside,2.0,True,1.0,One,8276.0,False,2.0,Riverside Unified,92506,0.0,8276.0,480.7692307692308,1.0,76.0,0,650.0,0.1570807153214113,13.345506928718539,13.493926933836812,13.40101942588143,660676.3921991641
False,False,2025-12-04,2450000.0,37.27351955,-121.97196567,884.0,699 - Not Defined,True,2.0,0.3788,1940.0,1.0,Campbell,1.0,True,1.0,Two,16500.0,False,2.0,Other,95008,0.0,16500.0,2771.493212669683,1.0,85.0,0,884.0,0.053575757575757575,14.71159858252091,14.518608069377388,13.875446197310003,1061768.2082496674
True,False,2025-12-09,1218000.0,32.742878999999995,-117.015409,2086.0,91941 - La Mesa,True,1.0,0.2166,1952.0,4.0,La Mesa,5.0,False,1.0,One,9434.0,False,1.0,La Mesa-Spring Valley,91941,0.0,9434.0,583.8926174496644,1.25,73.0,0,417.2,0.22111511553953783,14.01272072725198,13.903955641362648,13.993686588318651,1195035.6652724408
False,False,2025-12-02,1598000.0,34.131291,-118.178955,1539.0,647 - Pasadena (SW),True,6.0,0.256,1950.0,2.0,Pasadena,3.0,True,1.0,One,11151.0,True,2.0,Los Angeles Unified,91105,0.0,11151.0,1038.3365821962311,1.5,75.0,0,513.0,0.13801452784503632,14.284263405308357,14.739643644497264,14.565779307565224,2117569.0359807895
True,False,2025-12-18,549000.0,37.75810418,-122.17979352,1344.0,MN - Mission Viejo North,False,1.0,0.0918,1924.0,2.0,Oakland,3.0,True,1.0,One,4000.0,False,1.0,William S. Hart Union,94621,0.0,4000.0,408.4821428571428,1.5,101.0,0,448.0,0.336,13.215853720491667,13.142166004700508,13.124276482685927,500957.46821752546
False,False,2025-12-18,449990.0,34.552035,-117.322807,2020.0,VIC - Victorville,True,2.0,0.1369999999999999,2006.0,3.0,Victorville,4.0,False,2.0,Two,5969.0,False,2.0,Victor Valley Unified,92394,55.0,5969.0,222.76732673267327,1.3333333333333333,19.0,0,505.0,0.3384151449153962,13.016980639277364,12.948009990259552,12.995428352104337,440395.4499312317
False,False,2025-12-19,469000.0,33.781799,-116.946982,1949.0,699 - Not Defined,False,2.0,0.26,1960.0,2.0,San Jacinto,3.0,True,1.0,One,11325.0,False,2.0,San Jacinto Unified,92583,0.0,11325.0,240.63622370446384,1.5,65.0,0,649.6666666666666,0.1720971302428256,13.058358047428417,13.064725287181727,13.116448120843712,497051.1020621821
True,False,2025-12-16,396800.0,33.730177000000005,-116.992791,1143.0,SRCAR - Southwest Riverside County,True,2.0,0.09,1989.0,2.0,Hemet,2.0,True,1.0,One,3920.0,False,2.0,Hemet Unified,92545,0.0,3920.0,347.156605424322,1.0,36.0,0,571.5,0.29158163265306125,12.891187654392855,12.990536830078119,12.70537776301913,329515.20021670574
True,False,2025-12-04,760000.0,34.155896000000006,-117.437796,2596.0,264 - Fontana,True,2.0,0.1009999999999999,2020.0,4.0,Fontana,4.0,False,2.0,Two,4399.0,False,2.0,Fontana Unified,92336,96.0,4399.0,292.7580893682589,1.0,5.0,0,649.0,0.5901341213912252,13.541073712262515,13.487006490992238,13.585972925622771,794901.0540870387
True,False,2025-12-12,1167000.0,34.088962,-118.284369,1434.0,C21 - Silver Lake - Echo Park,True,2.0,0.0562,1925.0,2.0,Los Angeles,3.0,True,1.0,MultiSplit,2447.0,False,2.0,Other,90029,0.0,2447.0,813.8075313807532,1.5,100.0,0,478.0,0.5860237024928484,13.969946911268693,13.731996015476444,13.66964220598518,864271.4753247923
False,False,2025-12-15,460000.0,33.921312,-117.48064,906.0,252 - Riverside,False,1.0,0.14,1958.0,1.0,Riverside,2.0,False,1.0,One,6098.0,False,1.0,Alvord Unified,92505,0.0,6098.0,507.7262693156733,2.0,67.0,0,453.0,0.148573302722204,13.038981768465277,13.38779984090879,13.145370565530486,511636.9474713161
False,True,2025-12-08,1880000.0,37.28006414,-121.97673306,1507.0,699 - Not Defined,True,2.0,0.1371,1963.0,2.0,Campbell,3.0,True,1.0,One,5974.0,False,2.0,Other,95008,1198.0,5974.0,1247.5116124751162,1.5,62.0,0,502.3333333333333,0.25225979243388014,14.446782334806132,14.518608069377388,14.375790547240696,1751162.7384502206
True,False,2025-12-16,545000.0,33.62766,-117.151628,2648.0,699 - Not Defined,True,5.0,0.15,2004.0,3.0,Murrieta,4.0,True,2.0,Two,6534.0,False,3.0,Menifee Union,92563,0.0,6534.0,205.8157099697885,1.3333333333333333,21.0,0,662.0,0.40526476890113255,13.208541073645382,13.458835614025542,13.508257874720545,735464.737810399
False,False,2025-12-02,830000.0,33.01657313,-117.06583596,1450.0,92128 - Rancho Bernardo,True,4.0,0.1974,1968.0,2.0,San Diego,2.0,True,1.0,One,8600.0,False,2.0,Simi Valley Unified,92128,615.0,8600.0,572.4137931034483,1.0,57.0,0,725.0,0.1686046511627907,13.62918097977278,13.983960916083914,13.780033836473327,965145.2011098035
False,False,2025-12-15,2675000.0,32.80716161,-117.21075462,3050.0,92117 - Clairemont Mesa,True,6.0,0.2291,1959.0,3.0,San Diego,4.0,True,2.0,Two,9979.0,False,2.0,Pomona Unified,92117,310.0,9979.0,877.0491803278688,1.3333333333333333,66.0,0,762.5,0.30564184788054916,14.799459938312244,13.964016766263498,14.240296522047776,1529263.0674098595
False,False,2025-12-02,1160000.0,34.076716999999995,-118.110156,1583.0,601 - Alhambra,False,2.0,0.1347,1947.0,2.0,Alhambra,3.0,True,1.0,One,5869.0,False,2.0,Alhambra,91801,0.0,5869.0,732.7858496525585,1.5,78.0,0,527.6666666666666,0.2697222695518828,13.963930563082547,13.91065542118584,13.852875329038493,1038071.6102811191
True,True,2025-12-16,1450000.0,34.307876,-118.50429,3031.0,GH - Granada Hills,True,2.0,0.2279,1968.0,4.0,Granada Hills,5.0,True,1.0,One,9927.0,False,2.0,Los Angeles Unified,91344,0.0,9927.0,478.3899703068294,1.25,57.0,0,606.2,0.30532890097713306,14.187074114396758,13.892471599100402,14.10522618355228,1336047.496276917
True,True,2025-12-08,855000.0,33.936477000000004,-117.975655,1989.0,699 - Not Defined,False,6.0,0.1767,1957.0,2.0,La Habra,3.0,True,1.0,One,7698.0,False,2.0,Fullerton Joint Union High,90631,0.0,7698.0,429.86425339366514,1.5,68.0,0,663.0,0.2583787996882307,13.658856747918897,13.792724135316895,13.872561361498398,1058709.5952183073
True,False,2025-12-01,990000.0,34.264223,-116.872822,2621.0,BBC - Big Bear City,True,2.0,0.2984,2013.0,4.0,Big Bear City,5.0,True,2.0,Two,13000.0,False,2.0,Bear Valley Unified,92314,0.0,13000.0,377.71842808088513,1.25,12.0,0,524.2,0.2016153846153846,13.805460222110773,12.965709567358951,13.302891497095699,598924.9020868558
False,False,2025-12-24,930000.0,34.191955,-118.408849,1355.0,NHO - North Hollywood,True,2.0,0.1831,1947.0,2.0,North Hollywood,3.0,False,1.0,One,7978.0,False,2.0,Los Angeles Unified,91606,0.0,7978.0,686.3468634686346,1.5,78.0,0,451.6666666666667,0.1698420656806217,13.742939865129438,13.741864017795976,13.711053454901986,900813.4387160509
True,False,2025-12-01,2250000.0,37.27917903,-121.97350419,1782.0,699 - Not Defined,True,0.0,0.1543,1969.0,2.0,Campbell,4.0,True,1.0,Two,6720.0,False,2.0,Other,95008,0.0,6720.0,1262.6262626262626,2.0,56.0,0,445.5,0.26517857142857143,14.626440774180603,14.518608069377388,14.40447603845534,1802123.119197248
False,False,2025-12-05,880000.0,37.64614082,-122.10349992,1579.0,645 - Pasadena (NW),True,2.0,0.135,1959.0,2.0,Hayward,5.0,False,1.0,One,5880.0,False,2.0,Lake Elsinore Unified,94545,179.0,5880.0,557.3147561747942,2.5,66.0,0,315.8,0.2685374149659864,13.687677186454389,13.732128949025222,13.686821933768714,879247.6993860224
True,True,2025-12-08,1350000.0,33.650785,-117.698323,2236.0,LS - Lake Forest South,True,2.0,0.1481,1977.0,3.0,Lake Forest,4.0,True,2.0,Two,6450.0,False,2.0,Saddleback Valley Unified,92630,145.0,6450.0,603.7567084078712,1.3333333333333333,48.0,0,559.0,0.3466666666666667,14.115615150414612,14.077874822431765,14.133293821915435,1374078.416625082
True,False,2025-12-23,640000.0,33.938826,-118.288538,1438.0,C36 - Metropolitan Southwest,True,1.0,0.1103,1923.0,2.0,Los Angeles,3.0,False,1.0,One,4803.0,False,2.0,Hemet Unified,90044,0.0,4803.0,445.0625869262865,1.5,102.0,0,479.3333333333333,0.2993962107016448,13.369223455335854,13.38472764187182,13.393924319185363,656005.412848325
True,True,2025-12-15,1420000.0,33.608036,-117.64519,1470.0,MC - Mission Viejo Central,True,2.0,0.1419,1976.0,2.0,Mission Viejo,3.0,True,1.0,One,6180.0,False,2.0,Carpinteria Unified,92692,62.0,6180.0,965.9863945578232,1.5,49.0,0,490.0,0.23786407766990292,14.166167429577444,14.006130917572923,13.837105181621437,1021829.4750049035
True,False,2025-12-12,1128000.0,33.619698,-117.669839,1124.0,MC - Mission Viejo Central,True,2.0,0.1575,1970.0,2.0,Mission Viejo,2.0,True,1.0,One,6860.0,False,2.0,Saddleback Valley Unified,92691,0.0,6860.0,1003.55871886121,1.0,55.0,0,562.0,0.16384839650145772,13.935956711040141,14.092573789669016,13.774732796869014,960042.4650271748
True,False,2025-12-01,399900.0,34.239801,-116.945866,1027.0,289 - Big Bear Area,True,0.0,0.1802,1940.0,2.0,Big Bear Lake,2.0,True,2.0,Two,7850.0,False,0.0,Bear Valley Unified,92315,0.0,7850.0,389.3865628042843,1.0,85.0,0,513.5,0.130828025477707,12.89896979483491,13.398478813484644,13.25920277816505,573321.9917904668
True,False,2025-12-10,1175000.0,33.191562,-117.343884,1725.0,92054 - Oceanside,False,0.0,0.23,1979.0,2.0,Oceanside,3.0,True,1.0,One,0.23,False,0.0,Oceanside Unified,92054,0.0,10018.8,681.1594202898551,1.5,46.0,0,575.0,0.17217630853994492,13.976778705560397,14.09692301740246,14.019265970772619,1225998.2533120865
False,False,2025-12-10,3820000.0,37.56135682,-122.35593754,2470.0,699 - Not Defined,True,2.0,0.3581,1949.0,3.0,Hillsborough,3.0,True,1.0,Two,15601.0,False,2.0,Other,94010,0.0,15601.0,1546.5587044534414,1.0,76.0,0,823.3333333333334,0.1583231844112557,15.155760980582757,15.145220570031345,15.040381394663022,3403726.4178564544
True,False,2025-12-05,2065000.0,37.24557994,-121.89617567,2512.0,699 - Not Defined,True,1.0,0.1169,2009.0,3.0,San Jose,4.0,True,2.0,Two,5094.0,False,2.0,Other,95118,126.0,5094.0,822.0541401273886,1.3333333333333333,16.0,0,628.0,0.4931291715744013,14.54064078437727,14.300975768380514,14.313605875036087,1645583.9681742308
True,False,2025-12-18,1105000.0,32.75196946,-117.02805146,2155.0,91941 - La Mesa,True,4.0,0.2922,1973.0,2.0,La Mesa,4.0,True,1.0,One,12729.0,False,2.0,Los Angeles Unified,91941,0.0,12729.0,512.7610208816706,2.0,52.0,0,538.75,0.16929845235289495,13.91535589293399,13.903955641362648,13.930040564272565,1121346.2880215684
False,False,2025-12-16,3182168.0,37.86360576,-122.25175183,2679.0,135 - South East Torrance - East,False,2.0,0.1395,1905.0,4.0,Berkeley,4.0,True,1.0,ThreeOrMore,6075.0,False,0.0,Other,94704,0.0,6075.0,1187.819335572975,1.0,120.0,0,669.75,0.44098765432098763,14.973073283469187,13.965562854189443,14.409658155774938,1811486.1718908465
True,False,2025-12-19,933500.0,33.199862,-117.235727,1686.0,92084 - Vista,True,2.0,0.241,1988.0,2.0,Vista,3.0,True,1.0,One,10500.0,False,2.0,Vista Unified,92084,0.0,10500.0,553.6773428232503,1.5,37.0,0,562.0,0.16057142857142856,13.746696241963914,13.773646353865574,13.653798777962125,850686.3540291735
True,False,2025-12-08,1325000.0,33.584971,-117.622518,2100.0,LF - Las Flores,True,2.0,0.1031,1998.0,3.0,Rancho Santa Margarita,4.0,True,2.0,Two,4491.0,False,2.0,Capistrano Unified,92688,171.0,4491.0,630.952380952381,1.3333333333333333,27.0,0,525.0,0.46760187040748163,14.09692301740246,14.041051233878205,14.030905779384769,1240352.0137921525
False,False,2025-12-05,2170000.0,32.90041674,-117.06934491,2824.0,92131 - Scripps Miramar,True,6.0,4.7552,1988.0,3.0,San Diego,4.0,False,2.0,Two,8046.0,False,3.0,Los Angeles Unified,92131,120.0,6559.0,768.4135977337111,1.3333333333333333,37.0,0,706.0,0.430553438024089,14.590237725516642,14.323804784559034,14.409978926310362,1812067.3364853733
False,False,2025-12-10,955000.0,33.270594,-117.299982,2394.0,92057 - Oceanside,True,2.0,0.15,2003.0,3.0,Oceanside,4.0,False,2.0,Two,0.15,False,2.0,Oceanside Unified,92057,139.0,6534.0,398.9139515455305,1.3333333333333333,22.0,0,598.5,0.36639118457300274,13.769466619462868,13.681979165339751,13.808317958479014,992833.2053533965
True,False,2025-12-10,3302000.0,34.009492,-118.451645,2265.0,C13 - Palms - Mar Vista,False,2.0,0.1543,1953.0,4.0,Los Angeles,3.0,True,2.0,MultiSplit,6723.0,False,3.0,Antelope Valley Union,90066,0.0,6723.0,1457.8366445916115,0.75,72.0,0,755.0,0.33690316822846944,15.01003890346221,14.628660530918916,14.737473215254704,2514220.103100206
True,False,2025-12-04,800000.0,34.427969,-118.43209,1446.0,CAN2 - Canyon Country 2,True,6.0,0.2368,1977.0,2.0,Canyon Country,3.0,True,1.0,One,10317.0,False,2.0,More Than 1 District - Call L/O,91387,0.0,10317.0,553.2503457814661,1.5,48.0,0,482.0,0.14015702239022973,13.592367006650065,13.737549016494562,13.614346148858917,817777.970356353
False,False,2025-12-10,625000.0,34.067484,-117.670395,1319.0,686 - Ontario,True,1.0,0.2796,1954.0,2.0,Ontario,3.0,False,1.0,One,12180.0,False,1.0,Ontario-Montclair,91762,0.0,12180.0,473.84382107657314,1.5,71.0,0,439.6666666666667,0.10829228243021347,13.345506928718539,13.530491602931978,13.508590224762672,735709.2101699425
True,False,2025-12-10,575000.0,37.92684508,-122.32597357,1425.0,R2 - Rancho Santa Margarita Central,True,3.0,0.0758,1964.0,2.0,Richmond,4.0,False,2.0,Two,3300.0,False,1.0,Chino Valley Unified,94804,297.0,3300.0,403.50877192982455,2.0,61.0,0,356.25,0.4318181818181818,13.262125319779487,13.337442237753596,13.285850011839944,588804.8078325501
True,False,2025-12-05,1026000.0,32.638475,-116.957684,2248.0,91915 - Chula Vista,True,3.0,0.1217,1995.0,3.0,Chula Vista,4.0,True,2.0,Two,5300.0,False,3.0,Chula Vista Elementary,91915,100.0,5300.0,456.4056939501779,1.3333333333333333,30.0,0,562.0,0.4241509433962264,13.841178304712852,13.72940414664144,13.853811373486543,1039043.7463589098
False,False,2025-12-03,505000.0,38.00249592,-121.85492162,1365.0,195 - West Wilmington,True,2.0,0.1377,1964.0,2.0,Antioch,3.0,True,1.0,One,6000.0,False,2.0,Chico Unified,94509,150.0,6000.0,369.96336996337,1.5,61.0,0,455.0,0.2275,13.132313708257497,13.199324418540456,13.096597987285802,487281.85253265605
False,False,2025-12-02,1060000.0,33.743474,-117.943686,1613.0,610 - Burbank,True,2.0,0.1444,1963.0,2.0,Garden Grove,3.0,True,1.0,One,6290.0,False,2.0,Long Beach Unified,92843,0.0,6290.0,657.1605703657781,1.5,62.0,0,537.6666666666666,0.2564387917329094,13.87377946608825,13.800396920154226,13.75144125365961,937939.9939990736
False,False,2025-12-02,526500.0,33.949847,-118.241154,648.0,C37 - Metropolitan South,True,0.0,0.1073,1923.0,1.0,Los Angeles,2.0,False,1.0,One,4673.0,False,0.0,Los Angeles Unified,90002,0.0,4673.0,812.5,2.0,102.0,0,324.0,0.13866894928311577,13.174006610556168,13.287734158360443,13.009175543209322,446491.45581784815
True,False,2025-12-23,330000.0,34.760306,-117.341794,1498.0,HNDL - Helendale,True,2.0,0.1997,1987.0,2.0,Helendale,3.0,True,1.0,One,8697.0,False,2.0,Other,92342,235.0,8697.0,220.29372496662216,1.5,38.0,0,499.3333333333333,0.17224330228814533,12.706847933442663,12.86099861326992,12.774538252570158,353111.1830849015
True,False,2025-12-12,907000.0,34.263563,-118.898122,2019.0,SMP - South Moorpark,True,4.0,0.0463,1996.0,3.0,Moorpark,4.0,True,2.0,Two,2019.0,False,2.0,Moorpark Unified,93021,220.0,2019.0,449.2322932144626,1.3333333333333333,29.0,0,504.75,1.0,13.717897729097274,13.8878312195439,13.859690265962135,1045170.1634500852
False,True,2025-12-17,1683000.0,34.143675,-118.412318,2140.0,STUD - Studio City,False,2.0,0.1378,1938.0,3.0,Studio City,3.0,True,1.0,One,6002.0,False,2.0,San Bernardino City Unified,91604,240.0,6002.0,786.4485981308411,1.0,87.0,0,713.3333333333334,0.35654781739420194,14.336088473172943,14.603967918328545,14.571688203496594,2130118.571477558
True,False,2025-12-01,1220000.0,37.84393312,-122.20717538,2767.0,670 - Whittier,True,3.0,0.3241,1988.0,3.0,Oakland,3.0,True,2.0,ThreeOrMore,14119.0,False,3.0,Glendale Unified,94611,0.0,14119.0,440.91073364654864,1.0,37.0,0,922.3333333333334,0.19597705219916425,14.01436141670944,14.128493142202753,14.263856983529978,1565721.0074985113
False,False,2025-12-19,420000.0,39.443403,-123.795786,1289.0,FBC - Fort Bragg Central,True,1.0,0.1157,1950.0,1.0,Fort Bragg,2.0,True,1.0,One,5040.0,False,1.0,Perris Union High,95437,0.0,5040.0,325.8339798293251,2.0,75.0,0,644.5,0.25575396825396823,12.948009990259552,13.317924750600472,13.168778127986746,523754.3878745073
True,False,2025-12-29,500000.0,34.005866999999995,-117.037387,1460.0,269 - Yucaipa/Calimesa/Oak Glen,True,2.0,0.1791,1974.0,2.0,Yucaipa,3.0,False,1.0,One,7800.0,False,2.0,Yucaipa/Calimesa Unified,92399,0.0,7800.0,342.4657534246575,1.5,51.0,0,486.6666666666667,0.18717948717948718,13.122363377404328,13.274219822166483,13.22017985780738,551380.1941975927
False,False,2025-12-01,1550000.0,36.96020153,-122.04002596,1299.0,699 - Not Defined,True,1.0,0.143,1967.0,2.0,Santa Cruz,3.0,True,1.0,One,6229.0,False,1.0,Other,95060,0.0,6229.0,1193.225558121632,1.5,58.0,0,433.0,0.20854069674104994,14.253765488895429,14.204168547756057,14.017050574672371,1223285.187929662
False,False,2025-12-16,5300000.0,37.48562775,-122.24849335,3072.0,699 - Not Defined,True,2.0,0.2342,1938.0,5.0,Redwood City,5.0,True,1.0,One,10200.0,False,2.0,Other,94062,0.0,10200.0,1725.2604166666667,1.0,87.0,0,614.4,0.30117647058823527,15.483217378522351,14.793836680757881,15.07637920455085,3528485.1631397353
False,False,2025-12-15,760000.0,33.935084,-117.92888,1320.0,87 - La Habra,True,2.0,0.1512,1955.0,2.0,La Habra,4.0,False,1.0,One,6588.0,False,2.0,Fullerton Joint Union High,90631,0.0,6588.0,575.7575757575758,2.0,70.0,0,330.0,0.20036429872495445,13.541073712262515,13.792724135316895,13.727950336893572,916163.6976307657
False,False,2025-12-01,645000.0,33.62193,-117.086156,2339.0,SRCAR - Southwest Riverside County,True,6.0,0.16,2006.0,3.0,Winchester,4.0,True,1.0,One,6970.0,False,3.0,Temecula Unified,92596,56.0,6970.0,275.7588713125267,1.3333333333333333,19.0,0,584.75,0.33558106169296986,13.37700559577791,13.337474757021274,13.322614448438335,610854.7277566994
True,False,2025-12-23,377000.0,34.238232,-116.956598,1134.0,289 - Big Bear Area,True,4.0,0.3214,1970.0,2.0,Big Bear Lake,2.0,True,2.0,Two,14000.0,False,0.0,Bear Valley Unified,92315,0.0,14000.0,332.45149911816577,1.0,55.0,0,567.0,0.081,12.840000466430148,13.398478813484644,13.16825047818815,523478.10187476815
True,False,2025-12-23,549000.0,34.586584,-118.15873700000002,2564.0,PLM - Palmdale,True,2.0,0.1935,2009.0,3.0,Palmdale,4.0,False,2.0,Two,8431.0,False,2.0,Call Listing Office,93551,125.0,8431.0,214.1185647425897,1.3333333333333333,16.0,0,641.0,0.30411576325465545,13.215853720491667,13.345506928718539,13.370898957849178,641073.2204492354
True,True,2025-12-19,2780000.0,34.136775,-118.371595,3959.0,STUD - Studio City,True,2.0,0.2249,1954.0,5.0,Studio City,4.0,True,2.0,Two,9796.0,False,2.0,Los Angeles Unified,91604,0.0,9796.0,702.1975246274312,0.8,71.0,0,989.75,0.4041445487954267,14.83796148566682,14.603967918328545,15.081602713240335,3546964.4574098676
True,True,2025-12-29,502000.0,33.929241999999995,-116.8938,1676.0,699 - Not Defined,True,1.0,0.49,1948.0,2.0,Banning,3.0,True,1.0,One,21344.0,False,1.0,Banning Unified,92220,0.0,21344.0,299.5226730310263,1.5,77.0,0,558.6666666666666,0.0785232383808096,13.126355398673866,12.994530005894443,13.016809740988268,449913.1040497706
False,False,2025-12-29,533000.0,38.11797525,-122.23174087,1574.0,288 - Running Springs,True,1.0,0.14,1952.0,2.0,Vallejo,3.0,True,1.0,One,6098.0,False,1.0,Los Angeles Unified,94590,0.0,6098.0,338.6277001270648,1.5,73.0,0,524.6666666666666,0.2581174155460807,13.186276703147982,12.948009990259552,12.959282602376517,424761.282717133
True,False,2025-12-05,599000.0,33.687944,-117.37056,2141.0,SRCAR - Southwest Riverside County,True,2.0,0.1148,2025.0,3.0,Lake Elsinore,4.0,False,2.0,Two,5000.0,True,2.0,Lake Elsinore Unified,92530,0.0,5000.0,279.7758056982718,1.3333333333333333,0.0,0,535.25,0.4282,13.303016877097587,13.270783382522602,13.347925051627078,626513.1555785963
True,True,2025-12-10,1275000.0,33.734233,-116.414614,3494.0,321 - Rancho Mirage,True,2.0,0.34,1963.0,4.0,Rancho Mirage,3.0,True,1.0,One,14810.0,False,0.0,Orange Unified,92270,0.0,14810.0,364.91127647395535,0.75,62.0,0,1164.6666666666667,0.23592167454422688,14.058456736574664,13.9108207377686,14.412044959102642,1815814.9970861482
True,False,2025-12-02,700000.0,33.892218,-118.241087,1837.0,"RP - Compton S of Rosecrans, E of Central,W of Ala",False,2.0,0.1412,1947.0,1.0,Compton,4.0,False,1.0,One,6149.0,False,2.0,Compton Unified,90220,0.0,6149.0,381.05606967882414,4.0,78.0,0,459.25,0.29874776386404295,13.458835614025542,13.386264921190707,13.364771990890437,637157.3943279517
True,False,2025-12-17,260000.0,39.321463,-123.111437,1683.0,699 - Not Defined,True,3.0,0.27,1940.0,2.0,Potter Valley,3.0,True,2.0,Two,0.27,False,1.0,Potter Valley Community Unified,95469,0.0,11761.2,154.486036838978,1.5,85.0,0,561.0,0.14309764309764308,12.468436909997665,13.698976741708323,13.765546972290712,951264.0635101699
False,False,2025-12-30,1340000.0,34.041351,-117.70518,3030.0,681 - Chino,True,3.0,0.185,2025.0,3.0,Chino,4.0,False,1.0,One,8060.0,True,3.0,Chino Valley Unified,91710,357.0,8060.0,442.24422442244224,1.3333333333333333,0.0,0,757.5,0.3759305210918114,14.108180171927094,13.567049198665774,13.779643045905031,964768.1051557434
True,False,2025-12-29,560000.0,37.329032,-119.625877,1700.0,YG10 - Oakhurst,True,2.0,1.01,1988.0,2.0,Oakhurst,3.0,False,1.0,One,1.01,False,2.0,Menifee Union,93644,0.0,43995.6,329.4117647058824,1.5,37.0,0,566.6666666666666,0.03864022765912955,13.235692062711331,13.17115354157376,13.151389119466323,514725.5471639696
True,False,2025-12-02,330000.0,39.456416,-123.38463,1345.0,OH - Orchard Hills,True,4.0,0.2492,1993.0,2.0,Willits,3.0,False,1.0,One,0.2492,False,2.0,Willits Unified,95490,0.0,10855.15,245.35315985130111,1.5,32.0,0,448.3333333333333,0.12390432191171932,12.706847933442663,13.09481839424535,12.996556847536413,440892.71471253067
False,False,2025-12-02,840000.0,33.18930024,-117.26243183,1557.0,92081 - Vista,True,4.0,0.142,1989.0,2.0,Vista,3.0,True,1.0,One,6186.0,False,2.0,Orange Unified,92081,0.0,6186.0,539.4990366088632,1.5,36.0,0,519.0,0.2516973811833172,13.641157170819497,13.835313185260453,13.724422919541134,912937.698972894
True,False,2025-12-02,1325000.0,34.263264,-117.203459,3442.0,287A - Arrowhead Woods,True,2.0,0.2399,1989.0,4.0,Lake Arrowhead,5.0,True,2.0,ThreeOrMore,10450.0,False,2.0,Rim of the World,92352,0.0,10450.0,384.950610110401,1.25,36.0,0,688.4,0.329377990430622,14.09692301740246,13.412043452518782,13.734579983333804,922257.7173048983
False,False,2025-12-24,980000.0,33.727694,-117.858934,1215.0,69 - Santa Ana South of First,True,4.0,0.1377,1970.0,2.0,Santa Ana,3.0,False,1.0,One,6000.0,False,2.0,Santa Ana Unified,92707,0.0,6000.0,806.5843621399177,1.5,55.0,0,405.0,0.2025,13.795307850646754,13.695600261291716,13.577306929266413,788042.2067462965
False,False,2025-12-10,856000.0,33.929238,-118.329074,2502.0,699 - Not Defined,False,2.0,0.1797,1947.0,2.0,Inglewood,4.0,True,1.0,One,7828.0,False,2.0,Inglewood Unified,90303,0.0,7828.0,342.1262989608313,2.0,78.0,0,625.5,0.31962187020950433,13.66002565512388,13.610329518603837,13.766339890911047,952018.6376173771
True,True,2025-12-15,1025000.0,34.13413,-117.548461,2722.0,688 - Rancho Cucamonga,True,5.0,0.1814,1999.0,3.0,Rancho Cucamonga,5.0,True,2.0,Two,7900.0,False,3.0,Chaffey Joint Union High,91701,0.0,7900.0,376.5613519470977,1.6666666666666667,26.0,0,544.4,0.34455696202531644,13.840203170554645,13.654166717138976,13.850967044438292,1036092.5631065031
False,False,2025-12-04,600000.0,34.06577,-118.185435,1218.0,621 - El Sereno,False,1.0,0.1102,1947.0,1.0,Los Angeles,3.0,True,1.0,One,4800.0,False,1.0,Los Angeles Unified,90032,0.0,4800.0,492.6108374384236,3.0,78.0,0,406.0,0.25375,13.304684934198283,13.6623593784701,13.562760132803342,776661.6928545581
False,False,2025-12-26,866000.0,34.160839,-118.588585,1357.0,WHLL - Woodland Hills,True,2.0,0.179,1947.0,2.0,Woodland Hills,3.0,True,1.0,One,7799.0,False,2.0,Los Angeles Unified,91364,0.0,7799.0,638.1724392041267,1.5,78.0,0,452.3333333333333,0.17399666623926144,13.671640187544572,14.15910026235435,13.943443189073228,1136476.4369607572
True,False,2025-12-08,390000.0,37.331576,-120.460829,1338.0,NHO - North Hollywood,True,2.0,0.1264,1994.0,2.0,Merced,3.0,False,1.0,One,5506.0,False,2.0,Merced City,95340,0.0,5506.0,291.47982062780267,1.5,31.0,0,446.0,0.24300762804213585,12.873902018105829,12.934827526010142,12.84847710299747,380209.2746970963
True,True,2025-12-24,1600000.0,33.634444,-116.247524,3222.0,313 - La Quinta South of HWY 111,True,3.0,0.28,2001.0,4.0,La Quinta,4.0,True,1.0,One,12197.0,False,3.0,Capistrano Unified,92253,572.0,12197.0,496.5859714463066,1.0,24.0,0,805.5,0.26416331884889727,14.28551418721001,13.545013310266594,14.001721088556478,1204675.8548031256
False,False,2025-12-08,1035000.0,32.92283007,-117.14008831,1320.0,92126 - Mira Mesa,True,4.0,0.1286,1971.0,2.0,San Diego,4.0,True,1.0,One,5600.0,False,2.0,Beaumont,92126,190.0,5600.0,784.0909090909091,2.0,54.0,0,330.0,0.2357142857142857,13.849911984681606,13.885500212990994,13.776489530851945,961730.4865187856
True,False,2025-12-01,1712500.0,33.08584657,-117.2554105,2232.0,92009 - Carlsbad,True,5.0,0.3865,1979.0,3.0,Carlsbad,3.0,True,1.0,One,16834.0,False,2.0,Los Angeles Unified,92009,40.0,16834.0,767.2491039426524,1.0,46.0,0,744.0,0.13258880836402517,14.353464849118517,14.457364444136669,14.282876021756898,1595784.4983154393
True,True,2025-12-05,1892000.0,34.188337,-118.231782,2971.0,627 - Rossmoyne & Verdu Woodlands,True,2.0,0.1742,1938.0,3.0,Glendale,4.0,True,1.0,One,7590.0,False,2.0,Glendale Unified,91208,0.0,7590.0,636.8226186469202,1.3333333333333333,87.0,0,742.75,0.3914361001317523,14.45314502859396,14.246322223230198,14.573637302288986,2134274.4317883635
False,True,2025-12-10,3370000.0,34.223178999999995,-118.21472,3331.0,634 - La Canada Flintridge,True,4.0,0.3258,1978.0,3.0,La Canada Flintridge,4.0,True,2.0,Two,14192.0,False,2.0,Lake Elsinore Unified,91011,0.0,14192.0,1011.708195737016,1.3333333333333333,47.0,0,832.75,0.23470969560315671,15.030423302328545,14.635290389457586,14.7511498144743,2548842.3010931816
False,False,2025-12-09,1100000.0,33.21131135,-117.34003912,1672.0,92054 - Oceanside,True,5.0,0.3419,1980.0,2.0,Oceanside,4.0,True,1.0,One,14891.0,False,2.0,Capistrano Unified,92054,0.0,14891.0,657.8947368421053,2.0,45.0,0,418.0,0.1122825867973944,13.9108207377686,14.09692301740246,14.018710252075383,1225317.1324332757
True,False,2025-12-30,785000.0,35.550578,-121.074815,1210.0,CAMB - Cambria,True,1.0,0.0836,1985.0,3.0,Cambria,3.0,True,2.0,"Two,MultiSplit",3640.0,False,1.0,Coast Unified,93428,0.0,3640.0,648.7603305785124,1.0,40.0,0,403.3333333333333,0.3324175824175824,13.573438996764546,13.716772655681458,13.50071926907911,729941.2052146277
True,False,2025-12-18,2583750.0,34.022622,-118.501096,1500.0,C14 - Santa Monica,True,2.0,0.1719,1908.0,4.0,Santa Monica,3.0,False,1.0,One,7486.0,False,2.0,Newport Mesa Unified,90403,800.0,7486.0,1722.5,0.75,117.0,0,500.0,0.2003740315255143,14.764752389978115,15.095054549137284,14.788403595982114,2645587.182978429
True,True,2025-12-11,1453500.0,34.149173,-118.617574,2990.0,WHLL - Woodland Hills,True,3.0,0.4495,1965.0,3.0,Woodland Hills,4.0,True,1.0,ThreeOrMore,19581.0,False,3.0,Coachella Valley Unified,91364,50.0,19581.0,486.1204013377927,1.3333333333333333,60.0,0,747.5,0.15269904499259487,14.189484998981067,14.15910026235435,14.333806659193256,1679164.0851586044
False,False,2025-12-03,610000.0,32.69859515,-117.08411802,945.0,92114 - Encanto,True,4.0,0.1515,1952.0,1.0,San Diego,3.0,False,1.0,One,6600.0,False,1.0,Stanton Unified,92114,0.0,6600.0,645.5026455026455,3.0,73.0,0,315.0,0.1431818181818182,13.321214236149494,13.547631112808673,13.42119235447291,674139.508562053
True,False,2025-12-12,1550000.0,32.736448,-117.233033,1126.0,92107 - Ocean Beach,True,5.0,0.1446,1949.0,2.0,San Diego,3.0,True,1.0,One,6300.0,False,2.0,San Diego Unified,92107,0.0,6300.0,1376.5541740674955,1.5,76.0,0,375.3333333333333,0.17873015873015874,14.253765488895429,14.403297222866392,14.157649241739712,1407955.5445655596
False,False,2025-12-03,1549900.0,37.0040579,-121.577261,3366.0,699 - Not Defined,True,3.0,0.1875,2025.0,5.0,Gilroy,5.0,False,1.0,Two,8169.0,False,3.0,Gilroy Unified,95020,237.0,8169.0,460.4575163398693,1.0,0.0,0,673.2,0.4120455380095483,14.253700970685141,13.965653216393994,14.451468848574171,1888831.32378033
True,False,2025-12-05,855000.0,32.80693961,-117.15711967,1053.0,92111 - Linda Vista,True,6.0,0.1407,1959.0,2.0,San Diego,3.0,False,1.0,One,6907.0,False,2.0,Other,92111,116.0,8103.0,811.965811965812,1.5,66.0,0,351.0,0.12995186967789707,13.658856747918897,13.818004328719795,13.636681319250663,836248.6861068477
True,False,2025-12-08,596444.0,34.245896,-116.870928,1748.0,FOXF - Fox Farm,True,2.0,0.188,1992.0,2.0,Big Bear,3.0,True,1.0,One,8190.0,False,2.0,Bear Valley Unified,92315,0.0,8190.0,341.2151029748284,1.5,33.0,0,582.6666666666666,0.21343101343101342,13.298740635140675,13.398478813484644,13.354997227285358,630959.6714046261
True,False,2025-12-16,375000.0,37.278556,-120.495717,1516.0,BKSF - Bakersfield,True,2.0,0.1263,2023.0,2.0,Merced,4.0,False,1.0,One,5500.0,False,2.0,Merced City,95341,0.0,5500.0,247.36147757255932,2.0,2.0,0,379.0,0.2756363636363636,12.834681304952548,12.857087250429316,12.89943607261803,400086.50796435087
False,False,2025-12-23,440000.0,34.673356,-118.093209,1440.0,LAC - Lancaster,True,2.0,0.15,1992.0,2.0,Lancaster,3.0,True,1.0,One,6534.0,False,2.0,Antelope Valley Union,93535,0.0,6534.0,305.55555555555554,1.5,33.0,0,480.0,0.22038567493112948,12.994530005894443,12.994530005894443,12.935669277372442,414848.7510046927
False,False,2025-12-12,1034000.0,34.218874,-118.835462,1631.0,TOE - Thousand Oaks East,True,2.0,0.123,1994.0,2.0,Thousand Oaks,3.0,True,1.0,One,5357.0,False,2.0,Conejo Valley Unified,91362,0.0,5357.0,633.9668914776211,1.5,31.0,0,543.6666666666666,0.3044614523053948,13.848945334050512,14.119312012295937,13.935692069035298,1127701.523315013
True,False,2025-12-12,745000.0,35.023628,-120.481298,1375.0,NPMO - Nipomo,True,2.0,0.9,1986.0,2.0,Nipomo,3.0,True,1.0,One,39204.0,False,2.0,Lucia Mar Unified,93444,0.0,39204.0,541.8181818181819,1.5,39.0,0,458.3333333333333,0.035072951739618406,13.521139497361697,13.855084652589102,13.670634414451104,865129.4383681763
False,False,2025-12-12,980000.0,32.63481969,-117.03711653,2314.0,91910 - Chula Vista,True,4.0,0.1951,1970.0,3.0,Chula Vista,4.0,True,2.0,Two,8500.0,False,2.0,Perris Union High,91910,0.0,8500.0,423.5090751944685,1.3333333333333333,55.0,0,578.5,0.2722352941176471,13.795307850646754,13.710150042306449,13.865006619184344,1050741.4535673247
True,False,2025-12-04,630000.0,33.723915000000005,-117.420901,1639.0,248 - Corona,True,4.0,0.17,1996.0,2.0,Corona,3.0,True,1.0,One,7405.0,False,2.0,Lake Elsinore Unified,92883,110.0,7405.0,384.38071995118975,1.5,29.0,0,546.3333333333334,0.2213369345037137,13.353475098367715,13.547957803444275,13.467505947804066,706095.6209929455
False,False,2025-12-04,1150000.0,32.76628258,-117.13382498,1337.0,92116 - Normal Heights,False,5.0,0.1725,1915.0,1.0,San Diego,3.0,True,2.0,Two,7513.0,False,3.0,Capistrano Unified,92116,0.0,7513.0,860.1346297681376,3.0,110.0,0,445.6666666666667,0.1779582057766538,13.955272500339433,14.115615150414612,13.84388621517102,1028782.0812434958
False,False,2025-12-03,445000.0,33.918067,-117.157668,690.0,259 - Moreno Valley,True,2.0,0.2,1965.0,1.0,Moreno Valley,2.0,True,1.0,One,8712.0,False,2.0,Moreno Valley Unified,92555,0.0,8712.0,644.927536231884,2.0,60.0,0,345.0,0.07920110192837465,13.005829561148378,13.304684934198283,12.902774026612335,401424.2096730097
False,False,2025-12-18,1000000.0,36.81382041,-121.37074727,3514.0,699 - Not Defined,False,2.0,0.5283,1979.0,3.0,Hollister,4.0,True,1.0,One,23013.0,False,2.0,Other,95023,324.0,23013.0,284.57598178713715,1.3333333333333333,46.0,0,878.5,0.15269630209012297,13.815510557964274,13.527828485512494,14.015548205725068,1221448.7421046328
True,True,2025-12-08,1400000.0,34.109407,-118.029656,1681.0,605 - Arcadia,True,2.0,0.3,1951.0,2.0,Arcadia,4.0,True,1.0,One,13067.0,False,2.0,Arcadia Unified,91006,0.0,13067.0,832.8375966686497,2.0,74.0,0,420.25,0.12864467743169816,14.151982794585487,14.32771348302841,14.241345333725095,1530867.8177660038
True,False,2025-12-05,365000.0,39.509979,-121.487724,1352.0,670 - Whittier,True,4.0,0.82,1958.0,2.0,Oroville,3.0,False,2.0,MultiSplit,0.82,False,4.0,Oroville Union,95966,0.0,35719.2,269.9704142011834,1.5,67.0,0,450.6666666666667,0.037850791731057806,12.80765263256463,12.821258284620408,12.727623705571965,336927.7199844708
True,False,2025-12-16,1845000.0,37.79800817,-121.90168089,2509.0,92024 - Encinitas,True,3.0,0.3099,1987.0,2.0,Danville,3.0,True,1.0,One,13500.0,False,3.0,San Ramon Valley,94506,72.0,13500.0,735.352730171383,1.5,38.0,0,836.3333333333334,0.18585185185185185,14.427989835456765,14.68050799545088,14.507283194226114,1997252.799910438
True,False,2025-12-02,1000000.0,37.9470594,-122.04070078,1874.0,LCSV - Scotts Valley,True,2.0,0.27,1956.0,3.0,Concord,5.0,True,1.0,One,11760.0,False,2.0,Norwalk - La Mirada,94518,0.0,11760.0,533.6179295624333,1.6666666666666667,69.0,0,374.8,0.15935374149659864,13.815510557964274,13.753635154246187,13.821818379329038,1006327.7575659036
False,False,2025-12-04,1090000.0,33.800065000000004,-118.131921,1314.0,"32 - Stratford Square, University",True,2.0,0.1402,1955.0,2.0,Long Beach,3.0,False,1.0,One,6107.0,False,2.0,Long Beach Unified,90815,0.0,6107.0,829.5281582952816,1.5,70.0,0,438.0,0.2151629277877845,13.901688254205327,13.937728190688523,13.814255036063424,998745.2659370208
False,False,2025-12-03,535000.0,38.01603806,-121.90206069,1420.0,C13 - Palms - Mar Vista,True,2.0,0.1768,1977.0,2.0,Pittsburg,3.0,True,1.0,One,7700.0,False,2.0,Westminster Unified,94565-4728,0.0,7700.0,376.76056338028167,1.5,48.0,0,473.3333333333333,0.18441558441558442,13.190022025878143,13.698976741708323,13.580822453570317,790817.4636599174
True,False,2025-12-03,625000.0,34.128474,-117.534299,1280.0,688 - Rancho Cucamonga,True,4.0,0.0846,1986.0,3.0,Rancho Cucamonga,3.0,False,2.0,Two,3686.0,False,2.0,Etiwanda,91739,0.0,3686.0,488.28125,1.0,39.0,0,426.6666666666667,0.34725990233315246,13.345506928718539,13.862273807960708,13.55078312924924,767415.096789887
False,False,2025-12-12,754000.0,33.842535,-118.193795,889.0,"6 - Bixby, Bixby Knolls, Los Cerritos",False,8.0,0.1431,1935.0,1.0,Long Beach,2.0,False,1.0,One,6232.0,False,2.0,Long Beach Unified,90805,0.0,6232.0,848.1439820022497,2.0,90.0,0,444.5,0.14265083440308088,13.533147646990093,13.526494262499357,13.352970778644304,629682.358677375
False,False,2025-12-10,656000.0,33.855343,-118.192721,794.0,7 - North Long Beach,False,2.0,0.1416,1944.0,1.0,Long Beach,2.0,False,1.0,One,6166.0,False,2.0,Long Beach Unified,90805,0.0,6166.0,826.1964735516373,2.0,81.0,0,397.0,0.12877067791112554,13.393916067926225,13.526494262499357,13.324074162777674,611747.05227306
True,True,2025-12-08,360000.0,36.129492,-120.330584,1689.0,RF - Bellflower South of 91 Frwy,True,2.0,0.1846,1998.0,2.0,Coalinga,3.0,False,1.0,One,8040.0,False,2.0,Coalinga-Huron Joint Unified,93210,0.0,8040.0,213.1438721136767,1.5,27.0,0,563.0,0.21007462686567163,12.793859310432293,12.509874099861838,12.634032156728566,306824.79297384585
True,False,2025-12-30,1775000.0,34.189190999999994,-118.121602,3135.0,604 - Altadena,True,0.0,0.2009,1932.0,3.0,Altadena,4.0,True,2.0,Two,8750.0,False,0.0,Los Angeles Unified,91001,73.0,8750.0,566.1881977671451,1.3333333333333333,93.0,0,783.75,0.35828571428571426,14.389310980891652,13.926582083454587,14.3603125723995,1724266.9686104516
True,False,2025-12-15,1285000.0,37.91191909,-122.02721999,1964.0,92027 - Escondido,True,2.0,0.1543,1964.0,2.0,Walnut Creek,4.0,True,1.0,One,6720.0,False,2.0,Colton Unified,94598,0.0,6720.0,654.2769857433808,2.0,61.0,0,491.0,0.2922619047619048,14.066269276311457,14.240778293368619,14.222904207371084,1502895.6031956803
False,False,2025-12-09,1517288.0,34.231555,-118.237799,2278.0,635 - La Crescenta/Glendale Montrose & Annex,False,2.0,0.177,1955.0,2.0,La Crescenta,3.0,True,2.0,Two,7710.0,False,2.0,Other,91214,200.0,7710.0,666.0614574187885,1.5,70.0,0,759.3333333333334,0.2954604409857328,14.232435088696716,14.115615150414612,14.223519513362096,1503820.628421789
True,False,2025-12-03,650000.0,34.055569,-117.182538,1905.0,268 - Redlands,True,2.0,0.241,1987.0,3.0,Redlands,3.0,True,2.0,Two,10500.0,False,2.0,Redlands Unified,92374,0.0,10500.0,341.20734908136484,1.0,38.0,0,635.0,0.18142857142857144,13.38472764187182,13.299666780812677,13.331717572720953,616440.8010468176
True,False,2025-12-22,500000.0,37.33184641,-120.43753828,2621.0,SRCAR - Southwest Riverside County,True,2.0,0.1228,2021.0,3.0,Merced,6.0,False,2.0,Two,5349.0,False,2.0,Brea-Olinda Unified,95340,105.0,5349.0,190.76688286913392,2.0,4.0,0,436.8333333333333,0.4899981304916807,13.122363377404328,12.934827526010142,13.166621471899639,522626.04694475734
True,False,2025-12-02,690000.0,32.689544,-117.083207,1053.0,91950 - National City,False,2.0,0.1538,1960.0,2.0,National City,3.0,False,1.0,One,6700.0,False,2.0,Sweetwater Union,91950,0.0,6700.0,655.2706552706553,1.5,65.0,0,351.0,0.1571641791044776,13.444446876573442,13.507625778194974,13.438727401207393,686064.8262893838
False,False,2025-12-31,835000.0,33.942518,-118.298547,1762.0,C36 - Metropolitan Southwest,False,2.0,0.1369999999999999,1932.0,3.0,Los Angeles,5.0,True,1.0,One,5968.0,False,2.0,Los Angeles Unified,90044,0.0,5968.0,473.8933030646992,1.6666666666666667,93.0,0,352.4,0.2952412868632708,13.635187003832993,13.38472764187182,13.505632260418418,733536.2239507865
True,False,2025-12-04,419900.0,35.617616,-117.691679,1916.0,RCR - Ridgecrest,True,2.0,0.18,2022.0,2.0,Ridgecrest,4.0,False,1.0,One,7841.0,False,2.0,Sierra Sands Unified,93555,0.0,7841.0,219.1544885177453,2.0,3.0,0,479.0,0.24435658717000383,12.947771866672285,12.449018824140563,12.835849170148936,375438.2052811881
False,False,2025-12-29,910000.0,34.092276,-118.234297,1182.0,C21 - Silver Lake - Echo Park,True,3.0,0.1056,1929.0,2.0,Los Angeles,3.0,False,1.0,One,4598.0,False,2.0,Other,90031,200.0,4598.0,769.8815566835872,1.5,96.0,0,394.0,0.2570682905611135,13.721199878493033,13.785052381406869,13.697024244720385,888263.9730259678
True,False,2025-12-17,1950000.0,33.776194,-118.403493,1950.0,173 - Los Verdes,True,4.0,0.2071,1962.0,3.0,Rancho Palos Verdes,5.0,False,1.0,One,9021.0,False,2.0,Palos Verdes Peninsula Unified,90275,0.0,9021.0,1000.0,1.6666666666666667,63.0,0,390.0,0.21616228799467907,14.48333993053993,14.438232971730155,14.376480039668703,1752370.5682454894
True,False,2025-12-05,279500.0,39.781265000000005,-121.95578,1234.0,C14 - Santa Monica,True,0.0,0.42,1949.0,1.0,Chico,3.0,True,1.0,One,18295.0,False,0.0,Chico Unified,95973,0.0,18295.0,226.49918962722853,3.0,76.0,0,411.3333333333333,0.06745012298442198,12.540757571577291,13.151922179645874,13.021805453503207,452166.3642080502
True,False,2025-12-31,1310000.0,34.194773,-118.902994,2385.0,TOW - Thousand Oaks West,True,2.0,0.49,1989.0,4.0,Thousand Oaks,3.0,True,2.0,Two,21344.0,False,2.0,Conejo Valley Unified,91360,130.0,21344.0,549.266247379455,0.75,36.0,0,795.0,0.11174100449775112,14.085537695177335,13.909911233385758,14.123648214829403,1360888.3116624993
False,False,2025-12-01,348000.0,33.662436,-116.306518,1207.0,313 - La Quinta South of HWY 111,True,4.0,0.11,1979.0,2.0,La Quinta,3.0,True,1.0,One,4792.0,False,2.0,Desert Sands Unified,92253,0.0,4792.0,288.31814415907206,1.5,46.0,0,402.3333333333333,0.2518781302170284,12.759957758756611,13.545013310266594,13.280212847046412,585494.9559547448
True,False,2025-12-04,559999.0,34.618072,-118.419087,1993.0,LEL - Lake Elizabeth,False,2.0,1.01,1975.0,3.0,Green Valley,3.0,True,1.0,One,43995.0,False,2.0,Lancaster,91390,0.0,43995.0,280.98294029101856,1.0,50.0,0,664.3333333333334,0.04530060234117513,13.235690276995452,13.751477381367541,13.812777942259261,997271.1144907788
False,False,2025-12-16,756000.0,33.828975,-118.218068,1152.0,140 - East Carson,True,2.0,0.1285,1942.0,1.0,Carson,2.0,True,1.0,One,5597.0,False,2.0,Los Angeles Unified,90810,0.0,5597.0,656.25,2.0,83.0,0,576.0,0.20582454886546364,13.53579665516167,13.499429010990795,13.415635033325131,670403.4895584828
True,False,2025-12-30,548000.0,34.05336,-117.169324,1148.0,268 - Redlands,False,4.0,0.1444,1954.0,1.0,Redlands,3.0,True,1.0,One,6290.0,False,2.0,Redlands Unified,92374,0.0,6290.0,477.3519163763066,3.0,71.0,0,382.6666666666667,0.18251192368839428,13.214030565930152,13.299666780812677,13.177082147553584,528121.7628466132
True,False,2025-12-12,785000.0,37.97028495,-122.02369489,1328.0,SRCAR - Southwest Riverside County,True,4.0,0.1436,1950.0,2.0,Concord,3.0,True,1.0,One,6254.0,False,1.0,Perris Union High,94518,350.0,6254.0,591.1144578313254,1.5,75.0,0,442.6666666666667,0.21234409977614327,13.573438996764546,13.753635154246187,13.696317293261426,887636.2354304453
False,False,2025-12-05,1450001.0,37.91684256,-122.28010396,2328.0,287A - Arrowhead Woods,True,2.0,0.1405,1954.0,3.0,Kensington,4.0,True,1.0,MultiSplit,6120.0,False,2.0,Los Angeles Unified,94707,0.0,6120.0,622.8526632302405,1.3333333333333333,71.0,0,582.0,0.3803921568627451,14.187074804051692,14.331212327451603,14.503242040964786,1989197.8817857234
False,False,2025-12-09,2030000.0,37.77069294,-121.98325418,2682.0,699 - Not Defined,True,3.0,0.2296,1970.0,3.0,San Ramon,4.0,True,2.0,Two,10000.0,False,3.0,Menifee Union,94583,0.0,10000.0,756.8978374347502,1.3333333333333333,55.0,0,670.5,0.2682,14.52354635101797,14.23026571297953,14.382296739001465,1762593.283367748
True,False,2025-12-12,849000.0,35.467492,-120.666396,2048.0,ATSC - Atascadero,True,2.0,0.58,1984.0,2.0,Atascadero,3.0,True,1.0,"One,MultiSplit",25265.0,False,2.0,Atascadero Unified,93422,0.0,25265.0,414.55078125,1.5,41.0,0,682.6666666666666,0.08106075598654265,13.651814465293484,13.64826835113874,13.74149938076441,928661.3139501656
False,False,2025-12-23,950000.0,37.86226015,-122.2915686,1458.0,9 - Poly High,False,0.0,0.0505,1906.0,2.0,Berkeley,3.0,True,1.0,One,2200.0,False,0.0,Other,94710,0.0,2200.0,651.5775034293553,1.5,119.0,0,486.0,0.6627272727272727,13.764217263576723,14.037853468594996,13.8734507253776,1059651.5921177762
False,False,2025-12-24,815000.0,34.221226,-118.582634,1392.0,WIN - Winnetka,True,2.0,0.1819,1955.0,2.0,Winnetka,3.0,True,1.0,One,7924.0,False,2.0,Los Angeles Unified,91306,0.0,7924.0,585.4885057471264,1.5,70.0,0,464.0,0.17566885411408378,13.610943392223,13.65680576350189,13.632642563170839,832878.0927254771
True,False,2025-12-09,1112101.0,34.242745,-118.260185,1557.0,635 - La Crescenta/Glendale Montrose & Annex,True,2.0,0.1392,1948.0,2.0,Glendale,3.0,False,1.0,One,6065.0,False,2.0,Murrieta,91214,112.0,6065.0,714.2588310854206,1.5,77.0,0,519.0,0.25671887881286065,13.921761577006242,14.115615150414612,14.081375530525591,1304558.8955474896
False,False,2025-12-10,910000.0,33.725459,-118.308518,1375.0,183 - Vista Del Oro,True,1.0,0.1089,1948.0,2.0,San Pedro,2.0,False,1.0,One,4744.0,False,1.0,Los Angeles Unified,90732,0.0,4744.0,661.8181818181819,1.0,77.0,0,687.5,0.2898397976391231,13.721199878493033,13.946538820370678,13.857040765042486,1042404.64937467
False,False,2025-12-31,648000.0,37.71021918,-122.14319652,830.0,OSOS - Los Osos,True,1.0,0.1703,1942.0,1.0,San Leandro,2.0,False,1.0,One,7420.0,False,1.0,San Leandro,94578,99.0,7420.0,780.722891566265,2.0,83.0,0,415.0,0.11185983827493262,13.381645975334411,13.652991628466498,13.426506690654271,677731.6490105176
True,True,2025-12-01,875000.0,33.508875,-117.095555,2590.0,SRCAR - Southwest Riverside County,True,6.0,0.19,1997.0,3.0,Temecula,4.0,True,2.0,Two,8276.0,False,3.0,Temecula Unified,92592,120.0,8276.0,337.8378378378378,1.3333333333333333,28.0,0,647.5,0.31295311744804255,13.681979165339751,13.580420735596498,13.668776910719611,863523.9487712625
False,False,2025-12-15,7150000.0,32.69267622,-117.19090901,3951.0,92118 - Coronado,True,4.0,0.1316,2016.0,6.0,Coronado,5.0,True,2.0,Two,6098.0,False,2.0,Huntington Beach Union High,92118,0.0,6560.0,1809.6684383700328,0.8333333333333334,9.0,0,790.2,0.6022865853658537,15.78262291467019,14.925872877186109,15.40446795437188,4898638.926393825
False,True,2025-12-02,1262500.0,32.85831742,-117.01175649,2599.0,92071 - Santee,True,4.0,0.1736,2018.0,4.0,Santee,4.0,False,2.0,Two,7562.0,False,2.0,Moorpark Unified,92071,230.0,7562.0,485.7637552904963,1.0,7.0,0,649.75,0.34369214493520234,14.048604440131651,13.652403046879991,13.921315221107914,1111604.7179265695
True,False,2025-12-17,1319000.0,34.010536,-117.79376299999998,2522.0,616 - Diamond Bar,True,3.0,0.6773,1989.0,3.0,Diamond Bar,4.0,True,2.0,Two,29503.0,False,3.0,Pomona Unified,91765,0.0,29503.0,522.9976209357652,1.3333333333333333,36.0,0,630.5,0.08548283225434701,14.092384431699452,13.957010120237973,14.13122328823949,1371236.2843707192
False,True,2025-12-05,1635000.0,37.70961838,-121.89742334,2818.0,699 - Not Defined,True,2.0,0.0627,2019.0,4.0,Dublin,5.0,False,1.0,Two,2730.0,False,2.0,Other,94568,150.0,2730.0,580.1987224982257,1.25,6.0,0,563.6,1.0322344322344323,14.30715336231349,14.288629462085328,14.478308737033071,1940213.81140894
True,False,2025-12-05,600000.0,38.00215153,-122.03640064,1134.0,86 - Brea,True,2.0,0.14,1960.0,2.0,Concord,3.0,True,1.0,One,6100.0,False,2.0,Orange Unified,94520,0.0,6100.0,529.1005291005291,1.5,65.0,0,378.0,0.1859016393442623,13.304684934198283,13.38472764187182,13.302993530740881,598986.0156955756
True,True,2025-12-04,895000.0,33.02519448,-116.85377438,1872.0,92065 - Ramona,True,8.0,1.13,1975.0,2.0,Ramona,4.0,True,1.0,One,49222.0,False,2.0,Chaffey Joint Union High,92065,164.0,49222.0,478.0982905982906,2.0,50.0,0,468.0,0.03803177440981675,13.704578997256993,13.623138665316818,13.661332930744415,857119.75968898
True,False,2025-12-02,650000.0,33.754629,-116.717427,1462.0,222 - Idyllwild,True,2.0,0.31,1978.0,3.0,Idyllwild,3.0,True,1.0,MultiSplit,13504.0,False,2.0,San Bernardino City Unified,92549,0.0,13504.0,444.5964432284542,1.0,47.0,0,487.3333333333333,0.10826421800947868,13.38472764187182,13.132313708257497,13.116566802203382,497110.0962634869
False,False,2025-12-04,5485000.0,37.565544,-122.33390753,3545.0,699 - Not Defined,True,2.0,0.4165,1951.0,4.0,Hillsborough,4.0,True,1.0,Two,18143.0,False,2.0,Other,94010,0.0,18143.0,1547.249647390691,1.0,74.0,0,886.25,0.19539216226643885,15.517527651691468,15.145220570031345,15.419501714039264,4972840.251616561
False,False,2025-12-03,1850000.0,34.077313000000004,-118.5596,1908.0,C15 - Pacific Palisades,True,2.0,0.2287,1976.0,2.0,Pacific Palisades,4.0,True,1.0,One,9964.0,False,3.0,Palmdale,90272,280.0,9964.0,969.601677148847,2.0,49.0,0,477.0,0.19148936170212766,14.430696197054507,14.966082585563095,14.789104549147789,2647442.26577653
False,False,2025-12-05,460000.0,33.749272999999995,-116.93349,1611.0,SRCAR - Southwest Riverside County,False,2.0,0.17,1975.0,2.0,Hemet,3.0,True,1.0,One,7405.0,False,2.0,Hemet Unified,92544,0.0,7405.0,285.5369335816264,1.5,50.0,0,537.0,0.21755570560432141,13.038981768465277,13.081541382884074,13.056037267940782,467912.81646488915
True,False,2025-12-03,671000.0,33.747038,-118.295723,869.0,187 - Holy Trinity,True,3.0,0.1103,1922.0,1.0,San Pedro,2.0,False,2.0,Two,4803.0,False,0.0,Los Angeles Unified,90731,0.0,4803.0,772.1518987341772,2.0,103.0,0,434.5,0.180928586300229,13.41652441595382,13.693342923990066,13.460709357526294,701312.8500385317
True,True,2025-12-08,975000.0,33.747564000000004,-117.461147,2995.0,248 - Corona,True,3.0,0.26,2010.0,5.0,Corona,4.0,True,1.0,One,11326.0,False,3.0,Corona-Norco Unified,92883,85.0,11326.0,325.542570951586,0.8,15.0,0,748.75,0.26443581140738126,13.790192749979985,13.547957803444275,14.062200747960844,1279782.5619138335
False,True,2025-12-03,515000.0,33.650167,-116.313485,1651.0,313 - La Quinta South of HWY 111,True,2.0,0.11,1994.0,2.0,La Quinta,3.0,True,1.0,One,4792.0,False,2.0,Desert Sands Unified,92253,0.0,4792.0,311.9321623258631,1.5,31.0,0,550.3333333333334,0.34453255425709517,13.151922179645874,13.545013310266594,13.323133609054063,611171.9418086782
True,False,2025-12-22,333000.0,39.913688,-122.160398,1848.0,259 - Moreno Valley,False,2.0,2.5,1962.0,2.0,Corning,3.0,True,1.0,One,2.5,False,2.0,Corning Union,96021,0.0,108900.0,180.1948051948052,1.5,63.0,0,616.0,0.01696969696969697,12.71589776896258,12.714366872124934,12.900354991978867,400454.3241733644
True,False,2025-12-18,1100000.0,32.657351,-116.998762,2488.0,91902 - Bonita,True,3.0,0.2956,1989.0,3.0,Bonita,4.0,True,1.0,MultiSplit,12876.0,False,3.0,Sweetwater Union,91902,0.0,12876.0,442.1221864951768,1.3333333333333333,36.0,0,622.0,0.1932277104690898,13.9108207377686,13.9016461684345,14.026860076101075,1235344.054765891
False,False,2025-12-17,703500.0,33.939527000000005,-118.238229,1830.0,WATT - Watts,True,0.0,0.1493,1925.0,2.0,Los Angeles,5.0,False,1.0,One,6504.0,False,0.0,Los Angeles Unified,90002,0.0,6504.0,384.4262295081968,2.5,100.0,0,366.0,0.28136531365313655,13.46382315553658,13.287734158360443,13.32533298338499,612517.6169685309
True,False,2025-12-08,385000.0,34.484718,-117.294408,1442.0,VIC - Victorville,True,2.0,0.1217,1996.0,3.0,Victorville,3.0,True,2.0,Two,5300.0,False,2.0,Victor Valley Unified,92395,0.0,5300.0,266.99029126213594,1.0,29.0,0,480.6666666666667,0.2720754716981132,12.86099861326992,12.947950462906661,12.882460006867111,393351.938083384
False,False,2025-12-18,1000000.0,32.9674266,-117.11556049,1843.0,92129 - Rancho Penasquitos,False,4.0,0.1623,1976.0,3.0,San Diego,4.0,True,2.0,Two,7068.0,False,2.0,El Rancho Unified,92129,304.0,7068.0,542.5935973955508,1.3333333333333333,49.0,0,460.75,0.260752688172043,13.815510557964274,14.162640089059476,14.042688261581706,1255052.8755611172
False,False,2025-12-12,1200000.0,37.75846275,-122.24799266,2120.0,APPV - Apple Valley,True,1.0,0.0486,1906.0,3.0,Alameda,4.0,False,2.0,Two,2117.0,False,1.0,Alameda City Unified,94501,251.76,2117.0,566.0377358490566,1.3333333333333333,119.0,0,530.0,1.0014170996693434,13.997832114758229,14.096915897380246,14.261287615354338,1561703.2575196952
False,False,2025-12-05,455000.0,33.741201000000004,-116.99676399999998,1721.0,SRCAR - Southwest Riverside County,True,2.0,0.15,1983.0,2.0,Hemet,4.0,True,1.0,One,6534.0,False,2.0,Hemet Unified,92545,0.0,6534.0,264.3811737361999,2.0,42.0,0,430.25,0.26339149066421796,13.028052697933088,12.990536830078119,12.974902452128907,431448.07754611707
False,False,2025-12-02,998000.0,34.231656,-118.985317,1780.0,VC45 - Mission Oaks,True,2.0,0.156,1979.0,2.0,Camarillo,3.0,True,1.0,One,6795.0,False,2.0,Capistrano Unified,93012,398.0,6795.0,560.6741573033707,1.5,46.0,0,593.3333333333334,0.2619573215599706,13.813508555293602,13.710150042306449,13.689562263265726,881660.4321233253
False,False,2025-12-01,445000.0,34.485555,-117.274701,2172.0,VTVL - Victor Valley,True,2.0,0.2104,1979.0,3.0,Victorville,4.0,True,2.0,Two,9165.0,False,3.0,Manhattan Unified,92395,138.0,9165.0,204.88029465930012,1.3333333333333333,46.0,0,543.0,0.2369885433715221,13.005829561148378,12.947950462906661,13.04547870847004,462998.3218140137
True,False,2025-12-01,1325000.0,33.842240000000004,-117.744195,2509.0,77 - Anaheim Hills,True,3.0,0.3857,1976.0,3.0,Anaheim Hills,4.0,True,2.0,Two,16800.0,False,3.0,Orange Unified,92807,130.0,16800.0,528.0988441610203,1.3333333333333333,49.0,0,627.25,0.1493452380952381,14.09692301740246,13.997832114758229,14.177581084097264,1436300.2350897973
False,False,2025-12-04,655000.0,32.716548,-117.09381299999998,812.0,92102 - San Diego,False,2.0,0.1133,1952.0,1.0,San Diego,2.0,False,1.0,One,4937.0,False,0.0,San Diego Unified,92102,0.0,4937.0,806.6502463054187,2.0,73.0,0,406.0,0.16447235163054486,13.39239051461739,13.623138665316818,13.331429967642816,616263.5350345902
False,True,2025-12-02,2500000.0,37.52832056,-122.31062943,2110.0,699 - Not Defined,True,2.0,0.3458,1957.0,2.0,San Mateo,3.0,True,1.0,"Two,One",15064.0,False,2.0,Other,94403,0.0,15064.0,1184.8341232227488,1.5,68.0,0,703.3333333333334,0.14006903876792354,14.73180128983843,14.580978400103845,14.576284406159472,2139931.5620998326
True,True,2025-12-01,2900000.0,34.459118,-119.252837,2972.0,VC11 - Ojai,True,2.0,1.0,1968.0,4.0,Ojai,3.0,True,2.0,Two,1.0,False,2.0,Santa Monica-Malibu Unified,93023,385.0,43560.0,975.7738896366084,0.75,57.0,0,990.6666666666666,0.0682277318640955,14.880221294956703,13.983564142960525,14.396664633361672,1788100.843622878
True,False,2025-12-05,850000.0,32.95321617,-117.02091899,1200.0,92064 - Poway,True,7.0,0.186,1963.0,2.0,Poway,3.0,True,1.0,One,8100.0,False,2.0,Los Angeles Unified,92064,278.0,8100.0,708.3333333333334,1.5,62.0,0,400.0,0.14814814814814814,13.652991628466498,14.042638194103073,13.817163165433506,1001653.9737775088
True,False,2025-12-08,1750000.0,37.89328403,-122.28305203,1918.0,273 - Colton,True,1.0,0.1148,1933.0,2.0,Berkeley,4.0,True,2.0,Two,5000.0,False,1.0,Val Verde,94707-1825,0.0,5000.0,912.4087591240876,2.0,92.0,0,479.5,0.3836,14.375126345899696,13.698976741708323,13.817637814696099,1002129.5209476642
False,False,2025-12-19,1350000.0,32.82688739,-117.20528196,1877.0,92117 - Clairemont Mesa,False,6.0,0.1377,2019.0,4.0,San Diego,3.0,True,1.0,One,6000.0,False,2.0,Temecula Unified,92117,308.0,6000.0,719.2328183271178,0.75,6.0,0,625.6666666666666,0.31283333333333335,14.115615150414612,13.964016766263498,13.977978830078989,1176410.9928235335
False,False,2025-12-15,1030000.0,34.012861,-117.808274,2324.0,616 - Diamond Bar,True,6.0,0.1744,1973.0,3.0,Diamond Bar,4.0,True,2.0,Two,7596.0,False,2.0,Pomona Unified,91765,0.0,7596.0,443.2013769363167,1.3333333333333333,52.0,0,581.0,0.30595050026329645,13.845069360205818,13.957010120237973,14.069014336316426,1288532.2480046866
True,False,2025-12-04,1662000.0,33.728834,-118.0121,1920.0,17 - Northwest Huntington Beach,True,2.0,0.1469,1965.0,3.0,Huntington Beach,3.0,True,1.0,One,6400.0,False,2.0,Huntington Beach Union High,92647,0.0,6400.0,865.625,1.0,60.0,0,640.0,0.3,14.32353225439753,14.080942316715522,14.049170858710454,1263215.3060179222
False,False,2025-12-18,575000.0,37.347776,-120.624739,2548.0,699 - Not Defined,True,3.0,0.157,2021.0,4.0,Atwater,5.0,False,2.0,Two,6841.0,False,3.0,Merced Union,95301,95.0,6841.0,225.66718995290424,1.25,4.0,0,509.6,0.37246016664230375,13.262125319779487,13.038981768465277,13.226552379285302,554905.095654176
False,False,2025-12-11,649900.0,33.963244,-117.402586,1350.0,252 - Riverside,True,6.0,0.18,1959.0,2.0,Riverside,3.0,True,1.0,One,7841.0,False,2.0,Riverside Unified,92506,0.0,7841.0,481.4074074074074,1.5,66.0,0,450.0,0.1721719168473409,13.38457378388244,13.493926933836812,13.44415208672092,689796.6249796781
True,True,2025-12-05,1125000.0,33.737635,-116.287284,3162.0,"312 - Bermuda Dunes, Myoma",True,2.0,0.33,1984.0,4.0,Bermuda Dunes,4.0,True,1.0,One,14375.0,False,2.0,Hermosa,92203,214.0,14375.0,355.78747628083494,1.0,41.0,0,790.5,0.21996521739130434,13.933293593620657,13.255142955086335,13.65550313135415,852137.4604500209
True,False,2025-12-08,900000.0,32.75814056,-117.12144169,1312.0,92116 - Normal Heights,True,5.0,0.1431,1932.0,1.0,San Diego,2.0,True,1.0,One,6235.0,False,2.0,Antelope Valley Union,92116,96.0,6235.0,685.9756097560976,2.0,93.0,0,656.0,0.21042502004811547,13.710150042306449,14.115615150414612,13.958014763593301,1153157.9307016374
False,False,2025-12-01,725000.0,33.912653000000006,-118.259671,1522.0,C37 - Metropolitan South,True,1.0,0.127,1944.0,2.0,Los Angeles,3.0,False,1.0,One,5530.0,False,1.0,Los Angeles Unified,90059,0.0,5530.0,476.34691195795006,1.5,81.0,0,507.3333333333333,0.2752260397830018,13.493926933836812,13.31294958517389,13.324422231020645,611960.0190560243
False,False,2025-12-19,1080000.0,33.787909,-117.855281,1619.0,OTO - Old Towne Orange,False,2.0,0.2008,1938.0,2.0,Orange,3.0,False,1.0,One,8746.0,False,2.0,Orange Unified,92868,0.0,8746.0,667.0784434836319,1.5,87.0,0,539.6666666666666,0.1851131946032472,13.892471599100402,13.74562083670013,13.786520305632827,971425.9335584779
False,False,2025-12-24,635000.0,33.947767,-118.257799,864.0,C37 - Metropolitan South,False,2.0,0.1103,1925.0,2.0,Los Angeles,2.0,False,1.0,One,4804.0,False,2.0,Los Angeles Unified,90002,0.0,4804.0,734.9537037037037,1.0,100.0,0,432.0,0.17985012489592006,13.36138027787483,13.287734158360443,13.100438922209477,489157.0694053214
True,False,2025-12-10,1650000.0,37.53998417,-121.94991236,1647.0,699 - Not Defined,True,2.0,0.0937,1972.0,2.0,Fremont,4.0,True,1.0,One,4080.0,False,2.0,Fremont Unified,94539,700.0,4080.0,1001.8214936247724,2.0,53.0,0,411.75,0.4036764705882353,14.316285845876763,14.71159858252091,14.50131335761004,1985365.0462929595
True,False,2025-12-30,920000.0,37.67630705,-122.06967401,1380.0,699 - Not Defined,True,2.0,0.1848,1925.0,2.0,Hayward,3.0,True,1.0,One,8050.0,False,2.0,Lompoc Unified,94541,74.0,8050.0,666.6666666666666,1.5,100.0,0,460.0,0.17142857142857143,13.732128949025222,13.647074399642998,13.600264090490525,806342.6784412496
False,False,2025-12-17,609995.0,33.72308,-116.27637,2510.0,"308 - La Quinta North of HWY 111, Indian Springs",True,10.0,0.17,2001.0,3.0,La Quinta,4.0,True,1.0,One,7405.0,False,3.0,Other,92253,325.0,7405.0,243.02589641434264,1.3333333333333333,24.0,0,627.5,0.3389601620526671,13.321206039394589,13.545013310266594,13.551213696603451,767745.5918227737
True,False,2025-12-19,360000.0,34.109993,-117.436093,986.0,264 - Fontana,False,2.0,0.1728,1923.0,1.0,Fontana,2.0,False,1.0,One,7526.0,False,2.0,Fontana Unified,92336,0.0,7526.0,365.1115618661258,2.0,102.0,0,493.0,0.1310124900345469,12.793859310432293,13.487006490992238,13.255037883672001,570939.1318088139
False,False,2025-12-08,1350000.0,37.68736658,-121.90650901,1607.0,252 - Riverside,True,2.0,0.1423,1969.0,2.0,Pleasanton,4.0,True,1.0,One,6200.0,False,2.0,Pomona Unified,94588,129.0,6200.0,840.0746733042937,2.0,56.0,0,401.75,0.2591935483870968,14.115615150414612,14.25858093542591,14.167879790992641,1422433.6362473299
True,False,2025-12-03,760000.0,34.471395,-118.53279,1450.0,COPN - Copper Hill North,True,2.0,0.0873,1988.0,3.0,Saugus,3.0,True,2.0,Two,3802.0,False,2.0,William S. Hart Union,91390,0.0,3802.0,524.1379310344828,1.0,37.0,0,483.3333333333333,0.38137822198842714,13.541073712262515,13.751477381367541,13.567767779074869,780560.6941468815
True,True,2025-12-23,549000.0,33.876257,-116.327819,1918.0,340 - Desert Hot Springs,True,0.0,4.75,1959.0,3.0,Desert Hot Springs,3.0,True,1.0,One,4.75,False,0.0,Palm Springs Unified,92241,0.0,206910.0,286.2356621480709,1.0,66.0,0,639.3333333333334,0.00926973080083128,13.215853720491667,13.117346290220361,13.216608323068415,549414.4331611345
True,True,2025-12-16,615000.0,33.565372,-117.184205,1480.0,SRCAR - Southwest Riverside County,True,2.0,0.26,1988.0,2.0,Murrieta,3.0,True,1.0,One,11326.0,False,2.0,Murrieta,92562,0.0,11326.0,415.5405405405405,1.5,37.0,0,493.3333333333333,0.13067278827476603,13.329377546788654,13.487006490992238,13.35259392499679,629445.1052914427
False,False,2025-12-02,1310000.0,34.297798,-118.517571,2762.0,GH - Granada Hills,True,2.0,0.2637,1969.0,3.0,Granada Hills,4.0,True,1.0,MultiSplit,11488.0,False,2.0,Los Angeles Unified,91344,0.0,11488.0,474.2939898624185,1.3333333333333333,56.0,0,690.5,0.24042479108635098,14.085537695177335,13.892471599100402,14.072160424751768,1292592.4679652695
True,True,2025-12-09,1265000.0,34.124411,-117.842746,2288.0,629 - Glendora,True,2.0,0.34,1965.0,3.0,Glendora,4.0,True,2.0,Two,14810.0,False,2.0,Glendora Unified,91740,0.0,14810.0,552.8846153846154,1.3333333333333333,60.0,0,572.0,0.15449020931802837,14.050582680143757,13.635169075296139,13.777520147777894,962722.1731731399
False,False,2025-12-17,600000.0,33.880786,-118.2435,1104.0,"RP - Compton S of Rosecrans, E of Central,W of Ala",False,1.0,0.1572,1948.0,1.0,Compton,3.0,False,1.0,One,6848.0,False,1.0,Compton Unified,90220,0.0,6848.0,543.4782608695652,3.0,77.0,0,368.0,0.16121495327102803,13.304684934198283,13.386264921190707,13.30392116245734,599541.9119150701
False,False,2025-12-16,2300000.0,37.8844678,-122.28039581,2072.0,STUD - Studio City,False,2.0,0.1175,1925.0,4.0,Berkeley,3.0,True,1.0,One,5120.0,False,0.0,Newport Mesa Unified,94707,0.0,5120.0,1110.03861003861,0.75,100.0,0,690.6666666666666,0.4046875,14.648419680899378,14.331212327451603,14.505455567578696,1993605.9010715624
True,False,2025-12-19,411000.0,34.696712,-118.090598,2179.0,LAC - Lancaster,True,2.0,0.1545,2020.0,2.0,Lancaster,3.0,False,1.0,One,6728.0,False,2.0,Antelope Valley Union,93535,0.0,6728.0,188.6186324001836,1.5,5.0,0,726.3333333333334,0.32387039239001186,12.926348493478372,12.994530005894443,13.108393694668187,493063.72024774266
True,False,2025-12-05,1400000.0,33.718875,-117.981809,1500.0,16 - Fountain Valley / Northeast HB,True,2.0,0.1377,1962.0,2.0,Huntington Beach,3.0,True,1.0,One,6000.0,False,2.0,Huntington Beach Union High,92647,0.0,6000.0,933.3333333333334,1.5,63.0,0,500.0,0.25,14.151982794585487,14.080942316715522,13.977684789356028,1176065.1309359358
False,False,2025-12-03,770000.0,33.953259,-118.01685,1194.0,670 - Whittier,True,0.0,0.1335,1950.0,1.0,Whittier,3.0,False,1.0,One,5814.0,False,0.0,Sweetwater Union,90605,1848.0,5814.0,644.891122278057,3.0,75.0,0,398.0,0.20536635706914344,13.554145793829866,13.602934236950354,13.514121539785684,739789.9250321656
True,True,2025-12-10,1080000.0,33.818540000000006,-118.133083,1575.0,31 - South of Conant,False,2.0,0.1248,1950.0,2.0,Long Beach,3.0,True,1.0,One,5438.0,False,2.0,Long Beach Unified,90808,0.0,5438.0,685.7142857142857,1.5,75.0,0,525.0,0.2896285399043766,13.892471599100402,13.869051324892304,13.894431914950097,1082119.2176069512
False,False,2025-12-09,800000.0,32.58010369,-117.07213638,1342.0,92154 - Otay Mesa,True,4.0,0.1768,1967.0,2.0,San Diego,3.0,False,1.0,One,7700.0,False,2.0,Other,92154,185.0,7700.0,596.1251862891207,1.5,58.0,0,447.3333333333333,0.1742857142857143,13.592367006650065,13.579788224443204,13.512606767588238,738670.1601302585
True,False,2025-12-17,528500.0,33.580573,-117.134505,1636.0,SRCAR - Southwest Riverside County,True,2.0,0.08,2005.0,3.0,Murrieta,3.0,True,2.0,Two,3485.0,False,2.0,Murrieta,92563,193.0,3485.0,323.0440097799511,1.0,20.0,0,545.3333333333334,0.46944045911047344,13.17779808429243,13.458835614025542,13.311561067014198,604139.8966174469
False,False,2025-12-15,826000.0,36.60605559,-121.82552849,1506.0,699 - Not Defined,True,2.0,0.2755,1972.0,2.0,Seaside,3.0,True,1.0,One,12000.0,False,1.0,Other,93955,30.0,12000.0,548.4727755644091,1.5,53.0,0,502.0,0.1255,13.624350052503114,13.564794368589576,13.545614827955168,763459.0960597396
True,False,2025-12-05,390000.0,33.750378999999995,-116.893568,944.0,SRCAR - Southwest Riverside County,True,0.0,0.25,1972.0,1.0,Hemet,3.0,False,1.0,One,10890.0,False,0.0,Hemet Unified,92544,0.0,10890.0,413.135593220339,3.0,53.0,0,314.6666666666667,0.0866850321395776,12.873902018105829,13.081541382884074,12.841995779634935,377752.984047892
False,False,2025-12-16,695000.0,33.687339,-117.237994,2519.0,SRCAR - Southwest Riverside County,True,2.0,0.1635,2022.0,3.0,Menifee,5.0,False,2.0,Two,7122.0,False,2.0,Menifee Union,92587,137.0,7122.0,275.9031361651449,1.6666666666666667,3.0,0,503.8,0.35369278292614437,13.45166712454693,13.407542319637992,13.485937721545302,719230.8970682734
True,False,2025-12-09,1003000.0,34.388356,-118.551659,2327.0,VAL1 - Valencia 1,True,2.0,0.1387,1972.0,3.0,Valencia,5.0,True,2.0,Two,6041.0,False,2.0,William S. Hart Union,91355,42.0,6041.0,431.02707348517407,1.6666666666666667,53.0,0,465.4,0.3852011256414501,13.818506066944073,13.697852514496041,13.836849846221636,1021568.5990742216
True,True,2025-12-22,4475000.0,37.24470553,-121.99728076,3653.0,699 - Not Defined,False,3.0,0.9298,1978.0,3.0,Saratoga,5.0,True,1.0,One,40500.0,False,3.0,Other,95070,483.0,40500.0,1225.0205310703532,1.6666666666666667,47.0,0,730.6,0.09019753086419753,15.314016909691093,15.226497531674536,15.33168070195707,4554747.720480917
False,False,2025-12-15,505000.0,38.15144507,-122.2498636,1285.0,92028 - Fallbrook,True,2.0,0.14,1967.0,2.0,Vallejo,4.0,True,1.0,One,6098.0,False,2.0,Lake Elsinore Unified,94589,0.0,6098.0,392.99610894941634,2.0,58.0,0,321.25,0.2107248278123975,13.132313708257497,13.102160670086809,12.990174488389625,438087.7397623978
True,False,2025-12-19,584990.0,33.622378000000005,-117.07992,2135.0,SRCAR - Southwest Riverside County,True,2.0,0.201,2025.0,3.0,French Valley,3.0,False,2.0,Two,8757.0,True,2.0,Temecula Unified,92596,152.0,8757.0,274.0,1.0,0.0,0,711.6666666666666,0.24380495603517185,13.279350032050795,13.337474757021274,13.388700765059667,652587.6672284222
True,False,2025-12-08,1368800.0,37.53176784,-121.92214092,998.0,699 - Not Defined,False,1.0,0.0861,1950.0,2.0,Fremont,3.0,False,1.0,One,3750.0,False,1.0,Fremont Unified,94539,322.0,3750.0,1371.5430861723446,1.5,75.0,0,332.6666666666667,0.26613333333333333,14.129445001560121,14.71159858252091,14.17133024955534,1427350.1618234012
False,False,2025-12-03,745000.0,33.917106,-118.298805,1630.0,C36 - Metropolitan Southwest,True,2.0,0.1744,1965.0,2.0,Los Angeles,4.0,True,1.0,One,7597.0,False,2.0,Saddleback Valley Unified,90044,0.0,7597.0,457.0552147239264,2.0,60.0,0,407.5,0.21455837830722654,13.521139497361697,13.38472764187182,13.361668699310426,635183.1740259925
True,False,2025-12-04,800000.0,34.270711,-118.766697,1300.0,SVC - Central Simi,True,12.0,0.21,1960.0,2.0,Simi Valley,3.0,True,1.0,One,9147.0,False,4.0,Simi Valley Unified,93065,0.0,9147.0,615.3846153846154,1.5,65.0,0,433.3333333333333,0.1421231004700995,13.592367006650065,13.676248490630767,13.604516562013243,809778.9288190235
True,False,2025-12-11,1965000.0,33.107008,-117.249903,2532.0,92009 - Carlsbad,True,4.0,0.175,1977.0,4.0,Carlsbad,4.0,True,2.0,Two,7621.0,False,2.0,San Marcos Unified,92009,0.0,7621.0,776.0663507109005,1.0,48.0,0,633.0,0.33223986353496915,14.491002803285499,14.457364444136669,14.434527469335638,1857101.4488254753
False,False,2025-12-02,1325000.0,33.890512,-117.823367,2071.0,85 - Yorba Linda,True,2.0,0.3031,1962.0,2.0,Yorba Linda,4.0,True,1.0,One,13205.0,False,2.0,Placentia-Yorba Linda Unified,92886,0.0,13205.0,639.7875422501207,2.0,63.0,0,517.75,0.15683453237410072,14.09692301740246,14.20888790014483,14.2443084703654,1535410.7155778164
False,False,2025-12-01,990000.0,33.841468,-117.973948,1512.0,79 - Anaheim West of Harbor,True,4.0,0.1378,1954.0,2.0,Anaheim,4.0,False,1.0,One,6004.0,False,2.0,Anaheim Union High,92801,0.0,6004.0,654.7619047619048,2.0,71.0,0,378.0,0.2518321119253831,13.805460222110773,13.664687668229691,13.673471523653745,867587.3901493459
True,True,2025-12-22,1700000.0,33.609072,-117.655466,1753.0,MC - Mission Viejo Central,True,2.0,0.2233,1969.0,2.0,Mission Viejo,4.0,True,1.0,One,9728.0,False,2.0,Saddleback Valley Unified,92691,29.83,9728.0,969.7661152310324,2.0,56.0,0,438.25,0.18020148026315788,14.346138809026444,14.092573789669016,14.028254013221387,1237067.2474322754
True,False,2025-12-19,544990.0,33.622211,-117.079959,1956.0,SRCAR - Southwest Riverside County,True,2.0,0.1327,2025.0,3.0,French Valley,3.0,False,2.0,Two,5781.0,True,2.0,Temecula Unified,92596,152.0,5781.0,278.6247443762781,1.0,0.0,0,652.0,0.33834976647638815,13.20852272485319,13.337474757021274,13.31486149830481,606137.1128606944
False,True,2025-12-03,730000.0,35.334224,-119.098001,2846.0,BKSF - Bakersfield,True,4.0,0.31,1984.0,3.0,Bakersfield,4.0,True,1.0,One,13503.0,False,2.0,Mountain Empire Unified,93311,50.0,13503.0,256.50035137034433,1.3333333333333333,41.0,0,711.5,0.2107679774864845,13.500799813124575,13.112313041550827,13.33681023528816,619588.1333877832
True,False,2025-12-04,1710000.0,33.524365,-117.02106299999998,2616.0,SRCAR - Southwest Riverside County,True,4.0,10.38,2010.0,3.0,Temecula,2.0,False,2.0,Two,10.38,False,4.0,Temecula Unified,92592,0.0,452152.8,653.6697247706422,0.6666666666666666,15.0,0,1308.0,0.005785654760956916,14.352003928478842,13.580420735596498,14.05631414254416,1272271.1170991734
True,False,2025-12-27,615000.0,33.824175,-117.219952,1926.0,SRCAR - Southwest Riverside County,True,2.0,0.23,2005.0,2.0,Perris,4.0,True,1.0,One,10019.0,False,2.0,Perris Union High,92571,0.0,10019.0,319.3146417445483,2.0,20.0,0,481.5,0.1922347539674618,13.329377546788654,13.214938819306386,13.205791754102355,543503.6787242413
False,False,2025-12-18,549000.0,37.7595668,-122.18138569,1116.0,BSTW - Barstow,True,2.0,0.0836,1929.0,1.0,Oakland,2.0,True,1.0,One,3640.0,False,1.0,Temecula Unified,94621,0.0,3640.0,491.9354838709677,2.0,96.0,0,558.0,0.3065934065934066,13.215853720491667,13.142166004700508,12.979761506778019,433549.60892624565
True,False,2025-12-03,430000.0,33.708827,-117.182464,1077.0,SRCAR - Southwest Riverside County,True,2.0,0.17,1989.0,2.0,Menifee,2.0,False,1.0,One,7405.0,False,2.0,Menifee Union,92586,108.0,7405.0,399.2571959145775,1.0,36.0,0,538.5,0.14544226873733965,12.971540487669746,12.89921982609012,12.716990200658044,333363.97852923226
False,False,2025-12-05,2320000.0,33.693752,-117.757253,2695.0,WD - Woodbury,True,2.0,0.1154,2006.0,4.0,Irvine,4.0,True,2.0,Two,5025.0,False,2.0,Irvine Unified,92620,210.0,5025.0,860.8534322820037,1.0,19.0,0,673.75,0.536318407960199,14.657077743642493,14.503142431449666,14.511486331053614,2005665.1935436206
False,False,2025-12-22,950000.0,33.935115,-118.243491,2956.0,C37 - Metropolitan South,False,4.0,0.0888,2025.0,6.0,Los Angeles,8.0,False,2.0,Two,3870.0,False,2.0,Santa Ana Unified,90059,0.0,3870.0,321.3802435723951,1.3333333333333333,0.0,0,369.5,0.7638242894056848,13.764217263576723,13.31294958517389,13.601558931695395,807387.4404209998
False,False,2025-12-12,3870000.0,37.48217615,-122.28185595,3120.0,699 - Not Defined,True,3.0,0.2306,1987.0,3.0,San Carlos,5.0,True,2.0,Two,10044.0,False,3.0,Other,94070,0.0,10044.0,1240.3846153846157,1.6666666666666667,38.0,0,624.0,0.3106332138590203,15.168765065005964,14.74570419500742,14.934195907284643,3060827.637975016
True,True,2025-12-05,1235000.0,36.97250598,-122.00539061,655.0,699 - Not Defined,False,2.0,0.067,1948.0,1.0,Santa Cruz,2.0,False,1.0,Two,2919.0,False,1.0,Other,95062,0.0,2919.0,1885.496183206107,2.0,77.0,0,327.5,0.22439191503939707,14.026581528044215,14.444785440003537,13.88467952231782,1071617.2589698422
False,False,2025-12-03,586189.0,33.660845,-117.3876453,1569.0,SRCAR - Southwest Riverside County,True,4.0,0.1974,2025.0,2.0,Lake Elsinore,3.0,False,1.0,One,8598.0,False,2.0,Capistrano Unified,92530,149.0,8598.0,373.6067558954748,1.5,0.0,0,523.0,0.18248429867411026,13.281397542156219,13.270783382522602,13.212923655866462,547393.7488797312
False,True,2025-12-09,720000.0,34.07441,-117.61533500000002,1946.0,686 - Ontario,True,2.0,0.138,1963.0,2.0,Ontario,4.0,True,1.0,One,6011.0,False,2.0,Ontario-Montclair,91764,0.0,6011.0,369.9897225077081,2.0,62.0,0,486.5,0.3237398103476959,13.487006490992238,13.414286165238757,13.40871103682555,665777.6512684127
False,False,2025-12-08,826000.0,34.238953,-118.441024,1382.0,ARL - Arleta,True,2.0,0.1884,1952.0,2.0,Arleta,3.0,False,1.0,One,8206.0,False,2.0,Carlsbad Unified,91331,0.0,8206.0,597.684515195369,1.5,73.0,0,460.6666666666667,0.1684133560809164,13.624350052503114,13.541073712262515,13.504203843275219,732489.1762218316
True,False,2025-12-01,838500.0,32.864427,-116.97663500000002,1248.0,92071 - Santee,True,4.0,0.15,1970.0,2.0,Santee,4.0,False,1.0,One,0.15,False,2.0,Santee,92071,0.0,6534.0,671.875,2.0,55.0,0,312.0,0.19100091827364554,13.6393698602454,13.652403046879991,13.549673750305873,766564.214703288
True,False,2025-12-09,731000.0,33.909392,-118.246926,1942.0,"RN - Compton N of Rosecrans, E of Central",False,6.0,0.1722,1951.0,2.0,Compton,3.0,False,1.0,One,7501.0,False,2.0,Victor Valley Unified,90222,0.0,7501.0,376.41606591143153,1.5,74.0,0,647.3333333333334,0.2588988134915345,13.502168738731916,13.304684934198283,13.372279680691365,641958.9762391332
False,False,2025-12-16,740000.0,34.091881,-117.654606,1490.0,690 - Upland,False,2.0,0.1722,1955.0,2.0,Upland,3.0,True,1.0,One,7500.0,False,2.0,Upland,91786,0.0,7500.0,496.6442953020134,1.5,70.0,0,496.6666666666667,0.19866666666666666,13.514405465180353,13.554145793829866,13.54697956600632,764501.7290372527
False,False,2025-12-09,999000.0,32.79427311,-116.91317212,2183.0,92019 - El Cajon,True,22.0,1.01,1957.0,3.0,El Cajon,3.0,True,1.0,One,43995.0,False,2.0,Compton Unified,92019,260.0,43995.0,457.6271186440678,1.0,68.0,0,727.6666666666666,0.049619274917604275,13.81451005763069,13.773646353865574,13.958770521496703,1154029.7683292273
True,True,2025-12-08,932500.0,34.091433,-117.853309,1826.0,614 - Covina,True,2.0,0.1969,1957.0,3.0,Covina,3.0,False,2.0,Two,8576.0,False,2.0,Charter Oak Unified,91724,0.0,8576.0,510.6790799561884,1.0,68.0,0,608.6666666666666,0.212919776119403,13.745624430500108,13.681962838542578,13.814386170530385,998876.2444528112
False,True,2025-12-23,675000.0,33.88936,-117.315965,1557.0,252 - Riverside,True,2.0,0.14,1989.0,2.0,Riverside,3.0,True,1.0,One,6098.0,False,2.0,Riverside Unified,92508,0.0,6098.0,433.5260115606936,1.5,36.0,0,519.0,0.25532961626762873,13.422467969854667,13.56126305375042,13.481408804967224,715980.925315585
True,False,2025-12-02,1250000.0,33.895425,-117.956457,1722.0,83 - Fullerton,True,2.0,0.273,1971.0,3.0,Fullerton,3.0,True,1.0,One,11890.0,False,2.0,Fullerton Joint Union High,92833,0.0,11890.0,725.9001161440186,1.0,54.0,0,574.0,0.14482758620689656,14.038654109278484,13.87377946608825,13.911034483964151,1100235.145944988
False,False,2025-12-31,530000.0,36.533004,-119.545534,1828.0,92056 - Oceanside,True,2.0,0.1804,2024.0,3.0,Kingsburg,3.0,False,1.0,One,7860.0,False,2.0,Kingsburg Joint Union,93631,0.0,7860.0,289.9343544857768,1.0,1.0,0,609.3333333333334,0.23256997455470738,13.180632285528304,13.669749172045414,13.717163436879472,906334.2414190406
True,True,2025-12-12,758000.0,34.432491,-118.539818,1080.0,VALN - Valencia North,True,1.0,0.2175,1970.0,2.0,Valencia,2.0,True,1.0,One,9474.0,False,1.0,William S. Hart Union,91354,0.0,9474.0,701.8518518518518,1.0,55.0,0,540.0,0.11399620012666245,13.53843866462451,13.710150042306449,13.430579453010054,680497.5174972459
False,False,2025-12-23,1950000.0,33.676808,-117.939059,2245.0,C1 - Mesa Verde,True,3.0,0.1607,1963.0,3.0,Costa Mesa,4.0,True,1.0,ThreeOrMore,7000.0,False,3.0,Newport Mesa Unified,92626,0.0,7000.0,868.5968819599109,1.3333333333333333,62.0,0,561.25,0.32071428571428573,14.48333993053993,14.28551418721001,14.36032120501989,1724281.8536168893
False,False,2025-12-15,513000.0,38.037186,-121.97545821,892.0,SRCAR - Southwest Riverside County,False,3.0,0.1148,1953.0,1.0,Bay Point,3.0,False,1.0,One,5000.0,False,0.0,Capistrano Unified,94565,0.0,5000.0,575.1121076233184,3.0,72.0,0,297.3333333333333,0.1784,13.148031124152906,13.270783382522602,13.098597231731766,488257.02254675695
True,True,2025-12-05,515000.0,33.733221,-116.193811,2122.0,309 - Indio North of East Valley,True,3.0,0.18,2005.0,2.0,Indio,4.0,True,1.0,One,7841.0,False,3.0,Desert Sands Unified,92203,300.0,7841.0,242.69557021677664,2.0,20.0,0,530.5,0.27062874633337586,13.151922179645874,13.255142955086335,13.271281474961079,580288.9655741259
True,False,2025-12-01,3400000.0,34.074,-118.477936,2318.0,C06 - Brentwood,True,4.0,0.2559,1960.0,3.0,Los Angeles,3.0,True,2.0,Two,11147.0,False,2.0,Capistrano Unified,90049,0.0,11147.0,1466.781708369284,1.0,65.0,0,772.6666666666666,0.20794832690409976,15.03928598958639,15.137266397946593,14.949619546399319,3108402.6859139437
False,True,2025-12-12,830000.0,34.087271,-117.725659,1205.0,683 - Claremont,True,2.0,0.1798,1952.0,2.0,Claremont,2.0,False,1.0,One,7833.0,False,2.0,William S. Hart Union,91711,475.0,7833.0,688.7966804979253,1.0,73.0,0,602.5,0.15383633346099834,13.62918097977278,13.9108207377686,13.715576603616146,904897.1805865783
True,False,2025-12-04,764000.0,34.170613,-118.155916,862.0,645 - Pasadena (NW),True,0.0,0.0793,1947.0,1.0,Pasadena,2.0,False,1.0,One,3455.0,False,0.0,Carlsbad Unified,91103,0.0,3455.0,886.3109048723898,2.0,78.0,0,431.0,0.24949348769898697,13.546323068148657,14.182799053125816,13.730316968022956,918334.4868726821
True,True,2025-12-17,835000.0,34.372565,-118.567171,2312.0,SOSR - South Stevenson Ranch,True,3.0,0.2718,1987.0,3.0,Stevenson Ranch,4.0,True,2.0,Two,11840.0,False,3.0,William S. Hart Union,91381,0.0,11840.0,361.159169550173,1.3333333333333333,38.0,0,578.0,0.19527027027027027,13.635187003832993,14.038654109278484,14.145765296840352,1391322.507256597
True,False,2025-12-01,977250.0,34.122959,-117.683325,2970.0,690 - Upland,True,2.0,0.1263,2001.0,3.0,Upland,5.0,True,2.0,Two,5500.0,False,2.0,Upland,91784,45.0,5500.0,329.04040404040404,1.6666666666666667,24.0,0,594.0,0.54,13.792497783655202,13.815510557964274,13.969310858853966,1166257.9628442924
False,False,2025-12-11,1960000.0,33.585128000000005,-117.747532,2406.0,AV - Aliso Viejo,True,3.0,0.1103,1997.0,3.0,Aliso Viejo,4.0,True,2.0,Two,4804.0,False,3.0,Capistrano Unified,92656,125.0,4804.0,814.6300914380715,1.3333333333333333,28.0,0,601.5,0.5008326394671108,14.4884550312067,14.115615150414612,14.232939774080197,1518053.946340836
True,False,2025-12-03,610000.0,33.991977,-117.429454,1335.0,252 - Riverside,True,3.0,0.21,1987.0,2.0,Riverside,3.0,True,1.0,One,9148.0,False,3.0,Jurupa Unified,92509,0.0,9148.0,456.92883895131087,1.5,38.0,0,445.0,0.1459335373852208,13.321214236149494,13.422467969854667,13.324892393433641,612247.8073035483
True,False,2025-12-19,1400000.0,34.096022999999995,-118.258727,1065.0,C21 - Silver Lake - Echo Park,True,4.0,0.0861,1923.0,2.0,Los Angeles,3.0,False,1.0,One,3750.0,False,3.0,Lake Elsinore Unified,90039,0.0,3750.0,1314.5539906103286,1.5,102.0,0,355.0,0.284,14.151982794585487,14.283164926819232,14.029669674838289,1238819.7562390335
False,False,2025-12-05,2400000.0,37.84760397,-122.21467082,4052.0,BBC - Big Bear City,True,2.0,0.1804,1998.0,4.0,Oakland,5.0,True,2.0,Two,7860.0,False,2.0,San Jacinto Unified,94611,0.0,7860.0,592.3000987166831,1.25,27.0,0,810.4,0.5155216284987277,14.690979295318174,14.128493142202753,14.496635043376216,1976098.57736526
False,False,2025-12-12,859000.0,33.919035,-118.01604,1616.0,670 - Whittier,True,5.0,0.1526,1956.0,2.0,Whittier,3.0,True,1.0,One,6646.0,False,2.0,Norwalk - La Mirada,90604,0.0,6646.0,531.559405940594,1.5,69.0,0,538.6666666666666,0.24315377670779417,13.663524200966393,13.636672835828117,13.629975006771193,830659.3041266811
False,False,2025-12-23,655098.0,33.660925799999994,-117.3888303,1941.0,SRCAR - Southwest Riverside County,True,4.0,0.4197,2025.0,2.0,Lake Elsinore,3.0,False,1.0,One,1605186.0,False,2.0,Bonita Unified,92530,149.0,6900.0,337.5054095826893,1.5,0.0,0,647.0,0.28130434782608693,13.392540121746295,13.270783382522602,13.30731244727091,601578.580806241
False,True,2025-12-17,990000.0,34.209416,-118.57723500000002,2178.0,WIN - Winnetka,True,2.0,0.2046,1965.0,3.0,Winnetka,4.0,False,1.0,One,8914.0,False,2.0,Los Angeles Unified,91306,0.0,8914.0,454.54545454545456,1.3333333333333333,60.0,0,544.5,0.2443347543190487,13.805460222110773,13.65680576350189,13.81386381930459,998354.6164704721
False,False,2025-12-29,862500.0,32.57407,-117.01578899999998,1677.0,92154 - Otay Mesa,True,4.0,0.102,2004.0,3.0,San Diego,3.0,False,2.0,Two,4442.0,False,2.0,Sweetwater Union,92154,55.0,4442.0,514.3112701252236,1.0,21.0,0,559.0,0.3775326429536245,13.667590427887651,13.579788224443204,13.474913021610387,711345.1411625237
True,False,2025-12-17,841000.0,35.136802,-120.616409,1188.0,PSMO - Pismo Beach,True,2.0,0.0958,1986.0,2.0,Pismo Beach,2.0,False,2.0,MultiSplit,4175.0,False,2.0,Lucia Mar Unified,93449,0.0,4175.0,707.912457912458,1.0,39.0,0,594.0,0.2845508982035928,13.642346938955086,14.164329100880673,13.791921540039539,976687.0281466402
False,False,2025-12-18,1250000.0,34.029328,-118.316979,1520.0,C16 - Mid Los Angeles,False,2.0,0.1436,1907.0,3.0,Los Angeles,4.0,True,1.0,One,6257.0,False,2.0,Los Angeles Unified,90018,0.0,6257.0,822.3684210526316,1.3333333333333333,118.0,0,380.0,0.24292792072878377,14.038654109278484,13.681979165339751,13.783366765907534,968367.3285378105
False,False,2025-12-03,690000.0,33.11328389,-117.09094557,1008.0,92025 - Escondido,True,3.0,0.1423,1951.0,2.0,Escondido,2.0,False,1.0,One,6200.0,False,1.0,Hesperia Unified,92025,0.0,6200.0,684.5238095238095,1.0,74.0,0,504.0,0.1625806451612903,13.444446876573442,13.740514638062564,13.561977265361325,776053.9076404294
False,True,2025-12-31,930000.0,34.225425,-118.576674,1300.0,WIN - Winnetka,False,2.0,0.178,1954.0,2.0,Winnetka,3.0,True,1.0,One,7753.0,False,2.0,Los Angeles Unified,91306,0.0,7753.0,715.3846153846154,1.5,71.0,0,433.3333333333333,0.16767702824713016,13.742939865129438,13.65680576350189,13.615866647302049,819022.3462831958
False,False,2025-12-05,565000.0,33.663556,-117.169422,1632.0,SRCAR - Southwest Riverside County,True,3.0,0.17,1990.0,2.0,Menifee,3.0,True,1.0,One,7405.0,False,3.0,Menifee Union,92584,43.0,7405.0,346.20098039215685,1.5,35.0,0,544.0,0.22039162727886563,13.244581010128577,13.353475098367715,13.289889411726538,591188.0360719304
True,False,2025-12-01,1482000.0,33.859303000000004,-117.73344099999998,2989.0,77 - Anaheim Hills,True,3.0,0.1515,1992.0,3.0,Anaheim Hills,5.0,True,2.0,Two,6600.0,False,3.0,Orange Unified,92808,97.0,6600.0,495.8179993308799,1.6666666666666667,33.0,0,597.8,0.4528787878787879,14.20890308483817,14.137594057133388,14.28123962244025,1593175.2930859495
True,True,2025-12-01,1880000.0,33.500138,-117.645316,2136.0,OR - Ortega/Orange County,True,4.0,0.2305,1980.0,3.0,San Juan Capistrano,4.0,True,2.0,Two,10042.0,False,2.0,Capistrano Unified,92675,0.0,10042.0,880.1498127340824,1.3333333333333333,45.0,0,534.0,0.21270663214499103,14.446782334806132,14.32231001513485,14.278892333418593,1589440.0357901684
True,False,2025-12-08,1230000.0,34.110963,-118.278393,1637.0,637 - Los Feliz,True,2.0,0.0566,2011.0,3.0,Los Angeles,2.0,False,1.0,ThreeOrMore,2465.0,False,2.0,Carlsbad Unified,90027,340.0,2465.0,751.3744654856445,0.6666666666666666,14.0,0,818.5,0.6640973630831642,14.0225247273486,14.612710764892958,14.384194389942522,1765941.24579797
False,False,2025-12-08,1526000.0,33.921858,-117.858649,2520.0,86 - Brea,True,5.0,0.2084,1979.0,3.0,Brea,4.0,True,1.0,One,9078.0,False,3.0,Brea-Olinda Unified,92821,0.0,9078.0,605.5555555555555,1.3333333333333333,46.0,0,630.0,0.2775941837409121,14.23816049082654,13.997832114758229,14.15426738477695,1403202.0825985647
True,False,2025-12-23,940000.0,34.321814,-118.439848,1596.0,SYL - Sylmar,True,2.0,0.2551,1964.0,2.0,Sylmar,3.0,False,1.0,One,11110.0,False,2.0,Los Angeles Unified,91342,0.0,11110.0,588.9724310776942,1.5,61.0,0,532.0,0.14365436543654364,13.753635154246187,13.667586227071855,13.669025224690207,863738.4004562596
True,False,2025-12-01,1505000.0,32.969061,-117.138142,2477.0,92129 - Rancho Penasquitos,True,6.0,0.1358,1988.0,4.0,San Diego,4.0,True,2.0,Two,5914.0,False,3.0,Poway Unified,92129,174.0,5914.0,607.5898264029067,1.0,37.0,0,619.25,0.4188366587757863,14.224303456165114,14.162640089059476,14.231043419978997,1515177.9063708368
False,False,2025-12-19,875000.0,37.78290632,-122.21170445,1703.0,252 - Riverside,True,5.0,0.1515,1922.0,3.0,Oakland,4.0,True,1.0,One,6600.0,False,2.0,Oakland,94601,0.0,6600.0,513.7991779213153,1.3333333333333333,103.0,0,425.75,0.25803030303030305,13.681979165339751,13.269057756555132,13.35188881260197,629001.4321839286
False,False,2025-12-01,980000.0,37.84228306,-122.2095864,1176.0,610 - Burbank,False,1.0,0.1996,1940.0,2.0,Oakland,3.0,True,1.0,One,8694.0,False,0.0,Orange Unified,94611,0.0,8694.0,833.3333333333334,1.5,85.0,0,392.0,0.13526570048309178,13.795307850646754,14.128493142202753,13.832464121071066,1017098.0903531923
True,False,2025-12-31,670000.0,33.678148,-117.272516,2241.0,SRCAR - Southwest Riverside County,True,2.0,0.17,1984.0,2.0,Canyon Lake,3.0,True,2.0,Two,7405.0,False,2.0,Lake Elsinore Unified,92587,350.0,7405.0,298.9736724676484,1.5,41.0,0,747.0,0.3026333558406482,13.415032991367148,13.407542319637992,13.429881803037182,680022.9339884591
True,True,2025-12-19,1499000.0,33.569309000000004,-117.269306,3078.0,SRCAR - Southwest Riverside County,True,2.0,0.46,2001.0,3.0,Murrieta,3.0,True,1.0,One,20037.0,False,2.0,Murrieta,92562,315.0,20037.0,487.0045484080572,1.0,24.0,0,1026.0,0.1536158107501123,14.220308777084735,13.487006490992238,13.779677397038112,964801.246602536
True,False,2025-12-10,734000.0,33.852996999999995,-117.581776,1841.0,248 - Corona,True,2.0,0.09,1997.0,3.0,Corona,3.0,True,2.0,Two,3920.0,False,2.0,Corona-Norco Unified,92882,65.0,3920.0,398.69636067354696,1.0,28.0,0,613.6666666666666,0.46964285714285714,13.506264307596652,13.623138665316818,13.548419866806178,765603.6348364914
False,False,2025-12-08,815000.0,33.827134,-118.224574,1215.0,140 - East Carson,True,2.0,0.1192,1947.0,1.0,Carson,3.0,False,1.0,One,5194.0,False,2.0,Long Beach Unified,90810,0.0,5194.0,670.7818930041152,3.0,78.0,0,405.0,0.2339237581825183,13.610943392223,13.499429010990795,13.458277032516127,699609.1021277355
False,False,2025-12-02,539900.0,33.919437,-117.154984,1553.0,259 - Moreno Valley,True,2.0,0.21,1977.0,2.0,Moreno Valley,3.0,True,1.0,One,9148.0,False,2.0,Moreno Valley Unified,92555,0.0,9148.0,347.64971023824853,1.5,48.0,0,517.6666666666666,0.16976388281591603,13.199139216206378,13.304684934198283,13.230996975735538,557376.9139207716
True,True,2025-12-30,1130000.0,34.250574,-118.507013,2060.0,NR - Northridge,True,4.0,0.2309,1960.0,3.0,Northridge,4.0,True,1.0,One,10060.0,False,2.0,Los Angeles Unified,91325,0.0,10060.0,548.5436893203884,1.3333333333333333,65.0,0,515.0,0.2047713717693837,13.937728190688523,13.955272500339433,14.034046555124803,1244253.8054249992
True,False,2025-12-22,2200000.0,33.637786,-117.880605,2747.0,NV - East Bluff - Harbor View,True,2.0,0.04,1964.0,3.0,Newport Beach,3.0,True,2.0,Two,1742.0,False,2.0,Newport Mesa Unified,92660,595.0,1742.0,800.8736803785948,1.0,61.0,0,915.6666666666666,1.5769230769230769,14.603967918328545,15.133214468519324,15.03985221613398,3401925.7154059485
False,False,2025-12-22,925000.0,33.813615000000006,-117.93478,1333.0,79 - Anaheim West of Harbor,False,6.0,0.168,1956.0,2.0,Anaheim,3.0,True,1.0,One,7320.0,False,2.0,Anaheim Union High,92802,0.0,7320.0,693.9234808702175,1.5,69.0,0,444.3333333333333,0.18210382513661202,13.737549016494562,13.815510557964274,13.739042700697002,926382.6902814963
False,False,2025-12-05,905000.0,34.216717,-118.581132,1380.0,WIN - Winnetka,True,2.0,0.1722,1954.0,2.0,Winnetka,3.0,True,1.0,One,7501.0,False,2.0,Fullerton Joint Union High,91306,0.0,7501.0,655.7971014492754,1.5,71.0,0,460.0,0.18397546993734168,13.715690222682063,13.65680576350189,13.630456329390272,831059.2154739733
True,False,2025-12-19,1150000.0,34.14242,-117.594942,2615.0,688 - Rancho Cucamonga,True,2.0,0.3662,2025.0,3.0,Rancho Cucamonga,5.0,False,1.0,One,15953.0,True,2.0,Alta Loma,91737,0.0,15953.0,439.7705544933078,1.6666666666666667,0.0,0,523.0,0.163919012098038,13.955272500339433,13.75893124807979,14.01965405118844,1226474.1315575684
True,False,2025-12-12,1355000.0,33.59792,-117.661505,1889.0,MC - Mission Viejo Central,True,2.0,0.3534,1967.0,3.0,Mission Viejo,4.0,True,2.0,Two,15392.0,False,2.0,Saddleback Valley Unified,92691,179.0,15392.0,717.3107464266808,1.3333333333333333,58.0,0,472.25,0.12272609147609148,14.119312012295937,14.092573789669016,14.073036824591888,1293725.7923476484
False,False,2025-12-08,2250000.0,37.24137232,-121.85682189,3399.0,699 - Not Defined,True,4.0,0.1219,2002.0,5.0,San Jose,5.0,True,1.0,Two,5312.0,False,3.0,San Jose Unified,95123,0.0,5312.0,661.9593998234775,1.0,23.0,0,679.8,0.6398719879518072,14.626440774180603,14.209238987979617,14.576498766976869,2140390.328747698
False,True,2025-12-19,2150000.0,34.26556,-118.594809,4660.0,CHT - Chatsworth,True,3.0,0.4197,1985.0,7.0,Chatsworth,8.0,True,2.0,Two,18284.0,False,3.0,Los Angeles Unified,91311,0.0,18284.0,461.3733905579399,1.1428571428571428,40.0,0,582.5,0.25486764384161015,14.580978400103845,13.944283046980045,14.468818747130388,1921888.2939501086
True,False,2025-12-01,475000.0,34.493155,-117.373773,2383.0,VIC - Victorville,False,2.0,0.2204,2000.0,3.0,Victorville,5.0,True,1.0,One,9600.0,False,2.0,San Bernardino City Unified,92392,0.0,9600.0,199.32857742341585,1.6666666666666667,25.0,0,476.6,0.24822916666666667,13.071070083016778,13.01477816672439,13.17485671428611,526947.7699122848
False,False,2025-12-02,745000.0,32.71854659,-117.04421992,1282.0,91945 - Lemon Grove,True,5.0,0.1882,1960.0,2.0,Lemon Grove,3.0,False,1.0,One,8200.0,False,0.0,Apple Valley Unified,91945,0.0,8200.0,581.1232449297972,1.5,65.0,0,427.3333333333333,0.15634146341463415,13.521139497361697,13.547631112808673,13.504877529329192,732982.8102230403
True,False,2025-12-05,433000.0,33.926541,-116.893423,1661.0,263 - Banning/Beaumont/Cherry Valley,True,2.0,0.29,1978.0,2.0,Banning,3.0,True,1.0,One,12632.0,False,2.0,Banning Unified,92220,0.0,12632.0,260.68633353401566,1.5,47.0,0,553.6666666666666,0.1314914502849905,12.978493006984626,12.994530005894443,12.9881940645686,437220.9989072765
True,False,2025-12-08,1182000.0,32.57759142,-117.03140429,2730.0,92154 - Otay Mesa,True,5.0,0.1349,2003.0,3.0,San Diego,5.0,True,2.0,Two,5878.0,False,3.0,Snowline Joint Unified,92154,55.0,5878.0,432.967032967033,1.6666666666666667,22.0,0,546.0,0.4644436883293637,13.98271847694818,13.579788224443204,13.669319317225321,863992.4568283353
True,False,2025-12-02,730000.0,34.260177,-117.216856,1758.0,287A - Arrowhead Woods,True,1.0,0.34,1969.0,3.0,Lake Arrowhead,3.0,True,2.0,ThreeOrMore,14812.0,False,1.0,Rim of the World,92352,0.0,14812.0,415.24459613196814,1.0,56.0,0,586.0,0.11868755063462058,13.500799813124575,13.412043452518782,13.435388697970266,683778.0789425431
True,False,2025-12-01,2000000.0,37.56981858,-122.01336288,1942.0,VC45 - Mission Oaks,True,2.0,0.1331,1972.0,2.0,Fremont,4.0,True,1.0,One,5800.0,False,2.0,Los Angeles Unified,94536-3534,282.0,5800.0,1029.8661174047377,2.0,53.0,0,485.5,0.33482758620689657,14.508657738524219,13.698976741708323,13.760675710736717,946641.4755083532
True,False,2025-12-10,560000.0,37.99699181,-122.32226804,1372.0,251 - Jurupa Valley,True,2.0,0.1515,1956.0,2.0,San Pablo,3.0,True,1.0,One,6600.0,False,2.0,Anaheim Union High,94806,0.0,6600.0,408.16326530612247,1.5,69.0,0,457.3333333333333,0.20787878787878789,13.235692062711331,13.321214236149494,13.265908449851716,577179.4197063132
False,False,2025-12-09,810000.0,34.20766,-119.19258,1395.0,VC31 - Oxnard - Northwest,False,2.0,0.16,1957.0,2.0,Oxnard,3.0,True,1.0,One,6969.0,False,2.0,Menifee Union,93030,0.0,6969.0,580.6451612903226,1.5,68.0,0,465.0,0.2001721911321567,13.604789526648622,13.617059619240436,13.563307895155244,777087.2354275283
False,False,2025-12-03,440000.0,34.523798,-117.350022,1977.0,VIC - Victorville,True,2.0,0.1338,2004.0,3.0,Victorville,4.0,True,2.0,Two,5828.0,False,2.0,Victor Valley Unified,92394,0.0,5828.0,222.5594334850784,1.3333333333333333,21.0,0,494.25,0.3392244337680165,12.994530005894443,12.948009990259552,13.018871363640304,450841.61188405054
False,False,2025-12-09,1050000.0,32.806989,-116.999559,2436.0,92020 - El Cajon,True,4.0,0.2373,1980.0,3.0,El Cajon,5.0,True,2.0,Two,10336.0,False,2.0,Grossmont Union,92020,100.0,10336.0,431.0344827586207,1.6666666666666667,45.0,0,487.2,0.2356811145510836,13.864300722133706,13.7694117933985,13.888765322633764,1076004.6299625312
False,False,2025-12-19,720000.0,37.76956975,-122.27050097,662.0,C03 - Sunset Strip - Hollywood Hills West,False,0.0,0.0331,1905.0,1.0,Alameda,2.0,True,1.0,One,1440.0,False,0.0,Chaffey Joint Union High,94501,0.0,1440.0,1087.6132930513595,2.0,120.0,0,331.0,0.4597222222222222,13.487006490992238,14.096915897380246,13.639309212016139,838449.1480018214
True,False,2025-12-12,930000.0,34.080086,-118.175079,1888.0,621 - El Sereno,True,2.0,0.1822,2025.0,3.0,Los Angeles,4.0,False,2.0,Two,7938.0,True,2.0,Los Angeles Unified,90032,0.0,7938.0,492.5847457627119,1.3333333333333333,0.0,0,472.0,0.23784328546233308,13.742939865129438,13.6623593784701,13.737281329420902,924752.4225949786
True,False,2025-12-11,5500000.0,33.626144000000004,-117.860633,5272.0,NV - East Bluff - Harbor View,True,3.0,0.2447,1968.0,4.0,Newport Beach,5.0,True,2.0,Two,10660.0,False,3.0,Newport Mesa Unified,92660,850.0,10660.0,1043.247344461305,1.25,57.0,0,1054.4,0.4945590994371482,15.520258650202699,15.133214468519324,15.411971405523017,4935533.870887861
True,False,2025-12-24,645000.0,34.087309999999995,-117.954741,1605.0,608 - Baldwin Pk/Irwindale,True,2.0,0.0379,2002.0,3.0,Baldwin Park,4.0,False,2.0,Two,1653.0,False,2.0,Baldwin Park Unified,91706,0.0,1653.0,401.8691588785047,1.3333333333333333,23.0,0,401.25,0.9709618874773139,13.37700559577791,13.527828485512494,13.399524640503481,659689.5605230756
True,False,2025-12-24,815000.0,34.307417,-118.41467,1164.0,SYL - Sylmar,True,4.0,0.1911,1960.0,2.0,Sylmar,3.0,False,1.0,One,8323.0,False,2.0,Los Angeles Unified,91342,0.0,8323.0,700.171821305842,1.5,65.0,0,388.0,0.13985341823861588,13.610943392223,13.667586227071855,13.593673024062623,801045.4964997566
True,False,2025-12-26,1625000.0,37.23604225,-121.75404162,2179.0,699 - Not Defined,True,2.0,0.09,2006.0,3.0,San Jose,4.0,True,1.0,One,3920.0,False,2.0,Other,95138,0.0,3920.0,745.7549334557136,1.3333333333333333,19.0,0,544.75,0.5558673469387755,14.301018373745976,14.91078394536687,14.776060139285711,2613132.207512356
True,False,2025-12-02,900000.0,37.83777192,-122.18951447,2108.0,N7 - West Bay - Santa Ana Heights,False,2.0,0.1723,1965.0,2.0,Oakland,4.0,True,2.0,One,7504.0,False,2.0,Other,94611,1709.0,7504.0,426.9449715370019,2.0,60.0,0,527.0,0.2809168443496802,13.710150042306449,14.128493142202753,14.060919995421914,1278144.5263314086
True,True,2025-12-11,889000.0,34.04433,-118.132738,1179.0,641 - Monterey Park,True,4.0,0.2869,1953.0,1.0,Monterey Park,3.0,True,1.0,One,12498.0,False,2.0,Montebello Unified,91754,0.0,12498.0,754.0288379983036,3.0,72.0,0,393.0,0.0943350936149784,13.697852514496041,13.764217263576723,13.589148333816368,797429.2012325446
True,False,2025-12-16,770000.0,35.632065000000004,-120.693119,774.0,PRIC - PR Inside City Limit,False,0.0,0.1377,1930.0,1.0,Paso Robles,2.0,False,1.0,One,6000.0,False,0.0,Paso Robles Joint Unified,93446,0.0,6000.0,994.8320413436692,2.0,95.0,0,387.0,0.129,13.554145793829866,13.591116224748411,13.351515604322241,628766.7274410769
True,False,2025-12-23,604000.0,33.698035,-117.145705,1846.0,SRCAR - Southwest Riverside County,True,2.0,0.14,2006.0,3.0,Menifee,4.0,True,2.0,Two,6098.0,False,2.0,Perris Union High,92584,0.0,6098.0,327.19393282773564,1.3333333333333333,19.0,0,461.5,0.3027222040013119,13.311329476916953,13.353475098367715,13.26536646610944,576866.6826013242
True,False,2025-12-29,630000.0,37.350441,-119.699333,1820.0,699 - Not Defined,True,2.0,2.95,1983.0,2.0,Oakhurst,3.0,False,1.0,One,2.95,False,2.0,Yosemite Unified,93644,0.0,128502.0,346.15384615384613,1.5,42.0,0,606.6666666666666,0.01416320368554575,13.353475098367715,13.17115354157376,13.188316585079514,534088.3667619512
False,False,2025-12-15,2375000.0,37.527404100000005,-122.24635168,1652.0,699 - Not Defined,True,2.0,0.1492,1973.0,2.0,Redwood City,4.0,True,1.0,Two,6500.0,False,2.0,Other,94065,98.0,6500.0,1437.6513317191284,2.0,52.0,0,413.0,0.2541538461538462,14.68050799545088,14.748131680958203,14.564462004714969,2114781.3927423847
False,False,2025-12-02,1250000.0,34.22967,-118.848003,2424.0,TOE - Thousand Oaks East,True,3.0,0.254,1998.0,3.0,Thousand Oaks,3.0,True,1.0,One,11064.0,False,3.0,Conejo Valley Unified,91360,170.0,11064.0,515.6765676567657,1.0,27.0,0,808.0,0.21908893709327548,14.038654109278484,13.909911233385758,13.96672101929214,1163241.4496614595
False,False,2025-12-30,1940000.0,33.15350813,-117.30618264,2357.0,92010 - Carlsbad,True,4.0,0.1658,2016.0,4.0,Carlsbad,3.0,False,2.0,Two,10768.0,False,2.0,Placentia-Yorba Linda Unified,92010,342.43,7405.0,823.0801866779805,0.75,9.0,0,785.6666666666666,0.3182984469952735,14.47819853103951,14.187074114396758,14.412756312360834,1817107.1425320471
True,False,2025-12-17,1340000.0,37.12391759,-121.99818782,2216.0,335 - Cathedral City North,False,2.0,4.773,1979.0,3.0,Los Gatos,3.0,True,1.0,One,207912.0,False,2.0,Other,95033,0.0,207912.0,604.6931407942238,1.0,46.0,0,738.6666666666666,0.010658355458078419,14.108180171927094,14.068987125640334,14.092222875575507,1318786.9246847911
False,False,2025-12-10,1900000.0,32.96573793,-117.18939681,2165.0,92130 - Carmel Valley,True,3.0,0.0739,2007.0,3.0,San Diego,4.0,True,2.0,Two,3220.0,False,2.0,Fontana Unified,92130,244.0,3220.0,877.5981524249422,1.3333333333333333,18.0,0,541.25,0.672360248447205,14.457364444136669,14.674172177001793,14.460100254553833,1905205.1567070147
True,False,2025-12-22,913000.0,32.736389,-116.978214,1836.0,91977 - Spring Valley,True,2.0,0.3427,1975.0,2.0,Spring Valley,4.0,True,1.0,One,14929.0,False,2.0,Grossmont Union,91977,0.0,14929.0,497.2766884531591,2.0,50.0,0,459.0,0.12298211534597094,13.724491159577106,13.592367006650065,13.623777233142318,825526.9866965048
True,False,2025-12-04,3050000.0,37.89700708,-122.20029517,3113.0,268 - Redlands,True,2.0,0.3765,1969.0,4.0,Orinda,4.0,True,2.0,Two,16400.0,False,2.0,Moreno Valley Unified,94563,0.0,16400.0,979.7622871827818,1.0,56.0,0,778.25,0.1898170731707317,14.930652148583594,14.408837403242009,14.671030296938468,2352596.799125173
True,False,2025-12-22,1080000.0,34.01187,-117.753928,2121.0,682 - Chino Hills,True,3.0,0.1822,1987.0,3.0,Chino Hills,4.0,True,2.0,Two,7936.0,False,3.0,Chino Valley Unified,91709,0.0,7936.0,509.1937765205092,1.3333333333333333,38.0,0,530.25,0.2672631048387097,13.892471599100402,13.901688254205327,13.901213466063474,1089482.6037618998
True,True,2025-12-10,1110000.0,33.814626000000004,-117.848799,1593.0,"72 - Orange & Garden Grove, E of Harbor, N of 22 F",True,5.0,0.1781,1964.0,2.0,Orange,3.0,True,1.0,One,7756.0,False,2.0,Orange Unified,92867,0.0,7756.0,696.7984934086629,1.5,61.0,0,531.0,0.2053893759669933,13.919870573288517,14.026983356405268,13.93397843871867,1125770.7146152041
True,False,2025-12-24,550000.0,33.678524,-117.161082,1843.0,SRCAR - Southwest Riverside County,True,2.0,0.09,1998.0,3.0,Menifee,4.0,True,2.0,Two,3920.0,False,2.0,Menifee Union,92584,100.0,3920.0,298.4264785675529,1.3333333333333333,27.0,0,460.75,0.4701530612244898,13.217673557208654,13.353475098367715,13.293108032547924,593093.9116943369
False,False,2025-12-22,969990.0,34.2219,-119.090671,2038.0,699 - Not Defined,True,2.0,0.07,2025.0,3.0,Camarillo,4.0,False,2.0,Two,3051.0,True,2.0,Other,93010,297.0,3051.0,475.95191364082433,1.3333333333333333,0.0,0,509.5,0.6679777122254998,13.785041041148075,13.790192749979985,13.803363218086579,987926.1412211207
True,False,2025-12-15,610000.0,34.036221999999995,-117.310565,1457.0,266 - Grand Terrace,True,2.0,0.2652,1954.0,2.0,Grand Terrace,4.0,False,1.0,One,11550.0,False,2.0,ABC Unified,92313,0.0,11550.0,418.6684969114619,2.0,71.0,0,364.25,0.12614718614718615,13.321214236149494,13.334243736439827,13.300850383991994,597703.6753759763
False,False,2025-12-15,785000.0,32.73890251,-117.0776767,1543.0,92105 - East San Diego,True,2.0,0.1785,1956.0,2.0,San Diego,3.0,False,1.0,One,10000.0,False,1.0,Yosemite Unified,92105,0.0,5650.0,508.749189889825,1.5,69.0,0,514.3333333333334,0.27309734513274336,13.573438996764546,13.422467969854667,13.40109423704018,660725.8200144767
False,True,2025-12-09,675000.0,33.933469,-117.436799,1428.0,252 - Riverside,True,2.0,0.16,1959.0,2.0,Riverside,4.0,True,1.0,One,6970.0,False,2.0,Riverside Unified,92503,0.0,6970.0,472.6890756302521,2.0,66.0,0,357.0,0.2048780487804878,13.422467969854667,13.399995114002609,13.373792347260858,642930.7809444172
False,True,2025-12-09,2300000.0,34.139187,-118.392777,1946.0,STUD - Studio City,True,2.0,0.1064,1964.0,3.0,Studio City,3.0,True,1.0,MultiSplit,4635.0,False,1.0,Los Angeles Unified,91604,23.0,4635.0,1181.9116135662898,1.0,61.0,0,648.6666666666666,0.419848975188781,14.648419680899378,14.603967918328545,14.481813252071218,1947025.2483084737
False,True,2025-12-02,760000.0,33.694753000000006,-116.266875,2591.0,314 - Indio South of East Valley,True,3.0,0.19,1998.0,3.0,Indio,4.0,True,2.0,Two,8276.0,False,3.0,Desert Sands Unified,92201,0.0,8276.0,293.3230412967966,1.3333333333333333,27.0,0,647.75,0.31307394876752054,13.541073712262515,13.235692062711331,13.394900473028759,656646.087701102
False,False,2025-12-15,4300000.0,33.640397,-117.909403,3271.0,C5 - East Costa Mesa,False,4.0,0.1465,2025.0,5.0,Costa Mesa,5.0,True,2.0,Two,6381.0,True,3.0,Newport Mesa Unified,92627,0.0,6381.0,1314.582696423112,1.0,0.0,0,654.2,0.5126155774956903,15.27412558066379,14.375126345899696,14.845532542781593,2801127.4162966795
True,False,2025-12-17,440000.0,34.523494,-117.386484,2114.0,VIC - Victorville,True,3.0,0.1705,2006.0,2.0,Victorville,3.0,True,1.0,One,7429.0,False,3.0,Victor Valley Union High,92394,0.0,7429.0,208.13623462630085,1.5,19.0,0,704.6666666666666,0.2845605061246467,12.994530005894443,12.948009990259552,13.009883319928894,446807.58393662854
True,False,2025-12-10,2100000.0,33.956431,-117.780409,4224.0,682 - Chino Hills,True,3.0,0.2019999999999999,2019.0,6.0,Chino Hills,5.0,True,2.0,Two,8800.0,False,3.0,Chino Valley Unified,91709,520.0,8800.0,497.1590909090909,0.8333333333333334,6.0,0,844.8,0.48,14.557447902693651,13.901688254205327,14.536738266808618,2056957.005392272
False,False,2025-12-04,710000.0,34.020745,-118.201898,1358.0,BOYH - Boyle Heights,False,3.0,0.1119,1911.0,1.0,Los Angeles,3.0,False,1.0,One,4874.0,False,1.0,Los Angeles Unified,90023,0.0,4874.0,522.8276877761414,3.0,114.0,0,452.6666666666667,0.278621255642183,13.473020249017498,13.433511097198327,13.315669413351532,606627.0180287822
False,False,2025-12-05,1875000.0,37.66534014,-121.89991612,2310.0,SRCAR - Southwest Riverside County,False,4.0,0.2055,1973.0,3.0,Pleasanton,5.0,True,2.0,Two,8950.0,False,4.0,Perris Union High,94566,435.0,8950.0,811.6883116883117,1.6666666666666667,52.0,0,462.0,0.2581005586592179,14.444119217386648,14.430696197054507,14.380364953960619,1759191.618730133
False,False,2025-12-09,560000.0,34.151641999999995,-117.263236,1394.0,274 - San Bernardino,True,1.0,0.175,1954.0,2.0,San Bernardino,3.0,True,1.0,One,7623.0,False,1.0,San Bernardino City Unified,92404,0.0,7623.0,401.7216642754663,1.5,71.0,0,464.6666666666667,0.18286763741309195,13.235692062711331,13.142166004700508,13.113139470091683,495409.25121287233
True,True,2025-12-01,1025000.0,34.272074,-118.53365,1909.0,PORA - Porter Ranch,True,0.0,0.2379,1959.0,2.0,Porter Ranch,3.0,True,1.0,One,10362.0,False,0.0,Los Angeles Unified,91326,0.0,10362.0,536.9303300157151,1.5,66.0,0,636.3333333333334,0.18423084346651225,13.840203170554645,14.126664986601197,14.03399022727283,1244183.7212546933
True,False,2025-12-19,790000.0,34.425521,-118.478752,1809.0,CAN1 - Canyon Country 1,True,2.0,0.1393,1965.0,2.0,Canyon Country,5.0,True,1.0,One,6067.0,False,2.0,William S. Hart Union,91351,0.0,6067.0,436.7053620784964,2.5,60.0,0,361.8,0.2981704301961431,13.579788224443204,13.527828485512494,13.536383714708846,756443.94731667
True,False,2025-12-11,495000.0,35.656405,-120.368492,1378.0,SHDN - Shandon,True,2.0,0.1947,2001.0,2.0,Shandon,3.0,False,1.0,One,8480.0,False,2.0,Shandon Joint Unified,93461,217.0,8480.0,359.21625544267056,1.5,24.0,0,459.3333333333333,0.1625,13.112313041550827,13.071070083016778,12.999431336564914,442161.87920953677
True,True,2025-12-18,970000.0,32.780241,-116.921499,2098.0,92019 - El Cajon,True,5.0,0.2264,1975.0,2.0,El Cajon,4.0,True,1.0,One,9862.0,False,3.0,Cajon Valley Union,92019,0.0,9862.0,462.3450905624404,2.0,50.0,0,524.5,0.2127357533968769,13.785051350479566,13.773646353865574,13.82387805891808,1008402.6063363726
False,False,2025-12-11,425000.0,33.675299,-116.312112,1260.0,313 - La Quinta South of HWY 111,True,2.0,0.12,1975.0,2.0,La Quinta,3.0,False,1.0,One,5227.0,False,2.0,Corona-Norco Unified,92253,0.0,5227.0,337.3015873015873,1.5,50.0,0,420.0,0.24105605509852687,12.959844447906553,13.545013310266594,13.316316441655498,607019.6498876625
True,False,2025-12-03,1300000.0,33.211484000000006,-117.215791,2511.0,92084 - Vista,True,8.0,0.59,1976.0,3.0,Vista,4.0,True,1.0,MultiSplit,0.59,False,2.0,Vista Unified,92084,0.0,25700.4,517.7220230983672,1.3333333333333333,49.0,0,627.75,0.09770275949012466,14.077874822431765,13.773646353865574,13.99046279354231,1191189.3187842616
False,False,2025-12-31,1767500.0,32.64039677,-116.93787945,4311.0,91915 - Chula Vista,True,6.0,0.2264,2006.0,5.0,Chula Vista,5.0,False,2.0,Two,9861.0,False,3.0,Palm Springs Unified,91915,0.0,9861.0,409.9976803525864,1.0,19.0,0,862.2,0.4371767569212047,14.385076676752865,13.72940414664144,14.165949340104707,1419690.3467160016
False,False,2025-12-11,710000.0,37.67558508,-122.11280492,1182.0,C06 - Brentwood,True,2.0,0.1148,1952.0,2.0,Hayward,3.0,False,1.0,One,5000.0,False,2.0,Los Angeles Unified,94541,0.0,5000.0,600.6768189509306,1.5,73.0,0,394.0,0.2364,13.473020249017498,13.647074399642998,13.562821490574462,776709.3485469546
False,False,2025-12-02,745000.0,32.572465,-117.056472,1110.0,92154 - Otay Mesa,True,2.0,0.1194,1969.0,2.0,San Diego,3.0,False,1.0,One,5200.0,False,1.0,Sweetwater Union,92154,0.0,5200.0,671.1711711711712,1.5,56.0,0,370.0,0.21346153846153845,13.521139497361697,13.579788224443204,13.469375786837002,707417.1412761322
True,False,2025-12-19,720000.0,34.242847999999995,-118.413755,1170.0,PAC - Pacoima,True,6.0,0.2403,1954.0,2.0,Pacoima,4.0,False,1.0,One,10469.0,False,0.0,Los Angeles Unified,91331,0.0,10469.0,615.3846153846154,2.0,71.0,0,292.5,0.11175852516954819,13.487006490992238,13.541073712262515,13.489895690401804,722083.231561443
True,False,2025-12-12,750000.0,34.31743,-118.427594,1120.0,SYL - Sylmar,False,0.0,0.1479,1971.0,2.0,Sylmar,3.0,False,1.0,One,6444.0,False,0.0,Los Angeles Unified,91342,0.0,6444.0,669.6428571428571,1.5,54.0,0,373.3333333333333,0.17380509000620734,13.527828485512494,13.667586227071855,13.538056843764442,757710.6350343752
True,False,2025-12-05,1297000.0,35.139518,-120.586739,2145.0,AG-East of Hwy 101,True,3.0,0.2541,1997.0,2.0,Arroyo Grande,3.0,True,1.0,One,11070.0,False,3.0,Lucia Mar Unified,93420,33.0,11070.0,604.6620046620046,1.5,28.0,0,715.0,0.1937669376693767,14.075564463298582,13.953093847654955,13.944942301550865,1138181.4206297854
True,False,2025-12-16,690000.0,37.9354286,-121.70404631,2305.0,699 - Not Defined,True,2.0,0.0739,2014.0,3.0,Brentwood,5.0,False,2.0,Two,3218.0,False,2.0,Oakland,94513,105.0,3218.0,299.3492407809111,1.6666666666666667,11.0,0,461.0,0.716283405842138,13.444446876573442,13.591116224748411,13.586449050979523,795279.6167494879
True,False,2025-12-02,550000.0,33.727367,-116.261829,2020.0,699 - Not Defined,True,4.0,0.15,1999.0,2.0,Indio,2.0,False,1.0,One,6534.0,False,2.0,Moorpark Unified,92201,600.0,6534.0,272.2772277227723,1.0,26.0,0,1010.0,0.30915212733394554,13.217673557208654,13.235692062711331,13.16414274535259,521332.2040917868
True,False,2025-12-12,360000.0,34.732413,-117.349685,1776.0,HNDL - Helendale,True,2.0,0.1969999999999999,1978.0,2.0,Helendale,3.0,True,2.0,Two,8580.0,False,2.0,Victor Valley Union High,92342,235.0,8580.0,202.7027027027027,1.5,47.0,0,592.0,0.206993006993007,12.793859310432293,12.86099861326992,12.862015618660784,385391.74624573893
True,False,2025-12-17,2039020.0,32.73527125,-117.2340709,2704.0,92107 - Ocean Beach,False,4.0,0.2456,1952.0,3.0,San Diego,4.0,True,2.0,Two,10700.0,False,2.0,Hemet Unified,92107,0.0,10700.0,754.0754437869823,1.3333333333333333,73.0,0,676.0,0.25271028037383175,14.527979858238256,14.403297222866392,14.60907201812326,2211257.7253849325
False,False,2025-12-05,1103000.0,34.176332,-118.608908,2481.0,WHLL - Woodland Hills,True,2.0,0.432,1962.0,2.0,Woodland Hills,4.0,True,1.0,One,18819.0,False,2.0,Hacienda La Puente Unified,91367,0.0,18819.0,444.5787988714228,2.0,63.0,0,620.25,0.13183484776024232,13.913544298235639,14.130321297804308,14.224509966084511,1505310.8295222793
True,False,2025-12-12,330000.0,37.354042,-120.605713,1893.0,686 - Ontario,True,0.0,0.179,1951.0,2.0,Atwater,4.0,True,1.0,One,7798.0,False,0.0,Merced Union,95301,0.0,7798.0,174.32646592709983,2.0,74.0,0,473.25,0.242754552449346,12.706847933442663,13.038981768465277,13.037971366687094,459535.44991267455
True,True,2025-12-19,940000.0,34.035384,-117.767007,2128.0,687 - Pomona,True,2.0,0.2311,1979.0,3.0,Pomona,4.0,True,2.0,Two,10067.0,False,2.0,Pomona Unified,91766,213.0,10067.0,441.7293233082707,1.3333333333333333,46.0,0,532.0,0.21138372901559552,13.753635154246187,13.449504179573367,13.543531786635132,761870.4344148564
False,False,2025-12-17,1200000.0,32.806141,-117.017381,1758.0,92119 - San Carlos,True,2.0,0.1446,1962.0,3.0,San Diego,5.0,True,2.0,Two,6300.0,False,2.0,San Diego Unified,92119,0.0,6300.0,682.5938566552901,1.6666666666666667,63.0,0,351.6,0.27904761904761904,13.997832114758229,13.8878312195439,13.837349819506755,1022079.4837863875
True,True,2025-12-15,915000.0,33.154317,-117.14756,1927.0,92069 - San Marcos,True,3.0,0.48,1979.0,3.0,San Marcos,3.0,True,2.0,Two,0.48,False,3.0,San Marcos Unified,92069,0.0,20908.8,474.83134405812143,1.0,46.0,0,642.3333333333334,0.09216215182124274,13.726679344257658,13.859515996625632,13.82017299351317,1004673.3216134689
True,False,2025-12-23,1100000.0,37.83748693,-122.21649046,3044.0,321 - Rancho Mirage,True,4.0,0.1698,1924.0,4.0,Oakland,3.0,True,2.0,ThreeOrMore,7398.0,False,2.0,Vista Unified,94611,0.0,7398.0,361.3666228646518,0.75,101.0,0,1014.6666666666666,0.4114625574479589,13.9108207377686,14.128493142202753,14.578713970585511,2145136.9845913835
True,False,2025-12-12,407000.0,32.688321,-115.476613,1320.0,CALX - Calexico,True,2.0,0.1604,2001.0,2.0,Calexico,3.0,True,1.0,One,6989.0,False,2.0,Other,92231,0.0,6989.0,308.3333333333333,1.5,24.0,0,440.0,0.18886822149091428,12.916568464424731,13.005829561148378,12.905526163122717,402530.505536941
True,True,2025-12-15,815000.0,34.115726,-116.341514,1792.0,DC615 - Upper Friendly Hills,True,10.0,2.28,2000.0,3.0,Joshua Tree,3.0,False,1.0,Two,99317.0,False,2.0,Other,92252,0.0,99317.0,454.7991071428572,1.0,25.0,0,597.3333333333334,0.01804323529707905,13.610943392223,12.871334622600584,13.089670872827517,483918.05950729985
True,True,2025-12-23,305000.0,33.976281,-116.529884,1595.0,341 - Mission Lakes,False,6.0,0.21,1980.0,2.0,Desert Hot Springs,3.0,True,1.0,One,9148.0,False,2.0,Moreno Valley Unified,92240,465.0,9148.0,191.22257053291537,1.5,45.0,0,531.6666666666666,0.17435505028421514,12.628067055589549,12.911642346088676,12.917267665778423,407284.67446173914
True,False,2025-12-09,810000.0,34.12947,-118.003344,1359.0,639 - Monrovia,True,2.0,0.1412,1950.0,3.0,Monrovia,3.0,False,1.0,One,6150.0,False,2.0,Monrovia Unified,91016,0.0,6150.0,596.0264900662252,1.0,75.0,0,453.0,0.22097560975609756,13.604789526648622,13.819990428650009,13.836546013754706,1021258.2605144794
True,True,2025-12-12,950000.0,34.212913,-118.584456,1704.0,WIN - Winnetka,True,2.0,0.1934,1959.0,2.0,Winnetka,4.0,True,1.0,One,8425.0,False,2.0,Los Angeles Unified,91306,0.0,8425.0,557.5117370892019,2.0,66.0,0,426.0,0.2022551928783383,13.764217263576723,13.65680576350189,13.68877825816006,880969.4767347449
True,False,2025-12-12,385000.0,36.908987,-119.817184,1341.0,VC32 - Oxnard - Port Hueneme Beaches,True,4.0,0.11,2024.0,2.0,Madera,3.0,False,1.0,One,4791.0,False,2.0,Golden Valley Unified,93636,124.0,4791.0,287.0991797166294,1.5,1.0,0,447.0,0.2798998121477771,12.86099861326992,13.304684934198283,13.203216897469343,542106.0348105474
False,False,2025-12-29,1375000.0,34.174831,-118.111238,2284.0,646 - Pasadena (NE),False,1.0,0.1736,1948.0,2.0,Pasadena,3.0,True,1.0,One,7564.0,False,1.0,Other,91104,0.0,7564.0,602.0140105078809,1.5,77.0,0,761.3333333333334,0.30195663670015865,14.133964289082808,14.119305204063423,14.26358320047966,1565292.3983007756
False,True,2025-12-08,1990200.0,33.874984000000005,-117.776173,3850.0,85 - Yorba Linda,True,5.0,0.2204,1989.0,3.0,Yorba Linda,4.0,True,2.0,Two,9600.0,False,3.0,Placentia-Yorba Linda Unified,92887,124.0,9600.0,516.9350649350649,1.3333333333333333,36.0,0,962.5,0.4010416666666667,14.503745694163198,14.31598272370925,14.61073740973623,2214943.403651877
True,True,2025-12-03,1480000.0,34.182191,-118.780764,2382.0,AGOA - Agoura,True,2.0,0.1159999999999999,1990.0,4.0,Oak Park,4.0,True,2.0,Two,5052.0,False,2.0,Oak Park Unified,91377,110.0,5052.0,621.326616288833,1.0,35.0,0,595.5,0.47149643705463185,14.207552645740298,14.08550855849716,14.232202744362437,1516935.5076811141
True,False,2025-12-01,665000.0,33.796989,-116.292557,2200.0,307 - Sun City,True,6.0,0.17,2003.0,2.0,Palm Desert,2.0,False,1.0,One,7405.0,False,3.0,Fresno Unified,92211,398.0,7405.0,302.27272727272725,1.0,22.0,0,1100.0,0.2970965563808238,13.407542319637992,13.226723392728571,13.197020316575356,538757.2172377638
True,True,2025-12-01,750000.0,33.752624,-116.344834,2294.0,324 - East Palm Desert,True,3.0,0.08,1984.0,3.0,Palm Desert,2.0,True,1.0,One,3485.0,False,3.0,Desert Sands Unified,92211,1887.0,3485.0,326.93984306887535,0.6666666666666666,41.0,0,1147.0,0.6582496413199426,13.527828485512494,13.226723392728571,13.234726409609918,559459.495275241
False,False,2025-12-19,410000.0,34.867971000000004,-118.187199,1349.0,ROSA - Rosamond,True,2.0,0.18,1990.0,2.0,Rosamond,3.0,True,1.0,One,7840.0,False,2.0,Kern Union,93560,0.0,7840.0,303.9288361749444,1.5,35.0,0,449.6666666666667,0.17206632653061224,12.92391243868049,13.005829561148378,12.920751095237815,408705.89582016744
True,False,2025-12-09,540000.0,33.6882,-116.963127,2428.0,SRCAR - Southwest Riverside County,True,6.0,0.16,2022.0,4.0,Hemet,4.0,False,2.0,Two,6969.0,False,4.0,Walnut Valley Unified,92543,194.0,6969.0,222.4052718286656,1.0,3.0,0,607.0,0.34840005739704405,13.199324418540456,12.919503857231216,13.212513129698307,547169.0755418292
True,False,2025-12-19,1250000.0,34.134353000000004,-118.232024,2054.0,623 - Glassel Park,True,2.0,0.1378,1939.0,2.0,Los Angeles,3.0,True,2.0,Two,6001.0,False,3.0,Los Angeles Unified,90065,0.0,6001.0,608.56864654333,1.5,86.0,0,684.6666666666666,0.34227628728545245,14.038654109278484,14.050977780915009,14.16871812511868,1423626.6108924306
True,False,2025-12-31,735000.0,33.618806,-117.112594,2293.0,SRCAR - Southwest Riverside County,True,8.0,0.2,2020.0,3.0,Winchester,3.0,False,1.0,One,8712.0,False,3.0,Menifee Union,92596,39.0,8712.0,320.54077627562145,1.0,5.0,0,764.3333333333334,0.26320018365472914,13.507625778194974,13.337474757021274,13.417779142922589,671842.4502080173
True,True,2025-12-18,950000.0,33.783606,-116.368214,2694.0,322 - North Palm Desert,True,2.0,0.1612,2025.0,4.0,Palm Desert,4.0,False,2.0,Two,7022.0,True,2.0,Desert Sands Unified,92211,250.0,7022.0,352.6354862657758,1.0,0.0,0,673.5,0.3836513813728283,13.764217263576723,13.226723392728571,13.448486440138495,692792.9361835662
True,False,2025-12-03,879000.0,33.740863,-117.209385,1629.0,SRCAR - Southwest Riverside County,True,17.0,1.01,1983.0,3.0,Menifee,3.0,True,1.0,One,43996.0,False,7.0,Perris Union High,92585,0.0,43996.0,539.5948434622468,1.0,42.0,0,543.0,0.03702609328120738,13.686540176667314,13.304684934198283,13.35481320927151,630843.5741413981
True,True,2025-12-03,2250000.0,33.671224,-117.944356,2130.0,C1 - Mesa Verde,True,2.0,0.2366,1968.0,3.0,Costa Mesa,4.0,True,2.0,MultiSplit,10307.0,False,2.0,Newport Mesa Unified,92626,0.0,10307.0,1056.338028169014,1.3333333333333333,57.0,0,532.5,0.2066556709032696,14.626440774180603,14.28551418721001,14.289416478053022,1606255.8635096415
True,True,2025-12-03,1390000.0,34.286568,-118.544923,3210.0,PORA - Porter Ranch,True,3.0,0.1869,1978.0,3.0,Porter Ranch,4.0,True,2.0,Two,8141.0,False,3.0,Los Angeles Unified,91326,0.0,8141.0,433.0218068535826,1.3333333333333333,47.0,0,802.5,0.3943004544896204,14.144814305106875,14.126664986601197,14.277284265083665,1586886.1615508306
False,False,2025-12-03,1335000.0,33.902031,-117.911986,2167.0,83 - Fullerton,True,2.0,0.1927,1965.0,2.0,Fullerton,4.0,True,1.0,One,8395.0,False,2.0,Fullerton Joint Union High,92835,0.0,8395.0,616.0590678357175,2.0,60.0,0,541.75,0.25812983918999405,14.104441849816487,14.145874202616191,14.152094021185507,1400155.7259002982
False,False,2025-12-04,990000.0,34.269038,-119.263788,1392.0,699 - Not Defined,False,4.0,0.13,1929.0,2.0,Ventura,3.0,True,1.0,One,5662.0,False,2.0,Temecula Unified,93003,0.0,5662.0,711.2068965517242,1.5,96.0,0,464.0,0.2458495231367008,13.805460222110773,13.825460888817442,13.818861745724893,1003356.8092681445
True,False,2025-12-01,442000.0,34.482827,-117.345627,2573.0,VIC - Victorville,True,2.0,0.1722,1989.0,3.0,Victorville,4.0,True,2.0,Two,7500.0,False,2.0,Victor Valley Unified,92392,0.0,7500.0,171.7839098328799,1.3333333333333333,36.0,0,643.25,0.3430666666666667,12.999065161059836,13.01477816672439,13.12934797181011,503504.5217873254
False,False,2025-12-12,719000.0,37.97326365,-122.02715992,1142.0,17 - Northwest Huntington Beach,True,1.0,0.1435,1947.0,2.0,Concord,3.0,True,1.0,One,6250.0,False,1.0,Oroville Union,94518,0.0,6250.0,629.5971978984238,1.5,78.0,0,380.6666666666667,0.18272,13.485616636703183,13.753635154246187,13.635984432720889,835666.1186772332
True,False,2025-12-08,1510000.0,33.093931,-117.211196,2412.0,92078 - San Marcos,True,2.0,0.1396,2010.0,3.0,San Marcos,3.0,True,1.0,One,6082.0,True,2.0,San Marcos Unified,92078,100.0,6082.0,626.0364842454395,1.0,15.0,0,804.0,0.3965800723446235,14.227620208791107,14.075178214680975,14.122769288496215,1359692.716585817
False,False,2025-12-01,1365000.0,37.71510113,-121.73307145,2202.0,SRCAR - Southwest Riverside County,True,2.0,0.3831,1996.0,3.0,Livermore,4.0,True,2.0,Two,16690.0,False,2.0,Livermore Valley,94551,0.0,16690.0,619.8910081743869,1.3333333333333333,29.0,0,550.5,0.13193529059316955,14.126664986601197,13.87377946608825,14.09102438405107,1317207.3164956074
False,False,2025-12-15,1200000.0,37.93772448,-122.30883227,2035.0,ORCT - Orcutt,True,2.0,0.1148,1947.0,2.0,El Cerrito,3.0,True,1.0,One,5000.0,False,2.0,Capistrano Unified,94530,110.0,5000.0,589.6805896805897,1.5,78.0,0,678.3333333333334,0.407,13.997832114758229,14.137594057133388,14.186311656457374,1448894.8573538251
True,False,2025-12-09,725000.0,34.125195,-117.572908,1607.0,688 - Rancho Cucamonga,True,2.0,0.1001,1985.0,3.0,Rancho Cucamonga,3.0,True,2.0,Two,4360.0,False,2.0,Cucamonga,91701,0.0,4360.0,451.1512134411948,1.0,40.0,0,535.6666666666666,0.3685779816513762,13.493926933836812,13.654166717138976,13.582774030354278,792362.3116167351
False,False,2025-12-12,872000.0,33.362609,-117.237885,3234.0,92028 - Fallbrook,True,6.0,0.7,1988.0,4.0,Fallbrook,4.0,True,1.0,"Two,One",30492.0,False,3.0,Fallbrook Union Elementary,92028,0.0,30492.0,269.63512677798394,1.0,37.0,0,808.5,0.10606060606060606,13.678544702891116,13.681979165339751,14.165298311612084,1418766.3886437374
True,False,2025-12-05,2000000.0,33.154418,-117.296612,3167.0,92010 - Carlsbad,True,6.5,0.1788,2011.0,5.0,Carlsbad,4.0,True,2.0,Two,7789.0,False,2.5,Carlsbad Unified,92010,240.0,7789.0,631.5124723713293,0.8,14.0,0,791.75,0.40659904994222623,14.508657738524219,14.187074114396758,14.585941723949842,2160697.6723138895
False,False,2025-12-03,430000.0,39.773738,-121.859219,1356.0,SO - Sherman Oaks,True,6.0,0.27,1980.0,2.0,Chico,3.0,True,1.0,One,11761.0,False,2.0,Chico Unified,95973,0.0,11761.0,317.10914454277287,1.5,45.0,0,452.0,0.11529631834027719,12.971540487669746,13.151922179645874,13.08196686320926,480204.27401029394
True,False,2025-12-03,800000.0,34.072685,-118.077169,826.0,651 - Rosemead/S. San Gabriel,False,2.0,0.1132,1953.0,1.0,Rosemead,2.0,False,1.0,One,4932.0,False,2.0,El Monte Union High,91770,0.0,4932.0,968.5230024213076,2.0,72.0,0,413.0,0.16747769667477697,13.592367006650065,13.726664413759128,13.408318633581327,665516.4492097427
True,True,2025-12-03,834000.0,34.154337,-117.488065,2394.0,264 - Fontana,True,3.0,0.1896,1996.0,3.0,Fontana,3.0,True,2.0,Two,8260.0,False,3.0,Etiwanda,92336,0.0,8260.0,348.37092731829574,1.0,29.0,0,798.0,0.28983050847457625,13.633988681340885,13.487006490992238,13.554370288435202,770172.8802507237
True,False,2025-12-15,3550000.0,33.629583000000004,-117.951619,2562.0,N8 - West Newport - Lido,True,2.0,0.0585,1964.0,3.0,Newport Beach,4.0,True,2.0,Two,2550.0,False,2.0,Newport Mesa Unified,92663,58.0,2550.0,1385.6362217017954,1.3333333333333333,61.0,0,640.5,1.0047058823529411,15.082458161451598,15.327852605716153,15.25675749043377,4225962.022273466
True,False,2025-12-15,1260000.0,33.870069,-118.384573,1140.0,154 - N Redondo Bch/Golden Hills,True,2.0,0.0575,1963.0,2.0,Redondo Beach,3.0,False,2.0,Two,2503.0,False,2.0,Redondo Unified,90278,0.0,2503.0,1105.2631578947369,1.5,62.0,0,380.0,0.4554534558529764,14.04662227892766,14.253765488895429,13.921473021296292,1111780.1432011663
False,True,2025-12-01,1550000.0,33.61423,-117.682473,2415.0,MC - Mission Viejo Central,True,6.0,0.1612,1976.0,3.0,Mission Viejo,4.0,True,2.0,Two,7021.0,False,3.0,Saddleback Valley Unified,92691,0.0,7021.0,641.8219461697722,1.3333333333333333,49.0,0,603.75,0.3439680957128614,14.253765488895429,14.092573789669016,14.2101159065174,1483798.4921332886
True,False,2025-12-05,700000.0,33.871681,-117.59593,1312.0,248 - Corona,True,4.0,0.14,1974.0,2.0,Corona,4.0,True,1.0,One,6098.0,False,2.0,Corona-Norco Unified,92882,80.0,6098.0,533.5365853658536,2.0,51.0,0,328.0,0.2151525090193506,13.458835614025542,13.623138665316818,13.461862512928839,702122.0392111912
True,False,2025-12-09,2315000.0,37.67194488,-121.71656259,4002.0,C03 - Sunset Strip - Hollywood Hills West,True,8.0,0.2796,2004.0,4.0,Livermore,5.0,True,2.0,Two,12180.0,False,3.0,Livermore Valley,94550,380.0,12180.0,578.4607696151924,1.25,21.0,0,800.4,0.32857142857142857,14.654920245502472,14.077490059042251,14.602987153928005,2197843.376061677
True,False,2025-12-19,900000.0,34.072534999999995,-117.81529,1856.0,689 - San Dimas,True,2.0,0.0859,1991.0,3.0,San Dimas,3.0,True,2.0,Two,3741.0,False,2.0,Bonita Unified,91773,486.0,3741.0,484.91379310344826,1.0,34.0,0,618.6666666666666,0.49612403100775193,13.710150042306449,13.785051350479566,13.695097956350592,886554.5673980867
False,False,2025-12-12,570000.0,34.618122,-118.208621,1756.0,PLM - Palmdale,True,3.0,0.2011,1990.0,3.0,Palmdale,3.0,True,2.0,Two,8759.0,False,3.0,Antelope Valley Union,93551,0.0,8759.0,324.60136674259684,1.0,35.0,0,585.3333333333334,0.2004795067930129,13.253391639810733,13.345506928718539,13.329525466255914,615090.977200848
False,False,2025-12-16,1434000.0,33.849865,-118.35557,1785.0,131 - West Torrance,True,2.0,0.1314,1955.0,2.0,Torrance,3.0,False,1.0,One,5725.0,False,2.0,Torrance Unified,90503,0.0,5725.0,803.3613445378152,1.5,70.0,0,595.0,0.31179039301310046,14.175978300141702,14.148404973237604,14.101690141203647,1331331.5186125552
False,False,2025-12-16,490000.0,36.860128,-119.745344,1818.0,FSNO - Fresno,True,3.0,0.1637,1994.0,2.0,Fresno,4.0,True,1.0,One,7130.0,False,3.0,Clovis Unified,93720,0.0,7130.0,269.5269526952696,2.0,31.0,0,454.5,0.2549789621318373,13.102160670086809,13.253237722616966,13.245200489947438,565350.1145309024
True,True,2025-12-09,1475000.0,34.457840999999995,-119.2407,2543.0,VC11 - Ojai,True,2.0,0.316,1991.0,3.0,Ojai,3.0,True,1.0,"Two,One",13764.0,False,2.0,Garden Grove Unified,93023,181.0,13764.0,580.0235941801022,1.0,34.0,0,847.6666666666666,0.18475733798314445,14.204168547756057,13.983564142960525,14.167295261888754,1421602.425345743
True,False,2025-12-17,780000.0,33.582068,-117.108312,3677.0,SRCAR - Southwest Riverside County,True,3.0,0.17,2006.0,3.0,Murrieta,5.0,True,2.0,Two,7405.0,False,3.0,Temecula Unified,92563,0.0,7405.0,212.12945335871635,1.6666666666666667,19.0,0,735.4,0.49655638082376774,13.567049198665774,13.458835614025542,13.584688471837689,793880.6958611273
True,False,2025-12-04,785000.0,33.93228,-118.089292,1215.0,M2 - Santa Fe Springs,False,2.0,0.1642,1952.0,2.0,Santa Fe Springs,3.0,False,1.0,One,7152.0,False,2.0,Whittier Union High,90670,0.0,7152.0,646.0905349794239,1.5,73.0,0,405.0,0.16988255033557048,13.573438996764546,13.591116224748411,13.52179132259863,745485.7681022709
True,False,2025-12-04,628000.0,33.904149,-117.850842,928.0,84 - Placentia,False,2.0,0.0297,1971.0,2.0,Placentia,2.0,False,2.0,Two,1294.0,False,2.0,Placentia-Yorba Linda Unified,92870,310.0,1294.0,676.7241379310345,1.0,54.0,0,464.0,0.7171561051004637,13.350295445450335,13.980176819817759,13.313840223724283,605518.396428475
True,False,2025-12-26,2252300.0,33.86503,-118.37661,3071.0,152 - N Redondo Bch/Villas South,True,4.0,0.1148,1988.0,3.0,Redondo Beach,4.0,True,2.0,Two,5002.0,False,2.0,Redondo Unified,90278,0.0,5002.0,733.4093129273853,1.3333333333333333,37.0,0,767.75,0.6139544182327069,14.62746247428947,14.253765488895429,14.423979756973393,1837616.2198618208
False,True,2025-12-12,700000.0,34.279238,-118.746962,1205.0,SVC - Central Simi,True,4.0,0.14,1968.0,2.0,Simi Valley,3.0,False,1.0,One,6098.0,False,2.0,Val Verde,93065,0.0,6098.0,580.9128630705394,1.5,57.0,0,401.6666666666667,0.1976057723843883,13.458835614025542,13.676248490630767,13.560252524685112,774716.5695112409
True,False,2025-12-12,310000.0,33.727018,-116.966792,1219.0,SRCAR - Southwest Riverside County,True,1.0,0.08,1962.0,2.0,Hemet,2.0,False,1.0,One,3485.0,False,1.0,Hemet Unified,92543,65.0,3485.0,254.3068088597211,1.0,63.0,0,609.5,0.3497847919655667,12.644327576461329,12.919503857231216,12.59741103780697,295791.77940276935
True,False,2025-12-12,1415000.0,33.676771,-117.908152,2285.0,699 - Not Defined,True,2.0,0.0828,1998.0,3.0,Costa Mesa,4.0,False,2.0,Two,3606.0,False,2.0,Newport Mesa Unified,92626,120.0,3606.0,619.2560175054705,1.3333333333333333,27.0,0,571.25,0.6336661120354964,14.162640089059476,14.28551418721001,14.267031007407235,1570698.538583878
True,False,2025-12-03,1415000.0,33.82151,-118.36916399999998,1064.0,129 - South Torrance,True,1.0,0.1217,1952.0,1.0,Torrance,3.0,False,1.0,One,5300.0,False,1.0,Torrance Unified,90505,0.0,5300.0,1329.8872180451128,3.0,73.0,0,354.6666666666667,0.20075471698113206,14.162640089059476,14.214722054279537,13.920999781439754,1111254.1290009555
True,True,2025-12-01,768000.0,33.542406,-117.162222,2034.0,SRCAR - Southwest Riverside County,True,2.0,0.15,2012.0,3.0,Temecula,3.0,False,1.0,One,6534.0,False,2.0,Temecula Unified,92591,137.0,6534.0,377.5811209439528,1.0,13.0,0,678.0,0.31129476584022037,13.551545012129809,13.514405465180353,13.54386282865974,762122.6872968032
True,False,2025-12-18,340000.0,33.759141,-116.292859,1128.0,307 - Sun City,True,0.0,0.1,2003.0,2.0,Palm Desert,2.0,False,1.0,One,4356.0,False,3.0,Le Grand Union,92211,480.75,4356.0,301.41843971631204,1.0,22.0,0,564.0,0.25895316804407714,12.736700896592344,13.226723392728571,12.977098007845942,432396.3864909993
False,False,2025-12-18,685000.0,34.126577000000005,-117.429069,1567.0,264 - Fontana,True,2.0,0.1263,1988.0,3.0,Fontana,4.0,True,2.0,Two,5500.0,False,2.0,Fontana Unified,92336,0.0,5500.0,437.1410338225909,1.3333333333333333,37.0,0,391.75,0.2849090909090909,13.437174117244362,13.487006490992238,13.372275803954613,641956.4875380007
True,False,2025-12-04,3599000.0,33.04088436,-117.28674232,2643.0,92024 - Encinitas,True,4.0,0.2161,1985.0,3.0,Encinitas,4.0,True,2.0,Two,9412.0,False,2.0,Garden Grove Unified,92024,0.0,9412.0,1361.7101778282256,1.3333333333333333,40.0,0,660.75,0.28081172970675733,15.096166587061168,14.603967918328545,14.651958045691636,2308152.6540482654
False,False,2025-12-05,970000.0,33.823726,-118.094481,1225.0,25 - Carson Park,False,2.0,0.1205,1953.0,2.0,Long Beach,3.0,False,1.0,One,5249.0,False,2.0,Long Beach Unified,90808,0.0,5249.0,791.8367346938776,1.5,72.0,0,408.3333333333333,0.23337778624499905,13.785051350479566,13.869051324892304,13.752514391061315,938947.0727574811
True,False,2025-12-29,779000.0,33.992045000000005,-118.292295,1560.0,C34 - Los Angeles Southwest,True,0.0,0.1178,1919.0,2.0,Los Angeles,3.0,True,1.0,One,5132.0,False,1.0,William S. Hart Union,90037,0.0,5132.0,499.3589743589744,1.5,106.0,0,520.0,0.303975058456742,13.565766324852886,13.42984807715229,13.467937685284038,706400.5347535859
True,False,2025-12-11,2140000.0,33.994457000000004,-118.456575,1406.0,C11 - Venice,True,0.0,0.0918,1912.0,3.0,Venice,3.0,True,1.0,One,4000.0,False,2.0,Bear Valley Unified,90291,294.0,4000.0,1522.0483641536273,1.0,113.0,0,468.6666666666667,0.3515,14.576316386998034,14.66457824156197,14.350107376562562,1706759.9696372314
False,True,2025-12-18,1225000.0,33.817345,-117.540594,3584.0,248 - Corona,True,4.0,0.23,2002.0,4.0,Corona,5.0,True,2.0,Two,10018.0,False,2.0,Corona-Norco Unified,92883,96.0,10018.0,341.796875,1.25,23.0,0,716.8,0.35775603912956677,14.018451401960965,13.547957803444275,13.807003778495332,991529.3007980809
True,True,2025-12-22,1750000.0,33.806268,-117.797513,1986.0,"75 - Orange, Orange Park Acres E of 55",True,1.0,0.2314,1964.0,2.0,Orange,5.0,True,1.0,One,10080.0,False,1.0,Orange Unified,92869,0.0,10080.0,881.1681772406848,2.5,61.0,0,397.2,0.19702380952380952,14.375126345899696,14.115985383678474,14.10530594848183,1336154.0702617099
False,False,2025-12-17,875000.0,32.789607000000004,-117.095385,1225.0,92120 - Del Cerro,True,4.0,0.1309,1963.0,2.0,San Diego,3.0,True,1.0,One,5700.0,False,2.0,San Diego Unified,92120,0.0,5700.0,714.2857142857143,1.5,62.0,0,408.3333333333333,0.2149122807017544,13.681979165339751,13.996998434009651,13.806111499238538,990644.974362215
True,False,2025-12-05,550000.0,34.500181,-117.27117,1814.0,VIC - Victorville,True,5.0,0.1653,1987.0,2.0,Victorville,3.0,True,1.0,One,7200.0,False,3.0,Victor Valley Unified,92395,413.0,7200.0,303.1973539140022,1.5,38.0,0,604.6666666666666,0.25194444444444447,13.217673557208654,12.947950462906661,12.975995337494204,431919.85859029443
False,False,2025-12-09,1265000.0,33.778337,-118.098962,1419.0,37 - College/University Park Estates,False,6.0,0.1558,1959.0,2.0,Long Beach,3.0,True,1.0,One,6785.0,False,2.0,Long Beach Unified,90815,0.0,6785.0,891.4728682170543,1.5,66.0,0,473.0,0.20913780397936624,14.050582680143757,13.937728190688523,13.805538028135453,990077.0309611314
True,False,2025-12-02,1350000.0,37.55809199,-122.03117197,1148.0,ADL - Adelanto,True,10.0,0.1598,1957.0,2.0,Fremont,3.0,True,1.0,One,6963.0,False,2.0,Fremont Unified,94536,375.0,6963.0,1175.9581881533102,1.5,68.0,0,382.6666666666667,0.1648714634496625,14.115615150414612,14.316285845876763,14.098150711932952,1326627.6942040953
True,False,2025-12-23,2060000.0,33.799885,-118.354613,4510.0,128 - Hollywood Riviera,True,3.0,0.1845,1988.0,6.0,Torrance,4.0,True,1.0,ThreeOrMore,8038.0,False,3.0,Torrance Unified,90505,0.0,8038.0,456.76274944567626,0.6666666666666666,37.0,0,1127.5,0.5610848469768599,14.538216540765763,14.214722054279537,14.806503139837242,2693907.0690685255
True,False,2025-12-11,1500000.0,34.144624,-118.619671,2018.0,CLB - Calabasas,True,4.0,0.2218,1969.0,4.0,Calabasas,3.0,True,1.0,One,9660.0,False,2.0,Las Virgenes,91302,0.0,9660.0,743.3102081268582,0.75,56.0,0,672.6666666666666,0.20890269151138716,14.22097566607244,14.473030560881067,14.428309795751861,1845590.4211950863
True,False,2025-12-05,2925000.0,37.48888597,-122.25880307,2015.0,699 - Not Defined,True,2.0,0.1263,1947.0,3.0,San Carlos,4.0,True,2.0,Two,5500.0,False,2.0,Other,94070,0.0,5500.0,1451.6129032258063,1.3333333333333333,78.0,0,503.75,0.3663636363636364,14.888805038648094,14.74570419500742,14.699847264179418,2421377.773886512
False,False,2025-12-09,600000.0,35.61040455,-120.67179314,1600.0,TR - Turtle Rock,False,2.0,0.1372,1989.0,2.0,Paso Robles,3.0,True,1.0,MultiSplit,5978.0,False,2.0,Paso Robles Joint Unified,93446,0.0,5978.0,375.0,1.5,36.0,0,533.3333333333334,0.26764804282368687,13.304684934198283,13.591116224748411,13.476349817224513,712367.9333371782
True,False,2025-12-19,3629876.0,34.054165999999995,-118.531829,3132.0,C15 - Pacific Palisades,True,6.0,0.2672,1955.0,4.0,Pacific Palisades,4.0,True,1.0,One,11639.0,False,2.0,Cajon Valley Union,90272,383.5,11639.0,1158.964240102171,1.0,70.0,0,783.0,0.2690952830999227,15.10470904587796,14.966082585563095,15.260991315450749,4243891.935278074
True,False,2025-12-30,822000.0,33.971612,-117.737257,1703.0,682 - Chino Hills,True,2.0,0.1159999999999999,1987.0,3.0,Chino Hills,4.0,True,2.0,Two,5052.0,False,2.0,Chino Valley Unified,91709,0.0,5052.0,482.67762771579567,1.3333333333333333,38.0,0,425.75,0.33709422011084716,13.619495674038317,13.901688254205327,13.778760524471604,963917.0522161233
True,False,2025-12-22,200000.0,33.674917,-114.639229,1042.0,374 - Blythe,True,2.0,0.1,2000.0,2.0,Blythe,2.0,False,1.0,One,0.1,False,1.0,Palo Verde Unified,92225,91.0,4356.0,191.93857965451056,1.0,25.0,0,521.0,0.23921028466483013,12.206072645530174,12.489070342979904,12.441937188611716,253200.56194246357
False,False,2025-12-15,869000.0,32.567293,-117.09767,1775.0,92154 - Otay Mesa,True,2.0,0.1194,1980.0,3.0,San Diego,5.0,True,1.0,One,5200.0,False,2.0,San Diego Unified,92154,0.0,5200.0,489.5774647887324,1.6666666666666667,45.0,0,355.0,0.34134615384615385,13.67509840424753,13.579788224443204,13.534581752743748,755082.0914695989
False,False,2025-12-12,400000.0,38.00374,-121.89651258,1450.0,699 - Not Defined,True,1.0,0.1148,1941.0,1.0,Pittsburg,3.0,False,2.0,Two,5000.0,False,1.0,Other,94565,0.0,5000.0,275.86206896551727,3.0,84.0,0,483.3333333333333,0.29,12.89921982609012,13.270783382522602,13.2216284480789,552179.4969741561
False,False,2025-12-24,855000.0,36.82794185,-121.37471132,2700.0,699 - Not Defined,True,3.0,0.2253,2000.0,3.0,Hollister,4.0,True,1.0,Two,9815.0,False,3.0,Other,95023,315.0,9815.0,316.6666666666667,1.3333333333333333,25.0,0,675.0,0.2750891492613347,13.658856747918897,13.527828485512494,13.743295010011865,930330.3433970677
True,False,2025-12-19,1085800.0,34.063505,-117.903249,1840.0,669 - West Covina,False,398.0,0.2095,1956.0,3.0,West Covina,3.0,True,1.0,One,9126.0,False,2.0,West Covina,91791,0.0,9126.0,590.1086956521739,1.0,69.0,0,613.3333333333334,0.20162174008327854,13.897827600453487,13.785051350479566,13.870144583583864,1056154.0186251
True,False,2025-12-24,860000.0,32.85857551,-116.97983288,1312.0,92071 - Santee,True,4.0,0.1492,1971.0,2.0,Santee,3.0,True,1.0,One,6500.0,False,2.0,San Ramon Valley,92071,0.0,6500.0,655.4878048780488,1.5,54.0,0,437.3333333333333,0.20184615384615384,13.664687668229691,13.652403046879991,13.567216425055657,780130.4474909356
True,False,2025-12-16,955000.0,33.909022,-117.980146,1429.0,M3 - La Mirada,True,2.0,2.27,1997.0,3.0,La Mirada,3.0,True,2.0,Two,98881.0,False,2.0,Norwalk - La Mirada,90638,260.0,98881.0,668.2995101469559,1.0,28.0,0,476.3333333333333,0.014451714687351463,13.769466619462868,13.709037694795391,13.558810471569242,773600.1921994122
True,True,2025-12-05,915000.0,33.548757,-117.119199,3586.0,SRCAR - Southwest Riverside County,True,3.0,0.22,2006.0,4.0,Temecula,5.0,True,2.0,Two,9583.0,False,3.0,Temecula Unified,92591,79.0,9583.0,255.15895147796988,1.25,19.0,0,717.2,0.3742043201502661,13.726679344257658,13.514405465180353,13.7525886009256,939016.7544778255
False,False,2025-12-12,670000.0,34.048136,-117.165695,1739.0,268 - Redlands,True,4.0,0.2307,1977.0,3.0,Redlands,4.0,True,2.0,Two,10050.0,False,2.0,Redlands Unified,92374,0.0,10050.0,385.2788959171938,1.3333333333333333,48.0,0,434.75,0.17303482587064675,13.415032991367148,13.299666780812677,13.301946953413788,598359.4584398019
False,False,2025-12-09,500000.0,33.942614,-117.4053,1750.0,252 - Riverside,False,2.0,0.23,1915.0,2.0,Riverside,3.0,True,1.0,One,10019.0,False,2.0,Riverside Unified,92504,0.0,10019.0,285.7142857142857,1.5,110.0,0,583.3333333333334,0.1746681305519513,13.122363377404328,13.353475098367715,13.401825928937287,661209.4446537287
True,False,2025-12-19,560000.0,34.150088000000004,-117.280368,2038.0,274 - San Bernardino,True,2.0,0.16,1952.0,2.0,San Bernardino,5.0,True,2.0,Two,6968.0,False,2.0,San Bernardino City Unified,92404,0.0,6968.0,274.7791952894995,2.5,73.0,0,407.6,0.29247990815154995,13.235692062711331,13.142166004700508,13.211713517559401,546731.7273847426
True,False,2025-12-15,2400000.0,36.97431467,-121.95434952,720.0,699 - Not Defined,False,3.0,0.128,1925.0,1.0,Capitola,2.0,True,1.0,Two,5576.0,False,0.0,Other,95010,0.0,5576.0,3333.333333333333,2.0,100.0,0,360.0,0.1291248206599713,14.690979295318174,14.34980182907248,13.783100774905321,968109.7857951274
False,False,2025-12-10,710000.0,34.273481,-118.714786,1087.0,SVC - Central Simi,True,2.0,0.16,1961.0,2.0,Simi Valley,3.0,False,1.0,One,6969.0,False,2.0,Ventura Unified,93063,0.0,6969.0,653.1738730450782,1.5,64.0,0,362.3333333333333,0.15597646721193859,13.473020249017498,13.637546696375418,13.480309890425083,715194.555620543
True,False,2025-12-26,920000.0,33.994714,-117.864213,1432.0,668 - Walnut,True,2.0,0.1094,1979.0,2.0,Walnut,3.0,True,1.0,One,4764.0,False,2.0,Rowland Unified,91789,0.0,4764.0,642.4581005586592,1.5,46.0,0,477.3333333333333,0.30058774139378674,13.732128949025222,13.963930563082547,13.740365261267605,927608.698057016
True,False,2025-12-01,410000.0,34.524905,-117.199832,1645.0,APPV - Apple Valley,True,4.0,1.0,2002.0,2.0,Apple Valley,3.0,True,1.0,One,1.0,False,4.0,Apple Valley Unified,92307,0.0,43560.0,249.2401215805471,1.5,23.0,0,548.3333333333334,0.037764003673094584,12.92391243868049,13.049792684569493,13.015501323577482,449324.81485892786
True,False,2025-12-03,965000.0,34.159659999999995,-118.954596,1676.0,NBPK - Newbury Park,False,4.0,0.22,1966.0,2.0,Newbury Park,3.0,True,1.0,One,9583.0,False,4.0,Conejo Valley Unified,91320,0.0,9583.0,575.7756563245823,1.5,59.0,0,558.6666666666666,0.17489303975790463,13.779883380321124,13.933293593620657,13.84812780471285,1033155.020109846
False,False,2025-12-02,639900.0,37.99031034,-122.03101208,1171.0,381 - Salton Sea - Imperial County,True,2.0,0.1405,1953.0,2.0,Concord,3.0,True,1.0,One,6120.0,False,2.0,Mount Diablo,94519,205.0,6120.0,546.4560204953032,1.5,72.0,0,390.3333333333333,0.19133986928104574,13.369067193127552,13.514405465180353,13.498008340540327,727965.0665653507
True,False,2025-12-11,1450000.0,37.63596425,-121.70684738,1456.0,LAC - Lancaster,True,2.0,2.67,1961.0,2.0,Livermore,3.0,True,1.0,One,116305.0,False,2.0,Conejo Valley Unified,94550,0.0,116305.0,995.8791208791208,1.5,64.0,0,485.3333333333333,0.012518808305747819,14.187074114396758,14.077490059042251,13.936674404262803,1128809.848531802
True,False,2025-12-05,1130000.0,35.322405,-120.820696,1751.0,OSOS - Los Osos,True,10.0,0.1435,1982.0,4.0,Los Osos,3.0,False,1.0,One,6250.0,False,1.0,San Luis Coastal Unified,93402,0.0,6250.0,645.3455168475157,0.75,43.0,0,583.6666666666666,0.28016,13.937728190688523,13.687677186454389,13.746647248727045,933454.265933722
True,False,2025-12-15,3988888.0,33.629474,-117.857,2907.0,NV - East Bluff - Harbor View,True,5.0,0.1658,1999.0,4.0,Newport Beach,4.0,True,2.0,Two,7223.0,False,3.0,Newport Mesa Unified,92660,450.0,7223.0,1372.1664946680426,1.0,26.0,0,726.75,0.4024643499930777,15.199023053281037,15.133214468519324,15.217008204251414,4061277.772083839
False,False,2025-12-18,890000.0,34.000246999999995,-118.117124,2013.0,674 - Montebello,False,0.0,0.136,1955.0,3.0,Montebello,3.0,True,1.0,One,5926.0,False,0.0,Hemet Unified,90640,0.0,5926.0,442.1261798310979,1.0,70.0,0,671.0,0.3396895038812015,13.698976741708323,13.66988634579858,13.84848539320225,1033524.5305151982
True,False,2025-12-22,1335000.0,33.19077,-117.343382,1960.0,92054 - Oceanside,True,6.0,0.2312,1973.0,2.0,Oceanside,3.0,True,1.0,One,10071.0,True,2.0,Oceanside Unified,92054,0.0,10071.0,681.1224489795918,1.5,52.0,0,653.3333333333334,0.1946182107040016,14.104441849816487,14.09692301740246,14.091537455142541,1317883.310892939
True,True,2025-12-03,1750000.0,33.92236,-117.372444,6390.0,252 - Riverside,True,3.0,0.5,1991.0,6.0,Riverside,6.0,True,2.0,Two,21780.0,False,3.0,Riverside Unified,92506,0.0,21780.0,273.86541471048514,1.0,34.0,0,1065.0,0.29338842975206614,14.375126345899696,13.493926933836812,14.446447883399857,1879371.336490761
True,True,2025-12-02,4000000.0,33.741023,-118.326811,6407.0,167 - PV Dr East,True,13.0,0.4531,1975.0,4.0,Rancho Palos Verdes,5.0,True,2.0,Two,19737.0,False,3.0,Palos Verdes Peninsula Unified,90275,0.0,19737.0,624.3171531137818,1.25,50.0,0,1281.4,0.32461873638344224,15.201804919084164,14.438232971730155,15.106719164621017,3637179.820096103
True,False,2025-12-09,1174995.0,33.801109999999994,-117.960456,1988.0,"62 - Garden Grove N of Chapman, W of Euclid",True,2.0,0.1833,1955.0,2.0,Garden Grove,5.0,True,1.0,One,7986.0,False,2.0,ABC Unified,92841,0.0,7986.0,591.0437625754527,2.5,70.0,0,397.6,0.24893563736538943,13.976774450232194,13.866678844538674,13.87827238202956,1064773.2056742806
False,False,2025-12-12,1670000.0,37.44055973,-121.91750087,1812.0,699 - Not Defined,True,2.0,0.0723,1986.0,3.0,Milpitas,4.0,True,2.0,One,3150.0,False,2.0,Other,95035,122.0,3150.0,921.6335540838852,1.3333333333333333,39.0,0,453.0,0.5752380952380952,14.328334184392938,14.360737608447597,14.254772707645838,1551561.9755566167
True,False,2025-12-04,740000.0,33.895432,-118.073274,1036.0,RE - Norwalk South of Alondra,False,2.0,0.151,1949.0,2.0,Norwalk,3.0,False,1.0,One,6577.0,False,2.0,Norwalk - La Mirada,90650,0.0,6577.0,714.2857142857143,1.5,76.0,0,345.3333333333333,0.1575186255131519,13.514405465180353,13.541073712262515,13.468041008493309,706473.5260946518
True,False,2025-12-03,1205000.0,33.82371,-118.172308,1912.0,"6 - Bixby, Bixby Knolls, Los Cerritos",True,2.0,0.0868,1961.0,3.0,Long Beach,3.0,False,2.0,Two,3780.0,False,2.0,Long Beach Unified,90807,0.0,3780.0,630.2301255230126,1.0,64.0,0,637.3333333333334,0.5058201058201058,14.001990124906893,13.924364962876357,13.95978771863436,1155204.241340367
False,False,2025-12-18,1750000.0,34.048741,-118.42878,1551.0,C05 - Westwood - Century City,False,4.0,0.124,1929.0,2.0,Los Angeles,3.0,True,1.0,One,5402.0,False,2.0,Long Beach Unified,90025,0.0,5402.0,1128.3043197936815,1.5,96.0,0,517.0,0.287115883006294,14.375126345899696,14.508657738524219,14.41217963750981,1816059.5646262811
False,False,2025-12-10,1270000.0,33.923074,-118.376902,1349.0,107 - Holly Glen/Del Aire,False,2.0,0.1151,1949.0,2.0,Hawthorne,3.0,False,1.0,One,5015.0,False,2.0,Wiseburn Unified,90250,0.0,5015.0,941.4381022979984,1.5,76.0,0,449.6666666666667,0.2689930209371884,14.054527458434775,13.710150042306449,13.682024529034273,875039.6941330354
False,False,2025-12-16,860000.0,37.83322391,-122.25979935,1118.0,248 - Corona,True,1.0,0.0872,1915.0,2.0,Oakland,2.0,True,1.0,One,3800.0,False,1.0,Upper Lake Union,94609,0.0,3800.0,769.2307692307693,1.0,110.0,0,559.0,0.2942105263157895,13.664687668229691,14.050582680143757,13.873737065112278,1059955.0559183136
False,False,2025-12-19,665000.0,34.154622,-119.189645,1051.0,VC33 - Oxnard - Southwest / Port Huenem,True,2.0,0.16,1953.0,1.0,Port Hueneme,3.0,False,1.0,One,6969.0,False,2.0,William S. Hart Union,93041,345.0,6969.0,632.7307326355851,3.0,72.0,0,350.3333333333333,0.15081073324723776,13.407542319637992,13.458835614025542,13.334250235147888,618004.0162146311
True,False,2025-12-11,2515000.0,34.135581,-118.432022,2513.0,SO - Sherman Oaks,True,4.0,0.2367,1965.0,3.0,Sherman Oaks,4.0,True,1.0,One,10312.0,False,2.0,Other,91423,0.0,10312.0,1000.7958615200956,1.3333333333333333,60.0,0,628.25,0.2436966640806827,14.737783361515977,14.49104488660402,14.437315982588146,1862287.2277731362
False,False,2025-12-02,2525000.0,37.6565786,-121.79076906,3000.0,274 - San Bernardino,True,4.0,0.4657,1987.0,3.0,Livermore,4.0,True,1.0,One,20284.0,False,4.0,Long Beach Unified,94550,0.0,20284.0,841.6666666666666,1.3333333333333333,38.0,0,750.0,0.14789982252021297,14.741751620691597,14.077490059042251,14.350199708999359,1706917.5662197813
True,False,2025-12-26,1800000.0,35.549732,-121.083859,3400.0,CAMB - Cambria,False,3.0,0.6428,2000.0,5.0,Cambria,6.0,True,2.0,Two,28000.0,False,3.0,Coast Unified,93428,0.0,28000.0,529.4117647058823,1.2,25.0,0,566.6666666666666,0.12142857142857143,14.403297222866392,13.716772655681458,14.25072557796431,1545295.2926254922
True,False,2025-12-18,905000.0,34.433035,-118.498574,2981.0,FEKS - Five Knolls,True,2.0,1.336,2015.0,4.0,Saugus,4.0,False,2.0,Two,58196.0,False,2.0,William S. Hart Union,91350,241.0,58196.0,303.58939953035895,1.0,10.0,0,745.25,0.05122345178362774,13.715690222682063,13.652991628466498,14.089547148103167,1315262.9270114526
True,False,2025-12-05,1640000.0,32.946624,-117.143493,2413.0,92129 - Rancho Penasquitos,True,6.0,0.1265,1991.0,3.0,San Diego,4.0,True,2.0,Two,5510.0,False,3.0,San Diego Unified,92129,0.0,5510.0,679.6518856195607,1.3333333333333333,34.0,0,603.25,0.4379310344827586,14.310206799800381,14.162640089059476,14.167147194947347,1421391.9486054343
True,False,2025-12-09,849000.0,37.89425254,-122.29494481,1170.0,633 - Industry/La Puente/Valinda,True,1.0,0.0574,1927.0,1.0,Albany,2.0,True,1.0,One,2500.0,False,1.0,Other,94706,440.0,2500.0,725.6410256410256,2.0,98.0,0,585.0,0.468,13.651814465293484,14.180153671552183,13.8931642976275,1080748.3735779787
True,False,2025-12-15,475000.0,38.25504167,-122.05942416,1285.0,92131 - Scripps Miramar,True,2.0,0.0295,1955.0,2.0,Fairfield,3.0,True,1.0,One,1285.0,False,2.0,Norwalk - La Mirada,94533,0.0,1285.0,369.6498054474709,1.5,70.0,0,428.3333333333333,1.0,13.071070083016778,13.127239523125667,13.105919772607455,491845.4266359557
False,False,2025-12-11,450000.0,34.482994,-117.298528,1733.0,VIC - Victorville,True,4.0,0.2358,1987.0,2.0,Victorville,4.0,True,1.0,One,10271.0,False,2.0,Victor Valley Union High,92395,0.0,10271.0,259.665320253895,2.0,38.0,0,433.25,0.16872748515237077,13.017002861746503,12.947950462906661,12.972461194750377,430396.0863564478
True,True,2025-12-02,1065000.0,34.145433000000004,-118.01302,1071.0,639 - Monrovia,False,8.0,0.1724,1926.0,1.0,Monrovia,2.0,True,1.0,One,7508.0,False,2.0,Monrovia Unified,91016,0.0,7508.0,994.3977591036414,2.0,99.0,0,535.5,0.142647842301545,13.878485357125662,13.819990428650009,13.634616367412823,834523.6545121263
False,False,2025-12-16,645000.0,34.064738,-117.727749,1416.0,687 - Pomona,False,2.0,0.1851,1952.0,2.0,Pomona,2.0,True,1.0,One,8062.0,False,2.0,Pomona Unified,91767,0.0,8062.0,455.5084745762712,1.0,73.0,0,708.0,0.1756387993053833,13.37700559577791,13.422467969854667,13.329810347629346,615266.2301251802
True,False,2025-12-05,1625000.0,37.77008422,-121.98564689,1835.0,251 - Jurupa Valley,True,2.0,0.2287,1972.0,2.0,San Ramon,4.0,True,1.0,One,9960.0,False,2.0,San Ramon Valley,94583,0.0,9960.0,885.5585831062671,2.0,53.0,0,458.75,0.18423694779116465,14.301018373745976,14.23026571297953,14.16436588069759,1417444.1035680647
False,False,2025-12-02,2200000.0,33.636204,-117.805277,2405.0,TR - Turtle Rock,True,2.0,0.1768,1979.0,3.0,Irvine,3.0,True,2.0,Two,7700.0,False,2.0,Irvine Unified,92603,150.0,7700.0,914.7609147609148,1.0,46.0,0,801.6666666666666,0.31233766233766236,14.603967918328545,14.978661367769956,14.838174446403428,2780592.09389191
False,False,2025-12-02,1432000.0,37.67381906,-121.79444726,2561.0,313 - La Quinta South of HWY 111,False,2.0,0.1914,1965.0,4.0,Livermore,5.0,True,2.0,Two,8338.0,False,2.0,Other,94550,0.0,8338.0,559.156579461148,1.25,60.0,0,512.2,0.3071479971216119,14.174582626502728,14.077490059042251,14.283013574327834,1596004.0176732212
True,False,2025-12-22,915000.0,33.860136,-117.931988,1517.0,83 - Fullerton,False,2.0,0.1681,1953.0,2.0,Fullerton,3.0,True,1.0,One,7322.0,False,2.0,Fullerton Joint Union High,92832,0.0,7322.0,603.1641397495056,1.5,72.0,0,505.6666666666667,0.20718382955476647,13.726679344257658,13.779883380321124,13.777717155639111,962911.8556932837
False,False,2025-12-04,995000.0,34.229898,-119.047185,1864.0,VC41 - Camarillo Central,True,2.0,0.2,1969.0,2.0,Camarillo,4.0,True,1.0,One,8712.0,False,2.0,William S. Hart Union,93010,0.0,8712.0,533.7982832618026,2.0,56.0,0,466.0,0.21395775941230485,13.81049801614073,13.790192749979985,13.798017485931545,982659.043471183
True,False,2025-12-02,7075000.0,34.057792,-118.474182,4113.0,C06 - Brentwood,True,3.0,0.2313,1929.0,6.0,Los Angeles,4.0,True,2.0,Two,10077.0,False,0.0,Oceanside Unified,90049,0.0,10077.0,1720.1556041818624,0.6666666666666666,96.0,0,1028.25,0.40815718963977377,15.772078001493576,15.137266397946593,15.505576844588186,5419839.956117139
False,False,2025-12-15,1278000.0,37.58842779,-122.47346132,1490.0,699 - Not Defined,True,2.0,0.2382,1966.0,3.0,Pacifica,5.0,True,2.0,One,10375.0,False,2.0,Other,94044,0.0,10375.0,857.7181208053692,1.6666666666666667,59.0,0,298.0,0.14361445783132532,14.060806913919617,14.038654109278484,13.93985966870841,1132411.138894393
True,False,2025-12-24,790000.0,34.45995,-118.624542,2247.0,HSHL - Hasley Hills,True,2.0,0.1124,2002.0,3.0,Castaic,4.0,True,2.0,Two,4896.0,False,2.0,William S. Hart Union,91384,99.0,4896.0,351.57988429016467,1.3333333333333333,23.0,0,561.75,0.45894607843137253,13.579788224443204,13.602317337503232,13.64527895165837,843469.4411307581
False,False,2025-12-29,770000.0,34.006840000000004,-117.881218,1440.0,669 - West Covina,True,2.0,0.1681,1971.0,2.0,West Covina,4.0,True,1.0,One,7322.0,False,2.0,Other,91792,0.0,7322.0,534.7222222222222,2.0,54.0,0,360.0,0.1966675771647091,13.554145793829866,13.636980191648608,13.567775158294571,780566.454096987
True,False,2025-12-15,450000.0,34.567572,-118.121407,1301.0,PLM - Palmdale,True,2.0,0.1634,1955.0,2.0,Palmdale,4.0,False,1.0,One,7117.0,False,2.0,Palmdale,93550,0.0,7117.0,345.8877786318217,2.0,70.0,0,325.25,0.18280174230715188,13.017002861746503,13.049792684569493,12.920039223195129,408415.0530529519
True,False,2025-12-15,2200000.0,37.73746362,-121.95824729,3342.0,92065 - Ramona,True,3.0,0.2502,2002.0,3.0,San Ramon,4.0,True,2.0,Two,10900.0,False,3.0,Chico Unified,94583,135.0,10900.0,658.2884500299222,1.3333333333333333,23.0,0,835.5,0.30660550458715596,14.603967918328545,14.23026571297953,14.51091821387898,2004526.0643106822
True,False,2025-12-22,829000.0,37.295501,-119.522493,1664.0,YG40 - Bass Lake,True,2.0,0.146,1984.0,2.0,Bass Lake,3.0,True,2.0,Two,0.146,False,2.0,Yosemite Unified,93604,0.0,6359.76,498.19711538461536,1.5,41.0,0,554.6666666666666,0.2616450935255418,13.627975434117433,13.596109992928898,13.53083536447689,752258.5531195379
False,False,2025-12-02,735000.0,34.114677,-117.460496,2744.0,264 - Fontana,True,3.0,0.1945,2005.0,3.0,Fontana,5.0,True,2.0,Two,8474.0,False,3.0,Fontana Unified,92336,0.0,8474.0,267.85714285714283,1.6666666666666667,20.0,0,548.8,0.32381401935331605,13.507625778194974,13.487006490992238,13.522906825816197,746317.8238694007
True,True,2025-12-08,910000.0,34.453139,-118.629814,2247.0,HSHL - Hasley Hills,True,2.0,0.2142,2003.0,3.0,Castaic,4.0,False,2.0,Two,9332.0,False,2.0,William S. Hart Union,91384,99.0,9332.0,404.98442367601245,1.3333333333333333,22.0,0,561.75,0.24078439777111016,13.721199878493033,13.602317337503232,13.677635276010427,871207.3402477131
True,False,2025-12-24,670000.0,33.684193,-117.278886,1892.0,SRCAR - Southwest Riverside County,True,13.0,0.21,1980.0,3.0,Canyon Lake,3.0,True,2.0,Two,9148.0,False,3.0,Lake Elsinore Unified,92587,350.0,9148.0,354.122621564482,1.0,45.0,0,630.6666666666666,0.20682116309575863,13.415032991367148,13.407542319637992,13.395021778986509,656725.7476151867
False,True,2025-12-02,1250000.0,34.228942,-119.208913,1973.0,VC31 - Oxnard - Northwest,True,4.0,0.15,1994.0,2.0,Oxnard,3.0,True,1.0,One,6534.0,False,2.0,Solana Beach,93036,170.0,6534.0,633.5529650278763,1.5,31.0,0,657.6666666666666,0.30195898377716557,14.038654109278484,13.641157170819497,13.642374468410859,841023.1525909933
False,True,2025-12-19,580000.0,34.262716999999995,-119.194695,1182.0,266 - Grand Terrace,True,2.0,0.03,1976.0,2.0,Ventura,3.0,False,2.0,Two,1306.0,False,1.0,Los Angeles Unified,93003,437.0,1306.0,490.6937394247039,1.5,49.0,0,394.0,0.9050535987748851,13.270783382522602,13.825460888817442,13.45489321604074,697245.7541446149
False,False,2025-12-19,400000.0,34.087787,-117.335506,1118.0,273 - Colton,True,1.0,0.1779,1954.0,2.0,Colton,4.0,False,1.0,One,7750.0,False,1.0,Colton Unified,92324,0.0,7750.0,357.78175313059035,2.0,71.0,0,279.5,0.14425806451612902,12.89921982609012,13.142166004700508,13.041735944166607,461268.6670866888
False,False,2025-12-24,710000.0,33.859477000000005,-118.181304,1091.0,7 - North Long Beach,False,2.0,0.1176,1941.0,2.0,Long Beach,3.0,False,1.0,One,5123.0,False,2.0,Long Beach Unified,90805,0.0,5123.0,650.7791017415216,1.5,84.0,0,363.6666666666667,0.2129611555729065,13.473020249017498,13.526494262499357,13.483151841520755,717229.9945104322
True,False,2025-12-15,475000.0,33.932214,-116.908695,1380.0,263 - Banning/Beaumont/Cherry Valley,True,2.0,0.21,1979.0,2.0,Banning,3.0,False,1.0,One,9147.0,False,2.0,Banning Unified,92220,0.0,9147.0,344.2028985507246,1.5,46.0,0,460.0,0.15086913742210561,13.071070083016778,12.994530005894443,12.924449566639398,410220.2816175637
False,False,2025-12-23,555000.0,34.014571999999994,-118.080037,816.0,649 - Pico Rivera,True,0.0,0.1137,1955.0,1.0,Pico Rivera,2.0,False,1.0,One,4951.0,False,0.0,El Rancho Unified,90660,0.0,4951.0,680.1470588235294,2.0,70.0,0,408.0,0.16481518885073723,13.226723392728571,13.527828485512494,13.293940439214884,593587.8125552309
True,False,2025-12-19,930000.0,32.694648,-117.075624,1816.0,92114 - Encanto,True,2.0,0.6,1957.0,2.0,San Diego,4.0,True,1.0,One,0.6,False,2.0,Other,92114,0.0,26136.0,512.114537444934,2.0,68.0,0,454.0,0.06948270584634221,13.742939865129438,13.547631112808673,13.606074559852757,811041.5459625967
True,True,2025-12-04,555000.0,33.947438,-116.466608,1918.0,340 - Desert Hot Springs,False,2.0,0.21,2015.0,3.0,Desert Hot Springs,3.0,True,1.0,One,9148.0,False,2.0,Taft Union,92240,0.0,9148.0,289.3639207507821,1.0,10.0,0,639.3333333333334,0.20966331438565808,13.226723392728571,12.911642346088676,13.121813843990521,499725.3087760121
False,False,2025-12-17,620000.0,34.27487,-118.397471,1106.0,PAC - Pacoima,True,2.0,0.1763,1957.0,2.0,Pacoima,3.0,True,1.0,One,7678.0,False,2.0,Westminster Unified,91331,0.0,7678.0,560.5786618444846,1.5,68.0,0,368.6666666666667,0.14404792914821568,13.337474757021274,13.541073712262515,13.463346361327607,703164.6552255633
True,True,2025-12-30,2493075.0,34.162555,-118.135112,2301.0,646 - Pasadena (NE),False,5.0,0.1724,1921.0,4.0,Pasadena,4.0,False,1.0,One,7508.0,False,1.0,Chico Unified,91104,0.0,7508.0,1083.4745762711864,1.0,104.0,0,575.25,0.30647309536494405,14.729027446289034,14.119305204063423,14.456156514904507,1897706.3200393196
True,False,2025-12-04,1165000.0,34.175447,-118.078262,1357.0,646 - Pasadena (NE),False,6.0,0.2462,1949.0,2.0,Pasadena,2.0,True,1.0,One,10725.0,False,2.0,Desert Sands Unified,91107,0.0,10725.0,858.5114222549743,1.0,76.0,0,678.5,0.12652680652680653,13.968231644981937,14.263026495559501,14.039823123013083,1251462.1216218667
False,False,2025-12-24,780000.0,34.168916,-118.360613,970.0,NHO - North Hollywood,True,1.0,0.0795,1941.0,2.0,North Hollywood,3.0,False,1.0,One,3465.0,False,1.0,Los Angeles Unified,91601,0.0,3465.0,804.1237113402062,1.5,84.0,0,323.3333333333333,0.27994227994227994,13.567049198665774,13.878386160617055,13.698834676519963,889873.5709631554
True,False,2025-12-05,545000.0,33.939643,-116.952773,2056.0,263 - Banning/Beaumont/Cherry Valley,False,0.0,0.26,2004.0,2.0,Beaumont,4.0,True,1.0,One,11326.0,False,3.0,Capistrano Unified,92223,52.0,11326.0,265.0778210116732,2.0,21.0,0,514.0,0.1815292247925128,13.208541073645382,13.197470849891134,13.234977901726596,559600.2126218136
True,False,2025-12-05,3750000.0,32.78210707,-117.23848328,3166.0,92109 - Pacific Beach,False,4.0,0.124,2023.0,6.0,San Diego,4.0,False,2.0,Two,5400.0,False,1.0,San Bernardino City Unified,92109,223.0,5400.0,1184.4598862918508,0.6666666666666666,2.0,0,791.5,0.5862962962962963,15.137266397946593,14.508657738524219,14.978455264127762,3199340.536306251
True,False,2025-12-03,955000.0,33.912129,-117.991155,1395.0,M3 - La Mirada,True,2.0,0.1582,1960.0,2.0,La Mirada,3.0,True,1.0,One,6890.0,False,2.0,Norwalk - La Mirada,90638,0.0,6890.0,684.5878136200716,1.5,65.0,0,465.0,0.20246734397677793,13.769466619462868,13.709037694795391,13.640753388394664,839660.8912308288
True,False,2025-12-04,718000.0,34.096587,-117.899742,1282.0,614 - Covina,True,2.0,0.1657,1953.0,1.0,Covina,3.0,False,1.0,One,7216.0,False,2.0,Glendale Unified,91722,0.0,7216.0,560.0624024960998,3.0,72.0,0,427.3333333333333,0.1776607538802661,13.484224848030362,13.592367006650065,13.513268436552064,739159.0769824368
False,False,2025-12-01,635000.0,39.442244,-123.796251,1205.0,FBC - Fort Bragg Central,False,1.0,0.17,1941.0,2.0,Fort Bragg,2.0,False,1.0,One,0.17,False,1.0,Perris Union High,95437,0.0,7405.2,526.9709543568465,1.0,84.0,0,602.5,0.16272349160049696,13.36138027787483,13.317924750600472,13.187380271402994,533588.5265598069
True,False,2025-12-19,462000.0,34.541552,-118.078193,1267.0,PLM - Palmdale,True,3.0,0.1801,1995.0,2.0,Palmdale,3.0,True,1.0,One,7846.0,False,3.0,Palmdale,93550,0.0,7846.0,364.64088397790056,1.5,30.0,0,422.3333333333333,0.16148355850114707,13.043320170063875,13.049792684569493,12.923245437744791,409726.6207985901
True,False,2025-12-04,635000.0,33.89591,-118.22439,2097.0,"RP - Compton S of Rosecrans, E of Central,W of Ala",True,2.0,0.1787,1938.0,3.0,Compton,5.0,False,2.0,Two,7784.0,False,2.0,Los Angeles Unified,90220,0.0,7784.0,302.8135431568908,1.6666666666666667,87.0,0,419.4,0.269398766700925,13.36138027787483,13.386264921190707,13.503462659036988,731946.4679379987
False,False,2025-12-10,860000.0,34.27407,-118.469647,1660.0,MHL - Mission Hills,True,0.0,0.1722,1955.0,3.0,San Fernando,4.0,True,1.0,One,7501.0,False,0.0,Los Angeles Unified,91345,0.0,7501.0,518.0722891566265,1.3333333333333333,70.0,0,415.0,0.22130382615651248,13.664687668229691,13.620099142278626,13.615939750451581,819082.221584756
False,False,2025-12-18,820000.0,33.99268,-118.088075,1532.0,649 - Pico Rivera,True,2.0,0.1258,1950.0,2.0,Pico Rivera,3.0,False,1.0,One,5480.0,False,2.0,El Rancho Unified,90660,0.0,5480.0,535.248041775457,1.5,75.0,0,510.6666666666667,0.27956204379562044,13.617059619240436,13.527828485512494,13.547482227565833,764886.111267614
False,False,2025-12-12,915000.0,33.867617,-118.13261599999998,1435.0,MAYF - Mayfair,False,5.0,0.155,1943.0,2.0,Lakewood,4.0,False,1.0,One,6750.0,False,2.0,Bellflower Unified,90712,0.0,6750.0,637.6306620209059,2.0,82.0,0,358.75,0.21259259259259258,13.726679344257658,13.671639520838347,13.658952569078759,855081.9310169813
True,False,2025-12-08,2215000.0,33.476298,-117.613592,3600.0,FR - Forster Ranch,True,5.0,0.1425,2001.0,4.0,San Clemente,5.0,True,2.0,Two,6207.0,False,3.0,Capistrano Unified,92673,300.0,6207.0,615.2777777777778,1.25,24.0,0,720.0,0.5799903334944417,14.610762961461374,14.446782334806132,14.657405698226453,2320760.9794113114
False,False,2025-12-31,1080000.0,33.845067,-118.13786,1557.0,29 - Lakewood Village,False,4.0,0.1799,1943.0,1.0,Long Beach,3.0,True,1.0,One,7837.0,False,4.0,Long Beach Unified,90808,0.0,7837.0,693.6416184971098,3.0,82.0,0,519.0,0.1986729615924461,13.892471599100402,13.869051324892304,13.748965776277364,935621.0162307547
False,False,2025-12-19,590000.0,33.860632,-117.574172,1407.0,248 - Corona,True,2.0,0.21,1960.0,2.0,Corona,4.0,True,1.0,One,9148.0,False,2.0,Corona-Norco Unified,92882,0.0,9148.0,419.3319118692253,2.0,65.0,0,351.75,0.15380411018801923,13.287877815881902,13.623138665316818,13.553220588309449,769287.9212096874
True,False,2025-12-19,749999.0,34.458839000000005,-118.499404,1766.0,BOUQ - Bouquet Canyon,True,2.0,0.1463,1979.0,2.0,Saugus,3.0,True,1.0,One,6373.0,False,2.0,William S. Hart Union,91350,0.0,6373.0,424.6879954699887,1.5,46.0,0,588.6666666666666,0.2771065432292484,13.52782715217827,13.652991628466498,13.657938723453391,854215.4492554808
True,False,2025-12-02,1120000.0,33.39050113,-117.23380705,3107.0,92028 - Fallbrook,True,13.0,0.62,2004.0,4.0,Fallbrook,4.0,True,2.0,Two,27007.0,False,3.0,Long Beach Unified,92028,0.0,27007.0,360.4763437399421,1.0,21.0,0,776.75,0.11504424778761062,13.928839243271277,13.681979165339751,14.131593574490308,1371744.128331461
True,True,2025-12-15,2150000.0,33.775746000000005,-116.437194,2958.0,321 - Rancho Mirage,True,2.0,0.22,1973.0,3.0,Rancho Mirage,2.0,False,1.0,One,9583.0,False,2.0,Merced Union,92270,825.0,9583.0,726.84246112238,0.6666666666666666,52.0,0,1479.0,0.30867160596890325,14.580978400103845,13.9108207377686,14.041133673674159,1253103.3013223407
True,False,2025-12-03,925000.0,33.84573,-118.134715,1520.0,29 - Lakewood Village,False,2.0,0.1494,1944.0,2.0,Long Beach,2.0,True,1.0,One,6508.0,False,2.0,Long Beach Unified,90808,0.0,6508.0,608.5526315789474,1.0,81.0,0,760.0,0.23355869698832207,13.737549016494562,13.869051324892304,13.874804500974252,1061087.094038635
False,False,2025-12-08,395000.0,39.08250137,-121.63106803,1464.0,71 - Tustin,True,2.0,0.27,1960.0,2.0,Yuba City,3.0,True,1.0,One,11761.0,False,2.0,Chico Unified,95991,0.0,11761.0,269.8087431693989,1.5,65.0,0,488.0,0.1244792109514497,12.886641043883259,12.64400494377584,12.660406427446036,315024.7315068719
False,True,2025-12-02,1800000.0,37.47770968,-122.44541802,1800.0,699 - Not Defined,True,2.0,0.1756,1972.0,2.0,Half Moon Bay,3.0,True,2.0,Two,7650.0,False,2.0,Other,94019,0.0,7650.0,1000.0,1.5,53.0,0,600.0,0.23529411764705882,14.403297222866392,14.346138809026444,14.288428755932362,1604670.1123314917
False,False,2025-12-10,1375000.0,33.34574406,-117.16529137,3975.0,92028 - Fallbrook,True,8.0,2.44,2001.0,4.0,Fallbrook,5.0,True,2.0,Two,106286.0,False,4.0,Huntington Beach Union High,92028,0.0,106286.0,345.9119496855346,1.25,24.0,0,795.0,0.037399093013190825,14.133964289082808,13.681979165339751,14.209375985031734,1482701.0038262215
True,True,2025-12-22,440000.0,33.945206,-116.476648,2131.0,340 - Desert Hot Springs,True,6.0,0.22,2005.0,2.0,Desert Hot Springs,4.0,True,1.0,Two,9583.0,False,2.0,Other,92240,0.0,9583.0,206.47583294228065,2.0,20.0,0,532.75,0.22237295210268182,12.994530005894443,12.911642346088676,13.029160781358582,455504.4573974242
False,False,2025-12-08,590000.0,34.045506,-117.645332,968.0,686 - Ontario,False,1.0,0.1384,1952.0,1.0,Ontario,3.0,False,1.0,One,6030.0,False,1.0,Ontario-Montclair,91761,0.0,6030.0,609.5041322314049,3.0,73.0,0,322.6666666666667,0.16053067993366502,13.287877815881902,13.532323657186438,13.399656901662963,659776.8175994826
False,False,2025-12-02,875000.0,35.323313,-120.833964,1858.0,OSOS - Los Osos,True,2.0,0.1435,1984.0,2.0,Los Osos,3.0,True,1.0,One,6250.0,False,2.0,San Luis Coastal Unified,93402,0.0,6250.0,470.9364908503768,1.5,41.0,0,619.3333333333334,0.29728,13.681979165339751,13.687677186454389,13.689892392320582,881951.5418977392
True,True,2025-12-22,865000.0,33.835908,-117.575686,1665.0,248 - Corona,True,3.0,0.21,1998.0,2.0,Corona,3.0,True,1.0,One,9148.0,False,3.0,Corona-Norco Unified,92882,0.0,9148.0,519.5195195195195,1.5,27.0,0,555.0,0.1820069960647136,13.670484785914017,13.623138665316818,13.511338794402175,737734.1397236644
True,True,2025-12-01,752000.0,34.116668,-117.576227,1204.0,688 - Rancho Cucamonga,True,2.0,0.1676,1976.0,2.0,Rancho Cucamonga,3.0,True,1.0,One,7300.0,False,2.0,Cucamonga,91730,0.0,7300.0,624.5847176079734,1.5,49.0,0,401.3333333333333,0.16493150684931507,13.530491602931978,13.500799813124575,13.404618611106754,663058.5732925951
False,False,2025-12-10,215000.0,39.496038,-121.595351,720.0,17 - Northwest Huntington Beach,False,0.0,0.75,1935.0,1.0,Oroville,2.0,False,1.0,One,0.75,False,0.0,Oroville City,95965,0.0,32670.0,298.6111111111111,2.0,90.0,0,360.0,0.02203856749311295,12.2783933071098,12.732278280413873,12.49562593093887,267166.12393823476
True,False,2025-12-17,1300000.0,33.53445175,-117.00981748,2227.0,SRCAR - Southwest Riverside County,True,16.0,3.91,1974.0,3.0,Temecula,4.0,False,1.0,One,170319.0,False,6.0,Moreno Valley Unified,92592,47.0,170319.0,583.7449483610238,1.3333333333333333,51.0,0,556.75,0.013075464275858829,14.077874822431765,13.580420735596498,13.840230640051862,1025028.1566213694
True,False,2025-12-19,415000.0,34.476436,-117.365483,1760.0,VIC - Victorville,True,2.0,0.1148,1990.0,3.0,Victorville,3.0,True,2.0,Two,5000.0,False,2.0,Victor Valley Unified,92392,0.0,5000.0,235.79545454545453,1.0,35.0,0,586.6666666666666,0.352,12.936033799212835,13.01477816672439,12.948486628234434,420200.2356656211
True,False,2025-12-23,1526500.0,33.703889000000004,-117.797002,1420.0,WN - Walnut (Irvine),True,2.0,0.1148,1973.0,2.0,Irvine,3.0,True,1.0,One,5000.0,False,2.0,Irvine Unified,92606,60.0,5000.0,1075.0,1.5,52.0,0,473.3333333333333,0.284,14.23848809115707,14.394928973195876,14.12991990894342,1369450.2076082355
False,False,2025-12-10,825000.0,34.126999,-117.995651,1646.0,617 - Duarte,True,0.0,0.1636,1947.0,2.0,Duarte,4.0,False,1.0,One,7127.0,False,0.0,Duarte Unified,91010,0.0,7127.0,501.2150668286755,2.0,78.0,0,411.5,0.23095271502736073,13.623138665316818,13.655924188192698,13.684259953497486,876997.9672419125
False,False,2025-12-29,899900.0,33.813016,-117.99882,1203.0,"61 - N of Gar Grv, S Of Ball, E of Knott, W of Dal",True,2.0,0.1423,1959.0,2.0,Stanton,3.0,False,1.0,One,6200.0,False,2.0,Anaheim Union High,90680,0.0,6200.0,748.0465502909393,1.5,66.0,0,401.0,0.19403225806451613,13.71003892502204,13.652991628466498,13.590449428718049,798467.4075567371
True,False,2025-12-15,295800.0,34.358142,-117.63526,784.0,WRWD - Wrightwood,True,0.0,0.2296,1962.0,1.0,Wrightwood,2.0,True,2.0,Two,10000.0,False,0.0,Snowline Joint Unified,92397,0.0,10000.0,377.2959183673469,2.0,63.0,0,392.0,0.0784,12.597438829258836,13.003579841414362,12.61449667209028,300888.9901115978
True,False,2025-12-05,1220000.0,37.84679133,-122.25994016,1066.0,332 - Central Palm Springs,False,1.0,0.0574,1922.0,2.0,Oakland,2.0,True,1.0,One,2500.0,False,0.0,Hesperia Unified,94609,0.0,2500.0,1144.4652908067542,1.0,103.0,0,533.0,0.4264,14.01436141670944,14.050582680143757,13.843883719908765,1028779.5141656031
True,True,2025-12-10,775000.0,34.10651,-117.892378,1144.0,614 - Covina,True,2.0,0.1729,1955.0,2.0,Covina,4.0,False,1.0,One,7533.0,False,2.0,Covina Valley Unified,91722,0.0,7533.0,677.4475524475524,2.0,70.0,0,286.0,0.15186512677552105,13.560618308335483,13.592367006650065,13.537776089067119,757497.9340741715
False,False,2025-12-09,900000.0,33.870432,-117.644831,2448.0,248 - Corona,True,6.0,0.24,1989.0,3.0,Corona,4.0,True,2.0,Two,10454.0,False,3.0,Corona-Norco Unified,92882,52.0,10454.0,367.6470588235294,1.3333333333333333,36.0,0,612.0,0.23416873923856896,13.710150042306449,13.623138665316818,13.722559515087632,911238.1108007291
True,False,2025-12-01,510000.0,34.488868,-117.269753,2318.0,VIC - Victorville,True,2.0,0.2066,2014.0,2.0,Victorville,3.0,False,1.0,One,0.2066,False,2.0,Victor Valley Unified,92395,137.58,8999.5,220.01725625539257,1.5,11.0,0,772.6666666666666,0.25756986499249956,13.142166004700508,12.947950462906661,13.154087972435896,516116.59200385475
True,False,2025-12-19,530000.0,33.939324,-117.43379,1540.0,252 - Riverside,False,7.0,0.19,1960.0,2.0,Riverside,3.0,True,1.0,One,8276.0,False,2.0,Alvord Unified,92504,0.0,8276.0,344.15584415584414,1.5,65.0,0,513.3333333333334,0.1860802319961334,13.180632285528304,13.353475098367715,13.301118507576604,597863.9553144079
True,False,2025-12-05,880000.0,33.797616,-117.82851200000002,1083.0,"75 - Orange, Orange Park Acres E of 55",False,2.0,0.1405,1958.0,2.0,Orange,3.0,False,1.0,One,6120.0,False,2.0,Orange Unified,92867,0.0,6120.0,812.5577100646352,1.5,67.0,0,361.0,0.1769607843137255,13.687677186454389,14.026983356405268,13.832756920638777,1017395.93983734
True,False,2025-12-05,420000.0,33.684842,-116.960882,903.0,SRCAR - Southwest Riverside County,True,1.0,1.0,1962.0,1.0,Hemet,3.0,False,1.0,One,1.0,False,1.0,Hemet Unified,92543,0.0,43560.0,465.1162790697674,3.0,63.0,0,301.0,0.020730027548209365,12.948009990259552,12.919503857231216,12.51913599046343,273521.6318662838
False,False,2025-12-03,975000.0,36.98891816,-122.00486081,974.0,699 - Not Defined,True,1.0,0.12,1960.0,1.0,Santa Cruz,2.0,False,1.0,Two,5227.0,False,1.0,Other,95065,202.0,5227.0,1001.0266940451744,2.0,65.0,0,487.0,0.18634015687775016,13.790192749979985,14.17161767960286,13.793608165064022,978335.7229034803
True,False,2025-12-18,790000.0,33.987509,-118.101199,1690.0,649 - Pico Rivera,True,0.0,0.1231,1950.0,2.0,Pico Rivera,5.0,False,1.0,One,5364.0,False,0.0,El Rancho Unified,90660,0.0,5364.0,467.4556213017751,2.5,75.0,0,338.0,0.3150633855331842,13.579788224443204,13.527828485512494,13.553208207633213,769278.3969639617
True,False,2025-12-04,2325000.0,33.766314,-118.143706,2565.0,"2 - Belmont Heights, Alamitos Heights",False,4.0,0.1584,1921.0,4.0,Long Beach,3.0,True,1.0,One,6900.0,False,2.0,Long Beach Unified,90803,0.0,6900.0,906.4327485380117,0.75,104.0,0,855.0,0.3717391304347826,14.659230597003594,14.288556669519746,14.599325158870027,2189809.6032763254
False,False,2025-12-02,857000.0,34.134021999999995,-118.233759,893.0,623 - Glassel Park,True,1.0,0.1033,1942.0,1.0,Los Angeles,2.0,False,1.0,One,4500.0,False,1.0,Chino Valley Unified,90065,394.0,4500.0,959.6864501679732,2.0,83.0,0,446.5,0.19844444444444445,13.661193197579918,14.050977780915009,13.718613233715097,907649.1949116478
True,False,2025-12-05,1320000.0,37.91907696,-122.28165887,1855.0,"72 - Orange & Garden Grove, E of Harbor, N of 22 F",True,1.0,0.2603,1964.0,2.0,El Cerrito,3.0,True,1.0,One,11340.0,False,1.0,Other,94530,0.0,11340.0,711.5902964959569,1.5,61.0,0,618.3333333333334,0.16358024691358025,14.093142294562554,14.137594057133388,14.110730267338235,1343421.488557907
False,False,2025-12-15,2465000.0,32.75449905,-117.18423191,2048.0,92103 - Mission Hills,False,3.0,0.1033,1913.0,2.0,San Diego,2.0,True,2.0,Two,4500.0,False,1.0,Other,92103,0.0,4500.0,1203.61328125,1.0,112.0,0,1024.0,0.45511111111111113,14.717702365458928,14.346138809026444,14.34699006556356,1701447.7522299464
True,False,2025-12-05,284900.0,33.96779,-116.949532,1029.0,263 - Banning/Beaumont/Cherry Valley,True,2.0,0.1,1993.0,2.0,Cherry Valley,2.0,False,1.0,One,0.1,False,2.0,Beaumont,92223,245.0,4356.0,276.8707482993197,1.0,32.0,0,514.5,0.2362258953168044,12.559893520486,13.197470849891134,12.898696237901488,399790.61954389786
True,False,2025-12-17,950000.0,34.437989,-118.554812,2071.0,NBRG - Valencia Northbridge,True,3.0,0.1191,1994.0,3.0,Valencia,3.0,True,2.0,Two,5188.0,False,3.0,William S. Hart Union,91354,65.0,5188.0,458.7155963302752,1.0,31.0,0,690.3333333333334,0.3991904394757132,13.764217263576723,13.710150042306449,13.74769739524144,934435.0445679369
False,False,2025-12-03,890000.0,37.71478962,-122.41474057,963.0,PRNE - PR North 46-East 101,True,2.0,0.0573,1952.0,1.0,San Francisco,2.0,True,2.0,Two,2495.0,False,1.0,Other,94134,62.0,2495.0,924.1952232606438,2.0,73.0,0,481.5,0.38597194388777556,13.698976741708323,13.955272500339433,13.62512756565107,826642.4755944555
False,True,2025-12-05,988000.0,34.440386,-118.476255,2424.0,PLUM - Plum Canyon,True,3.0,0.1339,2004.0,3.0,Saugus,5.0,True,2.0,Two,5832.0,False,3.0,William S. Hart Union,91350,85.0,5832.0,407.5907590759076,1.6666666666666667,21.0,0,484.8,0.4156378600823045,13.803437976730004,13.652991628466498,13.787053904021752,971944.4231918989
True,False,2025-12-02,1950000.0,33.467310999999995,-117.600423,2832.0,TL - Talega,True,2.0,0.1462,2001.0,3.0,San Clemente,4.0,True,2.0,Two,6367.0,False,2.0,Capistrano Unified,92673,267.0,6367.0,688.5593220338983,1.3333333333333333,24.0,0,708.0,0.44479346631066435,14.48333993053993,14.446782334806132,14.45764470911923,1900532.5780948738
False,False,2025-12-08,585000.0,33.557159000000006,-117.167346,1212.0,SRCAR - Southwest Riverside County,True,4.0,0.14,1987.0,2.0,Murrieta,3.0,True,1.0,One,6098.0,False,2.0,Murrieta,92563,0.0,6098.0,482.6732673267327,1.5,38.0,0,404.0,0.19875368973433913,13.279367126213993,13.458835614025542,13.320901100607523,609809.0172227062
False,False,2025-12-24,750000.0,34.209747,-118.405579,1275.0,NHO - North Hollywood,False,2.0,0.1681,1953.0,2.0,North Hollywood,3.0,False,1.0,One,7322.0,False,2.0,Capistrano Unified,91605,155.0,7322.0,588.2352941176471,1.5,72.0,0,425.0,0.1741327506145862,13.527828485512494,13.670484785914017,13.62702990118601,828216.5236595623
True,False,2025-12-01,775000.0,33.72403,-117.865395,806.0,69 - Santa Ana South of First,True,1.0,0.0918,1948.0,1.0,Santa Ana,2.0,True,1.0,One,4000.0,False,1.0,Santa Ana Unified,92707,0.0,4000.0,961.5384615384615,2.0,77.0,0,403.0,0.2015,13.560618308335483,13.695600261291716,13.411593194003668,667699.2950144737
True,False,2025-12-10,2325000.0,37.83652934,-122.2315168,3129.0,699 - Not Defined,True,2.0,0.1219,2017.0,3.0,Oakland,3.0,True,2.0,Two,5310.0,False,2.0,Murrieta,94618,350.0,5310.0,743.0488974113135,1.0,8.0,0,1043.0,0.5892655367231638,14.659230597003594,14.478185245710499,14.710996783444655,2448526.0358228
True,False,2025-12-17,340000.0,37.32653,-119.638739,1401.0,C01 - Beverly Hills,False,1.0,0.55,1962.0,2.0,Oakhurst,3.0,True,1.0,One,0.55,False,1.0,Yosemite Unified,93614,0.0,23958.0,242.6837972876517,1.5,63.0,0,467.0,0.05847733533683947,12.736700896592344,12.837330275499196,12.76446919232835,349573.52564233565
False,False,2025-12-09,550000.0,34.051209,-118.20936100000002,1380.0,BOYH - Boyle Heights,False,2.0,0.1582,1948.0,2.0,Los Angeles,3.0,False,1.0,One,6890.0,False,2.0,Los Angeles Unified,90033,0.0,6890.0,398.5507246376812,1.5,77.0,0,460.0,0.20029027576197386,13.217673557208654,13.458835614025542,13.440158259778821,687047.1906712792
False,False,2025-12-02,540000.0,34.650729,-118.238649,1862.0,LAC - Lancaster,True,3.0,0.22,1988.0,2.0,Lancaster,3.0,True,1.0,One,9583.0,False,3.0,See Remarks,93536,0.0,9583.0,290.01074113856066,1.5,37.0,0,620.6666666666666,0.19430241051862673,13.199324418540456,13.224918336616522,13.21038363504779,546005.1216791502
False,False,2025-12-08,387000.0,34.532052,-117.312035,1266.0,699 - Not Defined,True,2.0,0.196,1959.0,2.0,Victorville,4.0,False,1.0,One,8537.0,False,2.0,Victor Valley Union High,92395,0.0,8537.0,305.6872037914692,2.0,66.0,0,316.5,0.14829565421108118,12.866179972011919,12.947950462906661,12.783850323232237,356414.7369647627
True,False,2025-12-15,2745000.0,33.703715,-117.748166,3630.0,WD - Woodbury,True,2.0,0.1148,2005.0,4.0,Irvine,5.0,True,2.0,Two,5000.0,False,2.0,Irvine Unified,92620,210.0,5000.0,756.198347107438,1.25,20.0,0,726.0,0.726,14.825291632925769,14.503142431449666,14.662511001594511,2332639.464089697
True,False,2025-12-19,645000.0,34.401594,-117.446725,3780.0,OKH - Oak Hills,True,4.0,2.0,2002.0,4.0,Oak Hills,5.0,True,1.0,One,87120.0,False,4.0,Hesperia Unified,92344,0.0,87120.0,170.63492063492063,1.25,23.0,0,756.0,0.04338842975206612,13.37700559577791,13.180613417425775,13.663837381622532,859269.0643142938
True,False,2025-12-19,525000.0,34.142946,-117.235285,1359.0,274 - San Bernardino,True,2.0,0.2066,1962.0,2.0,San Bernardino,4.0,True,1.0,One,9000.0,False,2.0,San Bernardino City Unified,92404,0.0,9000.0,386.31346578366447,2.0,63.0,0,339.75,0.151,13.17115354157376,13.142166004700508,13.093249546804303,485652.9469204298
False,False,2025-12-01,2415000.0,33.573788,-117.635615,3782.0,LD - Ladera Ranch,True,3.0,0.1755,2001.0,5.0,Ladera Ranch,5.0,True,2.0,Two,7646.0,False,3.0,Capistrano Unified,92694,273.0,7646.0,638.551031200423,1.0,24.0,0,756.4,0.49463771906879417,14.69720984506881,14.232573444874031,14.6113127486984,2216218.1135509717
True,False,2025-12-23,751000.0,33.957397,-118.043976,958.0,670 - Whittier,True,1.0,0.1395,1948.0,1.0,Whittier,3.0,False,1.0,One,6078.0,False,1.0,Whittier Union High,90602,0.0,6078.0,783.9248434237995,3.0,77.0,0,319.3333333333333,0.15761763738071735,13.529160930746272,13.764217263576723,13.509234238332237,736183.1694862797
True,False,2025-12-15,736000.0,37.97419738,-121.77762172,2706.0,251 - Jurupa Valley,True,3.0,0.1969999999999999,1999.0,3.0,Antioch,5.0,True,2.0,Two,8580.0,False,3.0,Lake Elsinore Unified,94531,0.0,8580.0,271.9881744271988,1.6666666666666667,26.0,0,541.2,0.3153846153846154,13.508985397711013,13.415032991367148,13.540656983442853,759683.3520797971
True,False,2025-12-29,425000.0,37.14509031,-122.13204494,440.0,699 - Not Defined,True,2.0,0.08,1954.0,1.0,Boulder Creek,1.0,True,1.0,One,3485.0,False,2.0,Other,95006,250.0,3485.0,965.9090909090908,1.0,71.0,0,440.0,0.12625538020086083,12.959844447906553,13.480037821676145,13.020797441220418,451710.80460247764
False,False,2025-12-23,885000.0,33.871988,-118.253126,1568.0,137 - North Carson,True,2.0,0.1071,1966.0,3.0,Carson,4.0,False,2.0,Two,4667.0,False,2.0,Compton Unified,90746,0.0,4667.0,564.4132653061224,1.3333333333333333,59.0,0,392.0,0.33597600171416325,13.693342923990066,13.681979165339751,13.662300657613688,857949.6189844218
True,False,2025-12-05,5700000.0,33.605086,-117.905281,2315.0,NP - Balboa Peninsula,True,2.0,0.0482,2025.0,5.0,Newport Beach,4.0,True,1.0,ThreeOrMore,2100.0,True,2.0,Newport Mesa Unified,92661,0.0,2100.0,2462.2030237581,0.8,0.0,0,578.75,1.1023809523809525,15.555976732804778,15.189226136877304,15.498843622656706,5383469.553264691
False,False,2025-12-23,828000.0,37.67763906,-122.14011453,1741.0,699 - Not Defined,True,2.0,0.0723,1990.0,3.0,San Lorenzo,4.0,True,2.0,Two,3150.0,False,2.0,San Lorenzo,94580,150.0,3150.0,475.5887421022401,1.3333333333333333,35.0,0,435.25,0.5526984126984127,13.626768433367397,13.652991628466498,13.62492429132919,826474.4574832544
False,False,2025-12-04,725000.0,37.94980753,-122.05547576,1052.0,92026 - Escondido,True,2.0,0.1508,1951.0,1.0,Pleasant Hill,3.0,True,1.0,One,6570.0,False,2.0,Morongo Unified,94523,0.0,6570.0,689.1634980988593,3.0,74.0,0,350.6666666666667,0.16012176560121766,13.493926933836812,13.92391643180806,13.696968533821293,888214.4884198281
True,True,2025-12-12,2020000.0,33.78199,-116.545447,3339.0,334 - South End Palm Springs,True,2.0,0.09,2004.0,4.0,Palm Springs,4.0,True,2.0,ThreeOrMore,3920.0,False,2.0,Palm Springs Unified,92264,488.9,3920.0,604.9715483677747,1.0,21.0,0,834.75,0.8517857142857143,14.518608069377388,14.077874822431765,14.648218288425568,2299536.843949873
True,True,2025-12-05,800000.0,33.512169,-117.091329,2415.0,SRCAR - Southwest Riverside County,True,5.0,0.17,1993.0,3.0,Temecula,4.0,True,1.0,One,7405.0,False,2.0,Temecula Unified,92592,120.0,7405.0,331.26293995859214,1.3333333333333333,32.0,0,603.75,0.3261309925725861,13.592367006650065,13.580420735596498,13.61203372776832,815889.1080944326
False,False,2025-12-12,300000.0,34.622896000000004,-117.810325,851.0,LAC - Lancaster,True,2.0,0.69,1979.0,1.0,Lancaster,2.0,False,1.0,One,30056.0,False,2.0,Lancaster,93535,0.0,30056.0,352.5264394829612,2.0,46.0,0,425.5,0.028313814213468194,12.611537753638338,12.994530005894443,12.653126007076064,312739.54767776094
False,False,2025-12-19,1375000.0,37.6948487,-122.45774653,1770.0,NV - East Bluff - Harbor View,True,4.0,0.0644,1977.0,3.0,Daly City,4.0,True,2.0,Two,2807.0,False,2.0,Paramount Unified,94014,0.0,2807.0,776.8361581920904,1.3333333333333333,48.0,0,442.5,0.6305664410402565,14.133964289082808,13.9108207377686,13.795711993528563,980396.1400673748
True,False,2025-12-12,1437000.0,33.414402,-117.603385,2048.0,SW - San Clemente Southwest,True,4.0,0.0781,1989.0,3.0,San Clemente,3.0,True,2.0,Two,3400.0,False,2.0,Capistrano Unified,92672,0.0,3400.0,701.66015625,1.0,36.0,0,682.6666666666666,0.6023529411764705,14.178068165061163,14.43202387032261,14.268640960727339,1573229.3265895902
True,False,2025-12-08,444000.0,38.0047476,-121.34715903,2098.0,SRCAR - Southwest Riverside County,True,2.0,0.2534,1963.0,2.0,Stockton,3.0,True,1.0,One,11040.0,False,2.0,Upland,95207,300.0,11040.0,211.63012392755004,1.5,62.0,0,699.3333333333334,0.19003623188405797,13.003579841414362,13.038981768465277,13.108350232260602,493042.2909770547
False,False,2025-12-30,335000.0,33.734790000000004,-116.95371000000002,948.0,SRCAR - Southwest Riverside County,True,2.0,0.17,1960.0,2.0,Hemet,2.0,False,1.0,One,7405.0,False,2.0,Hemet Unified,92544,0.0,7405.0,353.3755274261603,1.0,65.0,0,474.0,0.12802160702228224,12.721885810807203,13.081541382884074,12.84044461271251,377167.4803385822
False,False,2025-12-17,900000.0,34.222744,-119.17436200000002,2007.0,VC35 - Oxnard - Northeast,True,6.0,0.14,1997.0,2.0,Oxnard,4.0,True,1.0,One,6098.0,False,3.0,West Covina,93036,0.0,6098.0,448.4304932735426,2.0,28.0,0,501.75,0.32912430305018037,13.710150042306449,13.641157170819497,13.661270278944517,857066.0612754765
True,False,2025-12-02,524999.0,33.69531,-117.157186,1814.0,SRCAR - Southwest Riverside County,True,2.0,0.12,2001.0,2.0,Menifee,2.0,True,1.0,One,5227.0,False,2.0,Perris Union High,92584,330.0,5227.0,289.4151047409041,1.0,24.0,0,907.0,0.3470441936101014,13.171151636810041,13.353475098367715,13.13329321414646,505494.8928095694
False,False,2025-12-23,505730.0,33.943998,-116.934588,1775.0,263 - Banning/Beaumont/Cherry Valley,True,2.0,0.1315,2025.0,2.0,Banning,3.0,False,1.0,One,5726.0,True,2.0,Beaumont,92220,202.0,5726.0,284.91830985915493,1.5,0.0,0,591.6666666666666,0.30998952148096404,13.133758209018202,12.994530005894443,13.05476563181284,467318.1797836188
False,True,2025-12-11,480322.0,33.953414,-116.953061,1763.0,263 - Banning/Beaumont/Cherry Valley,True,2.0,0.1282,2025.0,2.0,Beaumont,2.0,False,1.0,One,5586.0,True,2.0,Beaumont,92223,325.0,5586.0,272.4458309699376,1.0,0.0,0,881.5,0.3156104547081991,13.082211991309304,13.197470849891134,13.101579506450106,489715.3125510247
False,False,2025-12-29,885000.0,33.722636,-117.891673,1223.0,69 - Santa Ana South of First,True,2.0,0.1378,1960.0,2.0,Santa Ana,3.0,True,1.0,One,6002.0,False,2.0,Santa Ana Unified,92704,0.0,6002.0,723.6304170073589,1.5,65.0,0,407.6666666666667,0.20376541152949018,13.693342923990066,13.737549016494562,13.609298442583153,813660.468076851
False,False,2025-12-23,582025.0,33.934622999999995,-116.935361,2286.0,263 - Banning/Beaumont/Cherry Valley,True,2.0,0.1507,2025.0,3.0,Banning,4.0,False,2.0,Two,6566.0,True,2.0,Beaumont,92220,202.0,6566.0,254.60411198600173,1.3333333333333333,0.0,0,571.5,0.348157173317088,13.274268681117482,12.994530005894443,13.168480674228165,523598.61833152745
True,False,2025-12-19,549000.0,33.730583,-117.174795,1478.0,SRCAR - Southwest Riverside County,True,2.0,0.23,2021.0,2.0,Menifee,3.0,False,1.0,One,10019.0,False,2.0,Romoland,92585,62.0,10019.0,371.44790257104194,1.5,4.0,0,492.6666666666667,0.14751971254616228,13.215853720491667,13.304684934198283,13.2354559141558,559867.7724221923
True,False,2025-12-08,800000.0,34.00143,-118.296777,1500.0,C34 - Los Angeles Southwest,True,0.0,0.1696,1911.0,2.0,Los Angeles,3.0,True,1.0,One,7389.0,False,0.0,Los Angeles Unified,90037,0.0,7389.0,533.3333333333334,1.5,114.0,0,500.0,0.20300446609825415,13.592367006650065,13.42984807715229,13.45561659714117,697750.311016969
True,False,2025-12-31,555000.0,33.848743,-116.524407,1541.0,331 - North End Palm Springs,False,8.0,0.34,1958.0,3.0,Palm Springs,3.0,True,2.0,One,14810.0,False,3.0,Palm Springs Unified,92262,160.0,14810.0,360.1557430240104,1.0,67.0,0,513.6666666666666,0.10405131667792032,13.226723392728571,13.737549016494562,13.770237124888322,955736.1162356676
True,True,2025-12-23,760000.0,37.02368239,-121.57983202,1123.0,699 - Not Defined,True,0.0,0.0872,1972.0,1.0,Gilroy,3.0,True,1.0,One,3800.0,False,2.0,Gilroy Unified,95020,0.0,3800.0,676.7586821015138,3.0,53.0,0,374.3333333333333,0.2955263157894737,13.541073712262515,13.965653216393994,13.63900439755159,838193.6155206984
True,True,2025-12-10,850000.0,34.270458000000005,-118.52321,1038.0,GH - Granada Hills,False,2.0,0.1348,1956.0,2.0,Granada Hills,2.0,True,1.0,One,5870.0,False,2.0,Los Angeles Unified,91344,0.0,5870.0,818.8824662813103,1.0,69.0,0,519.0,0.17683134582623508,13.652991628466498,13.892471599100402,13.667400438066839,862336.1493450197
False,False,2025-12-10,1160000.0,37.73263976,-122.40834018,1179.0,STUD - Studio City,True,2.0,0.043,1953.0,1.0,San Francisco,3.0,True,1.0,One,1873.0,False,2.0,San Francisco Unified,94134,0.0,1873.0,983.8846480067854,3.0,72.0,0,393.0,0.6294714361986119,13.963930563082547,13.955272500339433,13.728123433669085,916322.2963387334
False,False,2025-12-05,825000.0,33.986101,-117.584073,2536.0,686 - Ontario,True,2.0,0.093,2019.0,3.0,Ontario,4.0,False,2.0,Two,4050.0,False,2.0,Mountain View,91762,154.0,4050.0,325.3154574132492,1.3333333333333333,6.0,0,634.0,0.6261728395061729,13.623138665316818,13.530491602931978,13.594996978735965,802106.7467970344
True,True,2025-12-29,815000.0,33.940255,-117.35654,2690.0,252 - Riverside,True,3.0,0.25,1981.0,3.0,Riverside,5.0,True,2.0,Two,10890.0,False,3.0,Riverside Unified,92506,0.0,10890.0,302.97397769516726,1.6666666666666667,44.0,0,538.0,0.24701561065197428,13.610943392223,13.493926933836812,13.618942729206045,821545.6049871374
True,False,2025-12-19,1150000.0,33.87934,-117.423754,4830.0,252 - Riverside,True,3.0,12632.0,2018.0,5.0,Riverside,5.0,True,2.0,Two,12632.0,False,3.0,Riverside Unified,92503,189.6,550249920.0,238.0952380952381,1.0,7.0,0,966.0,8.777829536076988e-06,13.955272500339433,13.399995114002609,14.551652323430003,2087864.4836877245
True,False,2025-12-02,2500000.0,37.84272288,-122.00204804,2545.0,92067 - Rancho Santa Fe,False,0.0,1.14,1937.0,3.0,Danville,5.0,True,1.0,One,49658.0,False,0.0,Marysville Joint Unified,94526,0.0,49658.0,982.3182711198428,1.6666666666666667,88.0,0,509.0,0.0512505537879093,14.73180128983843,14.430696197054507,14.460538193285467,1906039.702563485
True,False,2025-12-17,2440000.0,34.141046,-118.201903,2034.0,618 - Eagle Rock,True,2.0,0.1767,1922.0,2.0,Los Angeles,3.0,True,1.0,One,7698.0,False,2.0,Garden Grove Unified,90041,100.0,7698.0,1199.60668633235,1.5,103.0,0,678.0,0.2642244738893219,14.707508597269385,14.115615150414612,14.2499504161947,1544097.9029372022
False,False,2025-12-08,843000.0,34.280194,-118.37646,1662.0,SYL - Sylmar,True,2.0,0.2291,1964.0,2.0,Sylmar,3.0,True,1.0,One,9979.0,False,2.0,Los Angeles Unified,91342,0.0,9979.0,507.2202166064982,1.5,61.0,0,554.0,0.16654975448441728,13.644722236983993,13.667586227071855,13.684121639717526,876876.6747264526
True,False,2025-12-29,684000.0,34.08579,-117.195387,2168.0,268 - Redlands,True,2.0,0.0803,2025.0,3.0,Redlands,4.0,False,2.0,Two,3500.0,True,2.0,Redlands Unified,92374,84.0,3500.0,315.4981549815498,1.3333333333333333,0.0,0,542.0,0.6194285714285714,13.435713196604688,13.299666780812677,13.343100269579129,623497.6465892888
False,False,2025-12-19,805920.0,33.963294,-117.617027,2046.0,699 - Not Defined,True,2.0,0.047,2025.0,3.0,Chino,4.0,False,2.0,Two,2046.0,True,2.0,Chino Valley Unified,91708,322.0,2046.0,393.900293255132,1.3333333333333333,0.0,0,511.5,1.0,13.599739760979478,13.618800958084467,13.620344285621107,822697.8547829995
True,False,2025-12-15,315000.0,34.265348,-116.83515,1064.0,BBC - Big Bear City,False,2.0,0.1148,1969.0,1.0,Big Bear City,2.0,True,2.0,Two,5000.0,False,2.0,Bear Valley Unified,92314,0.0,5000.0,296.05263157894734,2.0,56.0,0,532.0,0.2128,12.66032791780777,12.965709567358951,12.722356211136166,335157.62117982336
True,False,2025-12-11,500000.0,33.755715,-116.947775,1985.0,SRCAR - Southwest Riverside County,True,8.0,0.31,2007.0,2.0,Hemet,4.0,True,1.0,One,0.31,False,2.0,Hemet Unified,92544,290.0,13503.6,251.88916876574308,2.0,18.0,0,496.25,0.14699783761367338,13.122363377404328,13.081541382884074,13.151957752832047,515018.32051673706
True,False,2025-12-02,2320000.0,33.804384000000006,-118.379017,2100.0,128 - Hollywood Riviera,True,2.0,0.1371,1948.0,3.0,Redondo Beach,3.0,True,2.0,Two,5970.0,False,2.0,Torrance Unified,90277,0.0,5970.0,1104.7619047619048,1.0,77.0,0,700.0,0.35175879396984927,14.657077743642493,14.508657738524219,14.540606641645782,2064929.4964630757
False,False,2025-12-02,1339000.0,37.58527794,-122.02561467,1382.0,77 - Anaheim Hills,True,2.0,0.1358,1972.0,2.0,Union City,3.0,True,1.0,One,5915.0,False,2.0,New Haven,94587,222.0,5915.0,968.8856729377712,1.5,53.0,0,460.6666666666667,0.23364327979712596,14.107433624673309,14.117095535585046,13.918842104618026,1108858.986624585
True,False,2025-12-16,695000.0,33.86103,-117.600158,1312.0,248 - Corona,True,4.0,0.18,1975.0,2.0,Corona,4.0,True,1.0,One,7841.0,False,2.0,Corona-Norco Unified,92882,135.0,7841.0,529.7256097560976,2.0,50.0,0,328.0,0.1673255962249713,13.45166712454693,13.623138665316818,13.460873120884372,701427.708790488
True,False,2025-12-19,565000.0,33.922245000000004,-117.421093,1730.0,252 - Riverside,True,2.0,0.1,2000.0,3.0,Riverside,4.0,False,2.0,Two,0.1,False,2.0,Riverside Unified,92504,175.0,4356.0,326.5895953757225,1.3333333333333333,25.0,0,432.5,0.3971533516988062,13.244581010128577,13.353475098367715,13.30043784493129,597457.1501173028
False,False,2025-12-04,826000.0,33.941054,-117.966992,1623.0,87 - La Habra,True,2.0,0.1531,1950.0,2.0,La Habra,5.0,True,2.0,Two,6667.0,False,2.0,Fullerton Joint Union High,90631,0.0,6667.0,508.9340727048675,2.5,75.0,0,324.6,0.24343782810859457,13.624350052503114,13.792724135316895,13.766679043558442,952341.5720176278
True,True,2025-12-11,1127000.0,33.710592,-116.39739099999998,2790.0,323 - South Palm Desert,True,6.0,0.36,1995.0,4.0,Palm Desert,3.0,True,1.0,One,15682.0,False,3.0,Desert Sands Unified,92260,140.0,15682.0,403.9426523297491,0.75,30.0,0,930.0,0.17791098074225226,13.935069793021913,13.624349319661324,14.045077156272331,1258054.6487444616
False,False,2025-12-05,835000.0,34.223645,-119.19933,1806.0,VC35 - Oxnard - Northeast,True,2.0,0.157,1971.0,3.0,Oxnard,3.0,True,1.0,One,6838.0,False,2.0,Morongo Unified,93036,0.0,6838.0,462.34772978959023,1.0,54.0,0,602.0,0.26411231354197134,13.635187003832993,13.641157170819497,13.69841223453382,889497.7303954279
False,False,2025-12-01,748000.0,34.229046000000004,-119.19296,1240.0,VC36 - El Rio / Nyeland Acres,True,2.0,0.17,1977.0,2.0,Oxnard,3.0,True,1.0,One,7405.0,False,2.0,Orange Unified,93036,0.0,7405.0,603.2258064516129,1.5,48.0,0,413.3333333333333,0.1674544226873734,13.525158256956614,13.641157170819497,13.46788128536012,706360.6949406615
True,False,2025-12-15,2700000.0,37.20542841,-121.85881386,2759.0,699 - Not Defined,True,3.0,0.3421,1968.0,3.0,San Jose,4.0,True,1.0,Two,14900.0,False,3.0,San Jose Unified,95120,0.0,14900.0,978.6154403769482,1.3333333333333333,57.0,0,689.75,0.18516778523489932,14.808762330974558,14.622185682591283,14.746480609635793,2536968.9753546454
True,False,2025-12-04,1585000.0,37.6964155,-121.856664,1881.0,91935 - Jamul,True,2.0,0.1148,1988.0,2.0,Pleasanton,3.0,True,1.0,One,5000.0,False,2.0,Pleasanton,94588,185.0,5000.0,842.6368952684742,1.5,37.0,0,627.0,0.3762,14.276094965293519,14.25858093542591,14.155325847427353,1404688.1059053075
False,False,2025-12-22,424000.0,34.480668,-117.361409,1560.0,VIC - Victorville,True,2.0,0.4046,1985.0,2.0,Victorville,4.0,True,1.0,One,0.4046,False,2.0,Victor Valley Union High,92392,0.0,17624.38,271.79487179487177,2.0,40.0,0,390.0,0.08851375197311905,12.957488734214095,13.01477816672439,12.982449409909472,434716.5158415371
False,False,2025-12-26,388000.0,37.77049609,-122.19653539,1099.0,252 - Riverside,False,1.0,0.0859,1922.0,1.0,Oakland,2.0,True,1.0,One,3740.0,False,1.0,Norwalk - La Mirada,94621,0.0,3740.0,353.0482256596906,2.0,103.0,0,549.5,0.2938502673796791,12.86876061860541,13.142166004700508,12.984771591339495,435727.1794799458
False,False,2025-12-03,804520.0,32.79187359,-117.08257642,1019.0,92120 - Del Cerro,False,4.0,0.1377,1955.0,1.0,San Diego,3.0,False,1.0,One,6000.0,False,2.0,Victor Valley Unified,92120,0.0,6000.0,789.5191364082434,3.0,70.0,0,339.6666666666667,0.16983333333333334,13.598001105267157,13.996998434009651,13.707838732731561,897922.2234999448
True,False,2025-12-04,495000.0,34.027460999999995,-118.180466,1285.0,699 - Not Defined,False,2.0,0.1722,1912.0,1.0,Los Angeles,3.0,False,1.0,One,7500.0,False,2.0,Los Angeles Unified,90023,0.0,7500.0,385.2140077821012,3.0,113.0,0,428.3333333333333,0.17133333333333334,13.112313041550827,13.433511097198327,13.353026552536408,629717.4794927108
False,False,2025-12-11,565000.0,33.952683,-116.963774,2243.0,263 - Banning/Beaumont/Cherry Valley,True,2.0,0.16,2019.0,4.0,Beaumont,4.0,False,2.0,Two,6970.0,False,2.0,Beaumont,92223,161.0,6970.0,251.8947837717343,1.0,6.0,0,560.75,0.32180774748923957,13.244581010128577,13.197470849891134,13.264460309903846,576344.1880436805
False,False,2025-12-04,530000.0,33.941852000000004,-117.269224,2039.0,259 - Moreno Valley,True,2.0,0.21,1985.0,3.0,Moreno Valley,4.0,True,2.0,Two,9148.0,False,2.0,Moreno Valley Unified,92557,0.0,9148.0,259.9313388916136,1.3333333333333333,40.0,0,509.75,0.2228902492348054,13.180632285528304,13.262125319779487,13.3484866706967,626865.116138768
True,False,2025-12-15,1400000.0,34.103476,-118.29386,1867.0,637 - Los Feliz,True,2.0,0.0396,2017.0,4.0,Los Angeles,3.0,False,1.0,ThreeOrMore,1725.0,False,2.0,Los Angeles Unified,90027,220.0,1725.0,749.8660953401178,0.75,8.0,0,622.3333333333334,1.0823188405797102,14.151982794585487,14.612710764892958,14.302118706406041,1626789.0246532334
True,False,2025-12-08,420000.0,34.617166,-117.811979,1294.0,LAC - Lancaster,True,2.0,0.6726,1984.0,2.0,Lancaster,3.0,True,1.0,One,29299.0,False,2.0,Other,93535,0.0,29299.0,324.57496136012367,1.5,41.0,0,431.3333333333333,0.04416532987473975,12.948009990259552,12.994530005894443,12.885416252731352,394516.5036464661
False,False,2025-12-22,432900.0,33.992697,-118.270846,720.0,C34 - Los Angeles Southwest,True,0.0,0.0564,1912.0,2.0,Los Angeles,2.0,False,1.0,One,2458.0,False,0.0,Los Angeles Unified,90011,0.0,2458.0,601.25,1.0,113.0,0,360.0,0.29292107404393813,12.978262033430072,13.174002552131078,12.96705531546286,428075.6945974933
True,False,2025-12-02,630000.0,33.476909,-117.076073,1559.0,SRCAR - Southwest Riverside County,True,2.0,0.12,1993.0,3.0,Temecula,3.0,True,1.0,MultiSplit,0.12,False,2.0,Temecula Unified,92592,0.0,5227.2,404.1051956382297,1.0,32.0,0,519.6666666666666,0.29824762779308234,13.353475098367715,13.580420735596498,13.449577154542903,693548.9876614984
False,False,2025-12-02,700000.0,32.80251785,-116.9216015,1549.0,92019 - El Cajon,True,4.0,0.1515,1959.0,2.0,El Cajon,4.0,False,1.0,One,6600.0,False,2.0,Conejo Valley Unified,92019,0.0,6600.0,451.9044544867656,2.0,66.0,0,387.25,0.2346969696969697,13.458835614025542,13.773646353865574,13.712151533936726,901803.1463564754
True,False,2025-12-23,840000.0,34.070134,-118.247611,874.0,C21 - Silver Lake - Echo Park,False,3.0,0.0871,1923.0,1.0,Los Angeles,2.0,True,1.0,One,3794.0,False,0.0,Los Angeles Unified,90012,0.0,3794.0,961.0983981693364,2.0,102.0,0,437.0,0.23036373220875067,13.641157170819497,13.50393315359432,13.301033140921778,597812.9198468963
True,False,2025-12-02,1367000.0,34.141661,-118.109114,2094.0,648 - Pasadena (SE),False,9.0,0.1649,1937.0,2.0,Pasadena,5.0,True,1.0,One,7184.0,False,2.0,Whittier Union High,91107,0.0,7184.0,652.8175740210124,2.5,88.0,0,418.8,0.29148106904231624,14.128129115706086,14.263026495559501,14.250537160559706,1545004.1595252408
True,False,2025-12-29,1530000.0,33.605902,-117.578837,2208.0,CC - Coto De Caza,True,3.0,0.1734,1990.0,3.0,Coto de Caza,4.0,True,1.0,One,7552.0,False,3.0,Capistrano Unified,92679,353.0,7552.0,692.9347826086956,1.3333333333333333,35.0,0,552.0,0.2923728813559322,14.240778293368619,14.357834848789636,14.267069334583528,1570758.7401773408
True,True,2025-12-09,1150000.0,34.170753000000005,-118.620451,2378.0,WHLL - Woodland Hills,True,6.0,0.155,1954.0,2.0,Woodland Hills,3.0,True,2.0,Two,6751.0,False,2.0,Marysville Joint Unified,91367,825.0,6751.0,483.5996635828427,1.5,71.0,0,792.6666666666666,0.3522441119834099,13.955272500339433,14.130321297804308,14.2340430432371,1519729.6926679914
False,True,2025-12-02,1050000.0,33.800788,-117.826679,1732.0,"75 - Orange, Orange Park Acres E of 55",True,2.0,0.1433,1964.0,3.0,Orange,4.0,True,1.0,One,6240.0,False,2.0,Orange Unified,92867,0.0,6240.0,606.2355658198614,1.3333333333333333,61.0,0,433.0,0.2775641025641026,13.864300722133706,14.026983356405268,13.994912933870895,1196502.0909338314
True,True,2025-12-11,1000000.0,34.463907,-118.530963,2214.0,COPN - Copper Hill North,True,2.0,0.1372,1987.0,3.0,Saugus,4.0,True,2.0,Two,5978.0,False,2.0,William S. Hart Union,91390,0.0,5978.0,451.6711833785005,1.3333333333333333,38.0,0,553.5,0.3703579792572767,13.815510557964274,13.751477381367541,13.818541351416798,1003035.390950515
True,False,2025-12-03,780000.0,34.083726,-117.648847,1400.0,686 - Ontario,False,2.0,0.1997,1954.0,2.0,Ontario,3.0,True,1.0,One,8700.0,False,2.0,Chaffey Joint Union High,91764,0.0,8700.0,557.1428571428571,1.5,71.0,0,466.6666666666667,0.16091954022988506,13.567049198665774,13.414286165238757,13.371941462544303,641741.8907768903
False,True,2025-12-16,1382000.0,33.772102000000004,-117.81431200000002,2051.0,NTS - North Tustin,True,2.0,0.2548,1961.0,2.0,North Tustin,4.0,True,1.0,One,11100.0,False,2.0,Tustin Unified,92705,0.0,11100.0,673.817649926865,2.0,64.0,0,512.75,0.18477477477477477,14.139042283309752,14.376839163903371,14.324728405846377,1663989.1931589483
True,False,2025-12-17,2168600.0,33.493501,-117.712096,2401.0,LNSLT - Salt Creek,True,2.0,0.1322,1987.0,3.0,Laguna Niguel,3.0,True,2.0,Two,5760.0,False,2.0,Capistrano Unified,92677,129.0,5760.0,903.206997084548,1.0,38.0,0,800.3333333333334,0.41684027777777777,14.58959235602022,14.349075668699754,14.35426017948151,1713862.5450115118
True,False,2025-12-03,1150000.0,32.8170911,-117.04856335,1474.0,92119 - San Carlos,True,5.0,0.2663,1990.0,2.0,San Diego,3.0,True,1.0,One,11600.0,False,2.0,William S. Hart Union,92119,0.0,11600.0,780.1899592944369,1.5,35.0,0,491.3333333333333,0.12706896551724137,13.955272500339433,13.8878312195439,13.690699105766893,882663.3111238845
True,False,2025-12-22,415000.0,35.420203,-119.11306,1964.0,BKSF - Bakersfield,True,2.0,0.17,2003.0,2.0,Bakersfield,3.0,True,1.0,One,7405.0,False,2.0,Bakersfield City,93312,0.0,7405.0,211.30346232179227,1.5,22.0,0,654.6666666666666,0.26522619851451723,12.936033799212835,13.06577902835151,13.0790663502284,478813.4533019003
True,True,2025-12-01,1715000.0,37.30705778,-121.97494894,1340.0,699 - Not Defined,False,2.0,0.2755,1951.0,2.0,San Jose,3.0,False,2.0,Two,12000.0,False,0.0,Other,95117,0.0,12000.0,1279.8507462686566,1.5,74.0,0,446.6666666666667,0.11166666666666666,14.354923638582177,14.467835744003965,14.293084847801142,1612159.0247963502
True,False,2025-12-17,2075000.0,33.541891,-117.780036,1450.0,LV - Laguna Village,True,2.0,0.08,1937.0,2.0,Laguna Beach,3.0,True,2.0,Two,3485.0,False,2.0,Laguna Beach Unified,92651,0.0,3485.0,1431.0344827586207,1.5,88.0,0,483.3333333333333,0.41606886657101866,14.545471711646936,14.914122846632385,14.694848860853632,2409304.9487288916
True,False,2025-12-23,340000.0,35.292846999999995,-119.017915,1388.0,BKSF - Bakersfield,True,2.0,0.13,1992.0,2.0,Bakersfield,3.0,True,1.0,One,5662.0,False,2.0,Bakersfield City,93307,0.0,5662.0,244.956772334294,1.5,33.0,0,462.6666666666667,0.24514305898975627,12.736700896592344,12.74984936943585,12.673318146335902,319118.61494453624
True,True,2025-12-02,628000.0,33.602154,-117.165957,2078.0,SRCAR - Southwest Riverside County,True,2.0,0.12,2005.0,3.0,Murrieta,4.0,True,2.0,Two,5227.0,False,2.0,Menifee Union,92563,96.0,5227.0,302.21366698748795,1.3333333333333333,20.0,0,519.5,0.39755117658312605,13.350295445450335,13.458835614025542,13.417074390526329,671369.1344361268
False,False,2025-12-23,810000.0,33.856002000000004,-117.945253,1536.0,699 - Not Defined,False,2.0,0.1589,1959.0,2.0,Fullerton,3.0,True,1.0,One,6922.0,False,2.0,Fullerton Joint Union High,92833,0.0,6922.0,527.34375,1.5,66.0,0,512.0,0.22190118462872002,13.604789526648622,13.87377946608825,13.86244049372551,1048048.5757815114
True,False,2025-12-23,955000.0,33.652706,-117.98578,1352.0,14 - South Huntington Beach,False,2.0,0.0394,1964.0,3.0,Huntington Beach,3.0,False,2.0,Two,1716.0,False,2.0,Huntington Beach Union High,92646,372.0,1716.0,706.3609467455622,1.0,61.0,0,450.6666666666667,0.7878787878787878,13.769466619462868,14.19394699368452,13.80403443541248,988589.4769601356
True,True,2025-12-22,1960000.0,33.631675,-117.653942,3087.0,MN - Mission Viejo North,True,3.0,0.1519,1976.0,3.0,Mission Viejo,5.0,True,2.0,Two,6615.0,False,3.0,Capistrano Unified,92691,315.96,6615.0,634.9206349206349,1.6666666666666667,49.0,0,617.4,0.4666666666666667,14.4884550312067,14.092573789669016,14.303156654375682,1628478.4236208494
True,False,2025-12-12,1350000.0,33.645434,-117.941273,1395.0,C2 - Southwest Costa Mesa,True,2.0,0.0485,1986.0,3.0,Costa Mesa,3.0,True,2.0,Two,2112.0,False,2.0,Newport Mesa Unified,92627,225.0,2112.0,967.741935483871,1.0,39.0,0,465.0,0.6605113636363636,14.115615150414612,14.375126345899696,13.960991938154363,1156596.1987803283
True,True,2025-12-31,1850000.0,34.058587,-117.884408,2478.0,669 - West Covina,True,2.0,1.638,1947.0,2.0,West Covina,4.0,True,1.0,One,1.638,False,2.0,Covina Valley Unified,91791,0.0,71351.28,746.5698143664246,2.0,78.0,0,619.5,0.03472958018412564,14.430696197054507,13.785051350479566,14.021219606731654,1228395.7487395685
False,False,2025-12-08,1030000.0,37.64842559,-122.09805101,1701.0,101 - North Inglewood,True,2.0,0.1263,1959.0,2.0,Hayward,4.0,False,1.0,One,5500.0,False,2.0,Hayward,94545,260.85,5500.0,605.5261610817166,2.0,66.0,0,425.25,0.30927272727272725,13.845069360205818,13.732128949025222,13.734896894400311,922550.037298958
True,False,2025-12-09,365000.0,39.481363,-121.511853,1371.0,CPTA - Carpinteria,True,10.0,0.44,1990.0,2.0,Oroville,3.0,True,1.0,One,0.44,False,4.0,Oroville Union,95966,0.0,19166.4,266.2290299051787,1.5,35.0,0,457.0,0.07153143000250438,12.80765263256463,12.821258284620408,12.718321937794835,333808.2274652539
True,True,2025-12-08,485000.0,34.404401,-117.500347,2462.0,PHEL - Phelan,True,4.0,2.15,2006.0,3.0,Phelan,5.0,True,1.0,One,93654.0,False,4.0,Snowline Joint Unified,92371,0.0,93654.0,196.99431356620636,1.6666666666666667,19.0,0,492.4,0.026288252503897325,13.091904169919621,13.11835535600679,13.315821509264582,606719.2905359278
True,False,2025-12-26,1108000.0,34.242134,-118.502782,2603.0,NR - Northridge,True,3.0,0.3001,1976.0,3.0,Northridge,4.0,True,1.0,One,13071.0,False,3.0,Los Angeles Unified,91325,0.0,13071.0,425.6626968882059,1.3333333333333333,49.0,0,650.75,0.1991431413051794,13.918067146289367,13.955272500339433,14.128890361143243,1368041.0186976881
False,False,2025-12-04,825500.0,34.189365,-118.612659,1440.0,WHLL - Woodland Hills,True,2.0,0.1722,1958.0,2.0,Woodland Hills,3.0,True,1.0,One,7500.0,False,2.0,Los Angeles Unified,91303,0.0,7500.0,573.2638888888889,1.5,67.0,0,480.0,0.192,13.623744542342319,13.651814465293484,13.637767840405253,837157.7817812078
True,False,2025-12-11,1100000.0,33.934504,-118.150772,1616.0,"D3 - Southwest Downey, S of Firestone, W of Downey",False,2.0,0.1632,1949.0,3.0,Downey,3.0,True,1.0,One,7110.0,False,2.0,Downey Unified,90242,0.0,7110.0,680.6930693069307,1.0,76.0,0,538.6666666666666,0.22728551336146272,13.9108207377686,13.652991628466498,13.754748685258878,941047.3021454224
True,True,2025-12-10,730000.0,33.983129,-117.583725,2299.0,686 - Ontario,True,2.0,0.0528,2019.0,3.0,Ontario,4.0,False,2.0,Two,2299.0,False,2.0,Chaffey Joint Union High,91762,154.0,2299.0,317.5293605915616,1.3333333333333333,6.0,0,574.75,1.0,13.500799813124575,13.530491602931978,13.579038744150452,789408.1323929848
True,False,2025-12-19,605000.0,35.132951,-120.601558,1320.0,ARRG - Arroyo Grande,False,2.0,0.0344,1980.0,2.0,Arroyo Grande,2.0,True,2.0,Two,1500.0,False,2.0,Lucia Mar Unified,93420,205.0,1500.0,458.3333333333333,1.0,45.0,0,660.0,0.88,13.312983737012978,13.953093847654955,13.560486013762238,774897.4784874041
False,False,2025-12-01,377000.0,34.506516999999995,-117.191317,1609.0,APPV - Apple Valley,True,2.0,1.04,1976.0,2.0,Apple Valley,2.0,True,1.0,One,1.04,False,2.0,Apple Valley Unified,92307,0.0,45302.4,234.30702299564948,1.0,49.0,0,804.5,0.0355168821077912,12.840000466430148,13.049792684569493,12.925198996701939,410527.82825682615
False,False,2025-12-15,1600000.0,34.111129,-118.09046,2795.0,654 - San Gabriel,True,2.0,0.1175,2003.0,4.0,San Gabriel,5.0,True,2.0,Two,5118.0,False,2.0,San Gabriel Unified,91775,0.0,5118.0,572.4508050089446,1.25,22.0,0,559.0,0.5461117624071903,14.28551418721001,14.157248338395881,14.350937050217764,1708176.6110135445
False,False,2025-12-24,735000.0,34.261946,-118.433462,925.0,PAC - Pacoima,False,2.0,0.2142,1952.0,3.0,Pacoima,2.0,False,1.0,One,9332.0,False,2.0,Los Angeles Unified,91331,0.0,9332.0,794.5945945945946,0.6666666666666666,73.0,0,462.5,0.0991213030432919,13.507625778194974,13.541073712262515,13.368333406353887,639430.6220762494
True,False,2025-12-10,495000.0,33.809296,-116.979131,1526.0,699 - Not Defined,True,2.0,0.19,2003.0,2.0,San Jacinto,4.0,True,1.0,One,8276.0,False,2.0,San Jacinto Unified,92583,0.0,8276.0,324.3774574049804,2.0,22.0,0,381.5,0.18438859352344128,13.112313041550827,13.064725287181727,13.025811584315997,453981.4350903879
False,False,2025-12-03,3861000.0,37.37681698,-122.07921902,2277.0,699 - Not Defined,True,2.0,0.1373,1954.0,3.0,Mountain View,4.0,True,1.0,One,5980.0,False,2.0,Other,94040,0.0,5980.0,1695.6521739130435,1.3333333333333333,71.0,0,569.25,0.38076923076923075,15.166436775246373,15.025827937848204,14.962271670800163,3147980.4266805965
False,False,2025-12-16,2250000.0,37.27741025,-121.98177216,2028.0,699 - Not Defined,True,2.0,0.1374,1961.0,2.0,San Jose,4.0,True,2.0,Two,5985.0,False,2.0,Other,95130,0.0,5985.0,1109.4674556213015,2.0,64.0,0,507.0,0.33884711779448623,14.626440774180603,14.53335035111459,14.418904530996029,1828313.5288839613
True,True,2025-12-29,1100000.0,34.38341,-118.593496,2250.0,STEV - Stevenson Ranch,True,2.0,0.1094,1999.0,3.0,Stevenson Ranch,4.0,True,2.0,Two,4767.0,False,2.0,William S. Hart Union,91381,30.0,4767.0,488.8888888888889,1.3333333333333333,26.0,0,562.5,0.4719949653870359,13.9108207377686,14.038654109278484,14.049576754672964,1263728.1440828252
False,False,2025-12-17,1140000.0,34.003269,-118.412125,1185.0,C28 - Culver City,True,4.0,0.0993,1972.0,2.0,Los Angeles,3.0,False,1.0,One,4326.0,False,2.0,Culver City Unified,90066,160.0,4326.0,962.0253164556962,1.5,53.0,0,395.0,0.2739251040221914,13.946538820370678,14.628660530918916,14.217217902798412,1494373.932424389
True,False,2025-12-12,597000.0,36.70044424,-121.63450153,1461.0,699 - Not Defined,False,3.0,0.2089,1955.0,2.0,Salinas,4.0,True,1.0,One,9100.0,False,0.0,Other,93906,0.0,9100.0,408.6242299794661,2.0,70.0,0,365.25,0.16054945054945055,13.29967239237474,13.472921052508891,13.438426682281452,685858.5446296508
True,False,2025-12-03,1126000.0,37.661607200000006,-121.77537637,1330.0,VC41 - Camarillo Central,True,2.0,0.163,1970.0,2.0,Livermore,4.0,True,1.0,One,7100.0,False,2.0,Fountain Valley,94550,705.0,7100.0,846.6165413533835,2.0,55.0,0,332.5,0.18732394366197183,13.934182087681773,14.077490059042251,13.889042271652414,1076302.6696578574
False,True,2025-12-17,1490000.0,34.135408,-118.391848,2223.0,STUD - Studio City,True,1.0,0.2638,1945.0,3.0,Studio City,4.0,True,1.0,One,11492.0,False,1.0,Los Angeles Unified,91604,0.0,11492.0,670.2654071075124,1.3333333333333333,80.0,0,555.75,0.19343891402714933,14.214286677921642,14.603967918328545,14.66083010956902,2328721.8424880183
False,False,2025-12-11,1800000.0,33.697932,-117.971279,2819.0,16 - Fountain Valley / Northeast HB,True,6.0,0.2625,1976.0,3.0,Fountain Valley,4.0,True,1.0,One,11435.0,False,3.0,Fountain Valley,92708,0.0,11435.0,638.5242993969492,1.3333333333333333,49.0,0,704.75,0.24652383034543068,14.403297222866392,14.22097566607244,14.394933280606518,1785007.6887445536
True,False,2025-12-05,580000.0,33.591992,-117.102602,1679.0,SRCAR - Southwest Riverside County,True,2.0,0.0644,2023.0,3.0,Winchester,3.0,True,2.0,Two,2805.0,False,2.0,Temecula Unified,92596,41.0,2805.0,345.44371649791543,1.0,2.0,0,559.6666666666666,0.5985739750445633,13.270783382522602,13.337474757021274,13.24373249949022,564520.7948234237
True,False,2025-12-26,415000.0,34.451159000000004,-117.186098,1542.0,APPV - Apple Valley,True,2.0,1.12,2005.0,2.0,Apple Valley,3.0,True,1.0,One,48787.0,False,2.0,Apple Valley Unified,92308,0.0,48787.0,269.1309987029832,1.5,20.0,0,514.0,0.03160678049480394,12.936033799212835,12.936033799212835,12.951574470587213,421499.7530698466
True,False,2025-12-26,1460000.0,33.599090999999994,-117.647112,2090.0,MC - Mission Viejo Central,True,2.0,0.1556,1977.0,3.0,Mission Viejo,4.0,True,2.0,Two,6780.0,False,2.0,Capistrano Unified,92692,159.0,6780.0,698.5645933014354,1.3333333333333333,48.0,0,522.5,0.308259587020649,14.19394699368452,14.006130917572923,14.038835912768985,1250227.2750221961
True,False,2025-12-23,1360000.0,37.93308486,-122.0430136,1959.0,607 - Azusa,True,4.0,0.2066,1963.0,2.0,Walnut Creek,4.0,True,1.0,One,9000.0,False,2.0,Barstow Unified,94598,0.0,9000.0,694.2317508933129,2.0,62.0,0,489.75,0.21766666666666667,14.122995257712235,14.240778293368619,14.231930641738696,1516522.801701164
False,True,2025-12-05,650000.0,33.63297937,-117.16657254,2459.0,SRCAR - Southwest Riverside County,True,5.0,0.15,2003.0,2.0,Murrieta,4.0,True,1.0,One,6534.0,False,3.0,Other,92563,0.0,6534.0,264.33509556730377,2.0,22.0,0,614.75,0.3763391490664218,13.38472764187182,13.458835614025542,13.507845492905988,735161.5080547933
False,False,2025-12-04,710000.0,33.86518,-117.96648,997.0,83 - Fullerton,True,4.0,0.1497,1952.0,2.0,Fullerton,3.0,False,1.0,One,6523.0,False,2.0,Fullerton Joint Union High,92833,0.0,6523.0,712.1364092276831,1.5,73.0,0,332.3333333333333,0.1528437835351832,13.473020249017498,13.87377946608825,13.687119050411045,879508.9773233309
True,False,2025-12-22,900000.0,37.83699472,-122.19623020000002,2291.0,645 - Pasadena (NW),True,2.0,0.1592,1979.0,3.0,Oakland,3.0,False,1.0,"ThreeOrMore,One",6933.0,False,2.0,Long Beach Unified,94611,0.0,6933.0,392.841553906591,1.0,46.0,0,763.6666666666666,0.3304485792586182,13.710150042306449,14.128493142202753,14.086383415562265,1311108.3623205011
True,False,2025-12-29,3400000.0,34.101478,-118.418982,6573.0,C02 - Beverly Hills Post Office,True,4.0,0.9424,1979.0,5.0,Beverly Hills,4.0,True,1.0,ThreeOrMore,41053.0,False,4.0,Los Angeles Unified,90210,0.0,41053.0,517.2676099193671,0.8,46.0,0,1643.25,0.1601101015760115,15.03928598958639,15.053884789007542,15.5340527635794,5576393.301176917
False,False,2025-12-01,882000.0,33.616481,-117.64418899999998,1400.0,MC - Mission Viejo Central,True,1.0,0.0708,1972.0,2.0,Mission Viejo,2.0,True,1.0,One,3082.0,False,1.0,Carpinteria Unified,92692,584.0,3082.0,630.0,1.0,53.0,0,700.0,0.45425048669695,13.68994733498893,14.006130917572923,13.70647963776343,896702.690842282
True,False,2025-12-09,490000.0,33.698285,-116.20593999999998,1938.0,315 - Coachella,True,2.0,0.17,2005.0,2.0,Coachella,4.0,True,1.0,One,7405.0,False,2.0,Moreno Valley Unified,92236,0.0,7405.0,252.83797729618163,2.0,20.0,0,484.5,0.2617150573936529,13.102160670086809,13.12126236606766,13.114732489968057,496199.0769340012
False,False,2025-12-26,500000.0,33.886821999999995,-118.199246,1385.0,"RO - Compton S of Rosecrans, E of Alameda",True,2.0,0.1148,1948.0,2.0,Compton,2.0,False,1.0,One,4999.0,False,0.0,Compton Unified,90221,0.0,4999.0,361.01083032490976,1.0,77.0,0,692.5,0.27705541108221643,13.122363377404328,13.353475098367715,13.209566487647646,545559.1372558266
True,False,2025-12-05,365000.0,34.627001,-117.851908,1134.0,LAC - Lancaster,True,2.0,0.9038,1988.0,2.0,Lancaster,3.0,True,1.0,One,39371.0,False,2.0,Other,93535,0.0,39371.0,321.8694885361552,1.5,37.0,0,378.0,0.02880292601153133,12.80765263256463,12.994530005894443,12.891026096321044,396735.898935267
False,False,2025-12-29,419000.0,34.123523,-117.284744,1409.0,274 - San Bernardino,False,0.0,0.1779,1913.0,2.0,San Bernardino,3.0,False,1.0,One,7750.0,False,0.0,San Bernardino City Unified,92405,0.0,7750.0,297.3740241305891,1.5,112.0,0,469.6666666666667,0.18180645161290324,12.945626198904275,13.071070083016778,13.030509590930702,456119.260702788
True,False,2025-12-01,435000.0,34.12944,-116.403169,1392.0,DC551 - Airport Area,True,6.0,0.1653,1980.0,2.0,Yucca Valley,2.0,True,1.0,One,7200.0,False,2.0,Newark,92284,100.0,7200.0,312.5,1.0,45.0,0,696.0,0.19333333333333333,12.983101310070822,12.86876061860541,12.710999720782542,331372.937923155
False,True,2025-12-08,1100000.0,37.29550244,-121.81600365,1196.0,699 - Not Defined,True,2.0,0.08,1972.0,2.0,San Jose,2.0,False,1.0,One,3486.0,False,2.0,Other,95121,153.5,3486.0,919.732441471572,1.0,53.0,0,598.0,0.34308663224325875,13.9108207377686,14.133798972500049,13.715936331323892,905222.7557307859
False,False,2025-12-17,1470000.0,34.206627000000005,-118.894096,2389.0,TOW - Thousand Oaks West,True,3.0,0.585,1985.0,2.0,Thousand Oaks,4.0,True,1.0,One,25482.0,False,3.0,Conejo Valley Unified,91360,0.0,25482.0,615.3202176642947,2.0,40.0,0,597.25,0.09375245271171807,14.20077295875492,13.909911233385758,14.040266044039019,1252016.543282137
False,False,2025-12-10,1625000.0,34.040017,-118.388534,1494.0,C09 - Beverlywood Vicinity,False,2.0,0.1122,1926.0,2.0,Los Angeles,3.0,True,1.0,One,4888.0,False,1.0,Other,90034,184.0,4888.0,1087.6840696117804,1.5,99.0,0,498.0,0.30564648117839605,14.301018373745976,14.291744736960645,14.176125041311773,1434210.4422777756
False,False,2025-12-03,500000.0,33.759924,-116.919153,1801.0,SRCAR - Southwest Riverside County,True,3.0,0.2,1995.0,3.0,Hemet,4.0,True,2.0,Two,8712.0,False,3.0,Hemet Unified,92544,0.0,8712.0,277.623542476402,1.3333333333333333,30.0,0,450.25,0.2067263544536272,13.122363377404328,13.081541382884074,13.136860082655287,507301.14604298124
False,False,2025-12-18,1075000.0,34.105616,-118.07291200000002,1240.0,661 - Temple City,False,2.0,0.1279,1940.0,2.0,Temple City,3.0,True,1.0,One,5572.0,False,2.0,Montebello Unified,91780,315.0,5572.0,866.9354838709677,1.5,85.0,0,413.3333333333333,0.22254127781765973,13.8878312195439,13.981024996441848,13.8655547507972,1051317.5560505306
True,True,2025-12-15,1310000.0,32.656036,-117.025485,2798.0,91902 - Bonita,True,3.0,0.4571,1968.0,2.0,Bonita,4.0,True,1.0,One,19912.0,False,2.0,Bonita Unified,91902,0.0,19912.0,468.1915654038599,2.0,57.0,0,699.5,0.1405182804339092,14.085537695177335,13.9016461684345,14.092240448935938,1318810.1004063871
False,False,2025-12-29,655000.0,34.021229,-118.258883,1176.0,C34 - Los Angeles Southwest,True,0.0,0.0574,1908.0,2.0,Los Angeles,3.0,True,1.0,One,2500.0,False,0.0,Los Angeles Unified,90011,0.0,2500.0,556.9727891156463,1.5,117.0,0,392.0,0.4704,13.39239051461739,13.174002552131078,13.117162970903532,497406.5461016851
True,False,2025-12-05,760000.0,33.9716,-118.314211,1064.0,C36 - Metropolitan Southwest,False,2.0,0.1538,1926.0,1.0,Los Angeles,2.0,False,1.0,One,6699.0,False,2.0,Los Angeles Unified,90047,0.0,6699.0,714.2857142857143,2.0,99.0,0,532.0,0.1588296760710554,13.541073712262515,13.493926933836812,13.305598893168586,600548.6260548438
True,True,2025-12-01,1300000.0,33.725466,-118.318427,1473.0,179 - South Shores,False,2.0,0.1693,1959.0,2.0,San Pedro,2.0,True,1.0,One,7375.0,False,2.0,Los Angeles Unified,90732,0.0,7375.0,882.5526137135098,1.0,66.0,0,736.5,0.19972881355932204,14.077874822431765,13.946538820370678,13.813925869413673,998416.5664053076
True,False,2025-12-10,1230000.0,32.824181,-116.786483,2340.0,91901 - Alpine,False,10.0,1.8,1958.0,4.0,Alpine,4.0,True,1.0,One,78408.0,False,0.0,Alpine Union,91901,0.0,78408.0,525.6410256410256,1.0,67.0,0,585.0,0.029843893480257115,14.0225247273486,13.764217263576723,14.001720738872859,1204675.4335477867
False,False,2025-12-10,320000.0,33.712863,-117.197826,1055.0,SRCAR - Southwest Riverside County,True,4.0,0.25,1969.0,1.0,Menifee,2.0,False,1.0,One,10890.0,False,2.0,Perris Union High,92586,435.0,10890.0,303.3175355450237,2.0,56.0,0,527.5,0.09687786960514233,12.676076274775909,12.89921982609012,12.639692160389606,308566.3463753774
True,True,2025-12-23,888000.0,34.02737,-117.622041,2430.0,686 - Ontario,True,3.0,0.1653,1979.0,3.0,Ontario,4.0,True,2.0,Two,7200.0,False,3.0,Ontario-Montclair,91761,0.0,7200.0,365.4320987654321,1.3333333333333333,46.0,0,607.5,0.3375,13.696727021974308,13.532323657186438,13.635241865923977,835045.8111026067
True,False,2025-12-22,785000.0,33.571577000000005,-117.13768799999998,3732.0,SRCAR - Southwest Riverside County,True,6.0,0.12,2000.0,4.0,Murrieta,4.0,True,1.0,ThreeOrMore,5227.0,False,3.0,Murrieta,92563,0.0,5227.0,210.34297963558413,1.0,25.0,0,933.0,0.7139850774823034,13.573438996764546,13.458835614025542,13.837083025211378,1021806.8351828539
False,True,2025-12-19,1880000.0,34.12856,-118.025474,1527.0,605 - Arcadia,False,2.0,0.34,1961.0,3.0,Arcadia,5.0,True,1.0,One,0.34,False,2.0,Arcadia Unified,91006,0.0,14810.4,1231.1722331368696,1.6666666666666667,64.0,0,305.4,0.10310322476097877,14.446782334806132,14.32771348302841,14.216124565826666,1492740.971005671
False,False,2025-12-12,1030000.0,34.240713,-118.85196,2241.0,TOE - Thousand Oaks East,True,2.0,0.18,1970.0,3.0,Thousand Oaks,4.0,True,1.0,ThreeOrMore,7840.0,False,2.0,Los Banos Unified,91360,208.0,7840.0,459.6162427487729,1.3333333333333333,55.0,0,560.25,0.2858418367346939,13.845069360205818,13.909911233385758,13.989073873214588,1189536.0001549476
False,False,2025-12-23,1053000.0,34.173233,-118.38306,1418.0,NHO - North Hollywood,True,0.0,0.1608,1941.0,2.0,North Hollywood,3.0,False,1.0,One,7006.0,False,2.0,Apple Valley Unified,91601,260.0,7006.0,742.5952045133992,1.5,84.0,0,472.6666666666667,0.2023979446188981,13.867153791116113,13.878386160617055,13.866504083687177,1052316.080275252
True,True,2025-12-15,298000.0,33.956961,-116.51721299999998,1206.0,340 - Desert Hot Springs,True,2.0,0.12,2004.0,2.0,Desert Hot Springs,2.0,True,1.0,One,5227.0,False,2.0,Whittier Union High,92240,265.0,5227.0,247.09784411276948,1.0,21.0,0,603.0,0.23072508130859,12.604848765487542,12.911642346088676,12.72141060912071,334840.8452533217
True,False,2025-12-30,475000.0,32.66133792,-116.29513824,1840.0,91905 - Boulevard,True,10.0,0.1,2003.0,2.0,Boulevard,3.0,False,1.0,One,7580.0,False,0.0,Los Alamitos Unified,91905,153.5,6600.0,258.1521739130435,1.5,22.0,0,613.3333333333334,0.2787878787878788,13.071070083016778,13.201174557828619,13.16607819454098,522342.19315905584
False,False,2025-12-17,548000.0,37.517884,-120.876454,1983.0,RES - Reseda,True,2.0,0.1086,2019.0,3.0,Turlock,4.0,False,2.0,Two,4731.0,False,2.0,Turlock Unified,95380,0.0,4731.0,276.3489662128089,1.3333333333333333,6.0,0,495.75,0.41915028535193405,13.214030565930152,13.102160670086809,13.162874251112221,520671.3164482804
True,False,2025-12-19,675000.0,37.92825538,-121.68708358,1726.0,CLB - Calabasas,True,2.0,0.0918,2003.0,3.0,Brentwood,3.0,True,2.0,Two,4000.0,False,2.0,Cajon Valley Union,94513,0.0,4000.0,391.0776361529548,1.0,22.0,0,575.3333333333334,0.4315,13.422467969854667,13.591116224748411,13.45761745425254,699147.8073177029
True,False,2025-12-04,1785000.0,33.563465,-117.469427,1877.0,SRCAR - Southwest Riverside County,True,2.0,2.94,1995.0,3.0,Ortega Mountain,2.0,True,1.0,One,2.94,False,2.0,Murrieta,92562,350.0,128066.4,950.9856153436334,0.6666666666666666,30.0,0,938.5,0.014656459461654267,14.394928973195876,13.487006490992238,13.546445144261751,764093.2718434199
False,False,2025-12-04,649000.0,33.928422999999995,-117.552629,1144.0,250 - Norco,True,1.0,0.16,1963.0,2.0,Norco,3.0,False,1.0,One,6970.0,False,1.0,Corona-Norco Unified,92860,0.0,6970.0,567.3076923076923,1.5,62.0,0,381.3333333333333,0.16413199426111907,13.383187995686226,13.753635154246187,13.580136775581419,790275.4033924845
True,False,2025-12-26,1378000.0,33.94567,-117.682696,3093.0,682 - Chino Hills,True,4.0,0.17,2016.0,4.0,Chino Hills,5.0,False,2.0,Two,7406.0,False,2.0,Chino Valley Unified,91709,260.0,7406.0,445.5221467830586,1.25,9.0,0,618.6,0.41763435052660003,14.136143730555741,13.901688254205327,14.087604826464478,1312710.7427514773
True,True,2025-12-22,730000.0,34.043884000000006,-117.027862,2024.0,269 - Yucaipa/Calimesa/Oak Glen,True,2.0,0.2934,1974.0,3.0,Yucaipa,3.0,True,1.0,One,12782.0,False,2.0,Yucaipa/Calimesa Unified,92399,0.0,12782.0,360.67193675889325,1.0,51.0,0,674.6666666666666,0.15834767641996558,13.500799813124575,13.274219822166483,13.371660462513491,641561.586619732
True,False,2025-12-05,1648000.0,37.94051793,-121.91699576,3911.0,222 - Idyllwild,False,4.0,0.3014,1998.0,4.0,Clayton,6.0,True,2.0,Two,13129.0,False,4.0,Murrieta,94517,0.0,13129.0,421.37560726156994,1.5,27.0,0,651.8333333333334,0.29789016680630664,14.315072989451554,13.946538820370678,14.39000249433979,1776227.860862662
False,False,2025-12-05,755000.0,33.904241,-118.106216,817.0,699 - Not Defined,False,2.0,0.1173,1950.0,1.0,Norwalk,2.0,False,1.0,One,5109.0,False,2.0,Norwalk - La Mirada,90650,0.0,5109.0,924.1126070991432,2.0,75.0,0,408.5,0.15991387747112937,13.534473028231162,13.541073712262515,13.316368789920467,607051.4271448711
True,False,2025-12-02,775000.0,34.262732,-119.208347,1284.0,276 - Highland,True,2.0,0.14,1963.0,2.0,Ventura,4.0,True,1.0,One,6098.0,False,2.0,Huntington Beach Union High,93003,60.0,6098.0,603.582554517134,2.0,62.0,0,321.0,0.21056083961954739,13.560618308335483,13.825460888817442,13.717144000407863,906316.6256504836
True,False,2025-12-01,1100000.0,33.849773,-118.127822,1931.0,23 - Lakewood Park,True,1.0,0.123,1950.0,2.0,Lakewood,5.0,True,2.0,Two,5358.0,False,1.0,Long Beach Unified,90712,0.0,5358.0,569.6530295183843,2.5,75.0,0,386.2,0.36039567002612916,13.9108207377686,13.671639520838347,13.756128772385642,942346.9260035909
True,False,2025-12-11,635000.0,33.656217,-117.247759,2491.0,SRCAR - Southwest Riverside County,True,3.0,0.1579,2004.0,3.0,Lake Elsinore,4.0,True,2.0,Two,6879.0,False,3.0,Lake Elsinore Unified,92532,160.0,6879.0,254.9177037334404,1.3333333333333333,21.0,0,622.75,0.36211658671318503,13.36138027787483,13.353475098367715,13.37147488410748,641442.5376899261
True,True,2025-12-01,1180000.0,34.175429,-118.116427,1198.0,646 - Pasadena (NE),False,2.0,0.1274,1946.0,2.0,Pasadena,2.0,True,1.0,One,5551.0,False,2.0,Pasadena Unified,91104,0.0,5551.0,984.9749582637728,1.0,79.0,0,599.0,0.21581696991533056,13.981024996441848,14.119305204063423,13.908646820333576,1097611.2881933346
True,False,2025-12-12,500000.0,33.908094,-117.23534,1112.0,259 - Moreno Valley,True,2.0,0.22,1978.0,2.0,Moreno Valley,3.0,False,1.0,One,9583.0,False,2.0,Moreno Valley Unified,92553,0.0,9583.0,449.64028776978415,1.5,47.0,0,370.6666666666667,0.11603881874152144,13.122363377404328,13.159174447339636,13.037456746140995,459299.02436842787
True,False,2025-12-30,1449000.0,33.182557,-117.35299,2040.0,92054 - Oceanside,True,6.0,0.1377,2017.0,3.0,Oceanside,3.0,False,1.0,One,6000.0,False,2.0,Oceanside Unified,92054,0.0,6000.0,710.2941176470588,1.0,8.0,0,680.0,0.34,14.18638422130282,14.09692301740246,14.162277073791998,1414486.4266196487
False,False,2025-12-22,792300.0,32.83013074,-117.02017258,1507.0,92071 - Santee,True,4.0,2.049,1960.0,2.0,Santee,3.0,False,1.0,One,5800.0,False,2.0,Capistrano Unified,92071,0.0,3049.0,525.7465162574651,1.5,65.0,0,502.3333333333333,0.494260413250246,13.582695386953333,13.652403046879991,13.63211255801006,832436.779997376
True,False,2025-12-05,1325000.0,34.093528000000006,-118.275091,1096.0,C21 - Silver Lake - Echo Park,False,1.0,0.1595,1922.0,2.0,Los Angeles,3.0,True,1.0,One,6948.0,False,1.0,Glendale Unified,90026,85.0,6948.0,1208.941605839416,1.5,103.0,0,365.3333333333333,0.1577432354634427,14.09692301740246,14.237504968023648,14.008780351862777,1213210.0660424898
True,False,2025-12-10,595000.0,34.090814,-117.630598,1047.0,686 - Ontario,True,2.0,0.1462,1957.0,2.0,Ontario,3.0,False,1.0,One,6370.0,False,2.0,Chaffey Joint Union High,91764,0.0,6370.0,568.2903533906399,1.5,68.0,0,349.0,0.1643642072213501,13.296316684527767,13.414286165238757,13.305400070780289,600429.2354118826
True,False,2025-12-04,2150000.0,34.131875,-118.35563700000002,1796.0,C03 - Sunset Strip - Hollywood Hills West,True,1.0,0.1641,1926.0,2.0,Los Angeles,3.0,True,1.0,MultiSplit,7147.0,False,3.0,Orange Unified,90068,0.0,7147.0,1197.1046770601336,1.5,99.0,0,598.6666666666666,0.25129424933538547,14.580978400103845,14.457364444136669,14.351325491602694,1708840.2663892927
True,False,2025-12-31,580000.0,34.166863,-117.357089,1914.0,274 - San Bernardino,True,2.0,0.1722,1992.0,3.0,San Bernardino,5.0,True,2.0,Two,7500.0,False,2.0,Other,92407,0.0,7500.0,303.030303030303,1.6666666666666667,33.0,0,382.8,0.2552,13.270783382522602,13.304684934198283,13.330554218588231,615724.0790749094
True,False,2025-12-09,1100000.0,33.83106,-118.017245,2043.0,82 - Buena Park,True,2.0,0.0918,1997.0,3.0,Buena Park,4.0,True,2.0,Two,4000.0,False,2.0,Anaheim Union High,90620,135.0,4000.0,538.4238864415075,1.3333333333333333,28.0,0,510.75,0.51075,13.9108207377686,13.741593969296583,13.73477958870436,922441.8232719675
True,False,2025-12-30,1600000.0,33.214175,-117.206933,1842.0,92084 - Vista,False,2.0,4.5,1937.0,2.0,Vista,3.0,True,1.0,One,196020.0,False,2.0,Vista Unified,92084,0.0,196020.0,868.6210640608035,1.5,88.0,0,614.0,0.009397000306091216,14.28551418721001,13.773646353865574,13.891004164930616,1078416.3333440966
True,True,2025-12-03,1325000.0,34.289603,-118.691675,3030.0,SVE - East Simi,True,6.0,0.26,1987.0,3.0,Simi Valley,4.0,True,2.0,Two,11325.0,False,3.0,Simi Valley Unified,93063,0.0,11325.0,437.2937293729373,1.3333333333333333,38.0,0,757.5,0.2675496688741722,14.09692301740246,13.637546696375418,13.937848104421938,1130135.5106433902
True,False,2025-12-12,1936100.0,34.136296,-118.460636,2053.0,SO - Sherman Oaks,True,2.0,0.2027,1954.0,3.0,Sherman Oaks,3.0,True,1.0,One,8831.0,False,2.0,Moreno Valley Unified,91403,0.0,8831.0,943.0589381393085,1.0,71.0,0,684.3333333333334,0.23247650322726757,14.476186198377256,14.557447902693651,14.452792044336494,1891332.271640606
True,False,2025-12-19,1468000.0,34.171972,-118.133044,1870.0,646 - Pasadena (NE),False,7.0,0.1882,1940.0,2.0,Pasadena,3.0,True,1.0,One,8198.0,False,2.0,Pasadena Unified,91104,0.0,8198.0,785.0267379679144,1.5,85.0,0,623.3333333333334,0.22810441571114906,14.199411488156597,14.119305204063423,14.198284604415578,1466346.6664005183
True,False,2025-12-05,810000.0,33.921358000000005,-118.293746,1173.0,C36 - Metropolitan Southwest,True,2.0,0.1607,1955.0,2.0,Los Angeles,3.0,False,1.0,One,7002.0,False,2.0,Los Angeles Unified,90044,0.0,7002.0,690.537084398977,1.5,70.0,0,391.0,0.1675235646958012,13.604789526648622,13.38472764187182,13.323191841526407,611207.5328981458
True,False,2025-12-01,700000.0,34.435970000000005,-118.55761499999998,1647.0,CRSD - Valencia Creekside,True,2.0,0.0658,2005.0,3.0,Valencia,3.0,False,2.0,Two,2866.0,False,2.0,William S. Hart Union,91354,168.18,2866.0,425.0151791135398,1.0,20.0,0,549.0,0.5746685275645499,13.458835614025542,13.710150042306449,13.542079233366731,760764.5803756367
False,False,2025-12-03,350000.0,34.011202000000004,-117.332507,780.0,699 - Not Defined,True,5.0,0.14,1939.0,1.0,Riverside,2.0,False,1.0,One,6098.0,False,0.0,Riverside Unified,92507,0.0,6098.0,448.71794871794873,2.0,86.0,0,390.0,0.12791079042308953,12.765688433465597,13.38472764187182,13.167599662230971,523137.52481134905
True,False,2025-12-16,4280000.0,33.721298,-118.06341100000002,2775.0,17 - Northwest Huntington Beach,True,2.0,0.1148,1975.0,3.0,Huntington Beach,4.0,True,2.0,Two,5000.0,False,2.0,Huntington Beach Union High,92649,0.0,5000.0,1542.3423423423424,1.3333333333333333,50.0,0,693.75,0.555,15.26946356755798,14.330128979968961,14.506596592226987,1995881.9528122924
False,False,2025-12-04,1200000.0,37.479667,-122.21212904,1080.0,699 - Not Defined,True,1.0,0.1148,1946.0,1.0,Redwood City,2.0,False,1.0,One,5000.0,False,1.0,Other,94063,0.0,5000.0,1111.111111111111,2.0,79.0,0,540.0,0.216,13.997832114758229,14.223635246811238,13.889696230499071,1077006.757507507
False,True,2025-12-09,3850000.0,37.23448983,-121.9252772,2695.0,699 - Not Defined,True,3.0,0.3811,2001.0,3.0,Los Gatos,3.0,True,1.0,Two,16601.0,False,3.0,Other,95032,175.0,16601.0,1428.571428571429,1.0,24.0,0,898.3333333333334,0.16233961809529546,15.163583706263967,14.927301792587102,14.961556696044134,3145730.504557651
False,False,2025-12-09,550000.0,33.99732,-117.06356,1620.0,269 - Yucaipa/Calimesa/Oak Glen,False,2.0,0.27,1947.0,3.0,Calimesa,4.0,True,1.0,One,11761.0,False,2.0,Yucaipa/Calimesa Unified,92320,0.0,11761.0,339.5061728395062,1.3333333333333333,78.0,0,405.0,0.1377433891675878,13.217673557208654,13.321214236149494,13.357491992112468,632535.7325336759
True,False,2025-12-05,683000.0,34.225469,-117.401351,1450.0,274 - San Bernardino,True,4.0,0.4867,1972.0,2.0,San Bernardino,3.0,True,1.0,One,21200.0,False,4.0,San Bernardino City Unified,92407,0.0,21200.0,471.0344827586207,1.5,53.0,0,483.3333333333333,0.06839622641509434,13.434250138552928,13.304684934198283,13.246932224328942,566329.9989667251
False,False,2025-12-12,1680000.0,37.22501835,-121.86462052,1286.0,699 - Not Defined,False,2.0,0.1382,1961.0,2.0,San Jose,3.0,True,2.0,ThreeOrMore,6018.0,False,2.0,San Jose Unified,95120,122.0,6018.0,1306.3763608087093,1.5,64.0,0,428.6666666666667,0.2136922565636424,14.334304351379442,14.622185682591283,14.324457180940971,1663537.9390458805
True,False,2025-12-02,970000.0,34.19436,-118.632744,1448.0,WEH - West Hills,True,2.0,0.1553,1958.0,2.0,West Hills,3.0,True,1.0,One,6766.0,False,2.0,Los Angeles Unified,91307,0.0,6766.0,669.889502762431,1.5,67.0,0,482.6666666666667,0.21401123263375701,13.785051350479566,13.849911984681606,13.738826081278095,926182.0395346505
True,False,2025-12-03,424000.0,33.889938,-116.615424,1612.0,331 - North End Palm Springs,True,2.0,0.18,2005.0,2.0,Palm Springs,3.0,True,1.0,One,7841.0,False,2.0,Palm Springs Unified,92262,0.0,7841.0,263.0272952853598,1.5,20.0,0,537.3333333333334,0.20558602219104705,12.957488734214095,13.737549016494562,13.51837613971531,742944.1403993521
False,False,2025-12-11,559990.0,33.670309,-117.115149,1352.0,SRCAR - Southwest Riverside County,True,4.0,0.1125,2025.0,2.0,Winchester,3.0,False,1.0,One,4900.0,True,2.0,Perris Union High,92596,0.0,4900.0,414.1937869822485,1.5,0.0,0,450.6666666666667,0.27591836734693875,13.235674205409033,13.337474757021274,13.229185319493553,556368.0526863367
False,False,2025-12-26,340000.0,34.512624,-117.301753,1762.0,VIC - Victorville,False,0.0,0.1607,1972.0,2.0,Victorville,4.0,False,1.0,One,7000.0,False,0.0,Victor Valley Unified,92395,0.0,7000.0,192.96254256526672,2.0,53.0,0,440.5,0.2517142857142857,12.736700896592344,12.947950462906661,12.938438262861109,415999.05302604445
False,False,2025-12-17,320000.0,34.512429,-117.301751,1120.0,VIC - Victorville,True,2.0,0.1607,1972.0,2.0,Victorville,3.0,False,1.0,One,7000.0,False,2.0,Victor Valley Unified,92395,0.0,7000.0,285.7142857142857,1.5,53.0,0,373.3333333333333,0.16,12.676076274775909,12.947950462906661,12.761240869525771,348446.8091391756
False,False,2025-12-17,1444000.0,33.8614,-118.361567,1211.0,153 - N Redondo Bch/El Nido,False,1.0,0.1278,1953.0,2.0,Redondo Beach,3.0,False,1.0,One,5568.0,False,1.0,Other,90278,0.0,5568.0,1192.4029727497937,1.5,72.0,0,403.6666666666667,0.21749281609195403,14.182927598434908,14.253765488895429,14.070210651102984,1290074.6606074788
False,False,2025-12-11,1350000.0,36.96354466,-121.98669318,1985.0,699 - Not Defined,True,2.0,0.121,1994.0,2.0,Santa Cruz,3.0,True,2.0,One,5271.0,False,2.0,Other,95062,0.0,5271.0,680.1007556675063,1.5,31.0,0,661.6666666666666,0.3765888825649782,14.115615150414612,14.444785440003537,14.316648531043155,1650598.5390586043
False,False,2025-12-16,729000.0,33.991779,-118.333064,1184.0,C34 - Los Angeles Southwest,False,2.0,0.1608,1922.0,1.0,Los Angeles,2.0,True,1.0,One,7004.0,False,2.0,Los Angeles Unified,90043,0.0,7004.0,615.7094594594595,2.0,103.0,0,592.0,0.1690462592804112,13.499429010990795,13.652991628466498,13.518065905029673,742713.68910635
False,False,2025-12-04,710000.0,33.957413,-117.470703,1910.0,252 - Riverside,True,2.0,0.1653,2021.0,2.0,Riverside,4.0,False,1.0,One,7200.0,False,2.0,Alvord Unified,92503,0.0,7200.0,371.72774869109946,2.0,4.0,0,477.5,0.2652777777777778,13.473020249017498,13.399995114002609,13.383646468515018,649297.6170853454
False,False,2025-12-10,650990.0,33.668907,-117.113814,2239.0,SRCAR - Southwest Riverside County,True,4.0,0.1165,2025.0,3.0,Winchester,4.0,False,2.0,Two,5075.0,True,2.0,Perris Union High,92596,0.0,5075.0,290.7503349709692,1.3333333333333333,0.0,0,559.75,0.4411822660098522,13.386249560089622,13.337474757021274,13.332418872735785,616873.2626146622
True,False,2025-12-16,635000.0,34.915071000000005,-120.428665,1321.0,ORCT - Orcutt,True,2.0,0.11,1989.0,2.0,Santa Maria,3.0,True,1.0,One,4792.0,False,2.0,Santa Maria-Bonita,93455,0.0,4792.0,480.69644208932624,1.5,36.0,0,440.3333333333333,0.2756677796327212,13.36138027787483,13.538369041771391,13.36853601560237,639560.1897594072
False,False,2025-12-01,325000.0,36.345866,-119.409183,1249.0,633 - Industry/La Puente/Valinda,True,2.0,0.138,2009.0,2.0,Visalia,3.0,True,1.0,One,6013.0,False,2.0,Visalia Unified,93291,0.0,6013.0,260.2081665332266,1.5,16.0,0,416.3333333333333,0.20771661400299352,12.691580461311874,12.89921982609012,12.814018123146887,367330.8145813821
False,False,2025-12-17,1950000.0,34.195924,-118.471332,3002.0,LKBL - Lake Balboa,True,6.0,0.5331,1949.0,4.0,Lake Balboa,3.0,True,1.0,One,23220.0,False,2.0,Other,91406,0.0,23220.0,649.5669553630913,0.75,76.0,0,1000.6666666666666,0.1292850990525409,14.48333993053993,13.708480036117827,14.212668706475268,1487591.1717780367
True,False,2025-12-19,1560000.0,34.090579,-118.269085,2450.0,C21 - Silver Lake - Echo Park,True,2.0,0.1276,1963.0,3.0,Silver Lake,4.0,True,2.0,Two,5558.0,False,2.0,Los Angeles Unified,90026,0.0,5558.0,636.734693877551,1.3333333333333333,62.0,0,612.5,0.44080604534005036,14.26019637922572,14.237504968023648,14.345865061020014,1699534.6920805313
False,False,2025-12-01,1685000.0,32.85482505,-117.20781745,1736.0,92122 - University City,True,4.0,0.2043,1963.0,3.0,San Diego,4.0,True,1.0,One,8900.0,False,2.0,Lake Elsinore Unified,92122,0.0,8900.0,970.6221198156682,1.3333333333333333,62.0,0,434.0,0.1950561797752809,14.3372761217686,14.333410696092393,14.275024261288602,1583303.8423556394
True,False,2025-12-22,7900000.0,33.912229,-118.115225,1132.0,"D3 - Southwest Downey, S of Firestone, W of Downey",True,2.0,0.1175,1954.0,2.0,Downey,3.0,False,1.0,One,5120.0,False,2.0,Downey Unified,90242,0.0,5120.0,6978.798586572439,1.5,71.0,0,377.3333333333333,0.22109375,15.88237331743725,13.652991628466498,13.590670298630707,798643.784460763
True,False,2025-12-22,1435000.0,34.248111,-118.561991,2796.0,NR - Northridge,True,3.0,0.2972,1973.0,4.0,Northridge,4.0,True,1.0,One,12946.0,False,3.0,Garden Grove Unified,91324,0.0,12946.0,513.2331902718169,1.0,52.0,0,699.0,0.21597404603738607,14.176675407175859,13.767367980495198,14.051808310884747,1266551.373398613
False,False,2025-12-31,479500.0,33.890021999999995,-117.215344,1411.0,259 - Moreno Valley,True,2.0,0.15,1997.0,2.0,Moreno Valley,3.0,True,1.0,One,6534.0,False,2.0,Moreno Valley Unified,92551,74.0,6534.0,339.8299078667612,1.5,28.0,0,470.3333333333333,0.2159473523109887,13.08049917330563,13.180632285528304,13.080968453701347,479725.072756732
True,False,2025-12-19,405000.0,34.479708,-117.361096,1325.0,VIC - Victorville,True,3.0,0.4775,1985.0,2.0,Victorville,3.0,True,1.0,One,20800.0,False,3.0,Victor Valley Union High,92392,0.0,20800.0,305.66037735849056,1.5,40.0,0,441.6666666666667,0.06370192307692307,12.911642346088676,13.01477816672439,12.897640599214451,399368.80777877325
True,False,2025-12-17,625000.0,34.081212,-117.394793,1568.0,265 - Bloomington,True,2.0,0.1768,1987.0,3.0,Bloomington,5.0,True,2.0,Two,7700.0,False,2.0,Rialto Unified,92316,0.0,7700.0,398.5969387755102,1.6666666666666667,38.0,0,313.6,0.20363636363636364,13.345506928718539,13.208541073645382,13.201947997910894,541418.5929419235
True,False,2025-12-22,1097600.0,34.095452,-118.251511,1024.0,C21 - Silver Lake - Echo Park,False,0.0,0.0942,1922.0,2.0,Los Angeles,2.0,False,1.0,MultiSplit,4102.0,False,2.0,Orange Unified,90039,0.0,4102.0,1071.875,1.0,103.0,0,512.0,0.24963432471964894,13.908636535953757,14.283164926819232,13.945592994688367,1138922.2684755858
True,False,2025-12-11,440000.0,39.758455,-121.82316000000002,1541.0,ATSC - Atascadero,True,2.0,0.14,1972.0,2.0,Chico,3.0,True,1.0,One,0.14,False,2.0,Chico Unified,95926,0.0,6098.4,285.52887735236857,1.5,53.0,0,513.6666666666666,0.25268922996195725,12.994530005894443,13.060487973686241,12.995016433667894,440214.0802833947
True,False,2025-12-02,865000.0,37.64581546,-122.48432106,1010.0,699 - Not Defined,True,2.0,0.1405,1954.0,1.0,Pacifica,3.0,True,1.0,One,6120.0,False,2.0,Other,94044,155.0,6120.0,856.4356435643564,3.0,71.0,0,336.6666666666667,0.1650326797385621,13.670484785914017,14.038654109278484,13.744261390258446,931229.830817157
False,True,2025-12-05,1117500.0,34.173817,-118.583459,3252.0,WHLL - Woodland Hills,True,4.0,0.6387,1960.0,3.0,Woodland Hills,4.0,True,1.0,One,27823.0,False,0.0,Atascadero Unified,91367,120.0,27823.0,343.6346863468635,1.3333333333333333,65.0,0,813.0,0.11688171656543148,13.92660460546986,14.130321297804308,14.477639574537454,1938915.9273889519
False,False,2025-12-17,920000.0,33.844,-118.023833,1362.0,82 - Buena Park,True,2.0,0.1377,1954.0,2.0,Buena Park,4.0,True,1.0,One,6000.0,False,2.0,Anaheim Union High,90620,0.0,6000.0,675.4772393538914,2.0,71.0,0,340.5,0.227,13.732128949025222,13.741593969296583,13.682815985440536,875732.5240408604
True,False,2025-12-23,288000.0,40.72861049,-122.94473362,1140.0,92009 - Carlsbad,True,1.0,0.09,2013.0,2.0,Weaverville,3.0,False,1.0,One,3920.0,False,1.0,San Bernardino City Unified,96093,0.0,3920.0,252.6315789473684,1.5,12.0,0,380.0,0.29081632653061223,12.570715759118084,12.89921982609012,12.749161259212553,344263.0275690006
True,False,2025-12-02,2050000.0,33.999191,-118.451395,2240.0,C11 - Venice,True,3.0,0.1325,1929.0,3.0,Venice,4.0,True,1.0,One,5771.0,False,3.0,San Marino Unified,90291,250.0,5771.0,915.1785714285714,1.3333333333333333,96.0,0,560.0,0.3881476347253509,14.53335035111459,14.66457824156197,14.677512260390444,2367895.7757313545
True,False,2025-12-22,2375000.0,33.772145,-118.409192,3300.0,160 - Lunada Bay/Margate,True,3.0,0.3354,1976.0,3.0,Palos Verdes Estates,5.0,True,2.0,Two,14609.0,False,3.0,Palos Verdes Peninsula Unified,90274,0.0,14609.0,719.6969696969697,1.6666666666666667,49.0,0,660.0,0.2258881511397084,14.68050799545088,14.735791327008538,14.817675062590336,2724171.934332756
True,False,2025-12-22,550000.0,33.940912,-117.43955,1288.0,252 - Riverside,True,2.0,0.16,1959.0,2.0,Riverside,3.0,True,1.0,One,6969.0,False,2.0,Riverside Unified,92504,0.0,6969.0,427.0186335403727,1.5,66.0,0,429.3333333333333,0.1848184818481848,13.217673557208654,13.353475098367715,13.269237766380181,579104.2350700902
False,False,2025-12-09,1850000.0,37.57866122,-121.99782890000002,2188.0,259 - Moreno Valley,True,2.0,0.1937,1960.0,2.0,Fremont,3.0,True,1.0,One,8439.0,False,2.0,Fremont Unified,94536,0.0,8439.0,845.5210237659963,1.5,65.0,0,729.3333333333334,0.2592724256428487,14.430696197054507,14.316285845876763,14.326941335679555,1667675.5618198044
True,True,2025-12-10,915000.0,35.630559000000005,-120.66971399999998,1874.0,PRIC - PR Inside City Limit,True,6.0,1.0,1984.0,2.0,Paso Robles,3.0,True,1.0,One,43560.0,False,2.0,Paso Robles Joint Unified,93446,0.0,43560.0,488.26040554962646,1.5,41.0,0,624.6666666666666,0.04302112029384757,13.726679344257658,13.591116224748411,13.617316287526846,820210.4950073969
True,False,2025-12-15,445000.0,39.046477,-122.920467,1806.0,LCLPN - Lakeport North,False,1.0,0.21,1990.0,2.0,Lakeport,3.0,False,2.0,Two,0.21,False,1.0,Lakeport Unified,95453,0.0,9147.6,246.40088593576965,1.5,35.0,0,602.0,0.19742883379247014,13.005829561148378,12.89167886987763,12.954806580219998,422864.29046129365
False,False,2025-12-22,499000.0,33.719562,-117.00376,2746.0,SRCAR - Southwest Riverside County,True,5.0,0.0,2006.0,3.0,Hemet,5.0,True,2.0,Two,0.17,False,3.0,Hemet Unified,92545,187.0,0.17,181.7188638018937,1.6666666666666667,19.0,0,549.2,16152.941176470587,13.120361374733656,12.990536830078119,13.123216788202521,500426.8875284005
True,False,2025-12-12,310000.0,33.760684999999995,-117.002754,1190.0,SRCAR - Southwest Riverside County,True,2.0,0.08,1989.0,2.0,Hemet,2.0,True,1.0,One,3485.0,False,2.0,Hemet Unified,92545,5.0,3485.0,260.5042016806723,1.0,36.0,0,595.0,0.34146341463414637,12.644327576461329,12.990536830078119,12.696795391137819,326699.2791531416
False,False,2025-12-05,1060000.0,37.75611203,-122.23913017,1193.0,APPV - Apple Valley,False,1.0,0.0861,1912.0,2.0,Alameda,3.0,False,2.0,Two,3750.0,False,0.0,Rim of the World,94501,0.0,3750.0,888.5163453478625,1.5,113.0,0,397.6666666666667,0.3181333333333333,13.87377946608825,14.096915897380246,13.873499153865364,1059702.9106845693
True,False,2025-12-17,850000.0,32.847521,-116.778898,1685.0,91901 - Alpine,True,4.0,0.13,2005.0,2.0,Alpine,3.0,True,1.0,One,0.13,False,2.0,Grossmont Union,91901,240.0,5662.8,504.45103857566767,1.5,20.0,0,561.6666666666666,0.2975559793741612,13.652991628466498,13.764217263576723,13.560692795545885,775057.7297380974
True,False,2025-12-01,595000.0,33.940124,-117.01858,2405.0,263 - Banning/Beaumont/Cherry Valley,True,2.0,0.1511,2023.0,3.0,Beaumont,5.0,False,2.0,Two,6580.0,False,2.0,Beaumont,92223,190.0,6580.0,247.4012474012474,1.6666666666666667,2.0,0,481.0,0.3655015197568389,13.296316684527767,13.197470849891134,13.302603821743212,598752.630934805
True,True,2025-12-19,4000000.0,37.33818604,-122.19614376,3694.0,699 - Not Defined,True,4.0,1.0132,1967.0,6.0,Portola Valley,5.0,True,1.0,Two,44136.0,False,2.0,Other,94028,118.0,44136.0,1082.8370330265295,0.8333333333333334,58.0,0,738.8,0.08369584919340221,15.201804919084164,15.268294660352998,15.46510827752855,5204885.582331273
True,False,2025-12-01,1248000.0,33.945761,-117.972796,2219.0,87 - La Habra,True,3.0,0.1687,1990.0,3.0,La Habra,4.0,True,2.0,Two,7350.0,False,3.0,Lowell Joint Unified,90631,0.0,7350.0,562.4155024785939,1.3333333333333333,35.0,0,554.75,0.3019047619047619,14.03705282791151,13.792724135316895,13.902645276966267,1091043.654130147
True,True,2025-12-08,695000.0,39.750077000000005,-121.876011,2479.0,ADL - Adelanto,True,2.0,0.23,1990.0,3.0,Chico,4.0,True,2.0,Two,10019.0,False,2.0,Chico Unified,95973,0.0,10019.0,280.3549818475192,1.3333333333333333,35.0,0,619.75,0.24742988322187842,13.45166712454693,13.151922179645874,13.338063876237264,620365.3615240941
True,False,2025-12-19,1190000.0,34.138729,-118.384068,1824.0,STUD - Studio City,True,0.0,0.0749,1951.0,2.0,Studio City,3.0,True,2.0,Two,3263.0,False,2.0,Los Angeles Unified,91604,0.0,3263.0,652.4122807017544,1.5,74.0,0,608.0,0.5589947900704872,13.989463865087712,14.603967918328545,14.482033749114812,1947454.6089541663
True,False,2025-12-09,575000.0,34.701563,-118.21005900000002,2670.0,LAC - Lancaster,True,2.0,0.1694,2020.0,3.0,Lancaster,4.0,False,1.0,One,7380.0,False,2.0,Lancaster,93536,0.0,7380.0,215.3558052434457,1.3333333333333333,5.0,0,667.5,0.3617886178861789,13.262125319779487,13.224918336616522,13.347947982692293,626527.5223573474
True,False,2025-12-03,1816000.0,34.183912,-118.224853,2437.0,627 - Rossmoyne & Verdu Woodlands,True,2.0,0.4464,1958.0,2.0,Glendale,3.0,True,1.0,One,19447.0,False,2.0,Rowland Unified,91208,0.0,19447.0,745.1784981534673,1.5,67.0,0,812.3333333333334,0.12531495860544042,14.412146838143375,14.246322223230198,14.400297679974559,1794608.9122362714
True,False,2025-12-22,1150000.0,33.20895812,-117.26351893,3116.0,92083 - Vista,True,6.0,0.2396,2012.0,4.0,Vista,4.0,True,2.0,Two,10438.0,False,3.0,San Pasqual Union,92083,215.0,10438.0,369.0629011553273,1.0,13.0,0,779.0,0.29852462157501436,13.955272500339433,13.614617615584883,13.936925823731338,1129093.6889840094
True,False,2025-12-05,799000.0,36.83662141,-121.39588006,2022.0,699 - Not Defined,True,2.0,0.2045,1989.0,2.0,Hollister,4.0,True,1.0,Two,8908.0,False,2.0,Other,95023,0.0,8908.0,395.1533135509397,2.0,36.0,0,505.5,0.2269869779973058,13.591116224748411,13.527828485512494,13.548539284023366,765695.0665511849
False,False,2025-12-09,865000.0,34.198437,-118.626593,1358.0,WEH - West Hills,True,2.0,0.1724,1956.0,2.0,West Hills,3.0,True,1.0,One,7510.0,False,2.0,Tustin Unified,91307,650.0,7510.0,636.9661266568484,1.5,69.0,0,452.6666666666667,0.18082556591211718,13.670484785914017,13.849911984681606,13.742198445810414,929310.7355818595
False,False,2025-12-05,750000.0,33.879572,-118.197647,1713.0,"6 - Bixby, Bixby Knolls, Los Cerritos",True,5.0,0.1549,1949.0,2.0,Long Beach,3.0,False,1.0,One,6746.0,False,2.0,Long Beach Unified,90805,0.0,6746.0,437.82837127845886,1.5,76.0,0,571.0,0.25392825378001777,13.527828485512494,13.526494262499357,13.580493162375976,790557.0973033304
False,False,2025-12-23,699990.0,33.581576,-117.244715,2239.0,SRCAR - Southwest Riverside County,True,6.0,0.1916,2025.0,3.0,Wildomar,4.0,False,2.0,Two,8344.0,True,3.0,Lake Elsinore Unified,92595,190.0,8344.0,312.6351049575703,1.3333333333333333,0.0,0,559.75,0.2683365292425695,13.458821328209215,13.442996549995796,13.491841779525075,723489.8381314218
True,False,2025-12-02,332000.0,39.49952,-121.511716,1410.0,SRCAR - Southwest Riverside County,True,2.0,0.45,1963.0,2.0,Oroville,3.0,True,1.0,One,19602.0,False,2.0,Oroville Union,95966,0.0,19602.0,235.46099290780143,1.5,62.0,0,470.0,0.0719314355677992,12.712890247898626,12.821258284620408,12.717824675568217,333642.27850629494
True,False,2025-12-16,1824990.0,33.679327,-117.737992,2450.0,GP - Great Park,True,2.0,0.0643,2025.0,3.0,Irvine,4.0,False,2.0,Two,2800.0,True,2.0,Irvine Unified,92618,260.0,2800.0,744.8938775510204,1.3333333333333333,0.0,0,612.5,0.875,14.417085065531662,14.648419680899378,14.509345510182358,2001376.0164545956
True,False,2025-12-12,2450000.0,33.450189,-117.653941,2355.0,CB - Capistrano Beach,True,2.0,0.132,1979.0,4.0,Dana Point,3.0,True,2.0,Two,5750.0,False,2.0,Capistrano Unified,92624,0.0,5750.0,1040.339702760085,0.75,46.0,0,785.0,0.40956521739130436,14.71159858252091,14.346138809026444,14.4223326120872,1834591.8911400544
True,True,2025-12-04,535000.0,34.157295,-117.282698,1171.0,274 - San Bernardino,False,2.0,0.1784,1950.0,1.0,San Bernardino,3.0,False,1.0,One,7772.0,False,2.0,San Bernardino City Unified,92404,0.0,7772.0,456.8744662681469,3.0,75.0,0,390.3333333333333,0.1506690684508492,13.190022025878143,13.142166004700508,13.010173181716713,446937.11515388737
False,False,2025-12-17,655000.0,33.870963,-117.552562,1536.0,248 - Corona,True,1.0,0.18,1957.0,2.0,Corona,3.0,False,1.0,One,7841.0,False,1.0,Corona-Norco Unified,92879,0.0,7841.0,426.4322916666667,1.5,68.0,0,512.0,0.19589338094630787,13.39239051461739,13.500799813124575,13.524173311075451,747263.6231860758
False,True,2025-12-24,1100000.0,34.183287,-118.529402,2483.0,TAR - Tarzana,True,2.0,0.1502,1970.0,3.0,Tarzana,4.0,True,2.0,Two,6544.0,False,2.0,Los Angeles Unified,91335,0.0,6544.0,443.0124848973017,1.3333333333333333,55.0,0,620.75,0.3794315403422983,13.9108207377686,13.652991628466498,13.845393429568139,1030333.845534823
True,False,2025-12-18,1150000.0,37.316036,-120.59731200000002,3508.0,WD - Woodbury,True,3.0,1.16,2016.0,3.0,Atwater,4.0,True,1.0,One,50530.0,False,3.0,Atwater,95301,0.0,50530.0,327.82212086659064,1.3333333333333333,9.0,0,877.0,0.06942410449238076,13.955272500339433,13.038981768465277,13.750586476340205,937138.6067178699
False,False,2025-12-18,890000.0,34.29026,-119.162097,2067.0,VC28 - Wells Rd. East to City Limit,True,2.0,0.0726,2025.0,3.0,Ventura,3.0,False,2.0,Two,3161.0,True,2.0,Ventura Unified,93004,160.0,3161.0,430.5757135945816,1.0,0.0,0,689.0,0.6539069914583993,13.698976741708323,13.68710868156085,13.712004197224127,901670.2874332184
True,True,2025-12-02,785000.0,34.20537,-118.626849,1358.0,WEH - West Hills,True,2.0,0.1736,1956.0,2.0,West Hills,3.0,True,1.0,One,7560.0,False,2.0,Los Angeles Unified,91307,0.0,7560.0,578.0559646539028,1.5,69.0,0,452.6666666666667,0.17962962962962964,13.573438996764546,13.849911984681606,13.742198445810414,929310.7355818595
False,False,2025-12-09,489000.0,33.929444000000004,-117.258343,1296.0,259 - Moreno Valley,True,2.0,0.17,1985.0,2.0,Moreno Valley,3.0,True,1.0,One,7405.0,False,2.0,Moreno Valley Unified,92553,0.0,7405.0,377.3148148148149,1.5,40.0,0,432.0,0.175016880486158,13.10011776845701,13.159174447339636,13.066207668836151,472695.9594035845
True,False,2025-12-04,1261000.0,37.93083345,-122.00742353,2291.0,92154 - Otay Mesa,True,2.0,0.2296,1964.0,3.0,Walnut Creek,4.0,True,1.0,"Two,One",10000.0,False,2.0,Los Angeles Unified,94598,100.0,10000.0,550.4146660846792,1.3333333333333333,61.0,0,572.75,0.2291,14.047415614947056,14.240778293368619,14.31732592805567,1651717.028365712
True,True,2025-12-19,435000.0,33.961905,-116.566153,1946.0,340 - Desert Hot Springs,True,6.0,0.16,2021.0,2.0,Desert Hot Springs,3.0,False,1.0,One,6970.0,False,2.0,Carlsbad Unified,92240,145.0,6970.0,223.535457348407,1.5,4.0,0,648.6666666666666,0.27919655667144905,12.983101310070822,12.911642346088676,13.078151965572555,478375.83373398904
False,False,2025-12-04,569000.0,35.328317,-119.131012,2674.0,BKSF - Bakersfield,True,2.0,0.19,2002.0,2.0,Bakersfield,4.0,True,1.0,One,8276.0,False,2.0,Bakersfield City,93311,40.0,8276.0,212.78982797307404,2.0,23.0,0,668.5,0.3231029482841953,13.251635713108469,13.112313041550827,13.191690179713921,535893.2070984348
True,False,2025-12-12,664000.0,33.896876,-117.540802,1654.0,248 - Corona,True,2.0,0.08,1999.0,3.0,Corona,3.0,True,2.0,Two,3485.0,False,2.0,Corona-Norco Unified,92879,111.0,3485.0,401.4510278113664,1.0,26.0,0,551.3333333333334,0.4746054519368723,13.406037428458571,13.500799813124575,13.421421133195283,674293.7549809999
True,False,2025-12-05,475000.0,34.097657,-117.332321,1056.0,274 - San Bernardino,True,0.0,0.1515,1983.0,2.0,San Bernardino,3.0,False,1.0,One,6600.0,False,0.0,Rialto Unified,92410,50.0,6600.0,449.81060606060606,1.5,42.0,0,352.0,0.16,13.071070083016778,12.971540487669746,12.840560141944037,377211.05672486743
True,False,2025-12-12,1375000.0,33.172191,-117.343681,1680.0,92008 - Carlsbad,False,4.0,0.1791,1963.0,2.0,Carlsbad,3.0,True,1.0,One,7800.0,False,2.0,Carlsbad Unified,92008,0.0,7800.0,818.452380952381,1.5,62.0,0,560.0,0.2153846153846154,14.133964289082808,14.403297222866392,14.227399496970358,1509666.761926813
True,False,2025-12-01,3300000.0,37.40182155,-122.19625963,1780.0,699 - Not Defined,True,2.0,0.1859,1954.0,2.0,Portola Valley,3.0,True,1.0,One,8096.0,False,2.0,Other,94028,369.0,8096.0,1853.9325842696628,1.5,71.0,0,593.3333333333334,0.2198616600790514,15.009433026436708,15.268294660352998,15.079920656275187,3541003.276067953
True,False,2025-12-19,1325000.0,33.842509,-117.782677,2327.0,77 - Anaheim Hills,True,2.0,0.1552,1980.0,3.0,Anaheim Hills,3.0,True,2.0,Two,6760.0,False,2.0,Orange Unified,92807,247.0,6760.0,569.4026643747314,1.0,45.0,0,775.6666666666666,0.34423076923076923,14.09692301740246,13.997832114758229,14.110966531993776,1343738.9290716578
True,True,2025-12-08,540000.0,39.75911,-121.785428,1705.0,SRCAR - Southwest Riverside County,True,3.0,0.17,1989.0,2.0,Chico,4.0,True,1.0,One,7405.0,False,3.0,Other,95928,460.0,7405.0,316.7155425219941,2.0,36.0,0,426.25,0.23024983119513842,13.199324418540456,13.078384738024758,13.0869436614155,482600.1106324101
False,False,2025-12-12,500000.0,34.046374,-117.229547,1481.0,267 - Loma Linda,False,0.0,0.2039,1965.0,2.0,Loma Linda,4.0,False,1.0,One,8880.0,False,0.0,San Jose Unified,92354,400.0,8880.0,337.609723160027,2.0,60.0,0,370.25,0.16677927927927927,13.122363377404328,13.422467969854667,13.386870870948178,651394.5928317555
True,True,2025-12-19,1099000.0,34.446545,-118.492113,2070.0,BOUQ - Bouquet Canyon,True,2.0,0.2433,1984.0,3.0,Saugus,4.0,True,2.0,Two,10599.0,False,2.0,William S. Hart Union,91350,0.0,10599.0,530.9178743961353,1.3333333333333333,41.0,0,517.5,0.19530144353240872,13.909911233385758,13.652991628466498,13.756018458487505,942242.9777743586
True,True,2025-12-16,2530000.0,34.235931,-118.903753,3900.0,SRA - Santa Rosa Valley,True,4.0,1.23,1989.0,4.0,Santa Rosa,5.0,True,2.0,Two,53578.0,False,4.0,Pleasant Valley,93012,230.0,53578.0,648.7179487179487,1.25,36.0,0,780.0,0.072791070961962,14.743729860703702,13.710150042306449,14.259525028693833,1558953.0446465963
False,True,2025-12-02,750000.0,34.128437,-117.587968,1848.0,688 - Rancho Cucamonga,True,2.0,0.2045,1977.0,2.0,Rancho Cucamonga,4.0,True,1.0,One,8906.0,False,2.0,Alta Loma,91701,0.0,8906.0,405.8441558441559,2.0,48.0,0,462.0,0.2075005614192679,13.527828485512494,13.654166717138976,13.698815387008556,889856.405902311
True,False,2025-12-15,899000.0,37.86851945,-121.68614583,3058.0,LAC - Lancaster,True,2.0,13.97,1981.0,3.0,Brentwood,4.0,True,2.0,Two,608533.0,False,2.0,Compton Unified,94513,0.0,608533.0,293.98299542184435,1.3333333333333333,44.0,0,764.5,0.005025199948071838,13.709038313453757,13.591116224748411,14.074835233945334,1296054.5343014072
False,True,2025-12-02,1590000.0,34.212433000000004,-118.417603,2406.0,NHO - North Hollywood,True,2.0,0.2419,1964.0,2.0,North Hollywood,4.0,True,1.0,One,10535.0,False,2.0,Placentia-Yorba Linda Unified,91605,100.0,10535.0,660.8478802992519,2.0,61.0,0,601.5,0.22838158519221644,14.279244574196415,13.670484785914017,13.84866190885579,1033706.979875263
True,True,2025-12-05,2395000.0,33.809870000000004,-116.531586,2961.0,334 - South End Palm Springs,True,6.0,0.25,1948.0,4.0,Palm Springs,4.0,True,1.0,One,10890.0,False,2.0,Palm Springs Unified,92264,0.0,10890.0,808.8483620398514,1.0,77.0,0,740.25,0.271900826446281,14.688893788827153,14.077874822431765,14.510850205963095,2004389.7453061487
True,False,2025-12-02,820000.0,35.113313,-120.593269,1572.0,AG-West of Hwy 101,True,2.0,0.0792,2020.0,3.0,Arroyo Grande,2.0,True,2.0,Two,3448.0,False,2.0,Lucia Mar Unified,93420,0.0,3448.0,521.6284987277354,0.6666666666666666,5.0,0,786.0,0.45591647331786544,13.617059619240436,13.953093847654955,13.726663462091535,914985.4679333979
True,True,2025-12-08,3060000.0,33.675956,-116.280579,3890.0,313 - La Quinta South of HWY 111,True,3.0,0.27,2000.0,5.0,La Quinta,4.0,True,1.0,One,11761.0,False,3.0,Lake Elsinore Unified,92253,640.0,11761.0,786.6323907455013,0.8,25.0,0,972.5,0.33075418756908426,14.933925473928564,13.545013310266594,14.59301649703982,2176038.319875511
False,True,2025-12-09,970000.0,34.069624,-117.89651,1863.0,669 - West Covina,True,2.0,0.1862,1955.0,2.0,West Covina,4.0,True,1.0,One,8112.0,False,2.0,West Covina,91791,0.0,8112.0,520.6655931293612,2.0,70.0,0,465.75,0.22965976331360946,13.785051350479566,13.785051350479566,13.814767936407026,999257.654117896
True,False,2025-12-26,447000.0,34.069379,-117.110781,1190.0,284 - Mentone,True,0.0,0.1573,1949.0,1.0,Mentone,3.0,False,1.0,One,6850.0,False,0.0,Redlands Unified,92359,0.0,6850.0,375.6302521008403,3.0,76.0,0,396.6666666666667,0.17372262773722627,13.010313873595706,13.147044092173191,13.018874244830592,450842.91084639507
True,False,2025-12-08,300000.0,33.743688,-116.975371,576.0,SRCAR - Southwest Riverside County,True,0.0,0.15,1946.0,1.0,Hemet,2.0,True,1.0,One,6534.0,False,0.0,Hemet Unified,92543,0.0,6534.0,520.8333333333334,2.0,79.0,0,288.0,0.0881542699724518,12.611537753638338,12.919503857231216,12.51804491528494,273223.3619500145
True,False,2025-12-19,1558000.0,37.96296533,-121.94655202,3115.0,627 - Rossmoyne & Verdu Woodlands,True,8.0,0.519,1999.0,5.0,Concord,5.0,True,2.0,Two,22608.0,False,7.0,Hermosa,94521,0.0,22608.0,500.1605136436597,1.0,26.0,0,623.0,0.1377830856334041,14.258913505412831,13.656514826473817,14.164394434942453,1417484.578191937
True,False,2025-12-19,745000.0,34.162919,-117.480272,1995.0,264 - Fontana,True,2.0,0.1474,1998.0,3.0,Fontana,3.0,True,2.0,Two,6420.0,False,2.0,Chaffey Joint Union High,92336,0.0,6420.0,373.43358395989975,1.0,27.0,0,665.0,0.3107476635514019,13.521139497361697,13.487006490992238,13.443153807421083,689108.3588859197
True,True,2025-12-18,440000.0,33.702324,-116.280452,1348.0,313 - La Quinta South of HWY 111,True,2.0,0.07,2007.0,2.0,La Quinta,3.0,True,1.0,One,3049.0,False,2.0,Red Bluff Joint Union,92253,304.0,3049.0,326.40949554896144,1.5,18.0,0,449.3333333333333,0.4421121679239095,12.994530005894443,13.545013310266594,13.138163025811217,507962.5613989471
True,True,2025-12-11,2215000.0,33.787228000000006,-118.33432,2390.0,125 - Walteria,True,7.0,0.2882,1955.0,3.0,Torrance,3.0,True,2.0,Two,12552.0,False,2.0,Torrance Unified,90505,0.0,12552.0,926.7782426778244,1.0,70.0,0,796.6666666666666,0.1904079031230083,14.610762961461374,14.214722054279537,14.40627247275261,1805363.4246029411
True,False,2025-12-09,1330000.0,34.196137,-118.509405,2506.0,LKBL - Lake Balboa,True,8.0,0.4507,1947.0,3.0,Lake Balboa,4.0,True,1.0,One,19632.0,False,8.0,Los Angeles Unified,91406,0.0,19632.0,530.7262569832402,1.3333333333333333,78.0,0,626.5,0.12764873675631622,14.100689500197937,13.708480036117827,14.002812909926048,1205991.8639375211
True,True,2025-12-08,1355000.0,33.812540000000006,-117.547094,3829.0,252 - Riverside,True,2.0,0.24,2001.0,4.0,Corona,4.0,True,2.0,Two,10454.0,False,2.0,Corona-Norco Unified,92883,96.0,10454.0,353.8782972055367,1.0,24.0,0,957.25,0.3662712837191506,14.119312012295937,13.547957803444275,13.885926456651921,1072954.328768943
True,True,2025-12-17,725000.0,34.451904,-117.260192,2901.0,HSP - Hesperia,True,3.0,2.4,1987.0,3.0,Hesperia,4.0,True,1.0,One,104544.0,False,2.0,Hesperia Unified,92345,0.0,104544.0,249.91382281971727,1.3333333333333333,38.0,0,725.25,0.027749081726354454,13.493926933836812,13.064514272196533,13.298169350856147,596103.3582271095
True,False,2025-12-19,1200000.0,34.108937,-118.066053,1143.0,661 - Temple City,False,2.0,0.2126,1940.0,2.0,Temple City,3.0,True,1.0,One,9261.0,False,2.0,Temple City Unified,91780,0.0,9261.0,1049.8687664041995,1.5,85.0,0,381.0,0.12342079689018465,13.997832114758229,13.981024996441848,13.825186663536964,1009723.0704389962
True,False,2025-12-02,410000.0,33.927373,-116.415979,2000.0,344 - Sky Valley,False,10.0,3.76,1958.0,1.0,Desert Hot Springs,2.0,True,1.0,One,163786.0,False,2.0,Los Angeles Unified,92241,0.0,163786.0,205.0,2.0,67.0,0,1000.0,0.012211055890002808,12.92391243868049,13.117346290220361,13.000053937500786,442437.25532515766
True,False,2025-12-05,1150000.0,33.680187,-117.249531,2126.0,SRCAR - Southwest Riverside County,True,6.0,0.17,1977.0,3.0,Canyon Lake,3.0,True,1.0,One,0.17,False,3.0,Lake Elsinore Unified,92587,350.0,7405.2,540.9219190968955,1.0,48.0,0,708.6666666666666,0.2870955544752336,13.955272500339433,13.407542319637992,13.450069511250073,693890.5452345056
True,False,2025-12-02,821000.0,34.178812,-118.92738,1387.0,NBPK - Newbury Park,True,4.0,0.13,1978.0,2.0,Newbury Park,3.0,True,1.0,One,5662.0,False,2.0,Conejo Valley Unified,91320,100.0,5662.0,591.9250180245133,1.5,47.0,0,462.3333333333333,0.24496644295302014,13.618278388434565,13.933293593620657,13.723379064630038,911985.2216828326
True,False,2025-12-09,550000.0,34.010163,-117.064596,1536.0,269 - Yucaipa/Calimesa/Oak Glen,True,2.0,0.1607,1989.0,2.0,Yucaipa,3.0,True,1.0,One,7000.0,False,2.0,Yucaipa/Calimesa Unified,92399,0.0,7000.0,358.0729166666667,1.5,36.0,0,512.0,0.21942857142857142,13.217673557208654,13.274219822166483,13.21021482715402,545912.9594836438
True,False,2025-12-03,409500.0,33.907692,-116.935258,1882.0,263 - Banning/Beaumont/Cherry Valley,True,2.0,0.13,2001.0,3.0,Banning,3.0,True,1.0,One,5663.0,False,2.0,Banning Unified,92220,385.0,5663.0,217.5876726886291,1.0,24.0,0,627.3333333333334,0.3323326858555536,12.922692182275261,12.994530005894443,13.025363596648033,453778.1025546174
True,False,2025-12-09,1225000.0,37.25659378,-121.80905429,1399.0,"33 - Lakewood Plaza, Rancho",True,2.0,0.1136,1977.0,2.0,San Jose,3.0,True,1.0,One,4950.0,False,2.0,Bass Lake Joint Union,95123,2.5,4950.0,875.625446747677,1.5,48.0,0,466.3333333333333,0.2826262626262626,14.018451401960965,14.209238987979617,14.006235268455438,1210126.2711559804
True,False,2025-12-15,415000.0,33.719019,-117.197734,1777.0,SRCAR - Southwest Riverside County,True,2.0,7841.0,1974.0,2.0,Menifee,3.0,True,1.0,One,7841.0,False,2.0,Menifee Union,92586,35.83,341553960.0,233.5396736072032,1.5,51.0,0,592.3333333333334,5.2026918382091075e-06,12.936033799212835,12.89921982609012,13.045173486417143,462857.0260801261
True,False,2025-12-23,585000.0,37.356829,-120.484379,2752.0,248 - Corona,True,2.0,0.1765,2025.0,3.0,Merced,5.0,False,2.0,Two,7687.0,True,2.0,Merced Union,95348,0.0,7687.0,212.57267441860463,1.6666666666666667,0.0,0,550.4,0.35800702484714453,13.279367126213993,12.970364687642453,13.261871849970165,574854.2733290753
True,False,2025-12-16,440000.0,33.806041,-117.20966,946.0,SRCAR - Southwest Riverside County,True,2.0,0.1,1988.0,2.0,Perris,2.0,True,1.0,One,4356.0,False,2.0,Perris Union High,92571,0.0,4356.0,465.1162790697674,1.0,37.0,0,473.0,0.21717171717171718,12.994530005894443,13.214938819306386,12.918562460792083,407812.3661799524
False,False,2025-12-22,2062300.0,33.00971094,-117.11750624,3839.0,92127 - Rancho Bernardo,True,6.0,0.1463,2002.0,4.0,San Diego,4.0,True,2.0,Two,6372.0,False,3.0,Vista Unified,92127,105.0,6372.0,537.1971867673874,1.0,23.0,0,959.75,0.6024795982423101,14.539332422792139,14.53335035111459,14.705892825904323,2436060.701229359
False,False,2025-12-24,285000.0,34.506269,-118.031271,1036.0,PLM - Palmdale,True,0.0,15.4647,1946.0,1.0,Palmdale,2.0,False,1.0,One,673644.0,False,3.0,San Diego Unified,93552,0.0,673644.0,275.0965250965251,2.0,79.0,0,518.0,0.001537904293662528,12.560244459250788,13.122363377404328,12.990490040324122,438226.00100931386
True,True,2025-12-03,819500.0,33.675379,-116.22693999999998,1898.0,314 - Indio South of East Valley,True,2.0,0.1269,2023.0,2.0,Indio,3.0,False,1.0,One,5528.0,False,2.0,Other,92201,245.0,5528.0,431.7702845100105,1.5,2.0,0,632.6666666666666,0.34334298118668594,13.616449677166022,13.235692062711331,13.27558628414501,582792.3833443865
False,False,2025-12-16,335000.0,35.11325,-117.969548,1629.0,CAC - California City,True,2.0,0.2321,2025.0,2.0,California City,3.0,False,1.0,One,10112.0,True,2.0,Mojave Unified,93505,0.0,10112.0,205.64763658686311,1.5,0.0,0,543.0,0.16109572784810128,12.721885810807203,12.608198852372823,12.767186725650287,350524.79531482595
True,False,2025-12-05,705000.0,33.756045,-116.749082,1566.0,222 - Idyllwild,False,6.0,1.22,1960.0,2.0,Idyllwild,3.0,True,1.0,One,53143.0,False,3.0,Los Angeles Unified,92549,374.0,53143.0,450.191570881226,1.5,65.0,0,522.0,0.02946766272133677,13.465953081794405,13.132313708257497,13.126321030865062,501982.7476564448
False,False,2025-12-04,1365000.0,33.769801,-117.941272,2619.0,"63 - Garden Grove S of Chapman, W of Euclid",True,2.0,0.1783,2004.0,3.0,Garden Grove,4.0,True,2.0,Two,7766.0,False,2.0,Garden Grove Unified,92843,103.0,7766.0,521.1912943871707,1.3333333333333333,21.0,0,654.75,0.33723924800412053,14.126664986601197,13.800396920154226,13.928656319548582,1119795.1441676477
True,False,2025-12-15,785000.0,33.878908,-117.617141,1845.0,248 - Corona,True,4.0,0.17,1974.0,2.0,Corona,4.0,True,2.0,Two,7405.0,False,2.0,Corona-Norco Unified,92882,0.0,7405.0,425.4742547425474,2.0,51.0,0,461.25,0.24915597569209993,13.573438996764546,13.623138665316818,13.59815889736504,804646.9569147247
True,False,2025-12-04,740000.0,33.855205,-117.553391,1539.0,248 - Corona,True,2.0,0.26,1983.0,3.0,Corona,3.0,True,2.0,Two,11326.0,False,2.0,Corona-Norco Unified,92879,0.0,11326.0,480.8317089018843,1.0,42.0,0,513.0,0.13588204132085466,13.514405465180353,13.500799813124575,13.448258353700867,692634.9375300979
True,False,2025-12-03,250000.0,34.199184,-115.928514,768.0,DC730 - Wonder Valley,False,2.0,5.0,1959.0,1.0,29 Palms,1.0,False,1.0,One,217800.0,False,2.0,Morongo Unified,92277,0.0,217800.0,325.5208333333333,1.0,66.0,0,768.0,0.0035261707988980717,12.429216196844383,12.666637149787377,12.52460645402754,275022.02216090524
True,False,2025-12-24,1255000.0,33.760352000000005,-117.992215,1945.0,"60 - Westminster South of Westminster, W of Beach",True,7.0,0.174,1952.0,3.0,Westminster,4.0,True,1.0,One,7580.0,False,2.0,Westminster Unified,92683,0.0,7580.0,645.2442159383033,1.3333333333333333,73.0,0,486.25,0.25659630606860157,14.042646130548022,13.933293593620657,14.027408184780864,1236021.3431617022
True,False,2025-12-30,1700000.0,33.099909999999994,-117.05617,3100.0,92029 - Escondido,True,5.0,0.2379,2025.0,4.0,Escondido,4.0,False,1.0,One,10365.0,True,3.0,Escondido Union,92029,524.0,10365.0,548.3870967741935,1.0,0.0,0,775.0,0.29908345393150026,14.346138809026444,14.163297674406381,14.492674834475636,1968288.2895839075
True,False,2025-12-09,935000.0,34.182865,-118.956121,1635.0,NBPK - Newbury Park,True,2.0,0.11,1970.0,3.0,Newbury Park,3.0,True,2.0,Two,4791.0,False,2.0,Conejo Valley Unified,91320,120.0,4791.0,571.8654434250765,1.0,55.0,0,545.0,0.34126487163431435,13.748301808270824,13.933293593620657,13.831146929189613,1015759.2589484381
True,False,2025-12-11,1805000.0,34.246702,-116.944705,2751.0,289 - Big Bear Area,False,2.0,0.3779,1959.0,3.0,Big Bear Lake,4.0,True,1.0,One,16462.0,False,2.0,Bear Valley Unified,92315,100.0,16462.0,656.1250454380225,1.3333333333333333,66.0,0,687.75,0.16711213704288666,14.406071149749119,13.398478813484644,13.669186585691248,863877.7853945389
False,False,2025-12-15,1525000.0,37.91673209,-122.28182357,2185.0,268 - Redlands,False,0.0,0.1148,1947.0,3.0,Kensington,4.0,True,1.0,MultiSplit,5000.0,False,0.0,Santa Ana Unified,94707,0.0,5000.0,697.9405034324943,1.3333333333333333,78.0,0,546.25,0.437,14.237504968023648,14.331212327451603,14.470396814205742,1924923.5568836571
False,False,2025-12-18,420000.0,38.00814887,-121.81553378,1102.0,699 - Not Defined,True,2.0,0.1653,1943.0,3.0,Antioch,4.0,True,1.0,One,7200.0,False,2.0,Other,94509,0.0,7200.0,381.1252268602541,1.3333333333333333,82.0,0,275.5,0.15305555555555556,12.948009990259552,13.199324418540456,13.179117629765727,529197.840097252
True,False,2025-12-18,750000.0,34.378322,-117.358351,3030.0,OKH - Oak Hills,False,2.0,2.31,1988.0,3.0,Oak Hills,4.0,True,1.0,One,2.31,False,2.0,Hesperia Unified,92344,0.0,100623.6,247.5247524752475,1.3333333333333333,37.0,0,757.5,0.03011222019486482,13.527828485512494,13.180613417425775,13.523865160163826,747033.388694673
True,False,2025-12-23,833000.0,33.590745,-117.186087,3371.0,SRCAR - Southwest Riverside County,True,7.0,0.19,2005.0,4.0,Murrieta,5.0,True,2.0,Two,8276.0,False,3.0,Murrieta,92562,0.0,8276.0,247.1076831800653,1.25,20.0,0,674.2,0.40732237796036735,13.632788921148979,13.487006490992238,13.620128171529824,822520.0773945046
True,False,2025-12-05,425000.0,34.521538,-117.339811,1333.0,VIC - Victorville,True,2.0,0.1636,1987.0,2.0,Victorville,3.0,True,1.0,One,7125.0,False,2.0,Victor Valley Unified,92394,0.0,7125.0,318.8297074268567,1.5,38.0,0,444.3333333333333,0.1870877192982456,12.959844447906553,12.948009990259552,12.902662732787837,401379.5361234605
True,False,2025-12-22,1225000.0,37.03444593,-121.61621021,2206.0,699 - Not Defined,True,2.0,0.1476,2014.0,2.0,Gilroy,4.0,True,1.0,One,6430.0,False,2.0,Gilroy Unified,95020,0.0,6430.0,555.3037171350861,2.0,11.0,0,551.5,0.3430793157076205,14.018451401960965,13.965653216393994,14.019315015066274,1226058.3830049403
True,True,2025-12-15,785000.0,33.562493,-117.139541,2563.0,SRCAR - Southwest Riverside County,True,2.0,0.15,2000.0,3.0,Murrieta,4.0,True,2.0,Two,6534.0,False,2.0,Murrieta,92563,0.0,6534.0,306.28170113148656,1.3333333333333333,25.0,0,640.75,0.39225589225589225,13.573438996764546,13.458835614025542,13.535525835590718,755795.2881256025
True,True,2025-12-11,695000.0,33.565164,-117.19388,1997.0,SRCAR - Southwest Riverside County,True,6.0,0.23,1989.0,3.0,Murrieta,4.0,True,2.0,Two,10019.0,False,3.0,Murrieta,92562,0.0,10019.0,348.0220330495744,1.3333333333333333,36.0,0,499.25,0.19932128954985529,13.45166712454693,13.487006490992238,13.495889792903755,726424.470383486
True,False,2025-12-08,427000.0,34.586333,-118.072667,1303.0,PLM - Palmdale,True,2.0,0.1662,1956.0,2.0,Palmdale,4.0,False,1.0,One,7240.0,False,2.0,Los Angeles Unified,93550,0.0,7240.0,327.7052954719877,2.0,69.0,0,325.75,0.17997237569060773,12.96453929221076,13.049792684569493,12.918115433992973,407630.1038643665
False,False,2025-12-01,1115000.0,32.97707546,-117.08482621,1490.0,92128 - Rancho Bernardo,True,4.0,0.1536,1986.0,3.0,San Diego,3.0,True,2.0,Two,6692.0,False,2.0,San Diego Unified,92128,58.0,6692.0,748.3221476510067,1.0,39.0,0,496.6666666666667,0.22265391512253438,13.924364962876357,13.983960916083914,13.855955644869454,1041274.1285475797
True,False,2025-12-19,2900000.0,34.283774,-118.574103,5000.0,PORA - Porter Ranch,True,5.0,0.188,2019.0,6.0,Porter Ranch,5.0,True,2.0,Two,8189.0,False,3.0,Lowell Joint Unified,91326,342.27,8189.0,580.0,0.8333333333333334,6.0,0,1000.0,0.6105751618024179,14.880221294956703,14.126664986601197,14.834642788826597,2770789.314973508
False,False,2025-12-03,2300000.0,32.69551179,-117.17682727,1330.0,92118 - Coronado,True,4.0,0.11,1948.0,2.0,Coronado,3.0,False,1.0,One,19500.0,False,2.0,Alvord Unified,92118,0.0,6200.0,1729.3233082706768,1.5,77.0,0,443.3333333333333,0.21451612903225806,14.648419680899378,14.925872877186109,14.759257872273341,2569592.4698978355
False,False,2025-12-18,515000.0,32.70996491,-117.02703518,1148.0,92114 - Encanto,True,1.0,0.3512,1954.0,1.0,San Diego,3.0,False,1.0,One,5292.0,False,0.0,Conejo Valley Unified,92114,0.0,6851.0,448.6062717770035,3.0,71.0,0,382.6666666666667,0.16756677857247118,13.151922179645874,13.547631112808673,13.480348988511684,715222.5189058672
True,False,2025-12-03,730000.0,32.742824,-117.075336,1278.0,92105 - East San Diego,False,0.0,0.1354,1950.0,1.0,San Diego,4.0,False,1.0,One,5900.0,False,0.0,San Diego Unified,92105,0.0,5900.0,571.2050078247262,4.0,75.0,0,319.5,0.21661016949152542,13.500799813124575,13.422467969854667,13.334362453841523,618073.3717094108
False,True,2025-12-10,1180000.0,33.850273,-118.084234,2010.0,"RD - Cerritos South of 91 Frwy, W of Norwalk",True,2.0,0.1572,1976.0,3.0,Cerritos,4.0,True,2.0,Two,6849.0,False,2.0,ABC Unified,90703,0.0,6849.0,587.0646766169154,1.3333333333333333,49.0,0,502.5,0.2934734997809899,13.981024996441848,14.01436141670944,14.03772513081342,1248839.3161273047
False,False,2025-12-23,580000.0,33.893332,-118.209929,1869.0,"RO - Compton S of Rosecrans, E of Alameda",False,2.0,6745.0,1930.0,2.0,Compton,3.0,True,2.0,Two,6745.0,False,2.0,Compton Unified,90221,0.0,293812200.0,310.3263777421081,1.5,95.0,0,623.0,6.361206239904266e-06,13.270783382522602,13.353475098367715,13.639129863797699,838298.7871247554
True,True,2025-12-19,850000.0,33.471606,-117.094547,2648.0,SRCAR - Southwest Riverside County,True,3.0,0.41,1996.0,3.0,Temecula,5.0,True,2.0,Two,17859.0,False,3.0,Temecula Unified,92592,40.0,17859.0,320.9969788519638,1.6666666666666667,29.0,0,529.6,0.14827257965171622,13.652991628466498,13.580420735596498,13.768896609445818,954455.795549447
True,True,2025-12-10,635000.0,34.218132000000004,-116.403884,1848.0,DC574 - North Aberdeen,True,4.0,2.5,1985.0,3.0,Yucca Valley,3.0,True,2.0,Two,108900.0,False,2.0,Sweetwater Union,92284,0.0,108900.0,343.61471861471864,1.0,40.0,0,616.0,0.01696969696969697,13.36138027787483,12.86876061860541,13.03474264081275,458054.12859245774
False,False,2025-12-06,870000.0,33.84153,-118.064274,1295.0,26 - Lakewood East,True,1.0,0.115,1960.0,2.0,Lakewood,3.0,False,1.0,One,5009.0,False,1.0,ABC Unified,90715,0.0,5009.0,671.8146718146718,1.5,65.0,0,431.6666666666667,0.258534637652226,13.676248490630767,13.610863593616445,13.544954279503505,762954.960857124
False,False,2025-12-11,729000.0,33.777017,-118.14963799999998,624.0,"3 - Eastside, Circle Area",False,1.0,0.0462,1925.0,1.0,Long Beach,1.0,False,1.0,One,2011.0,False,1.0,Long Beach Unified,90804,0.0,2011.0,1168.2692307692307,1.0,100.0,0,624.0,0.31029338637493786,13.499429010990795,13.59698429341125,13.081157654016279,479815.8454784211
True,False,2025-12-22,485000.0,33.689019,-117.168279,1299.0,SRCAR - Southwest Riverside County,True,2.0,0.08,1990.0,2.0,Menifee,3.0,True,1.0,One,3485.0,False,2.0,Menifee Union,92584,92.0,3485.0,373.3641262509623,1.5,35.0,0,433.0,0.3727403156384505,13.091904169919621,13.353475098367715,13.184019823306272,531798.4394432814
True,False,2025-12-12,499000.0,33.952059000000006,-116.952313,1661.0,263 - Banning/Beaumont/Cherry Valley,True,2.0,0.1465,2020.0,2.0,Beaumont,2.0,False,1.0,One,6380.0,False,2.0,Beaumont,92223,325.0,6380.0,300.421432871764,1.0,5.0,0,830.5,0.2603448275862069,13.120361374733656,13.197470849891134,13.078915133271966,478741.05406292656
True,False,2025-12-22,905000.0,34.029835,-117.80276,1951.0,616 - Diamond Bar,True,2.0,0.266,1965.0,2.0,Diamond Bar,4.0,True,1.0,One,11587.0,False,2.0,Pomona Unified,91765,40.0,11587.0,463.86468477703744,2.0,60.0,0,487.75,0.16837835505307672,13.715690222682063,13.957010120237973,13.963913627724375,1159980.3551508673
True,False,2025-12-02,1357500.0,33.690401,-117.964739,1463.0,16 - Fountain Valley / Northeast HB,True,4.0,0.1377,1970.0,2.0,Fountain Valley,3.0,True,1.0,One,6000.0,False,2.0,Huntington Beach Union High,92708,0.0,6000.0,927.887901572112,1.5,55.0,0,487.6666666666667,0.24383333333333335,14.121155330790227,14.22097566607244,14.056904437155051,1273022.3535868006
True,False,2025-12-15,1155000.0,33.985757,-117.718201,2438.0,682 - Chino Hills,True,2.0,0.2297,1974.0,3.0,Chino Hills,4.0,False,2.0,Two,10005.0,False,2.0,Chino Valley Unified,91709,0.0,10005.0,473.7489745693191,1.3333333333333333,51.0,0,609.5,0.24367816091954023,13.959610901938031,13.901688254205327,14.011878221642624,1216974.2603241939
True,False,2025-12-05,400000.0,38.02851097,-121.88216277,1222.0,LAC - Lancaster,False,0.0,0.0735,1923.0,1.0,Pittsburg,3.0,True,1.0,One,3200.0,False,0.0,Lucia Mar Unified,94565,134.0,3200.0,327.33224222585926,3.0,102.0,0,407.3333333333333,0.381875,12.89921982609012,13.270783382522602,13.110211948501837,493961.0507874454
True,False,2025-12-03,1400000.0,37.72539547,-122.12747596,2552.0,699 - Not Defined,True,4.0,0.2086,1960.0,4.0,San Leandro,5.0,True,2.0,Two,9086.0,False,2.0,San Leandro,94577,0.0,9086.0,548.58934169279,1.25,65.0,0,510.4,0.28087167070217917,14.151982794585487,13.667799101765917,13.963595749526267,1159611.6812855266
True,False,2025-12-01,599000.0,33.723859999999995,-116.345768,2413.0,325 - Indian Wells,False,6.0,0.14,1980.0,3.0,Indian Wells,3.0,True,1.0,One,6098.0,False,2.0,Other,92210,1848.0,6098.0,248.2387070037298,1.0,45.0,0,804.3333333333334,0.395703509347327,13.303016877097587,14.452073389471401,14.155585920584887,1405053.4750856597
True,False,2025-12-26,1275000.0,33.637752,-117.572684,1800.0,DC - Dove Canyon,True,2.0,0.1037,1994.0,3.0,Rancho Santa Margarita,3.0,True,2.0,Two,4515.0,False,2.0,Saddleback Valley Unified,92679,320.0,4515.0,708.3333333333334,1.0,31.0,0,600.0,0.39867109634551495,14.058456736574664,14.357834848789636,14.184388393999253,1446110.9302382974
False,False,2025-12-02,362500.0,33.740364,-116.71697,620.0,222 - Idyllwild,False,5.0,0.41,1937.0,1.0,Idyllwild,1.0,True,1.0,One,17860.0,False,0.0,Mount Diablo,92549,199.0,17860.0,584.6774193548387,1.0,88.0,0,620.0,0.03471444568868981,12.800779753276867,13.132313708257497,12.714741618379229,332615.2243279129
False,False,2025-12-01,1280000.0,32.79325494,-117.1913219,1654.0,92110 - Old Town Sd,True,6.0,0.1254,1956.0,2.0,San Diego,4.0,True,1.0,One,6001.0,False,2.0,Capistrano Unified,92110,0.0,8750.0,773.8814993954051,2.0,69.0,0,413.5,0.18902857142857143,14.0623706358958,14.226957737749986,14.149621017447902,1396697.4135291423
True,False,2025-12-03,205000.0,34.894147,-117.014594,840.0,BSTW - Barstow,True,1.0,0.1377,1951.0,1.0,Barstow,2.0,False,1.0,One,6000.0,False,1.0,Barstow Unified,92311,0.0,6000.0,244.04761904761904,2.0,74.0,0,420.0,0.14,12.230765258120545,12.556723317938081,12.390560234543983,240520.41114294922
True,False,2025-12-09,640000.0,33.883221,-118.206515,912.0,"RO - Compton S of Rosecrans, E of Alameda",True,2.0,0.1113,1939.0,1.0,Compton,2.0,False,1.0,One,4848.0,False,1.0,Compton Unified,90221,0.0,4848.0,701.7543859649123,2.0,86.0,0,456.0,0.18811881188118812,13.369223455335854,13.353475098367715,13.171604952666382,525237.0443218189
True,False,2025-12-24,765000.0,34.126196,-118.227533,786.0,618 - Eagle Rock,True,5.0,0.1334,1924.0,1.0,Los Angeles,2.0,False,1.0,One,5813.0,False,3.0,Los Angeles Unified,90065,0.0,5813.0,973.2824427480916,2.0,101.0,0,393.0,0.13521417512472045,13.547631112808673,14.050977780915009,13.612410512393405,816196.5804879339
False,False,2025-12-04,1375000.0,34.265887,-118.530041,2183.0,PORA - Porter Ranch,True,2.0,0.2531,1960.0,3.0,Porter Ranch,4.0,True,1.0,One,11024.0,False,2.0,Los Angeles Unified,91326,0.0,11024.0,629.867155290884,1.3333333333333333,65.0,0,545.75,0.19802249637155298,14.133964289082808,14.126664986601197,14.131273675451531,1371305.3788848645
False,False,2025-12-15,1150000.0,33.730806,-118.039128,1232.0,17 - Northwest Huntington Beach,True,2.0,0.1377,1960.0,2.0,Huntington Beach,3.0,True,1.0,One,6000.0,False,2.0,Huntington Beach Union High,92649,0.0,6000.0,933.4415584415584,1.5,65.0,0,410.6666666666667,0.20533333333333334,13.955272500339433,14.330128979968961,14.095941092299169,1323699.5877963193
True,False,2025-12-19,215000.0,39.51562,-122.195742,984.0,91913 - Chula Vista,False,1.0,0.17,1930.0,1.0,Willows,2.0,False,1.0,One,7405.0,False,1.0,Willows Unified,95988,0.0,7405.0,218.4959349593496,2.0,95.0,0,492.0,0.13288318703578664,12.2783933071098,12.779873068457553,12.566527361516519,286796.26411272946
False,False,2025-12-15,528387.0,33.944038,-116.934771,1958.0,263 - Banning/Beaumont/Cherry Valley,True,2.0,0.1712,2025.0,3.0,Banning,4.0,False,1.0,One,7458.0,True,2.0,Beaumont,92220,220.0,7458.0,269.8605720122574,1.3333333333333333,0.0,0,489.5,0.26253687315634217,13.17758424875385,12.994530005894443,13.149307651036814,513655.2764414593
True,False,2025-12-29,1240000.0,33.915699,-117.96043799999998,2732.0,699 - Not Defined,True,3.0,0.25,1979.0,3.0,La Habra,4.0,True,1.0,One,10890.0,False,3.0,Fullerton Joint Union High,90631,0.0,10890.0,453.8799414348463,1.3333333333333333,46.0,0,683.0,0.25087235996326906,14.03062193758122,13.792724135316895,14.031154529092102,1240660.5893700253
False,False,2025-12-17,535040.0,33.943166999999995,-116.932471,1775.0,263 - Banning/Beaumont/Cherry Valley,True,2.0,0.1997,2025.0,2.0,Banning,3.0,False,1.0,One,8699.0,True,2.0,Beaumont,92220,202.0,8699.0,301.4309859154929,1.5,0.0,0,591.6666666666666,0.20404644211978387,13.19009678943842,12.994530005894443,13.074490033936616,476627.2576715661
False,False,2025-12-02,1150000.0,33.813590000000005,-118.121296,1680.0,31 - South of Conant,True,2.0,0.1585,1951.0,2.0,Long Beach,3.0,True,1.0,One,6905.0,False,2.0,Long Beach Unified,90808,0.0,6905.0,684.5238095238095,1.5,74.0,0,560.0,0.2433019551049964,13.955272500339433,13.869051324892304,13.890712226087459,1078101.547678616
False,True,2025-12-10,500000.0,34.097293,-117.484033,1280.0,264 - Fontana,True,0.0,0.186,1954.0,1.0,Fontana,3.0,True,1.0,One,8102.0,False,0.0,Fontana Unified,92335,0.0,8102.0,390.625,3.0,71.0,0,426.6666666666667,0.15798568254751913,13.122363377404328,13.226723392728571,13.118459705040788,498051.96853031684
True,True,2025-12-08,920000.0,33.837666,-116.501106,1964.0,332 - Central Palm Springs,True,4.0,0.12,2015.0,3.0,Palm Springs,2.0,True,1.0,One,5227.0,False,2.0,Capistrano Unified,92262,240.0,5227.0,468.4317718940937,0.6666666666666666,10.0,0,982.0,0.3757413430265927,13.732128949025222,13.737549016494562,13.737292280228143,924762.5494359521
False,True,2025-12-11,1649000.0,34.297303,-118.884191,3800.0,NMP - North Moorpark,True,3.0,0.17,2016.0,5.0,Moorpark,5.0,True,2.0,Two,7405.0,False,3.0,Glendale Unified,93021,270.0,7405.0,433.9473684210527,1.0,9.0,0,760.0,0.513166779203241,14.315679601541737,13.8878312195439,14.307642409606249,1635799.7878747666
False,False,2025-12-09,550000.0,37.74831211,-122.15924959,1416.0,PLM - Palmdale,True,2.0,0.1148,1946.0,1.0,Oakland,3.0,True,1.0,One,5000.0,False,2.0,Long Beach Unified,94603,156.0,5000.0,388.4180790960452,3.0,79.0,0,472.0,0.2832,13.217673557208654,13.146062737589267,13.032255320449273,456916.2169928477
True,False,2025-12-02,450000.0,34.5098,-117.41838,2351.0,ADL - Adelanto,True,7.0,0.177,2013.0,3.0,Adelanto,4.0,True,1.0,One,7708.0,False,3.0,Adelanto,92301,0.0,7708.0,191.4079115270098,1.3333333333333333,12.0,0,587.75,0.3050077841203944,13.017002861746503,12.907924856844918,13.139792792729091,508791.09695356025
False,False,2025-12-18,845000.0,34.183833,-118.376042,974.0,NHO - North Hollywood,False,2.0,0.1693,1942.0,1.0,North Hollywood,3.0,False,1.0,One,7373.0,False,2.0,Los Angeles Unified,91606,0.0,7373.0,867.5564681724846,3.0,83.0,0,324.6666666666667,0.1321036213210362,13.64709190633931,13.741864017795976,13.515630223267705,740906.8762232729
True,False,2025-12-08,2250000.0,34.05379,-118.390679,2030.0,C09 - Beverlywood Vicinity,False,3.0,0.1509,1926.0,2.0,Los Angeles,4.0,True,1.0,One,6575.0,False,2.0,Los Angeles Unified,90035,0.0,6575.0,1108.3743842364531,2.0,99.0,0,507.5,0.308745247148289,14.626440774180603,14.626440774180603,14.534478758655286,2052314.5410856395
True,False,2025-12-17,820000.0,34.020469,-117.660696,2445.0,699 - Not Defined,True,2.0,0.0674,2017.0,3.0,Chino,4.0,False,2.0,Two,2935.0,False,2.0,Chino Valley Unified,91710,153.5,2935.0,335.37832310838445,1.3333333333333333,8.0,0,611.25,0.8330494037478705,13.617059619240436,13.567049198665774,13.60072294855956,806712.760186665
False,False,2025-12-10,570000.0,33.86687,-117.569991,783.0,248 - Corona,False,4.0,0.16,1947.0,1.0,Corona,2.0,False,1.0,One,6970.0,False,4.0,Corona-Norco Unified,92882,0.0,6970.0,727.9693486590038,2.0,78.0,0,391.5,0.11233859397417503,13.253391639810733,13.623138665316818,13.334382378369664,618085.6866523831
True,True,2025-12-15,1670000.0,33.396882,-117.218014,4689.0,92028 - Fallbrook,True,11.0,2.33,2003.0,4.0,Fallbrook,3.0,True,1.0,One,2.33,False,3.0,Fallbrook Union,92028,0.0,101494.8,356.1526978033696,0.75,22.0,0,1563.0,0.04619941120136204,14.328334184392938,13.681979165339751,14.497283812602912,1977381.02527256
True,False,2025-12-12,2250000.0,32.81039352,-117.22800471,2040.0,92109 - Pacific Beach,True,4.0,133.53,1987.0,4.0,San Diego,4.0,True,1.0,ThreeOrMore,2413.0,False,2.0,Romoland,92109,40.0,4320.0,1102.9411764705883,1.0,38.0,0,510.0,0.4722222222222222,14.626440774180603,14.508657738524219,14.469120371697446,1922468.0701076756
True,False,2025-12-04,575000.0,34.053753,-117.240243,1644.0,267 - Loma Linda,True,2.0,0.0795,2006.0,3.0,Loma Linda,3.0,True,1.0,One,3462.0,False,2.0,Redlands Unified,92354,155.0,3462.0,349.7566909975669,1.0,19.0,0,548.0,0.4748700173310225,13.262125319779487,13.422467969854667,13.287281343142478,589648.1860178954
False,False,2025-12-03,1023677.0,33.3523799,-117.147664,2099.0,92028 - Fallbrook,True,4.0,0.1681,2025.0,3.0,Fallbrook,4.0,False,2.0,Two,6120.0,False,2.0,Murrieta,92028,208.0,5252.0,487.6974749880896,1.3333333333333333,0.0,0,524.75,0.3996572734196497,13.838911605135683,13.681979165339751,13.752877176354016,939287.7707424747
True,False,2025-12-24,890000.0,34.095168,-117.845097,2094.0,614 - Covina,True,2.0,152.5096,2020.0,3.0,Covina,4.0,True,2.0,Two,166399.0,False,2.0,Covina Valley Unified,91724,157.0,7000.09,425.0238777459408,1.3333333333333333,5.0,0,523.5,0.2991390110698577,13.698976741708323,13.681962838542578,13.732915818403063,920724.2047175036
True,False,2025-12-10,787500.0,34.712335,-120.462299,1950.0,LOMP - Lompoc,True,2.0,0.26,1988.0,2.0,Lompoc,4.0,True,1.0,One,11326.0,False,2.0,Lompoc Unified,93436,0.0,11326.0,403.84615384615387,2.0,37.0,0,487.5,0.17217022779445523,13.576618649681926,13.315443355929407,13.33302856720902,617249.4815112016
True,False,2025-12-24,620000.0,34.563884,-117.949991,2016.0,LRK - Littlerock,True,10.0,0.9113,2020.0,2.0,Littlerock,4.0,False,1.0,One,39695.0,False,2.0,See Remarks,93543,0.0,39695.0,307.53968253968253,2.0,5.0,0,504.0,0.050787252802619975,13.337474757021274,13.17777615494877,13.298039494215669,596025.9552733846
False,False,2025-12-15,850000.0,37.9664493,-122.27511963,3127.0,340 - Desert Hot Springs,True,2.0,0.42,1971.0,3.0,El Sobrante,3.0,True,2.0,Two,18295.0,False,2.0,Burbank Unified,94803,185.0,18295.0,271.82603133994246,1.0,54.0,0,1042.3333333333333,0.17092101667122164,13.652991628466498,13.560618308335483,13.950023258908095,1143979.1885255314
True,False,2025-12-03,280000.0,35.362601,-118.953869,1175.0,BAKR - Baker,True,0.0,0.1678,1955.0,1.0,Bakersfield,3.0,False,1.0,One,7308.0,False,2.0,Riverside Unified,93307,0.0,7308.0,238.29787234042556,3.0,70.0,0,391.6666666666667,0.16078270388615215,12.542544882151386,12.74984936943585,12.537346665441023,278548.2757786251
False,False,2025-12-08,1250000.0,33.1298332,-117.22225775,1994.0,92078 - San Marcos,True,6.0,0.1441,1993.0,2.0,San Marcos,3.0,True,1.0,One,7840.0,False,2.0,Capistrano Unified,92078,0.0,3114.0,626.8806419257774,1.5,32.0,0,664.6666666666666,0.6403339755940912,14.038654109278484,14.075178214680975,13.959881994763089,1155313.1546580147
True,True,2025-12-05,1790000.0,33.776546999999994,-118.082576,2000.0,51 - Rossmoor,True,2.0,0.1851,1959.0,3.0,Rossmoor,4.0,True,1.0,One,8064.0,False,2.0,Los Alamitos Unified,90720,0.0,8064.0,895.0,1.3333333333333333,66.0,0,500.0,0.24801587301587302,14.397726177816939,14.283636643008586,14.311451680947917,1642042.8763872834
True,False,2025-12-30,610000.0,33.665627,-117.237575,2694.0,SRCAR - Southwest Riverside County,True,2.0,0.1371,2014.0,3.0,Lake Elsinore,4.0,False,2.0,Two,5971.0,False,2.0,Menifee Union,92532,160.0,5971.0,226.42910170749812,1.3333333333333333,11.0,0,673.5,0.45118070674928823,13.321214236149494,13.353475098367715,13.406491775796722,664301.7551781723
True,False,2025-12-04,775000.0,37.79718461,-122.19273325,1462.0,C04 - Bel Air - Holmby Hills,True,2.0,0.0764,1940.0,3.0,Oakland,3.0,True,1.0,MultiSplit,3330.0,False,1.0,Mount Diablo,94619,0.0,3330.0,530.0957592339262,1.0,85.0,0,487.3333333333333,0.439039039039039,13.560618308335483,13.80285165397213,13.829344196458432,1013929.7660241844
False,False,2025-12-02,639000.0,33.514249,-117.141773,1411.0,SRCAR - Southwest Riverside County,True,4.0,0.23,1986.0,2.0,Temecula,3.0,True,1.0,One,10019.0,False,2.0,Temecula Unified,92591,0.0,10019.0,452.8703047484054,1.5,39.0,0,470.3333333333333,0.14083241840503044,13.367659733359671,13.514405465180353,13.413666489566946,669085.069063623
True,False,2025-12-05,1583000.0,34.046737,-118.35911000000002,2224.0,C19 - Beverly Center-Miracle Mile,True,3.0,0.1232,1924.0,4.0,Los Angeles,3.0,True,2.0,Two,5367.0,False,2.0,Los Angeles Unified,90019,0.0,5367.0,711.7805755395683,0.75,101.0,0,741.3333333333334,0.41438419973914664,14.274832338863149,14.151982794585487,14.404820592162089,1802744.1543818307
True,True,2025-12-03,553000.0,33.703177000000004,-117.232902,1365.0,SRCAR - Southwest Riverside County,True,2.0,0.21,1980.0,2.0,Menifee,3.0,True,1.0,One,9148.0,False,2.0,Other,92587,0.0,9148.0,405.12820512820514,1.5,45.0,0,455.0,0.14921294271972016,13.223113280504473,13.407542319637992,13.308874784993371,602519.184294889
True,False,2025-12-22,750000.0,34.067793,-117.693642,1568.0,685 - Montclair,True,2.0,0.1751,1959.0,2.0,Montclair,4.0,True,1.0,One,7626.0,False,2.0,Chaffey Joint Union High,91763,0.0,7626.0,478.3163265306122,2.0,66.0,0,392.0,0.20561237870443222,13.527828485512494,13.458835614025542,13.431134686892694,680875.4576889032
False,False,2025-12-11,820000.0,35.113817,-120.613126,1104.0,GRVC - Grover Beach,True,2.0,0.126,1958.0,2.0,Grover Beach,4.0,True,1.0,One,5489.0,False,0.0,Lucia Mar Unified,93433,0.0,5489.0,742.7536231884058,2.0,67.0,0,276.0,0.20112953179085444,13.617059619240436,13.576613610603875,13.50609065012533,733872.5464829971
False,False,2025-12-22,3400000.0,33.613092,-117.835963,2254.0,N26 - Newport Coast,True,2.0,0.1522,1996.0,3.0,Newport Coast,3.0,True,2.0,Two,6632.0,False,2.0,Newport Mesa Unified,92657,310.0,6632.0,1508.4294587400177,1.0,29.0,0,751.3333333333334,0.3398673100120627,15.03928598958639,15.524055765796309,15.135456443698292,3743218.810241702
True,False,2025-12-05,1035000.0,33.748039,-117.940033,1572.0,699 - Not Defined,False,1.0,0.1463,1951.0,2.0,Santa Ana,5.0,False,1.0,One,6375.0,False,1.0,Santa Ana Unified,92703,0.0,6375.0,658.3969465648855,2.5,74.0,0,314.4,0.24658823529411764,13.849911984681606,13.597966781776865,13.578619437230618,789077.1974869957
True,False,2025-12-05,925000.0,37.64739151,-122.11611663,1854.0,VC45 - Mission Oaks,True,2.0,0.0474,2010.0,4.0,Hayward,3.0,True,2.0,ThreeOrMore,2065.0,False,2.0,Hayward,94545,149.0,2065.0,498.9212513484358,0.75,15.0,0,618.0,0.897820823244552,13.737549016494562,13.732128949025222,13.747774866328118,934507.439070474
True,False,2025-12-09,5243810.0,34.071128,-118.319086,4726.0,C18 - Hancock Park-Wilshire,False,2.0,0.2495,1923.0,5.0,Los Angeles,4.0,True,2.0,Two,10869.0,False,2.0,Los Angeles Unified,90004,240.0,10869.0,1109.5662293694456,0.8,102.0,0,1181.5,0.43481461035973873,15.47255889132528,14.65917278350986,15.212366358964694,4042469.6350018024
True,False,2025-12-19,680000.0,34.083525,-117.383693,1970.0,272 - Rialto,True,3.0,0.1769,1984.0,3.0,Rialto,3.0,True,2.0,Two,7704.0,False,3.0,Rialto Unified,92376,0.0,7704.0,345.1776649746193,1.0,41.0,0,656.6666666666666,0.25571131879543096,13.42984807715229,13.253391639810733,13.311143425492325,603887.6353926472
False,False,2025-12-10,1390000.0,33.811816,-118.324971,2220.0,135 - South East Torrance - East,True,2.0,0.1215,1963.0,3.0,Torrance,5.0,True,2.0,Two,5291.0,False,2.0,Torrance Unified,90501,0.0,5291.0,626.1261261261261,1.6666666666666667,62.0,0,444.0,0.4195804195804196,14.144814305106875,13.9016461684345,13.975917758283131,1173988.8222970183
True,False,2025-12-03,479000.0,34.354568,-117.623554,1536.0,WRWD - Wrightwood,True,0.0,0.1837,1972.0,2.0,Wrightwood,3.0,True,1.0,One,8000.0,False,0.0,Snowline Joint Unified,92397,0.0,8000.0,311.8489583333333,1.5,53.0,0,512.0,0.192,13.079455876393052,13.003579841414362,12.946430197564885,419337.0108987972
True,False,2025-12-03,680000.0,34.081313,-117.73851100000002,1132.0,687 - Pomona,True,2.0,0.1518,1956.0,2.0,Pomona,3.0,False,1.0,One,6613.0,False,2.0,Pomona Unified,91767,0.0,6613.0,600.7067137809187,1.5,69.0,0,377.3333333333333,0.1711779827612279,13.42984807715229,13.422467969854667,13.354803932836996,630837.7221894361
False,False,2025-12-01,1500000.0,33.749014,-117.977753,3475.0,"65 - N of Blsa, S of GGrv, E of Bch, W of Brookhrs",True,1.0,0.1656,2004.0,8.0,Midway City,10.0,False,2.0,Two,7215.0,False,1.0,Garden Grove Unified,92655,0.0,7215.0,431.6546762589928,1.25,21.0,0,347.5,0.48163548163548164,14.22097566607244,13.859515996625632,14.119954459672742,1355870.795885885
False,False,2025-12-04,440000.0,34.047656,-118.180272,1000.0,ELA - East Los Angeles,False,0.0,0.0866,1926.0,1.0,East Los Angeles,2.0,False,1.0,One,3772.0,False,0.0,Los Angeles Unified,90063,0.0,3772.0,440.0,2.0,99.0,0,500.0,0.2651113467656416,12.994530005894443,13.436422313574042,13.260214937525408,573902.5787846704
True,False,2025-12-30,455000.0,33.656087,-117.36928,1032.0,SRCAR - Southwest Riverside County,True,8.0,0.08,1979.0,2.0,Lake Elsinore,3.0,False,2.0,Two,3485.0,False,2.0,Lake Elsinore Unified,92530,75.0,3485.0,440.8914728682171,1.5,46.0,0,344.0,0.2961262553802009,13.028052697933088,13.270783382522602,13.053866568997192,466898.22019841074
True,False,2025-12-29,1040000.0,34.089332,-117.857553,2037.0,614 - Covina,True,2.0,0.1756,1964.0,2.0,Covina,4.0,True,1.0,ThreeOrMore,7647.0,False,2.0,Charter Oak Unified,91724,0.0,7647.0,510.5547373588611,2.0,61.0,0,509.25,0.2663789721459396,13.854731271117556,13.681962838542578,13.755611862846807,941859.9437623743
True,False,2025-12-31,1680000.0,37.68460637,-121.88343468,2125.0,288 - Running Springs,True,2.0,0.1813,1976.0,3.0,Pleasanton,4.0,True,2.0,Two,7899.0,False,2.0,Vista Unified,94566,0.0,7899.0,790.5882352941177,1.3333333333333333,49.0,0,531.25,0.2690213951133055,14.334304351379442,14.430696197054507,14.322196121625364,1659780.830215545
True,True,2025-12-24,1050000.0,37.63017618,-122.43726401,1690.0,699 - Not Defined,True,2.0,0.1554,1955.0,2.0,San Bruno,3.0,True,1.0,One,6771.0,False,2.0,Other,94066,0.0,6771.0,621.301775147929,1.5,70.0,0,563.3333333333334,0.2495938561512332,13.864300722133706,14.144814305106875,14.090094896613772,1315983.557664944
False,False,2025-12-12,885000.0,33.930204,-118.006022,1339.0,670 - Whittier,True,2.0,0.1842,1950.0,2.0,Whittier,3.0,True,1.0,One,8024.0,False,2.0,East Whittier Unified,90604,0.0,8024.0,660.941000746826,1.5,75.0,0,446.3333333333333,0.16687437686939183,13.693342923990066,13.636672835828117,13.586792359454138,795552.6898530803
True,False,2025-12-02,749000.0,35.3901,-120.85472,864.0,MRBY - Morro Bay,False,1.0,0.0643,1957.0,1.0,Morro Bay,2.0,False,1.0,One,2800.0,False,1.0,San Luis Coastal Unified,93442,0.0,2800.0,866.8981481481482,2.0,68.0,0,432.0,0.30857142857142855,13.526494262499357,13.883057393779731,13.598868193996262,805217.8927480819
False,False,2025-12-02,510000.0,37.94575499,-122.35068028,1647.0,249 - Eastvale,True,2.0,0.1148,1942.0,2.0,Richmond,3.0,True,1.0,One,5000.0,False,1.0,Vista Unified,94801,555.0,5000.0,309.6539162112933,1.5,83.0,0,549.0,0.3294,13.142166004700508,13.217666945594692,13.20578720298683,543501.2051818398
True,False,2025-12-01,615689.0,38.09769162,-121.27130203,2550.0,610 - Burbank,True,3.0,0.1148,2024.0,3.0,Lodi,4.0,False,2.0,Two,5000.0,True,3.0,Lodi Unified,95240-0000,0.0,5000.0,241.44666666666663,1.3333333333333333,1.0,0,637.5,0.51,13.33049724489595,13.413062394299088,13.455778858994867,697863.5384618517
False,False,2025-12-04,1424000.0,34.175599,-118.437451,1959.0,VN - Van Nuys,False,2.0,0.1369999999999999,1952.0,3.0,Van Nuys,3.0,True,1.0,One,5969.0,False,2.0,Other,91401,0.0,5969.0,726.9014803471159,1.0,73.0,0,653.0,0.3281956776679511,14.168980370954058,14.070122729163781,14.162165245845861,1414328.2563518141
False,False,2025-12-29,725000.0,33.7367,-118.291234,1260.0,189 - Barton Hill,False,2.0,0.1148,1911.0,2.0,San Pedro,2.0,True,1.0,One,5000.0,False,2.0,Los Angeles Unified,90731,0.0,5000.0,575.3968253968254,1.0,114.0,0,630.0,0.252,13.493926933836812,13.693342923990066,13.59175680233091,799511.9854541105
True,False,2025-12-23,1298000.0,34.160614,-117.539788,3371.0,688 - Rancho Cucamonga,True,3.0,0.2048,2013.0,4.0,Rancho Cucamonga,4.0,True,2.0,Two,8921.0,False,3.0,Chaffey Joint Union High,91739,202.0,8921.0,385.0489469000297,1.0,12.0,0,842.75,0.3778724358255801,14.076335176246172,13.862273807960708,14.111676523494953,1344693.3110525557
True,True,2025-12-30,960375.0,33.714591,-116.360484,1335.0,323 - South Palm Desert,True,8.0,0.24,2015.0,2.0,Palm Desert,1.0,True,1.0,One,10454.0,False,2.0,Other,92260,0.0,10454.0,719.3820224719101,0.5,10.0,0,1335.0,0.12770231490338627,13.775079112169935,13.624349319661324,13.456400210577913,698297.2918189374
True,False,2025-12-09,1585000.0,33.603334999999994,-117.681377,2582.0,MC - Mission Viejo Central,True,2.0,0.1692,1972.0,3.0,Mission Viejo,5.0,True,2.0,Two,7370.0,False,2.0,Saddleback Valley Unified,92691,0.0,7370.0,613.8652207591015,1.6666666666666667,53.0,0,516.4,0.3503392130257802,14.276094965293519,14.092573789669016,14.22482951701591,1505791.9298638362
True,False,2025-12-09,2500000.0,34.094227000000004,-118.269247,2990.0,C21 - Silver Lake - Echo Park,True,3.0,0.1211,1939.0,3.0,Los Angeles,5.0,True,2.0,MultiSplit,5273.0,False,4.0,Los Angeles Unified,90039,300.0,5273.0,836.1204013377926,1.6666666666666667,86.0,0,598.0,0.5670396358809027,14.73180128983843,14.283164926819232,14.530045538485336,2043236.3166191133
True,True,2025-12-17,898000.0,34.07424,-117.866071,1875.0,614 - Covina,True,2.0,0.162,1977.0,2.0,Covina,3.0,True,1.0,One,7056.0,False,2.0,Covina Valley Unified,91724,0.0,7056.0,478.9333333333333,1.5,48.0,0,625.0,0.2657312925170068,13.707925347284336,13.681962838542578,13.713060074208729,902622.8431397432
False,False,2025-12-10,1287600.0,35.435357,-120.607703,1659.0,ATSC - Atascadero,True,0.0,1.8,1995.0,2.0,Atascadero,3.0,True,1.0,One,1.8,False,0.0,Atascadero Unified,93422,0.0,78408.0,776.130198915009,1.5,30.0,0,553.0,0.02115855524946434,14.06829057840679,13.64826835113874,13.592411678572816,800035.7383364454
True,False,2025-12-30,1189000.0,37.91502996,-122.29631203,1374.0,250 - Norco,True,1.0,0.272,1923.0,3.0,El Cerrito,3.0,False,2.0,Two,11850.0,False,1.0,West Contra Costa,94530,0.0,11850.0,865.3566229985444,1.0,102.0,0,458.0,0.11594936708860759,13.988623175672918,14.137594057133388,14.101621651257668,1331240.3389112467
True,False,2025-12-23,507500.0,34.517118,-117.224151,3176.0,APPV - Apple Valley,True,13.0,0.9995,1991.0,3.0,Apple Valley,4.0,True,1.0,One,43538.0,False,3.0,Apple Valley Unified,92307,0.0,43538.0,159.79219143576827,1.3333333333333333,34.0,0,794.0,0.07294776976434379,13.137251989898079,13.049792684569493,13.425970617653267,677368.4327354743
False,False,2025-12-15,1900000.0,32.94156814,-117.22410811,2533.0,92130 - Carmel Valley,True,6.0,0.1208,1986.0,3.0,San Diego,4.0,False,2.0,Two,5263.0,False,3.0,Jurupa Unified,92130,10.0,5263.0,750.0986971969996,1.3333333333333333,39.0,0,633.25,0.481284438533156,14.457364444136669,14.674172177001793,14.562182182590497,2109965.559042792
False,True,2025-12-09,3450000.0,37.31735497,-122.02125289,1771.0,699 - Not Defined,True,2.0,0.1446,1958.0,2.0,Cupertino,3.0,True,2.0,Two,6300.0,False,2.0,Other,95014,1726.0,6300.0,1948.051948051948,1.5,67.0,0,590.3333333333334,0.2811111111111111,15.053884789007542,15.043678404364256,14.849290878765249,2811674.802154828
False,True,2025-12-05,500000.0,33.839036,-116.466603,1526.0,335 - Cathedral City North,True,6.0,0.17,1986.0,2.0,Cathedral City,4.0,True,1.0,One,7405.0,False,2.0,Conejo Valley Unified,92234,145.0,7405.0,327.653997378768,2.0,39.0,0,381.5,0.2060769750168805,13.122363377404328,13.224919965729422,13.157234120262313,517742.9281033683
False,False,2025-12-01,1400000.0,34.243013,-118.254905,1470.0,635 - La Crescenta/Glendale Montrose & Annex,True,2.0,0.1794,1958.0,2.0,La Crescenta,3.0,True,1.0,One,7814.0,False,2.0,Snowline Joint Unified,91214,487.98,7814.0,952.3809523809524,1.5,67.0,0,490.0,0.1881238802149987,14.151982794585487,14.115615150414612,14.035471779410548,1246028.410470835
True,False,2025-12-13,700000.0,32.680504,-117.040631,1540.0,92139 - Paradise Hills,True,2.0,0.0661,1981.0,3.0,San Diego,3.0,True,2.0,Two,2881.0,False,1.0,San Diego Unified,92139,162.0,2881.0,454.54545454545456,1.0,44.0,0,513.3333333333334,0.5345366192294342,13.458835614025542,13.567049198665774,13.458265374459334,699600.9460926313
True,False,2025-12-30,1160000.0,38.10317464,-122.58686516,2291.0,ORCT - Orcutt,True,4.0,0.5854,1979.0,3.0,Novato,4.0,True,2.0,Two,25500.0,False,2.0,Beaumont,94947,0.0,25500.0,506.32911392405066,1.3333333333333333,46.0,0,572.75,0.08984313725490196,13.963930563082547,13.592367006650065,13.79240575020694,977160.0644512901
True,False,2025-12-18,868000.0,34.073799,-118.082827,1276.0,651 - Rosemead/S. San Gabriel,False,5.0,0.1329,1941.0,2.0,Rosemead,3.0,False,1.0,One,5790.0,False,2.0,El Monte Union High,91770,0.0,5790.0,680.2507836990595,1.5,84.0,0,425.3333333333333,0.22037996545768568,13.673946993642486,13.726664413759128,13.680003529364503,873273.0250203254
True,False,2025-12-15,950000.0,37.97272321,-122.27468895,2217.0,BKSF - Bakersfield,True,3.0,0.2191,1979.0,3.0,Richmond,4.0,True,2.0,Two,9545.0,False,3.0,Victor Valley Unified,94803-2126,180.0,9545.0,428.5069914298602,1.3333333333333333,46.0,0,554.25,0.2322682032477737,13.764217263576723,13.698976741708323,13.80557353280406,990112.1839420539
True,False,2025-12-05,1088000.0,33.827153,-117.565127,2808.0,248 - Corona,True,3.0,0.5739,1974.0,4.0,Corona,4.0,True,2.0,MultiSplit,25000.0,False,3.0,Corona-Norco Unified,92881,0.0,25000.0,387.4643874643874,1.0,51.0,0,702.0,0.11232,13.899851706398024,13.6909268947726,14.077495847517927,1299507.4259545088
True,True,2025-12-10,565000.0,34.194207,-117.349238,1356.0,274 - San Bernardino,True,2.0,0.1894,1985.0,2.0,San Bernardino,3.0,True,1.0,One,8250.0,False,2.0,San Bernardino City Unified,92407,0.0,8250.0,416.6666666666667,1.5,40.0,0,452.0,0.16436363636363635,13.244581010128577,13.304684934198283,13.204440051081244,542769.5194541584
False,False,2025-12-12,419900.0,38.689579,-121.347851,1127.0,ARRG - Arroyo Grande,True,2.0,0.14,1977.0,2.0,Sacramento,4.0,True,1.0,One,6098.0,False,2.0,Sacramento City Unified,95842,0.0,6098.0,372.5820763087844,2.0,48.0,0,281.75,0.18481469334207937,12.947771866672285,12.944432168911668,12.753549674161297,345777.1163805888
False,False,2025-12-03,1320000.0,33.766075,-118.03627,1944.0,"58 - Westminster North of Rancho, S of 405",True,2.0,0.1655,1964.0,3.0,Westminster,4.0,True,1.0,One,7210.0,False,2.0,Huntington Beach Union High,92683,0.0,7210.0,679.0123456790124,1.3333333333333333,61.0,0,486.0,0.26962552011095703,14.093142294562554,13.933293593620657,13.966182139836247,1162614.7716091243
True,True,2025-12-09,1435000.0,33.811289,-116.538383,1711.0,334 - South End Palm Springs,True,5.0,0.27,1958.0,3.0,Palm Springs,3.0,True,2.0,One,11761.0,False,2.0,Palm Springs Unified,92264,0.0,11761.0,838.6908240794857,1.0,67.0,0,570.3333333333334,0.145480826460335,14.176675407175859,14.077874822431765,14.08333508271973,1307117.75308229
True,False,2025-12-06,492000.0,38.69531735,-121.32382217,1454.0,SVC - Central Simi,True,2.0,0.22,1981.0,2.0,Citrus Heights,3.0,True,1.0,One,9583.0,False,2.0,Bakersfield City,95621,1726.0,9583.0,338.3768913342504,1.5,44.0,0,484.6666666666667,0.15172701659188145,13.106233995474446,13.698976741708323,13.552578124953634,768793.8406415636
True,False,2025-12-30,570000.0,33.887437,-117.20726,1860.0,259 - Moreno Valley,True,2.0,0.2,2002.0,2.0,Moreno Valley,4.0,True,1.0,One,8712.0,False,2.0,Val Verde,92551,75.0,8712.0,306.4516129032258,2.0,23.0,0,465.0,0.21349862258953167,13.253391639810733,13.180632285528304,13.200188950376912,540467.049051983
False,False,2025-12-03,950000.0,33.19565,-117.231492,2737.0,92084 - Vista,True,2.0,0.1718,2003.0,3.0,Vista,4.0,True,2.0,Two,7483.0,False,2.0,Vista Unified,92084,189.0,7483.0,347.0953598830837,1.3333333333333333,22.0,0,684.25,0.36576239476145933,13.764217263576723,13.773646353865574,13.916992581459338,1106810.021637282
False,False,2025-12-01,970000.0,32.80757617,-117.16106857,1518.0,92111 - Linda Vista,True,4.0,0.1377,1958.0,2.0,San Diego,4.0,True,1.0,One,6000.0,False,2.0,Saddleback Valley Unified,92111,99.0,6000.0,638.9986824769434,2.0,67.0,0,379.5,0.253,13.785051350479566,13.818004328719795,13.765308249034556,951037.0017590025
True,True,2025-12-12,800000.0,34.155702000000005,-117.479717,2532.0,264 - Fontana,True,3.0,0.124,1997.0,3.0,Fontana,4.0,True,2.0,Two,5400.0,False,3.0,Etiwanda,92336,0.0,5400.0,315.955766192733,1.3333333333333333,28.0,0,633.0,0.4688888888888889,13.592367006650065,13.487006490992238,13.535552751404703,755815.6312447629
True,False,2025-12-23,400000.0,33.803470000000004,-116.469737,1254.0,336 - Cathedral City South,True,5.0,0.19,1980.0,2.0,Cathedral City,3.0,False,1.0,One,8276.0,False,1.0,Other,92234,0.0,8276.0,318.9792663476874,1.5,45.0,0,418.0,0.1515224746254229,12.89921982609012,13.224919965729422,13.085495074621218,481901.5285857515
False,False,2025-12-05,830000.0,34.27574,-118.450195,1837.0,MHL - Mission Hills,True,0.0,0.1461,1954.0,3.0,San Fernando,5.0,False,1.0,One,6362.0,False,0.0,Los Angeles Unified,91340,0.0,6362.0,451.8236254763201,1.6666666666666667,71.0,0,367.4,0.28874567745991825,13.62918097977278,13.513053199930338,13.59421679775198,801481.2024167015
False,False,2025-12-11,730000.0,34.070329,-117.645353,1060.0,686 - Ontario,True,2.0,0.2412,1946.0,1.0,Ontario,3.0,True,1.0,One,10508.0,False,2.0,Ontario-Montclair,91764,0.0,10508.0,688.6792452830189,3.0,79.0,0,353.3333333333333,0.10087552341073468,13.500799813124575,13.414286165238757,13.310529850675609,603517.2187982119
False,False,2025-12-02,1545000.0,37.67277225,-122.4804385,2454.0,699 - Not Defined,True,1.0,0.0781,1960.0,4.0,Daly City,7.0,True,1.0,Two,3400.0,False,1.0,Other,94015,0.0,3400.0,629.5843520782396,1.75,65.0,0,350.57142857142856,0.721764705882353,14.250534468313983,14.028601732812717,14.121289581201575,1357682.25716718
True,False,2025-12-01,825000.0,35.654599,-120.683937,1715.0,PRIC - PR Inside City Limit,True,4.0,0.1724,2023.0,2.0,Paso Robles,3.0,True,1.0,One,7508.0,False,2.0,Paso Robles Joint Unified,93446,300.0,7508.0,481.04956268221576,1.5,2.0,0,571.6666666666666,0.22842301545018648,13.623138665316818,13.591116224748411,13.526260260305198,748824.7528614828
True,False,2025-12-08,675000.0,34.949563,-120.566023,1856.0,GUAD - Guadalupe,True,2.0,0.08,2022.0,3.0,Guadalupe,4.0,False,2.0,Two,3485.0,False,2.0,Santa Maria Joint Union,93434,0.0,3485.0,363.6853448275862,1.3333333333333333,3.0,0,464.0,0.5325681492109039,13.422467969854667,13.361101199446548,13.343594236092587,623805.7096280726
True,False,2025-12-08,618220.0,33.622865000000004,-117.081052,2296.0,SRCAR - Southwest Riverside County,True,2.0,0.1049,2025.0,3.0,French Valley,4.0,False,2.0,Two,4569.0,True,2.0,Temecula Unified,92596,152.0,4569.0,269.2595818815331,1.3333333333333333,0.0,0,574.0,0.5025169621361348,13.334599660146486,13.337474757021274,13.333470178215011,617522.1258726236
True,False,2025-12-15,1150000.0,34.254736,-118.371502,1937.0,672 - Shadow Hills,True,2.0,1.1342,1986.0,3.0,Shadow Hills,4.0,True,1.0,One,49404.0,False,2.0,Los Angeles Unified,91352,0.0,49404.0,593.7016004130098,1.3333333333333333,39.0,0,484.25,0.03920735163144685,13.955272500339433,13.681979165339751,13.779897947186344,965014.0571273218
True,False,2025-12-17,3275000.0,37.91649912,-122.16681334,4649.0,MP1 - Mariposa 1,True,3.0,0.6657,2001.0,6.0,Orinda,4.0,True,1.0,One,29000.0,False,3.0,Acalanes,94563,1806.0,29000.0,704.452570445257,0.6666666666666666,24.0,0,1162.25,0.16031034482758622,15.001828427051489,14.408837403242009,15.18065312790552,3916281.356195934
False,False,2025-12-02,1040000.0,34.155548,-118.596905,1330.0,WHLL - Woodland Hills,False,6.0,0.1818,1953.0,2.0,Woodland Hills,3.0,True,1.0,One,7920.0,False,3.0,Los Angeles Unified,91364,0.0,7920.0,781.9548872180451,1.5,72.0,0,443.3333333333333,0.16792929292929293,13.854731271117556,14.15910026235435,13.930027445343336,1121331.5772554704
False,False,2025-12-23,852500.0,33.914523,-118.0216,1262.0,699 - Not Defined,False,2.0,0.2427,1959.0,2.0,La Mirada,3.0,False,1.0,One,10573.0,False,2.0,Los Angeles Unified,90638,0.0,10573.0,675.5150554675118,1.5,66.0,0,420.6666666666667,0.11936063558119739,13.655928488139809,13.709037694795391,13.62444851741375,826081.3360204909
True,True,2025-12-12,1350000.0,33.46161,-117.07263799999998,4121.0,SRCAR - Southwest Riverside County,True,3.0,0.24,2020.0,5.0,Temecula,7.0,True,2.0,Two,10454.0,False,3.0,Temecula Unified,92592,72.0,10454.0,327.5903906818733,1.4,5.0,0,588.7142857142857,0.39420317581786873,14.115615150414612,13.580420735596498,13.949964692812182,1143912.1920925332
True,False,2025-12-08,1140000.0,34.135290999999995,-118.199269,1523.0,618 - Eagle Rock,True,2.0,0.0931,1923.0,2.0,Los Angeles,2.0,True,1.0,One,4056.0,False,2.0,Whittier Union High,90041,0.0,4056.0,748.5226526592252,1.0,102.0,0,761.5,0.3754930966469428,13.946538820370678,14.115615150414612,14.125583815817649,1363524.9993879213
False,False,2025-12-05,1300000.0,34.032009,-118.447489,1064.0,WLA - West Los Angeles,False,2.0,0.1248,1937.0,1.0,Los Angeles,2.0,True,1.0,One,5437.0,False,2.0,Los Angeles Unified,90064,0.0,5437.0,1221.8045112781954,2.0,88.0,0,532.0,0.1956961559683649,14.077874822431765,14.615267473582477,14.171997101087468,1428302.3099011157
True,True,2025-12-23,1425000.0,33.850122,-117.347327,4369.0,252 - Riverside,True,2.0,4.5,2003.0,5.0,Riverside,5.0,True,2.0,Two,196020.0,False,2.0,Riverside Unified,92504,0.0,196020.0,326.161593041886,1.0,22.0,0,873.8,0.02228854198551168,14.169682371684887,13.353475098367715,14.159379464514004,1410393.7300076867
False,False,2025-12-19,910000.0,34.05451,-117.943295,2022.0,669 - West Covina,True,2.0,0.1978,1956.0,2.0,West Covina,3.0,True,1.0,One,8615.0,False,2.0,West Covina,91790,0.0,8615.0,450.0494559841741,1.5,69.0,0,674.0,0.2347069065583285,13.721199878493033,13.652991628466498,13.770800264845501,956274.4810043686
True,False,2025-12-12,1145000.0,33.589643,-117.62616,1835.0,LF - Las Flores,True,5.0,0.0733,1998.0,3.0,Rancho Santa Margarita,4.0,True,2.0,Two,3191.0,False,2.0,Capistrano Unified,92688,135.0,3191.0,623.9782016348773,1.3333333333333333,27.0,0,458.75,0.5750548417424005,13.950915194970477,14.041051233878205,13.967813432398447,1164512.8842063104
False,False,2025-12-02,1655000.0,33.898447,-117.819495,1800.0,85 - Yorba Linda,False,4.0,0.54,1954.0,3.0,Yorba Linda,3.0,True,1.0,One,23522.0,False,1.0,Placentia-Yorba Linda Unified,92886,0.0,23522.0,919.4444444444443,1.0,71.0,0,600.0,0.07652410509310432,14.319311566793301,14.20888790014483,14.278400618909664,1588658.6771819238
False,False,2025-12-18,463000.0,33.726981,-116.940516,1657.0,SRCAR - Southwest Riverside County,True,2.0,0.17,1987.0,2.0,Hemet,3.0,True,1.0,One,7405.0,False,2.0,Hemet Unified,92544,0.0,7405.0,279.42063971031985,1.5,38.0,0,552.3333333333334,0.2237677245104659,13.045482333068371,13.081541382884074,13.072834482723204,475838.82965833985
True,False,2025-12-09,740000.0,37.97041547,-121.77147626,2560.0,82 - Buena Park,True,5.0,0.1655,1989.0,3.0,Antioch,5.0,True,2.0,Two,7210.0,False,5.0,Los Angeles Unified,94531,0.0,7210.0,289.0625,1.6666666666666667,36.0,0,512.0,0.3550624133148405,13.514405465180353,13.415032991367148,13.493360757047997,724589.6380077886
True,True,2025-12-12,650000.0,34.386971,-117.604192,2591.0,WRWD - Wrightwood,True,3.0,2.1608,2007.0,3.0,Wrightwood,4.0,True,1.0,One,94124.0,False,3.0,Snowline Joint Unified,92397,0.0,94124.0,250.86839058278656,1.3333333333333333,18.0,0,647.75,0.02752751689260975,13.38472764187182,13.003579841414362,13.3165385230544,607154.4726309275
True,False,2025-12-31,734999.0,33.658105,-117.263402,3391.0,SRCAR - Southwest Riverside County,True,3.0,0.19,2002.0,3.0,Lake Elsinore,5.0,True,2.0,Two,8276.0,False,3.0,Lake Elsinore Unified,92532,134.0,8276.0,216.74992627543497,1.6666666666666667,23.0,0,678.2,0.4097390043499275,13.507624417649831,13.353475098367715,13.46919646880435,707290.2999988983
False,False,2025-12-09,680000.0,33.981132,-118.243905,900.0,C42 - Downtown L.A.,True,1.0,0.0761,1921.0,2.0,Los Angeles,3.0,False,1.0,One,3316.0,False,1.0,Los Angeles Unified,90001,0.0,3316.0,755.5555555555555,1.5,104.0,0,300.0,0.27141133896260555,13.42984807715229,13.262125319779487,13.178400982054297,528818.7275375524
True,False,2025-12-29,392500.0,33.960178000000006,-116.998217,1392.0,263 - Banning/Beaumont/Cherry Valley,True,2.0,0.1,2005.0,2.0,Beaumont,2.0,False,1.0,One,4356.0,False,2.0,Beaumont,92223,307.0,4356.0,281.9683908045977,1.0,20.0,0,696.0,0.31955922865013775,12.8802918162046,13.197470849891134,12.869031957600615,388105.2938146524
True,True,2025-12-26,2350000.0,34.119385,-118.371879,1251.0,C03 - Sunset Strip - Hollywood Hills West,False,2.0,0.52,1929.0,2.0,Los Angeles,2.0,True,1.0,One,22651.0,False,2.0,Chawanakee Unified,90046,295.0,22651.0,1878.4972022382096,1.0,96.0,0,625.5,0.0552293496975851,14.669925886120343,14.637490610367188,14.330572916457562,1673742.8706269185
True,False,2025-12-22,1600000.0,33.746852000000004,-117.956067,2669.0,"65 - N of Blsa, S of GGrv, E of Bch, W of Brookhrs",True,2.0,0.0778,2015.0,4.0,Westminster,4.0,False,2.0,Two,3388.0,False,2.0,Garden Grove Unified,92683,94.0,3388.0,599.4754589733983,1.0,10.0,0,667.25,0.7877804014167651,14.28551418721001,13.933293593620657,14.104041655424389,1334465.8473761205
True,False,2025-12-17,1900000.0,36.946936,-121.82612317,2562.0,699 - Not Defined,False,10.0,10.17,1927.0,4.0,Watsonville,5.0,True,1.0,One,443005.0,False,2.0,Other,95076,300.0,443005.0,741.608118657299,1.25,98.0,0,512.4,0.0057832304375797115,14.457364444136669,13.723849529400505,14.243232032910521,1533758.8312095543
True,False,2025-12-01,777000.0,34.265041,-118.499964,1129.0,GH - Granada Hills,False,2.0,0.1929,1952.0,2.0,Granada Hills,3.0,False,1.0,One,8404.0,False,2.0,Los Angeles Unified,91344,0.0,8404.0,688.2196634189548,1.5,73.0,0,376.3333333333333,0.1343407900999524,13.563195629349785,13.892471599100402,13.701644476292763,892377.4535777286
False,False,2025-12-17,639990.0,33.619864,-117.079668,2429.0,SRCAR - Southwest Riverside County,True,2.0,0.1293,2025.0,3.0,French Valley,4.0,False,2.0,Two,5633.0,True,2.0,Temecula Unified,92596,152.0,5633.0,263.47879785920134,1.3333333333333333,0.0,0,607.25,0.4312089472749867,13.369207830213783,13.337474757021274,13.372888703721614,642350.0631185077
True,True,2025-12-23,545000.0,33.715308,-116.277096,1529.0,699 - Not Defined,True,2.0,0.13,2004.0,2.0,Indio,3.0,True,1.0,One,5663.0,False,2.0,Los Angeles Unified,92201,392.0,5663.0,356.4421190320471,1.5,21.0,0,509.6666666666667,0.2699982341515098,13.208541073645382,13.235692062711331,13.155459966802457,516825.18704362115
True,False,2025-12-01,1950000.0,33.871279,-117.845171,3478.0,84 - Placentia,True,3.0,0.1334,2001.0,4.0,Placentia,5.0,True,2.0,Two,5810.0,False,3.0,Placentia-Yorba Linda Unified,92870,46.0,5810.0,560.6670500287521,1.25,24.0,0,695.6,0.5986230636833046,14.48333993053993,13.980176819817759,14.317273074468055,1651629.7315020345
True,False,2025-12-10,389200.0,33.671028,-117.330368,1233.0,SRCAR - Southwest Riverside County,False,0.0,0.19,1921.0,2.0,Lake Elsinore,3.0,True,1.0,One,8276.0,False,0.0,Lake Elsinore Unified,92530,0.0,8276.0,315.6528791565288,1.5,104.0,0,411.0,0.14898501691638472,12.871848629293988,13.270783382522602,13.1971607629782,538832.8890647244
False,False,2025-12-11,600000.0,33.943559,-118.284931,1120.0,C36 - Metropolitan Southwest,True,0.0,0.0969999999999999,1936.0,1.0,Los Angeles,2.0,True,1.0,One,4225.0,False,3.0,Yucaipa/Calimesa Unified,90044,0.0,4225.0,535.7142857142857,2.0,89.0,0,560.0,0.2650887573964497,13.304684934198283,13.38472764187182,13.270036724632806,579567.1000581088
True,False,2025-12-02,1890000.0,34.153356,-118.637741,2726.0,CLB - Calabasas,True,2.0,0.0846,1970.0,3.0,Calabasas,3.0,True,1.0,MultiSplit,3683.0,False,2.0,Riverside Unified,91302,450.0,3683.0,693.3235509904622,1.0,55.0,0,908.6666666666666,0.7401574803149606,14.452087387035824,14.473030560881067,14.422248898641907,1834438.3175603184
False,False,2025-12-05,790000.0,34.206191,-118.470885,1273.0,VN - Van Nuys,True,0.0,0.1906,1937.0,2.0,Van Nuys,2.0,True,1.0,One,8301.0,False,0.0,Los Angeles Unified,91406,0.0,8301.0,620.5813040062843,1.0,88.0,0,636.5,0.15335501746777497,13.579788224443204,13.708480036117827,13.621465301744623,823620.6294690083
False,True,2025-12-11,639000.0,34.06702,-117.724335,1633.0,699 - Not Defined,True,2.0,0.2404,1978.0,2.0,Pomona,3.0,True,1.0,One,10471.0,False,2.0,Pomona Unified,91767,0.0,10471.0,391.3043478260869,1.5,47.0,0,544.3333333333334,0.15595454111355173,13.367659733359671,13.422467969854667,13.371132099508593,641222.6987477894
False,False,2025-12-11,425000.0,34.172072,-117.322939,869.0,274 - San Bernardino,False,2.0,0.2101,1949.0,1.0,San Bernardino,3.0,False,1.0,One,9150.0,False,2.0,San Bernardino City Unified,92407,0.0,9150.0,489.06789413118526,3.0,76.0,0,289.6666666666667,0.09497267759562841,12.959844447906553,13.304684934198283,13.12266137183711,500149.01941876614
True,True,2025-12-11,600000.0,34.490114,-117.202424,2434.0,APPV - Apple Valley,True,13.0,0.4695,2006.0,3.0,Apple Valley,5.0,True,1.0,One,20452.0,False,3.0,Apple Valley Unified,92308,0.0,20452.0,246.50780608052588,1.6666666666666667,19.0,0,486.8,0.1190103657344025,13.304684934198283,12.936033799212835,13.216399101276803,549299.4957132194
False,False,2025-12-10,1210000.0,33.875157,-117.906673,1767.0,83 - Fullerton,False,3.0,0.264,1988.0,3.0,Fullerton,3.0,True,1.0,One,11500.0,False,2.0,Fullerton Joint Union High,92831,0.0,11500.0,684.7764572722128,1.0,37.0,0,589.0,0.15365217391304348,14.006130917572923,13.966081104032241,13.920193897285891,1110358.947662155
True,False,2025-12-19,1776730.0,33.680318,-117.739601,2450.0,GP - Great Park,True,2.0,0.0562,2025.0,3.0,Irvine,4.0,False,2.0,Two,2450.0,True,2.0,Irvine Unified,92618,260.0,2450.0,725.195918367347,1.3333333333333333,0.0,0,612.5,1.0,14.390285154118118,14.648419680899378,14.507599881768828,1997885.4051556336
False,False,2025-12-22,1799000.0,33.752121,-117.820893,2146.0,NTS - North Tustin,True,6.0,0.1671,1972.0,3.0,Tustin,4.0,True,1.0,One,7280.0,False,3.0,Tustin Unified,92780,0.0,7280.0,838.3038210624418,1.3333333333333333,53.0,0,536.5,0.2947802197802198,14.40274151293267,14.077874822431765,14.114085385899974,1347936.3967212066
True,False,2025-12-09,1225000.0,34.251298,-116.894439,2986.0,289 - Big Bear Area,True,3.0,0.1905,1999.0,4.0,Big Bear Lake,4.0,True,1.0,One,8299.0,False,3.0,Bear Valley Unified,92315,1134.0,8299.0,410.24782317481584,1.0,26.0,0,746.5,0.35980238582961804,14.018451401960965,13.398478813484644,13.644591464769489,842889.7662310875
True,False,2025-12-01,1368000.0,33.683444,-117.669129,2162.0,FH - Foothill Ranch,True,4.0,0.0785,1994.0,3.0,Lake Forest,4.0,True,2.0,Two,3420.0,False,2.0,Saddleback Valley Unified,92610,93.0,3420.0,632.7474560592044,1.3333333333333333,31.0,0,540.5,0.6321637426900585,14.128860377164633,14.20077295875492,14.15936421670181,1410372.2247529274
False,False,2025-12-10,880000.0,37.7056725,-122.18259275,2084.0,SYL - Sylmar,True,2.0,0.1148,1954.0,2.0,San Leandro,4.0,True,2.0,Two,5000.0,False,2.0,Oakland,94577,0.0,5000.0,422.2648752399232,2.0,71.0,0,521.0,0.4168,13.687677186454389,13.667799101765917,13.784179415139425,969154.5913444671
True,False,2025-12-10,1265000.0,34.051787,-118.125156,1412.0,641 - Monterey Park,True,6.0,0.2934,1952.0,2.0,Monterey Park,3.0,True,1.0,One,12780.0,False,2.0,Alhambra,91755,0.0,12780.0,895.8923512747875,1.5,73.0,0,470.6666666666667,0.11048513302034428,14.050582680143757,13.792750300313369,13.758311671837564,944406.2213915512
False,False,2025-12-19,960000.0,33.935999,-117.8946,1844.0,86 - Brea,True,5.0,0.1895,1963.0,2.0,Brea,4.0,True,1.0,One,8256.0,False,2.0,Brea-Olinda Unified,92821,0.0,8256.0,520.6073752711496,2.0,62.0,0,461.0,0.22335271317829458,13.77468856344402,13.997832114758229,13.975270007044708,1173228.6158224037
True,False,2025-12-10,1195000.0,33.794652,-117.799859,1720.0,"75 - Orange, Orange Park Acres E of 55",True,2.0,0.1577,1974.0,2.0,Orange,3.0,False,2.0,Two,6868.0,False,2.0,Orange Unified,92869,0.0,6868.0,694.7674418604652,1.5,51.0,0,573.3333333333334,0.250436808386721,13.993656743347747,14.115985383678474,14.042836494598662,1255238.929624638
True,False,2025-12-18,485000.0,34.264298,-116.836882,1484.0,BBC - Big Bear City,True,2.0,0.1655,1987.0,2.0,Big Bear City,3.0,True,1.0,One,7210.0,False,2.0,Bear Valley Unified,92314,0.0,7210.0,326.8194070080863,1.5,38.0,0,494.6666666666667,0.2058252427184466,13.091904169919621,12.965709567358951,12.951049666450771,421278.6062903745
True,False,2025-12-11,343500.0,39.792667,-121.579945,1260.0,C13 - Palms - Mar Vista,True,2.0,0.49,2025.0,2.0,Paradise,3.0,False,1.0,One,0.49,True,2.0,Paradise Unified,95969,0.0,21344.4,272.6190476190476,1.5,0.0,0,420.0,0.05903187721369539,12.746942390644541,12.89921982609012,12.853193082076169,382006.5683506781
False,False,2025-12-09,1206000.0,37.05837595,-122.00427724,1643.0,699 - Not Defined,True,2.0,0.285,1969.0,2.0,Scotts Valley,3.0,True,1.0,Two,12415.0,False,2.0,Other,95066,0.0,12415.0,734.0231284236154,1.5,56.0,0,547.6666666666666,0.132339911397503,14.002819656269267,14.187074114396758,14.081296356051801,1304455.6118721764
True,False,2025-12-12,1150000.0,34.086783000000004,-118.389525,1062.0,C10 - West Hollywood Vicinity,False,2.0,0.0718,1923.0,2.0,West Hollywood,2.0,False,1.0,One,3127.0,False,2.0,Los Angeles Unified,90069,161.0,3127.0,1082.8625235404895,1.0,102.0,0,531.0,0.33962264150943394,13.955272500339433,14.827111469642754,14.218130068745538,1495737.6713213525
False,False,2025-12-05,778000.0,34.203469,-118.545805,1094.0,RES - Reseda,False,2.0,0.1488,1953.0,1.0,Reseda,3.0,False,1.0,One,6480.0,False,2.0,Los Angeles Unified,91335,0.0,6480.0,711.1517367458866,3.0,72.0,0,364.6666666666667,0.16882716049382715,13.564481803160529,13.652991628466498,13.51762023560398,742382.7580714715
False,False,2025-12-19,488000.0,34.434473,-117.356113,2502.0,HSP - Hesperia,True,2.0,0.1651,2004.0,3.0,Hesperia,5.0,True,2.0,Two,7193.0,False,2.0,Hesperia Unified,92345,0.0,7193.0,195.0439648281375,1.6666666666666667,21.0,0,500.4,0.3478381760044488,13.098070684835283,13.064514272196533,13.15337788548757,515750.2344363159
False,False,2025-12-17,516000.0,33.937717,-117.255107,1302.0,259 - Moreno Valley,True,2.0,0.17,1982.0,2.0,Moreno Valley,3.0,True,1.0,One,7405.0,False,2.0,Moreno Valley Unified,92553,0.0,7405.0,396.31336405529953,1.5,43.0,0,434.0,0.17582714382174205,13.1538620444637,13.159174447339636,13.062555184401019,470972.59396792745
True,False,2025-12-17,565000.0,34.072016,-117.192941,1248.0,268 - Redlands,True,2.0,0.1768,1979.0,2.0,Redlands,4.0,True,1.0,One,7700.0,False,2.0,Redlands Unified,92374,0.0,7700.0,452.72435897435895,2.0,46.0,0,312.0,0.16207792207792207,13.244581010128577,13.299666780812677,13.174929050005158,526985.8884367712
False,False,2025-12-11,765000.0,32.71780708,-116.98959484,1204.0,91977 - Spring Valley,True,4.0,0.1375,1979.0,2.0,Spring Valley,3.0,True,1.0,One,5988.0,False,2.0,Sweetwater Union,91977,0.0,5988.0,635.3820598006645,1.5,46.0,0,401.3333333333333,0.2010688042752171,13.547631112808673,13.592367006650065,13.438281766960634,685759.1604199406
False,False,2025-12-09,2300000.0,37.89271819,-122.10643474,2980.0,313 - La Quinta South of HWY 111,True,6.0,0.1446,1941.0,4.0,Lafayette,4.0,True,1.0,One,6300.0,False,2.0,Santee,94549,160.0,6300.0,771.8120805369127,1.0,84.0,0,745.0,0.473015873015873,14.648419680899378,14.527484500631974,14.734898485133266,2507754.9913993077
False,False,2025-12-18,450000.0,34.088101,-117.440409,1383.0,264 - Fontana,True,1.0,0.2273,1960.0,2.0,Fontana,3.0,False,1.0,One,9900.0,False,1.0,Fontana Unified,92335,0.0,9900.0,325.37960954446856,1.5,65.0,0,461.0,0.1396969696969697,13.017002861746503,13.226723392728571,13.170841666795967,524836.2912712969
True,False,2025-12-10,815000.0,32.71707989,-116.99454426,1554.0,91977 - Spring Valley,True,4.0,0.1449,1975.0,2.0,Spring Valley,4.0,True,1.0,One,6311.0,False,2.0,William S. Hart Union,91977,252.0,6311.0,524.4530244530245,2.0,50.0,0,388.5,0.2462367295198859,13.610943392223,13.592367006650065,13.55569903954213,771196.928519849
True,False,2025-12-30,470000.0,33.825989,-116.441989,1278.0,335 - Cathedral City North,True,2.0,0.17,1989.0,2.0,Cathedral City,3.0,True,1.0,One,7405.0,False,2.0,Palm Springs Unified,92234,0.0,7405.0,367.7621283255086,1.5,36.0,0,426.0,0.17258609047940582,13.060487973686241,13.224919965729422,13.105913761687926,491842.4702015608
True,False,2025-12-08,900000.0,36.61792813,-121.91283769,780.0,699 - Not Defined,False,0.0,0.0835,1953.0,1.0,Pacific Grove,2.0,False,2.0,Two,3637.0,False,0.0,Other,93950,0.0,3637.0,1153.8461538461538,2.0,72.0,0,390.0,0.2144624690679131,13.710150042306449,14.077867425927353,13.631313566436603,831771.9356626015
True,False,2025-12-11,740000.0,33.807884,-116.413595,1832.0,321 - Rancho Mirage,True,2.0,0.1875,2021.0,3.0,Rancho Mirage,2.0,False,1.0,One,8168.0,False,2.0,Saddleback Valley Unified,92270,445.0,8168.0,403.9301310043668,0.6666666666666666,4.0,0,916.0,0.22428991185112634,13.514405465180353,13.9108207377686,13.77623632584049,961487.002366934
False,False,2025-12-08,1080000.0,34.100964000000005,-118.024477,1656.0,605 - Arcadia,True,2.0,0.1294,1950.0,2.0,Arcadia,4.0,False,1.0,One,5635.0,False,2.0,El Monte Union High,91006,0.0,5635.0,652.1739130434783,2.0,75.0,0,414.0,0.2938775510204082,13.892471599100402,14.32771348302841,14.199190371418965,1467675.4365136863
False,False,2025-12-02,2801017.0,37.82315197,-122.24106345,2613.0,92065 - Ramona,True,3.0,0.1182,1916.0,3.0,Piedmont,4.0,True,2.0,Two,5148.0,False,1.0,Piedmont,94611,0.0,5148.0,1071.9544584768466,1.3333333333333333,109.0,0,653.25,0.5075757575757576,14.845493123484806,14.128493142202753,14.503376785349216,1989465.9330886137
False,True,2025-12-30,674000.0,33.521091,-117.142863,1901.0,SRCAR - Southwest Riverside County,True,3.0,0.21,1988.0,3.0,Temecula,4.0,True,2.0,Two,9148.0,False,3.0,Temecula Unified,92591,0.0,9148.0,354.5502367175171,1.3333333333333333,37.0,0,475.25,0.20780498469610845,13.420985389894444,13.514405465180353,13.54135963310775,760217.3309106171
True,False,2025-12-08,2100000.0,33.746817,-118.095473,2502.0,1A - Seal Beach,True,2.0,0.1263,1959.0,3.0,Seal Beach,4.0,True,1.0,One,5500.0,False,2.0,Los Alamitos Unified,90740,0.0,5500.0,839.3285371702638,1.3333333333333333,66.0,0,625.5,0.45490909090909093,14.557447902693651,14.28551418721001,14.43758253638258,1862783.6936645196
False,True,2025-12-08,3175000.0,33.06644777,-117.28745776,3842.0,92024 - Encinitas,True,6.0,0.8343,2020.0,5.0,Encinitas,5.0,True,2.0,Two,6134.0,False,2.0,Whittier Union High,92024,277.0,1200.0,826.3925039042166,1.0,5.0,0,768.4,3.2016666666666667,14.970818190308929,14.603967918328545,15.013840575179188,3314577.011696633
False,False,2025-12-19,923000.0,34.195582,-119.215751,1910.0,VC33 - Oxnard - Southwest / Port Huenem,True,2.0,0.13,2006.0,2.0,Oxnard,3.0,True,1.0,One,5662.0,False,2.0,Azusa Unified,93035,0.0,5662.0,483.2460732984293,1.5,19.0,0,636.6666666666666,0.33733663016601906,13.73538451348499,14.077874822431765,14.000059872584629,1202676.2893471022
True,False,2025-12-18,457000.0,34.473642,-117.565858,1623.0,PHEL - Phelan,True,2.0,2.02,1991.0,2.0,Phelan,4.0,True,1.0,One,2.02,False,2.0,Snowline Joint Unified,92371,0.0,87991.2,281.577325939618,2.0,34.0,0,405.75,0.0184450263208139,13.032438669876342,13.11835535600679,13.05683890092161,468288.0611949003
False,False,2025-12-04,820000.0,34.035437,-118.285872,950.0,C16 - Mid Los Angeles,True,0.0,0.0675,1895.0,3.0,Los Angeles,4.0,False,1.0,One,2940.0,False,0.0,Norwalk - La Mirada,90007,0.0,2940.0,863.1578947368421,1.3333333333333333,130.0,0,237.5,0.3231292517006803,13.617059619240436,13.611037477991864,13.518424808882287,742980.2997516918
True,False,2025-12-15,1795000.0,32.78493336,-117.05803018,2836.0,92120 - Del Cerro,True,6.0,0.2112,1960.0,4.0,San Diego,4.0,True,2.0,Two,9200.0,False,2.0,Acton-Agua Dulce Unified,92120,300.0,9200.0,632.9337094499294,1.0,65.0,0,709.0,0.30826086956521737,14.400515579904516,13.996998434009651,14.30740919022825,1635418.3321488716
True,False,2025-12-01,920000.0,37.94372609,-121.68693131,2525.0,7 - North Long Beach,True,4.0,0.1957,2015.0,3.0,Brentwood,4.0,False,1.0,One,8524.0,False,2.0,Oceanside Unified,94513,0.0,8524.0,364.35643564356434,1.3333333333333333,10.0,0,631.25,0.29622243078366967,13.732128949025222,13.591116224748411,13.643296225151818,841798.728742557
True,False,2025-12-12,630000.0,34.144091,-117.395341,2500.0,272 - Rialto,True,3.0,0.1928,1986.0,3.0,Rialto,4.0,True,2.0,Two,8400.0,False,3.0,Rialto Unified,92377,0.0,8400.0,252.0,1.3333333333333333,39.0,0,625.0,0.2976190476190476,13.353475098367715,13.403775836842515,13.48604925537904,719311.1201212758
True,False,2025-12-16,905000.0,37.7994589,-122.20431203,1198.0,248 - Corona,False,2.0,0.0918,1924.0,2.0,Oakland,2.0,True,1.0,One,4000.0,False,0.0,Corona-Norco Unified,94602,350.0,4000.0,755.4257095158598,1.0,101.0,0,599.0,0.2995,13.715690222682063,13.92839261528267,13.773921369387006,959263.7761546578
False,False,2025-12-22,1290000.0,37.71276561,-121.72711713,2314.0,699 - Not Defined,True,2.0,0.0806,2014.0,3.0,Livermore,4.0,False,2.0,Two,3509.0,False,2.0,Orange Unified,94551,217.0,3509.0,557.476231633535,1.3333333333333333,11.0,0,578.5,0.6594471359361641,14.070152776337855,13.87377946608825,14.071649461969047,1291932.170029115
False,False,2025-12-01,1198000.0,37.89623689,-122.11296028,1643.0,92078 - San Marcos,True,1.0,0.0334,1987.0,3.0,Lafayette,2.0,True,2.0,Two,1456.0,False,1.0,El Monte Union High,94549,350.0,1456.0,729.15398660986,0.6666666666666666,38.0,0,821.5,1.128434065934066,13.996164057657532,14.527484500631974,14.107174066055107,1338652.496110992
False,False,2025-12-08,950000.0,32.761108,-117.070493,1006.0,92115 - San Diego,False,1.0,0.1469,1938.0,1.0,San Diego,2.0,True,1.0,One,6400.0,False,1.0,San Diego Unified,92115,0.0,6400.0,944.3339960238568,2.0,87.0,0,503.0,0.1571875,13.764217263576723,13.748301808270824,13.522148742853599,745752.2674388742
False,False,2025-12-23,1200000.0,33.884829,-118.065808,2056.0,RA - Cerritos North of 91 Frwy,True,2.0,0.1013,1976.0,3.0,Cerritos,3.0,True,2.0,Two,4411.0,False,2.0,ABC Unified,90703,60.0,4411.0,583.6575875486382,1.0,49.0,0,685.3333333333334,0.4661074586261619,13.997832114758229,14.01436141670944,14.018055579386267,1224515.213297086
True,True,2025-12-12,769000.0,33.849846,-116.520158,1314.0,331 - North End Palm Springs,False,12.0,0.23,1963.0,2.0,Palm Springs,3.0,False,1.0,One,10019.0,False,0.0,Pomona Unified,92262,0.0,10019.0,585.2359208523592,1.5,62.0,0,438.0,0.13115081345443658,13.55284624848778,13.737549016494562,13.624932560767311,826481.2919908977
True,False,2025-12-02,520000.0,34.371943,-117.343118,1729.0,HSP - Hesperia,True,3.0,0.3903,2025.0,2.0,Hesperia,4.0,True,1.0,One,17000.0,True,3.0,Hesperia Unified,92345,0.0,17000.0,300.7518796992481,2.0,0.0,0,432.25,0.10170588235294117,13.16158409055761,13.064514272196533,13.093081037988313,485571.11701208603
True,False,2025-12-05,325000.0,39.750784,-121.822562,1328.0,VIC - Victorville,True,0.0,0.22,1952.0,1.0,Chico,3.0,True,1.0,One,9583.0,False,0.0,Chico Unified,95926,0.0,9583.0,244.7289156626506,3.0,73.0,0,442.6666666666667,0.13857873317332778,12.691580461311874,13.060487973686241,12.817639341599724,368663.4110607011
True,False,2025-12-17,730000.0,33.953016,-117.223485,2157.0,259 - Moreno Valley,True,3.0,2.5,1974.0,3.0,Moreno Valley,4.0,True,1.0,One,108900.0,False,3.0,Moreno Valley Unified,92557,0.0,108900.0,338.4330088085304,1.3333333333333333,51.0,0,539.25,0.019807162534435263,13.500799813124575,13.262125319779487,13.460074918474618,700868.0508929186
True,False,2025-12-05,1700000.0,37.8077708,-122.23125292,2803.0,315 - Coachella,True,2.0,0.1574,1926.0,4.0,Oakland,4.0,True,2.0,Two,6858.0,False,2.0,Oakland,94610,227.0,6858.0,606.4930431680342,1.0,99.0,0,700.75,0.40871974336541267,14.346138809026444,14.297936707208567,14.658698637644388,2323763.523396656
True,False,2025-12-02,920000.0,34.174086,-118.15765,926.0,645 - Pasadena (NW),False,7.0,0.1989999999999999,1941.0,1.0,Pasadena,2.0,True,1.0,One,8670.0,False,2.0,Moreno Valley Unified,91103,0.0,8670.0,993.5205183585311,2.0,84.0,0,463.0,0.10680507497116494,13.732128949025222,14.182799053125816,13.814356123347654,998846.231486673
True,False,2025-12-19,564870.0,34.549474,-118.02983799999998,2678.0,PLM - Palmdale,True,3.0,0.16,1995.0,3.0,Palmdale,5.0,True,2.0,Two,0.16,False,3.0,Antelope Valley Union,93552,0.0,6969.6,210.9297983569828,1.6666666666666667,30.0,0,535.6,0.38424012855831036,13.244350895158584,13.122363377404328,13.21781390424785,550077.1962885663
True,False,2025-12-02,625000.0,34.10193,-117.426221,1276.0,264 - Fontana,True,2.0,0.1791,1978.0,2.0,Fontana,3.0,True,1.0,One,7800.0,False,2.0,Fontana Unified,92335,0.0,7800.0,489.8119122257053,1.5,47.0,0,425.3333333333333,0.1635897435897436,13.345506928718539,13.226723392728571,13.134884898638575,506300.12185658934
False,False,2025-12-01,2050000.0,34.061166,-118.460675,1219.0,C06 - Brentwood,True,2.0,0.1251,1945.0,3.0,Los Angeles,2.0,True,1.0,One,5448.0,False,3.0,San Ramon Valley,90049,0.0,5448.0,1681.7063166529942,0.6666666666666666,80.0,0,609.5,0.2237518355359765,14.53335035111459,15.137266397946593,14.741943042722012,2525483.3868907704
True,False,2025-12-03,800000.0,33.958938,-118.023913,1456.0,699 - Not Defined,False,2.0,0.1625,1951.0,2.0,Whittier,3.0,True,1.0,One,7080.0,False,2.0,See Remarks,90605,0.0,7080.0,549.4505494505495,1.5,74.0,0,485.3333333333333,0.20564971751412428,13.592367006650065,13.602934236950354,13.596617051107419,803407.2709636622
False,False,2025-12-17,895000.0,33.851581,-118.256401,1612.0,137 - North Carson,True,2.0,0.11,1968.0,2.0,Carson,4.0,True,1.0,One,4792.0,False,2.0,Los Angeles Unified,90746,0.0,4792.0,555.210918114144,2.0,57.0,0,403.0,0.3363939899833055,13.704578997256993,13.681979165339751,13.639777613589652,838841.970894305
True,False,2025-12-31,660000.0,37.98461518,-121.63757792,2483.0,92056 - Oceanside,True,4.0,0.1263,2013.0,3.0,Oakley,4.0,False,2.0,Two,5500.0,False,2.0,Fullerton Joint Union High,94561,138.0,5500.0,265.80749093838097,1.3333333333333333,12.0,0,620.75,0.45145454545454544,13.399995114002609,13.415032991367148,13.449080884918779,693204.8857568037
False,False,2025-12-02,815000.0,33.978789,-118.348311,1350.0,699 - Not Defined,False,2.0,0.1711,1923.0,2.0,Inglewood,3.0,True,1.0,One,7454.0,False,2.0,Inglewood Unified,90302,0.0,7454.0,603.7037037037037,1.5,102.0,0,450.0,0.18111081298631607,13.610943392223,13.652991628466498,13.64702895792966,844946.8102679668
True,False,2025-12-02,405000.0,33.727235,-117.198388,1456.0,SRCAR - Southwest Riverside County,True,2.0,0.18,1983.0,2.0,Menifee,2.0,True,1.0,One,7841.0,False,2.0,Menifee Union,92586,0.0,7841.0,278.15934065934067,1.0,42.0,0,728.0,0.18569060068868767,12.911642346088676,12.89921982609012,12.809785618338493,365779.3707052868
True,False,2025-12-02,672000.0,34.118144,-117.356643,2000.0,272 - Rialto,True,9.0,0.1951,1989.0,3.0,Rialto,5.0,True,2.0,Two,8500.0,False,3.0,Rialto Unified,92376,0.0,8500.0,336.0,1.6666666666666667,36.0,0,400.0,0.23529411764705882,13.418013619505286,13.253391639810733,13.326517698312612,613243.7057519697
False,False,2025-12-10,632500.0,34.151987,-117.454275,1805.0,264 - Fontana,True,2.0,0.0692,2025.0,3.0,Fontana,4.0,False,2.0,Two,3014.0,True,2.0,Fontana Unified,92336,250.0,3014.0,350.415512465374,1.3333333333333333,0.0,0,451.25,0.5988719309887193,13.357435499583813,13.487006490992238,13.404250659124438,662814.6444559621
False,False,2025-12-07,685000.0,33.951743,-118.242197,1217.0,C37 - Metropolitan South,True,2.0,0.1527,1921.0,2.0,Los Angeles,4.0,False,1.0,One,6652.0,False,0.0,Los Angeles Unified,90002,0.0,6652.0,562.8594905505341,2.0,104.0,0,304.25,0.18295249549007817,13.437174117244362,13.287734158360443,13.242281715748133,563702.3910392226
False,False,2025-12-03,1290000.0,37.59616369,-122.49992898,1040.0,699 - Not Defined,False,2.0,0.1148,1954.0,1.0,Pacifica,3.0,True,1.0,One,5000.0,False,2.0,Other,94044,0.0,5000.0,1240.3846153846157,3.0,71.0,0,346.6666666666667,0.208,14.070152776337855,14.038654109278484,13.78045810309705,965554.7668820808
True,False,2025-12-10,2715000.0,34.050251,-118.39569,2340.0,C09 - Beverlywood Vicinity,True,2.0,0.1768,1950.0,3.0,Los Angeles,3.0,True,1.0,One,7700.0,False,2.0,Simi Valley Unified,90035,935.73,7700.0,1160.2564102564102,1.0,75.0,0,780.0,0.3038961038961039,14.814302511350173,14.626440774180603,14.708803966589965,2443162.749164081
True,False,2025-12-18,1225000.0,32.767122,-116.976125,3484.0,91941 - La Mesa,True,6.0,0.48,1962.0,3.0,La Mesa,5.0,True,1.0,"ThreeOrMore,MultiSplit",0.48,False,2.0,Grossmont Union,91941,0.0,20908.8,351.6073478760046,1.6666666666666667,63.0,0,696.8,0.1666284052647689,14.018451401960965,13.903955641362648,14.303023829516027,1628262.1355673138
True,False,2025-12-03,820000.0,34.411846999999995,-118.480748,2349.0,CAN1 - Canyon Country 1,True,2.0,0.1148,1986.0,3.0,Canyon Country,4.0,True,2.0,Two,5000.0,False,2.0,William S. Hart Union,91351,245.0,5000.0,349.08471690080887,1.3333333333333333,39.0,0,587.25,0.4698,13.617059619240436,13.527828485512494,13.60221124445842,807914.2813669476
True,True,2025-12-05,1999999.0,33.641123,-117.631144,3374.0,MN - Mission Viejo North,True,6.0,0.2415,1986.0,3.0,Mission Viejo,4.0,True,2.0,Two,10520.0,False,3.0,Capistrano Unified,92692,253.0,10520.0,592.7679312388856,1.3333333333333333,39.0,0,843.5,0.32072243346007606,14.508657238524094,14.006130917572923,14.340444987833258,1690348.0084048621
True,False,2025-12-04,1100000.0,33.853453,-118.258311,2037.0,137 - North Carson,True,2.0,0.1269,1964.0,3.0,Carson,5.0,True,2.0,Two,5526.0,False,2.0,Los Angeles Unified,90746,0.0,5526.0,540.0098183603338,1.6666666666666667,61.0,0,407.4,0.36862106406080347,13.9108207377686,13.681979165339751,13.77132491354573,956776.3208011762
True,True,2025-12-10,569000.0,33.583965,-117.205499,1330.0,315 - Coachella,True,4.0,0.1,1992.0,2.0,Murrieta,2.0,True,1.0,MultiSplit,4356.0,False,2.0,Los Angeles Unified,92562,348.0,4356.0,427.81954887218046,1.0,33.0,0,665.0,0.305325987144169,13.251635713108469,13.487006490992238,13.183611726513098,531581.4584831578
False,True,2025-12-09,600000.0,33.777736,-116.984333,2419.0,SRCAR - Southwest Riverside County,True,2.0,0.32,2018.0,3.0,San Jacinto,4.0,False,2.0,Two,13939.0,False,2.0,San Jacinto Unified,92582,0.0,13939.0,248.03637866887144,1.3333333333333333,7.0,0,604.75,0.17354186096563598,13.304684934198283,13.154789908438397,13.388623346748044,652537.1469486622
False,True,2025-12-01,2800000.0,37.53895132,-122.27166078,2360.0,699 - Not Defined,True,2.0,0.1326,1971.0,3.0,Foster City,4.0,True,1.0,One,5775.0,False,2.0,Other,94404,0.0,5775.0,1186.4406779661017,1.3333333333333333,54.0,0,590.0,0.40865800865800866,14.845129975145433,14.571632537685607,14.621726654797076,2239418.1929345126
True,False,2025-12-15,499000.0,33.657429,-117.383975,1483.0,SRCAR - Southwest Riverside County,True,2.0,0.11,1989.0,2.0,Lake Elsinore,3.0,True,1.0,One,4792.0,False,2.0,Lake Elsinore Unified,92530,0.0,4792.0,336.4801078894134,1.5,36.0,0,494.3333333333333,0.30947412353923204,13.120361374733656,13.270783382522602,13.161440535498418,519925.35672705795
False,True,2025-12-30,1675000.0,32.92590941,-117.07196976,2578.0,92131 - Scripps Miramar,True,6.0,0.1267,2000.0,3.0,San Diego,4.0,True,2.0,Two,5520.0,False,3.0,Pleasant Valley,92131,54.0,5520.0,649.7284716834756,1.3333333333333333,25.0,0,644.5,0.46702898550724636,14.331323723241304,14.323804784559034,14.330791833651407,1674109.3218291446
True,True,2025-12-12,1997000.0,33.175424,-117.152826,3643.0,92069 - San Marcos,True,3.0,1.03,2004.0,5.0,San Marcos,4.0,True,1.0,One,44867.0,False,3.0,San Marcos Unified,92069,180.0,44867.0,548.1745813889652,0.8,21.0,0,910.75,0.08119553346557604,14.507156612397953,13.859515996625632,14.438628167162998,1864732.4963183359
False,False,2025-12-23,415000.0,38.09459105,-122.22682996,802.0,SRCAR - Southwest Riverside County,True,2.0,0.11,1941.0,1.0,Vallejo,2.0,False,1.0,One,4791.0,False,1.0,Riverside Unified,94591,100.0,4791.0,517.4563591022444,2.0,84.0,0,401.0,0.16739720308912545,12.936033799212835,13.304684934198283,13.07041920261507,474690.93240312097
False,False,2025-12-08,815000.0,32.57756195,-117.09519488,1662.0,92154 - Otay Mesa,True,2.0,0.0533,2018.0,3.0,San Diego,3.0,False,2.0,Two,2320.0,False,2.0,Call Listing Office,92154,124.0,2320.0,490.373044524669,1.0,7.0,0,554.0,0.7163793103448276,13.610943392223,13.579788224443204,13.478276110013082,713741.4850566342
False,False,2025-12-11,250000.0,36.733065,-119.764043,1393.0,FSNO - Fresno,False,2.0,0.1561,1947.0,2.0,Fresno,3.0,True,1.0,One,6800.0,False,2.0,Fresno Unified,93702,0.0,6800.0,179.46877243359654,1.5,78.0,0,464.3333333333333,0.2048529411764706,12.429216196844383,12.807378622424539,12.650998048124857,312074.7583309627
True,False,2025-12-02,530000.0,33.975122,-117.379467,1064.0,252 - Riverside,False,1.0,0.17,1919.0,2.0,Riverside,3.0,False,1.0,One,7405.0,False,1.0,Riverside Unified,92501,0.0,7405.0,498.1203007518797,1.5,106.0,0,354.6666666666667,0.1436866981769075,13.180632285528304,13.304684934198283,13.19905607193273,539855.1122727621
True,False,2025-12-19,722000.0,37.97916747,-121.76662799,2996.0,STEV - Stevenson Ranch,True,3.0,0.2003,2001.0,3.0,Antioch,5.0,True,2.0,Two,8726.0,False,3.0,Hesperia Unified,94531,0.0,8726.0,240.9879839786382,1.6666666666666667,24.0,0,599.2,0.34334173733669493,13.489780417874963,13.415032991367148,13.51262541116776,738683.9317145043
True,False,2025-12-17,2200000.0,37.70957648,-122.03549943,4908.0,MP4 - Mariposa 4,True,3.0,0.4847,1991.0,5.0,Castro Valley,5.0,True,2.0,Two,21114.0,False,3.0,Acton-Agua Dulce Unified,94552,0.0,21114.0,448.24775876120617,1.0,34.0,0,981.6,0.2324524012503552,14.603967918328545,14.237504968023648,14.846625460643567,2804190.492023809
True,False,2025-12-05,315000.0,34.820705,-118.935465,1220.0,FRZ - Frazier Park,True,0.0,0.1858,1960.0,2.0,Frazier Park,3.0,False,1.0,One,8092.0,False,0.0,El Tejon Unified,93225,0.0,8092.0,258.1967213114754,1.5,65.0,0,406.6666666666667,0.15076618882847256,12.66032791780777,12.793859310432293,12.70043778643908,327891.4168728572
True,False,2025-12-02,620000.0,33.689114000000004,-117.144008,2460.0,SRCAR - Southwest Riverside County,True,3.0,0.2229,2021.0,3.0,Menifee,3.0,False,1.0,One,9708.0,False,3.0,Menifee Union,92584,58.0,9708.0,252.03252032520325,1.0,4.0,0,820.0,0.25339925834363414,13.337474757021274,13.353475098367715,13.487541133162471,720385.0452841194
True,False,2025-12-10,839000.0,37.98226337,-121.70320978,2768.0,340 - Desert Hot Springs,True,2.0,0.1377,2019.0,3.0,Oakley,5.0,True,2.0,Two,6000.0,False,2.0,Los Angeles Unified,94561,0.0,6000.0,303.10693641618496,1.6666666666666667,6.0,0,553.6,0.4613333333333333,13.639965985449344,13.415032991367148,13.502366441138046,731144.5347458437
True,False,2025-12-17,550000.0,32.705638,-117.146398,602.0,92102 - San Diego,True,0.0,0.0574,2000.0,1.0,San Diego,2.0,False,1.0,One,2500.0,False,0.0,San Diego Unified,92102,0.0,2500.0,913.6212624584716,2.0,25.0,0,301.0,0.2408,13.217673557208654,13.623138665316818,13.150018873099862,514020.72935054643
True,False,2025-12-02,1500000.0,37.67011341,-121.90708311,1612.0,646 - Pasadena (NE),True,2.0,0.1297,1987.0,2.0,Pleasanton,3.0,True,1.0,One,5650.0,False,2.0,Hemet Unified,94566,0.0,5650.0,930.5210918114144,1.5,38.0,0,537.3333333333334,0.28530973451327435,14.22097566607244,14.430696197054507,14.16504244917573,1418403.4260551475
True,False,2025-12-05,700000.0,34.143543,-117.448216,1805.0,264 - Fontana,True,2.0,0.0941,2003.0,3.0,Fontana,3.0,False,2.0,Two,4100.0,False,2.0,Fontana Unified,92336,0.0,4100.0,387.8116343490305,1.0,22.0,0,601.6666666666666,0.4402439024390244,13.458835614025542,13.487006490992238,13.377672747904946,645430.4566960223
False,False,2025-12-04,600000.0,33.992022,-117.380214,2402.0,252 - Riverside,False,2.0,0.27,1933.0,2.0,Riverside,4.0,True,1.0,One,11761.0,False,2.0,Riverside Unified,92501,0.0,11761.0,249.7918401332223,2.0,92.0,0,600.5,0.20423433381515177,13.304684934198283,13.304684934198283,13.482963153307018,717094.6744309835
True,False,2025-12-22,625000.0,33.93005,-117.26827,2331.0,259 - Moreno Valley,True,3.0,0.2,1989.0,3.0,Moreno Valley,4.0,True,2.0,Two,8712.0,False,3.0,Moreno Valley Unified,92553,0.0,8712.0,268.1252681252681,1.3333333333333333,36.0,0,582.75,0.2675619834710744,13.345506928718539,13.159174447339636,13.28270816843164,586957.7783862919
True,True,2025-12-19,4800000.0,34.151554,-118.051663,5826.0,605 - Arcadia,True,3.0,0.6,2022.0,6.0,Arcadia,5.0,True,2.0,Two,0.6,False,3.0,Arcadia Unified,91006,0.0,26136.0,823.8928939237899,0.8333333333333334,3.0,0,1165.2,0.222910927456382,15.38412647587812,14.32771348302841,15.545021140610928,5637893.9499621885
False,False,2025-12-01,848600.0,32.82436788,-117.09995454,1262.0,92124 - Tierrasanta,False,3.0,0.0689,1973.0,2.0,San Diego,3.0,True,2.0,Two,3000.0,False,2.0,Lucia Mar Unified,92124,190.0,3000.0,672.4247226624406,1.5,52.0,0,420.6666666666667,0.4206666666666667,13.651343211750362,13.981024996441848,13.729514384027347,917597.742000271
False,False,2025-12-08,1543000.0,33.653211,-117.696208,3249.0,LN - Lake Forest North,True,3.0,0.264,1981.0,3.0,Lake Forest,4.0,True,2.0,Two,11500.0,False,3.0,Saddleback Valley Unified,92630,140.0,11500.0,474.9153585718682,1.3333333333333333,44.0,0,812.25,0.28252173913043477,14.249239131345298,14.077874822431765,14.37241874929526,1745268.1148511353
False,False,2025-12-29,1160000.0,32.63060615,-116.99423155,2751.0,91913 - Chula Vista,True,4.0,0.2178,2001.0,4.0,Chula Vista,4.0,False,2.0,Two,9489.0,False,2.0,San Luis Coastal Unified,91913,116.0,9489.0,421.6648491457652,1.0,24.0,0,687.75,0.28991463800189693,13.963930563082547,13.764217263576723,13.986500009334248,1186478.2332357836
True,True,2025-12-15,1200000.0,34.367709000000005,-118.528278,3128.0,NEW1 - Newhall 1,True,4.0,1.2784,1979.0,4.0,Newhall,5.0,True,1.0,"One,Two",55685.0,False,4.0,Other,91321,0.0,55685.0,383.6317135549872,1.25,46.0,0,625.6,0.05617311663823292,13.997832114758229,13.723939611375346,14.170904368826447,1426742.4103201118
False,False,2025-12-05,725000.0,34.425188,-118.46367,1260.0,CAN1 - Canyon Country 1,True,2.0,0.1662,1963.0,2.0,Canyon Country,4.0,False,1.0,One,7240.0,False,2.0,Los Angeles Unified,91351,0.0,7240.0,575.3968253968254,2.0,62.0,0,315.0,0.17403314917127072,13.493926933836812,13.527828485512494,13.47296487527907,709960.6857342148
False,True,2025-12-17,546000.0,34.494015000000005,-117.404225,2541.0,VIC - Victorville,True,3.0,0.2296,2003.0,3.0,Victorville,4.0,True,2.0,Two,10000.0,False,3.0,Victor Valley Unified,92392,0.0,10000.0,214.87603305785123,1.3333333333333333,22.0,0,635.25,0.2541,13.210374254727043,13.01477816672439,13.187803521646414,533814.4158340326
False,False,2025-12-24,800000.0,34.191744,-119.217607,1616.0,VC33 - Oxnard - Southwest / Port Huenem,True,2.0,0.13,1974.0,2.0,Oxnard,3.0,True,1.0,One,5662.0,False,2.0,San Bernardino City Unified,93035,0.0,5662.0,495.0495049504951,1.5,51.0,0,538.6666666666666,0.28541151536559517,13.592367006650065,14.077874822431765,13.962235237474504,1158035.0883478075
True,False,2025-12-23,2592000.0,33.667339,-117.666635,3838.0,699 - Not Defined,True,2.0,0.1035,2023.0,6.0,Lake Forest,5.0,False,2.0,Two,4510.0,False,2.0,Saddleback Valley Unified,92630,250.0,4510.0,675.3517457008859,0.8333333333333334,2.0,0,767.6,0.8509977827050997,14.767940336454302,14.077874822431765,14.701861904276763,2426260.895855639
True,True,2025-12-05,1240500.0,34.12539,-117.719547,2376.0,683 - Claremont,True,3.0,0.3273,1971.0,3.0,Claremont,4.0,True,1.0,One,14257.0,False,3.0,Claremont Unified,91711,0.0,14257.0,522.0959595959596,1.3333333333333333,54.0,0,594.0,0.16665497650277056,14.031025082113993,13.9108207377686,14.028790594706761,1237731.2129332768
False,False,2025-12-10,1100000.0,33.912082,-117.948215,2111.0,87 - La Habra,False,2.0,0.2907,1964.0,3.0,La Habra,4.0,True,1.0,One,12665.0,False,2.0,Fullerton Joint Union High,90631,0.0,12665.0,521.0800568450971,1.3333333333333333,61.0,0,527.75,0.1666798262929333,13.9108207377686,13.792724135316895,13.933553223699949,1125292.1217593597
True,False,2025-12-30,2800000.0,33.572117,-117.58931499999998,4236.0,CC - Coto De Caza,True,3.0,0.3594,1999.0,5.0,Coto de Caza,4.0,True,2.0,Two,15654.0,False,3.0,Capistrano Unified,92679,353.0,15654.0,661.0009442870632,0.8,26.0,0,1059.0,0.2706017631276351,14.845129975145433,14.357834848789636,14.997011656427182,3259263.007373809
True,False,2025-12-15,727544.0,33.958287,-117.352085,2163.0,252 - Riverside,True,1.0,0.24,1951.0,2.0,Riverside,3.0,True,1.0,One,10454.0,False,1.0,Riverside Unified,92506,0.0,10454.0,336.3587609801202,1.5,74.0,0,721.0,0.20690644729290225,13.497429757298534,13.493926933836812,13.589758606612087,797915.9991052094
True,True,2025-12-02,1680000.0,33.681204,-117.623415,3208.0,PH - Portola Hills,True,6.0,0.1653,1987.0,3.0,Lake Forest,6.0,True,2.0,Two,7200.0,False,3.0,Saddleback Valley Unified,92679,148.0,7200.0,523.6907730673316,2.0,38.0,0,534.6666666666666,0.44555555555555554,14.334304351379442,14.357834848789636,14.42434364539593,1838285.0288078317
True,False,2025-12-01,1030000.0,34.105854,-118.235695,782.0,623 - Glassel Park,True,0.0,0.0663,1960.0,2.0,Los Angeles,2.0,False,1.0,One,2888.0,False,2.0,Templeton Unified,90065,0.0,2888.0,1317.1355498721227,1.0,65.0,0,391.0,0.2707756232686981,13.845069360205818,14.050977780915009,13.588295458733555,796749.3836774405
False,False,2025-12-10,725000.0,33.904827000000004,-118.230699,1556.0,699 - Not Defined,False,2.0,0.1149,1897.0,2.0,Compton,3.0,False,1.0,One,5004.0,False,2.0,Compton Unified,90222,0.0,5004.0,465.9383033419023,1.5,128.0,0,518.6666666666666,0.31095123900879296,13.493926933836812,13.304684934198283,13.205693629023012,543450.3499991285
True,False,2025-12-04,1555000.0,34.146455,-118.467713,2100.0,SO - Sherman Oaks,False,2.0,0.4139,1940.0,2.0,Sherman Oaks,4.0,True,1.0,One,18030.0,False,1.0,Los Angeles Unified,91403,309.0,18030.0,740.4761904761905,2.0,85.0,0,525.0,0.11647254575707154,14.256986103595471,14.557447902693651,14.435726187139506,1859328.9241862325
False,False,2025-12-19,980000.0,34.277544,-118.754499,2498.0,SVC - Central Simi,True,2.0,0.14,1968.0,3.0,Simi Valley,5.0,True,1.0,MultiSplit,6098.0,False,2.0,Long Beach Unified,93065,65.0,6098.0,392.3138510808647,1.6666666666666667,57.0,0,499.6,0.40964250573958677,13.795307850646754,13.676248490630767,13.84114974093131,1025970.6939786861
False,False,2025-12-03,1049000.0,33.769354,-117.845676,1412.0,70 - Santa Ana North of First,True,2.0,0.14,1972.0,2.0,Santa Ana,4.0,True,1.0,One,6100.0,False,2.0,Orange Unified,92705,0.0,6100.0,742.9178470254958,2.0,53.0,0,353.0,0.23147540983606557,13.863347887378435,14.376839163903371,14.120522447901154,1356641.133287773
True,False,2025-12-12,695000.0,33.933171,-117.199321,3133.0,259 - Moreno Valley,True,3.0,0.17,2016.0,4.0,Moreno Valley,4.0,False,2.0,Two,7405.0,False,3.0,Moreno Valley Unified,92555,46.0,7405.0,221.8321097989148,1.0,9.0,0,783.25,0.42309250506414586,13.45166712454693,13.304684934198283,13.523366572284385,746661.0197385697
False,False,2025-12-16,1650000.0,33.045138,-117.253444,2439.0,92024 - Encinitas,True,2.0,0.236,1973.0,3.0,Encinitas,4.0,True,2.0,Two,10282.0,False,2.0,San Dieguito Union,92024,0.0,10282.0,676.5067650676507,1.3333333333333333,52.0,0,609.75,0.23721065940478506,14.316285845876763,14.603967918328545,14.622888789087199,2242022.2104223818
False,False,2025-12-01,1035000.0,34.238231,-118.987915,1967.0,VC45 - Mission Oaks,True,2.0,0.1606,1988.0,3.0,Camarillo,4.0,True,2.0,Two,6995.0,False,2.0,Chino Valley Unified,93012,341.0,6995.0,526.1820030503304,1.3333333333333333,37.0,0,491.75,0.28120085775553966,13.849911984681606,13.710150042306449,13.73483678185978,922494.5821392409
False,False,2025-12-23,1025000.0,34.207054,-118.624571,2504.0,WEH - West Hills,True,2.0,0.2068,1977.0,3.0,West Hills,5.0,True,2.0,Two,9008.0,False,2.0,Los Angeles Unified,91307,0.0,9008.0,409.3450479233227,1.6666666666666667,48.0,0,500.8,0.27797513321492007,13.840203170554645,13.849911984681606,13.975605526849865,1173622.323303624
True,False,2025-12-11,775000.0,34.141423,-117.438711,2320.0,264 - Fontana,True,2.0,0.1476,2004.0,3.0,Fontana,3.0,False,2.0,Two,6429.0,False,2.0,Fontana Unified,92336,0.0,6429.0,334.05172413793105,1.0,21.0,0,773.3333333333334,0.36086483123347335,13.560618308335483,13.487006490992238,13.489123018858463,721525.5138905257
True,False,2025-12-05,1200000.0,34.102798,-118.065522,1308.0,661 - Temple City,False,2.0,0.2097,1940.0,1.0,Temple City,2.0,True,1.0,One,9135.0,False,2.0,Temple City Unified,91780,0.0,9135.0,917.4311926605504,2.0,85.0,0,654.0,0.14318555008210182,13.997832114758229,13.981024996441848,13.855254684962675,1040544.492884051
True,True,2025-12-16,1580000.0,33.811727000000005,-118.059555,2620.0,80 - Cypress North of Katella,True,2.0,0.1377,1968.0,4.0,Cypress,5.0,True,2.0,Two,6000.0,False,2.0,Los Alamitos Unified,90630,0.0,6000.0,603.0534351145038,1.25,57.0,0,524.0,0.43666666666666665,14.27293540500315,13.933293593620657,14.139907931667201,1383196.8439782688
False,False,2025-12-03,845000.0,33.973391,-118.325786,1253.0,PHHT - Park Hills Heights,False,1.0,0.1539,1922.0,3.0,Los Angeles,3.0,False,1.0,One,6704.0,False,2.0,Morongo Unified,90043,0.0,6704.0,674.3814844373503,1.0,103.0,0,417.6666666666667,0.1869033412887828,13.64709190633931,13.652991628466498,13.656994085669082,853408.9060717322
False,True,2025-12-17,535000.0,33.851057,-116.47951100000002,1847.0,335 - Cathedral City North,True,4.0,0.17,2000.0,2.0,Cathedral City,4.0,True,1.0,One,7405.0,False,2.0,Rim of the World,92234,0.0,7405.0,289.6589063345966,2.0,25.0,0,461.75,0.24942606347062796,13.190022025878143,13.224919965729422,13.230895740066996,557320.4903523482
True,False,2025-12-01,660000.0,37.63250044,-122.07907474,1442.0,PPIN - Pinon Pines,False,2.0,0.1217,1956.0,2.0,Hayward,3.0,True,1.0,One,5300.0,False,0.0,Capistrano Unified,94544,100.0,5300.0,457.6976421636616,1.5,69.0,0,480.6666666666667,0.2720754716981132,13.399995114002609,13.732128949025222,13.698299169676906,889397.1651471207
True,False,2025-12-05,1649000.0,37.29507062,-121.94667681,1284.0,699 - Not Defined,True,2.0,0.1591,1959.0,2.0,San Jose,3.0,True,2.0,One,6930.0,False,2.0,Other,95128,369.0,6930.0,1284.2679127725858,1.5,66.0,0,428.0,0.18528138528138527,14.315679601541737,14.244040939003435,14.062627943654684,1280329.3963076673
True,False,2025-12-24,1571000.0,33.886022,-117.858206,2302.0,84 - Placentia,True,2.0,0.1623,1965.0,4.0,Placentia,6.0,True,2.0,Two,7070.0,False,2.0,Westminster Unified,92870,0.0,7070.0,682.4500434404865,1.5,60.0,0,383.6666666666667,0.3256011315417256,14.267222917237758,13.980176819817759,14.108345669882777,1340221.7856126411
True,False,2025-12-29,928000.0,37.67932181,-122.11751796,1525.0,604 - Altadena,True,2.0,0.1364,1951.0,2.0,San Lorenzo,3.0,True,1.0,One,5940.0,False,2.0,San Diego Unified,94580,125.0,5940.0,608.5245901639345,1.5,74.0,0,508.3333333333333,0.25673400673400676,13.740787011768338,13.652991628466498,13.699176223460569,890177.556468548
True,False,2025-12-05,425000.0,38.0594437,-122.16464709,768.0,SRCAR - Southwest Riverside County,True,1.0,0.1,1943.0,1.0,Benicia,2.0,False,1.0,One,4356.0,False,1.0,San Jose Unified,94510,62.0,4356.0,553.3854166666666,2.0,82.0,0,384.0,0.1763085399449036,12.959844447906553,13.675835451798152,13.381396432462234,647838.3163931634
True,True,2025-12-23,3278212.0,34.003246999999995,-118.342723,6440.0,PHHT - Park Hills Heights,True,0.0,0.4772,1996.0,6.0,View Park,5.0,True,2.0,Two,20786.0,False,2.0,Ontario-Montclair,90008,1298.0,20786.0,509.0391304347826,0.8333333333333334,29.0,0,1288.0,0.3098239199461176,15.002808709776119,14.085537695177335,15.127915376434833,3715097.1124868775
False,False,2025-12-03,830000.0,34.073392,-118.051541,1221.0,619 - El Monte,True,1.0,0.1592,1956.0,2.0,El Monte,4.0,False,1.0,One,6933.0,False,1.0,Whittier Union High,91731,143.0,6933.0,679.7706797706797,2.0,69.0,0,305.25,0.17611423626135872,13.62918097977278,13.507625778194974,13.489509298264846,721804.2781747065
False,False,2025-12-22,688000.0,34.048972,-117.777495,1162.0,687 - Pomona,False,2.0,0.268,1947.0,1.0,Pomona,3.0,True,1.0,One,11673.0,False,2.0,Pomona Unified,91766,0.0,11673.0,592.0826161790018,3.0,78.0,0,387.3333333333333,0.0995459607641566,13.44154411691548,13.449504179573367,13.39365973768888,655831.8689137623
True,False,2025-12-24,682500.0,33.968961,-117.227032,2159.0,259 - Moreno Valley,True,4.0,0.25,2018.0,2.0,Moreno Valley,3.0,True,1.0,One,10890.0,False,2.0,Moreno Valley Unified,92557,209.0,10890.0,316.1185734136174,1.5,7.0,0,719.6666666666666,0.19825528007346188,13.433517806041252,13.262125319779487,13.350390595957746,628059.7573615804
True,True,2025-12-19,1130000.0,33.805148,-116.544445,1580.0,334 - South End Palm Springs,True,4.0,0.23,1992.0,2.0,Palm Springs,3.0,False,1.0,One,10019.0,False,2.0,Live Oak Unified,92264,0.0,10019.0,715.1898734177215,1.5,33.0,0,526.6666666666666,0.15770036929833317,13.937728190688523,14.077874822431765,13.927296617526254,1118273.5911093352
True,False,2025-12-08,469000.0,34.741538,-117.34344,2253.0,HNDL - Helendale,True,2.0,0.2924,2025.0,3.0,Helendale,4.0,False,1.0,One,12739.0,True,2.0,Victor Valley Unified,92342,224.0,12739.0,208.1668885929871,1.3333333333333333,0.0,0,563.25,0.17685846612763953,13.058358047428417,12.86099861326992,13.179040679926404,529157.1199752097
True,False,2025-12-30,405000.0,34.037863,-117.04821499999998,754.0,269 - Yucaipa/Calimesa/Oak Glen,True,0.0,0.6333,1958.0,1.0,Yucaipa,2.0,False,1.0,One,27587.0,False,0.0,Yucaipa/Calimesa Unified,92399,0.0,27587.0,537.1352785145889,2.0,67.0,0,377.0,0.02733171421321637,12.911642346088676,13.274219822166483,12.98216742539044,434593.94979557785
False,False,2025-12-18,1850000.0,37.461722,-122.25060425,1940.0,699 - Not Defined,True,2.0,0.3279,1959.0,3.0,Redwood City,3.0,True,2.0,One,14282.0,False,2.0,Other,94061,0.0,14282.0,953.6082474226804,1.0,66.0,0,646.6666666666666,0.13583531718246744,14.430696197054507,14.580978400103845,14.572503230377977,2131855.3830517647
True,True,2025-12-05,7000000.0,33.735805,-116.346665,5750.0,325 - Indian Wells,True,4.0,0.44,2018.0,5.0,Indian Wells,4.0,True,1.0,One,19166.0,False,4.0,Other,92210,750.0,19166.0,1217.391304347826,0.8,7.0,0,1437.5,0.3000104351455703,15.761420707019587,14.452073389471401,15.442442912625491,5088241.831382751
True,False,2025-12-23,1880000.0,33.679327,-117.737992,2081.0,GP - Great Park,True,2.0,0.0734,2025.0,3.0,Irvine,4.0,False,2.0,Two,3198.0,True,2.0,Irvine Unified,92618,260.0,3198.0,903.4118212397884,1.3333333333333333,0.0,0,520.25,0.6507191994996873,14.446782334806132,14.648419680899378,14.372536480771357,1745473.5999382755
True,False,2025-12-31,1428000.0,37.744079,-122.48944875,1344.0,LKBL - Lake Balboa,True,1.0,0.072,1925.0,1.0,San Francisco,3.0,True,2.0,One,3135.0,False,1.0,San Francisco Unified,94116,0.0,3135.0,1062.5,3.0,100.0,0,448.0,0.42870813397129187,14.171785421881667,14.504371468802312,14.068624793762169,1288030.4076119955
True,False,2025-12-04,1800000.0,34.108369,-118.294749,1513.0,637 - Los Feliz,False,2.0,0.1492,1922.0,2.0,Los Angeles,3.0,True,1.0,One,6501.0,False,2.0,Saddleback Valley Unified,90027,0.0,6501.0,1189.6893588896232,1.5,103.0,0,504.3333333333333,0.23273342562682664,14.403297222866392,14.612710764892958,14.365922383399019,1733966.9625451989
True,True,2025-12-11,1525000.0,34.256353999999995,-118.77737,3622.0,SVW - West Simi,True,3.0,0.3416,2007.0,5.0,Simi Valley,5.0,True,2.0,Two,14881.0,False,3.0,Simi Valley Unified,93065,175.0,14881.0,421.038100496963,1.0,18.0,0,724.4,0.2433976211276124,14.237504968023648,13.676248490630767,14.14450171956877,1389565.5740032152
True,False,2025-12-04,995000.0,34.301125,-118.515525,1761.0,GH - Granada Hills,True,4.0,0.3112,1974.0,2.0,Granada Hills,3.0,True,1.0,One,13554.0,False,2.0,Los Angeles Unified,91344,0.0,13554.0,565.0198750709824,1.5,51.0,0,587.0,0.12992474546259405,13.81049801614073,13.892471599100402,13.82287193232287,1007388.5358826302
True,True,2025-12-26,1293000.0,33.649174,-117.677986,1805.0,LN - Lake Forest North,True,2.0,0.0861,1987.0,3.0,Lake Forest,4.0,True,2.0,Two,3750.0,False,2.0,Saddleback Valley Unified,92630,86.0,3750.0,716.3434903047091,1.3333333333333333,38.0,0,451.25,0.48133333333333334,14.072475657753994,14.077874822431765,13.991375201726857,1192276.665644719
False,False,2025-12-23,1171087.0,35.239761,-120.670925,2273.0,SLO - San Luis Obispo,True,2.0,0.081,2025.0,3.0,San Luis Obispo,4.0,False,2.0,Two,3528.0,True,2.0,San Luis Coastal Unified,93401,45.0,3528.0,515.2164540255169,1.3333333333333333,0.0,0,568.25,0.6442743764172335,13.973442935294036,13.997832114758229,14.114046959930095,1347884.6019529647
True,False,2025-12-02,625000.0,34.058119,-117.807026,1109.0,687 - Pomona,True,2.0,0.1363,1953.0,1.0,Pomona,3.0,False,1.0,One,5939.0,False,2.0,Pomona Unified,91768,0.0,5939.0,563.570784490532,3.0,72.0,0,369.6666666666667,0.1867317730257619,13.345506928718539,13.373053959873324,13.287294989403597,589656.2325659123
False,False,2025-12-05,504990.0,33.697990000000004,-117.091523,2151.0,SRCAR - Southwest Riverside County,True,2.0,0.0672,2025.0,3.0,Winchester,4.0,False,2.0,Two,2927.0,True,2.0,Hemet Unified,92596,140.0,2927.0,234.76987447698744,1.3333333333333333,0.0,0,537.75,0.7348821318756406,13.132293906081237,13.337474757021274,13.304655780099493,599982.5077957116
True,False,2025-12-15,535000.0,33.987028,-117.481766,1176.0,251 - Jurupa Valley,True,1.0,0.17,1959.0,1.0,Jurupa Valley,2.0,False,1.0,One,7405.0,False,1.0,Jurupa Unified,92509,0.0,7405.0,454.93197278911566,2.0,66.0,0,588.0,0.1588116137744767,13.190022025878143,13.422467969854667,13.228250372820549,555848.1213184369
True,False,2025-12-30,2240000.0,35.452917,-120.667143,4460.0,ATSC - Atascadero,True,8.0,4.95,2025.0,4.0,Atascadero,4.0,True,1.0,One,4.95,True,4.0,Atascadero Unified,93422,0.0,215622.0,502.2421524663677,1.0,0.0,0,1115.0,0.020684345753216277,14.621986423831222,13.64826835113874,14.559453761608287,2104216.531190316
True,False,2025-12-23,850000.0,33.911305,-118.333313,1445.0,108 - North Hawthorne,False,1.0,0.1286,1940.0,2.0,Hawthorne,3.0,False,1.0,One,5602.0,False,1.0,Los Angeles Unified,90250,0.0,5602.0,588.2352941176471,1.5,85.0,0,481.6666666666667,0.2579435915744377,13.652991628466498,13.710150042306449,13.704183021586326,894645.6719320306
True,True,2025-12-03,2695000.0,33.736381,-116.33474,3724.0,325 - Indian Wells,True,2.0,0.28,2008.0,5.0,Indian Wells,4.0,True,1.0,Two,12197.0,False,2.0,Paradise Unified,92210,750.0,12197.0,723.6842105263158,0.8,17.0,0,931.0,0.3053209805689924,14.806908762325234,14.452073389471401,14.860975223455752,2844720.05983658
False,False,2025-12-18,1750000.0,34.064475,-118.341529,1666.0,C18 - Hancock Park-Wilshire,False,1.0,0.155,1923.0,2.0,Los Angeles,3.0,True,1.0,One,6753.0,False,2.0,Riverside Unified,90036,0.0,6753.0,1050.420168067227,1.5,102.0,0,555.3333333333334,0.24670516807344883,14.375126345899696,14.676279640441766,14.39391761646217,1783195.6408095409
True,False,2025-12-26,445000.0,34.737468,-117.351568,2110.0,HNDL - Helendale,True,2.0,0.203,2000.0,2.0,Helendale,3.0,True,1.0,One,8844.0,False,2.0,Victor Valley Unified,92342,235.0,8844.0,210.9004739336493,1.5,25.0,0,703.3333333333334,0.23857982813206693,13.005829561148378,12.86099861326992,12.960739063641656,425380.381809825
False,False,2025-12-10,2148000.0,37.88424258,-122.21447507,3782.0,C20 - Hollywood,True,2.0,0.99,2018.0,6.0,Orinda,5.0,True,2.0,Two,43124.0,False,2.0,Acalanes,94563,370.0,43124.0,567.95346377578,0.8333333333333334,7.0,0,756.4,0.0877005843613765,14.580047734610892,14.408837403242009,15.060213654430175,3471903.825778627
True,False,2025-12-31,580000.0,35.557174,-120.719428,1483.0,TTON - Templeton,True,2.0,0.1331,1990.0,2.0,Templeton,3.0,False,1.0,One,5800.0,False,2.0,Templeton Unified,93465,0.0,5800.0,391.0991233985165,1.5,35.0,0,494.3333333333333,0.25568965517241377,13.270783382522602,13.974648779302571,13.813317933734522,997809.7778148401
False,False,2025-12-02,730000.0,37.79610627,-122.22895069,1956.0,699 - Not Defined,False,1.0,0.124,1912.0,2.0,Oakland,3.0,True,2.0,One,5400.0,False,1.0,Other,94606,0.0,5400.0,373.2106339468303,1.5,113.0,0,652.0,0.3622222222222222,13.500799813124575,13.542413674162383,13.55197802099159,768332.6228149644
True,False,2025-12-01,1155000.0,36.59751139999999,-121.87891940000002,1377.0,699 - Not Defined,False,2.0,0.0918,1920.0,2.0,Monterey,3.0,True,1.0,Two,4000.0,False,0.0,Other,93940,0.0,4000.0,838.7799564270152,1.5,105.0,0,459.0,0.34425,13.959610901938031,14.119680947920857,13.966119859429444,1162542.3657429498
True,False,2025-12-24,505000.0,35.611696,-120.64198,1088.0,PRIC - PR Inside City Limit,True,2.0,0.0918,1981.0,2.0,Paso Robles,2.0,False,1.0,One,4000.0,False,2.0,Paso Robles Joint Unified,93446,0.0,4000.0,464.15441176470586,1.0,44.0,0,544.0,0.272,13.132313708257497,13.591116224748411,13.205523646411345,543357.980740131
True,False,2025-12-03,415000.0,34.482069,-117.267782,1650.0,VIC - Victorville,True,2.0,0.1653,1980.0,2.0,Victorville,3.0,True,1.0,One,7200.0,False,2.0,Victor Valley Unified,92395,415.0,7200.0,251.5151515151515,1.5,45.0,0,550.0,0.22916666666666666,12.936033799212835,12.947950462906661,12.90193082200668,401085.86959559435
True,False,2025-12-12,1030000.0,37.77875586,-122.14093537,2248.0,RBGL - Rainbow Glen,True,2.0,0.3184,1967.0,3.0,Oakland,4.0,True,2.0,Two,13869.0,False,2.0,Glendora Unified,94605,120.0,13869.0,458.1850533807829,1.3333333333333333,58.0,0,562.0,0.16208811017376884,13.845069360205818,13.527828485512494,13.70859117531583,898598.1126702749
True,False,2025-12-30,985000.0,34.155988,-117.632312,2062.0,688 - Rancho Cucamonga,True,2.0,0.4895,1969.0,2.0,Alta Loma,4.0,True,1.0,One,21321.0,False,2.0,Alta Loma,91701,0.0,21321.0,477.6915615906887,2.0,56.0,0,515.5,0.0967121617184935,13.800396920154226,13.654166717138976,13.789759037836095,974577.2223482364
True,True,2025-12-24,7450000.0,33.898703000000005,-117.800249,7799.0,85 - Yorba Linda,True,5.0,1.07,2002.0,8.0,Yorba Linda,6.0,True,2.0,Two,1.07,False,5.0,Placentia-Yorba Linda Unified,92886,210.0,46609.2,955.250673163226,0.75,23.0,0,1299.8333333333333,0.16732748041159257,15.823724590355742,14.20888790014483,15.411353873834983,4932486.963203072
False,False,2025-12-02,650000.0,33.856099,-118.257249,1534.0,140 - East Carson,True,2.0,0.1446,1961.0,2.0,Carson,4.0,False,1.0,One,6300.0,False,2.0,Los Angeles Unified,90746,0.0,6300.0,423.728813559322,2.0,64.0,0,383.5,0.24349206349206348,13.38472764187182,13.681979165339751,13.657442867115337,853791.9861080233
True,False,2025-12-29,915000.0,37.84537874,-122.27819159,1562.0,APPV - Apple Valley,True,1.0,0.0758,1903.0,3.0,Oakland,3.0,False,2.0,Two,3300.0,False,1.0,Alameda City Unified,94608,110.0,3300.0,585.787451984635,1.0,122.0,0,520.6666666666666,0.47333333333333333,13.726679344257658,13.598578266649344,13.670752937286762,865231.9820391862
True,False,2025-12-04,870000.0,37.96113443,-121.96140609,2032.0,VC41 - Camarillo Central,True,2.0,0.2449,1978.0,3.0,Concord,4.0,True,1.0,One,10670.0,False,2.0,Newport Mesa Unified,94521,175.0,10670.0,428.1496062992126,1.3333333333333333,47.0,0,508.0,0.19044048734770383,13.676248490630767,13.656514826473817,13.766084748093402,951775.7678842765
False,False,2025-12-09,810000.0,33.823201,-118.208313,1530.0,699 - Not Defined,False,2.0,0.1489,1945.0,2.0,Long Beach,3.0,True,1.0,One,6485.0,False,2.0,Call Listing Office,90810,0.0,6485.0,529.4117647058823,1.5,80.0,0,510.0,0.235929067077872,13.604789526648622,13.499429010990795,13.547829976537644,765152.1458803099
False,False,2025-12-08,1165800.0,33.833065999999995,-117.854755,2103.0,699 - Not Defined,True,4.0,0.163,1964.0,2.0,Orange,3.0,True,1.0,One,7100.0,False,2.0,Orange Unified,92865,0.0,7100.0,554.3509272467903,1.5,61.0,0,701.0,0.29619718309859155,13.968918104593586,13.913540599416507,13.962838612379473,1158734.0284994596
False,True,2025-12-19,568000.0,34.251874,-118.742736,1244.0,SVC - Central Simi,True,2.0,0.15,1964.0,2.0,Simi Valley,3.0,False,1.0,One,6534.0,False,2.0,Simi Valley Unified,93065,0.0,6534.0,456.59163987138265,1.5,61.0,0,414.6666666666667,0.1903887358432813,13.249876697703288,13.676248490630767,13.561448025080564,775643.2973178097
False,False,2025-12-24,715000.0,37.76246,-121.53530325,1778.0,HSP - Hesperia,True,2.0,0.0728,2022.0,3.0,Mountain House,3.0,False,2.0,Two,3171.0,False,2.0,Whittier Union High,95391,120.0,3171.0,402.1372328458943,1.0,3.0,0,592.6666666666666,0.5607064017660044,13.480037821676145,13.827930029637734,13.710705164480082,900499.7486542168
True,True,2025-12-03,1175000.0,34.125207,-117.783595,1865.0,684 - La Verne,True,2.0,0.2018,1975.0,2.0,La Verne,4.0,True,1.0,One,8791.0,False,2.0,Bonita Unified,91750,0.0,8791.0,630.0268096514745,2.0,50.0,0,466.25,0.21214878853372768,13.976778705560397,13.758940206475879,13.747039979194005,933820.9338595875
True,False,2025-12-03,3850000.0,37.58580908,-122.393305,2740.0,699 - Not Defined,True,2.0,0.1932,1963.0,4.0,Burlingame,4.0,True,1.0,One,8415.0,False,2.0,Other,94010,358.0,8415.0,1405.109489051095,1.0,62.0,0,685.0,0.3256090314913844,15.163583706263967,15.145220570031345,15.22973226130271,4113283.864748001
True,False,2025-12-01,810000.0,33.118768,-117.074108,952.0,92025 - Escondido,False,2.0,0.102,2010.0,2.0,Escondido,3.0,False,2.0,MultiSplit,4443.0,False,1.0,Escondido Union,92025,0.0,4443.0,850.8403361344538,1.5,15.0,0,317.3333333333333,0.21426963763223048,13.604789526648622,13.740514638062564,13.449821207571505,693718.2710486427
True,False,2025-12-19,1550000.0,37.56590053,-121.97912124,2105.0,C28 - Culver City,True,2.0,0.1338,1977.0,3.0,Fremont,4.0,True,1.0,Two,5827.0,False,2.0,Fremont Unified,94536,0.0,5827.0,736.3420427553444,1.3333333333333333,48.0,0,526.25,0.36124935644413936,14.253765488895429,14.316285845876763,14.311834299748742,1642671.2730740784
True,False,2025-12-23,1100000.0,33.821998,-118.072859,1482.0,42 - El Dorado Park,True,2.0,0.1278,1964.0,2.0,Long Beach,4.0,True,1.0,One,5567.0,False,2.0,Long Beach Unified,90808,0.0,5567.0,742.2402159244265,2.0,61.0,0,370.5,0.26621160409556316,13.9108207377686,13.869051324892304,13.831073563548859,1015684.7398531579
True,True,2025-12-04,3100000.0,33.785792,-118.127666,2938.0,36 - Park Estates,True,7.0,0.32,1953.0,4.0,Long Beach,4.0,True,1.0,One,13941.0,False,3.0,Long Beach Unified,90815,225.0,13941.0,1055.139550714772,1.0,72.0,0,734.5,0.21074528369557421,14.946912669455374,13.937728190688523,14.275668642686428,1584324.4226849359
True,False,2025-12-04,775000.0,34.142438,-117.467851,2983.0,264 - Fontana,True,3.0,0.1452,2002.0,3.0,Fontana,5.0,True,2.0,Two,6324.0,False,3.0,Etiwanda,92336,0.0,6324.0,259.805564867583,1.6666666666666667,23.0,0,596.6,0.4716951296647691,13.560618308335483,13.487006490992238,13.550627128789642,767295.3890195622
False,True,2025-12-16,1400000.0,33.7956,-118.135479,2136.0,35 - Artcraft Manor,True,2.0,0.184,1949.0,4.0,Long Beach,3.0,True,1.0,One,8016.0,False,2.0,Long Beach Unified,90815,0.0,8016.0,655.4307116104869,0.75,76.0,0,712.0,0.26646706586826346,14.151982794585487,13.937728190688523,14.152110898493568,1400179.3569592317
False,False,2025-12-04,795000.0,36.92187271,-121.73653084,1484.0,699 - Not Defined,True,4.0,0.1119999999999999,2006.0,2.0,Watsonville,3.0,True,1.0,One,4879.0,False,2.0,Other,95076,27.0,4879.0,535.7142857142857,1.5,19.0,0,494.6666666666667,0.30416068866571017,13.58609739363647,13.723849529400505,13.58710622336041,795802.4243172293
False,False,2025-12-23,640000.0,34.024244,-118.151243,884.0,ELA - East Los Angeles,True,2.0,0.099,1924.0,2.0,Los Angeles,2.0,False,1.0,One,4313.0,False,1.0,Los Angeles Unified,90022,67.0,4313.0,723.9819004524887,1.0,101.0,0,442.0,0.20496174356596336,13.369223455335854,13.4034268364651,13.253463837375511,570041.1540975185
True,False,2025-12-01,3200000.0,37.8696224,-122.16998193,3175.0,616 - Diamond Bar,True,2.0,1.73,1955.0,4.0,Orinda,4.0,True,1.0,One,75359.0,False,2.0,Orange Unified,94563,810.0,75359.0,1007.8740157480316,1.0,70.0,0,793.75,0.042131663105932936,14.978661367769956,14.408837403242009,14.771886449796282,2602248.5334206303
False,False,2025-12-26,510000.0,37.76195832,-122.2031007,936.0,139 - South Carson,True,1.0,0.0918,1925.0,1.0,Oakland,2.0,True,1.0,One,4000.0,False,1.0,Los Angeles Unified,94621,80.0,4000.0,544.8717948717949,2.0,100.0,0,468.0,0.234,13.142166004700508,13.142166004700508,12.942786382625847,417811.8049057463
True,False,2025-12-05,770000.0,33.932644,-118.341082,1467.0,102 - South Inglewood,False,2.0,0.1245,1947.0,3.0,Inglewood,3.0,False,1.0,One,5423.0,False,2.0,Inglewood Unified,90303,0.0,5423.0,524.8807089297887,1.0,78.0,0,489.0,0.2705144753826295,13.554145793829866,13.610329518603837,13.639585208474292,838680.5889339814
False,False,2025-12-04,710000.0,33.734753000000005,-117.88617,1134.0,70 - Santa Ana North of First,False,2.0,0.1538,1958.0,2.0,Santa Ana,3.0,False,1.0,One,6700.0,False,2.0,Santa Ana Unified,92704,0.0,6700.0,626.1022927689594,1.5,67.0,0,378.0,0.1692537313432836,13.473020249017498,13.737549016494562,13.629439800031419,830214.8486170574
False,False,2025-12-12,732500.0,32.657272,-117.058832,1463.0,91950 - National City,True,3.0,0.7484,2006.0,3.0,National City,3.0,True,2.0,Two,32600.0,False,2.0,Bonita Unified,91950,213.0,32600.0,500.6835269993165,1.0,19.0,0,487.6666666666667,0.044877300613496936,13.50421861987336,13.507625778194974,13.440682130663253,687407.2089840253
False,False,2025-12-19,255000.0,36.746621000000005,-119.77453,938.0,FSNO - Fresno,True,2.0,0.1226,1925.0,1.0,Fresno,2.0,True,1.0,One,5340.0,False,2.0,Fresno Unified,93701,0.0,5340.0,271.85501066098084,2.0,100.0,0,469.0,0.1756554307116105,12.449018824140563,12.793859310432293,12.55359771809286,283111.9603763243
False,False,2025-12-23,549900.0,34.086281,-117.439846,954.0,264 - Fontana,False,1.0,0.2169,1947.0,1.0,Fontana,2.0,False,1.0,One,9450.0,False,1.0,Fontana Unified,92335,0.0,9450.0,576.4150943396227,2.0,78.0,0,477.0,0.10095238095238095,13.217491722495906,13.226723392728571,13.011501145580313,447531.02575073944
True,True,2025-12-16,319900.0,34.88563,-117.007959,1144.0,BSTW - Barstow,True,2.0,0.1584,1967.0,2.0,Barstow,4.0,False,1.0,One,6900.0,False,2.0,Barstow Unified,92311,0.0,6900.0,279.63286713286715,2.0,58.0,0,286.0,0.16579710144927537,12.675763725937609,12.556723317938081,12.478338398974078,262587.17443637893
False,False,2025-12-11,3700000.0,34.035315999999995,-118.404597,2988.0,C08 - Cheviot Hills/Rancho Park,True,6.0,0.303,1951.0,3.0,Los Angeles,4.0,True,1.0,One,13199.0,False,2.0,San Ramon Valley,90064,500.0,13199.0,1238.2864792503349,1.3333333333333333,74.0,0,747.0,0.22638078642321388,15.123843377614453,14.615267473582477,14.831098832547273,2760987.1382841407
True,False,2025-12-09,945000.0,37.84834079,-122.23785686,900.0,681 - Chino,False,2.0,0.1194,2002.0,2.0,Oakland,2.0,False,2.0,Two,5200.0,False,2.0,Riverside Unified,94618,220.0,5200.0,1050.0,1.0,23.0,0,450.0,0.17307692307692307,13.758940206475879,14.478185245710499,13.93267286055401,1124301.8919918
True,False,2025-12-19,757000.0,32.717839,-117.04549,1282.0,91945 - Lemon Grove,True,2.0,0.0,1960.0,2.0,Lemon Grove,3.0,True,1.0,One,0.18,False,2.0,Lemon Grove,91945,0.0,0.18,590.4836193447738,1.5,65.0,0,427.3333333333333,7122.222222222223,13.537118532419585,13.547631112808673,13.49373049269383,724857.5941589791
True,True,2025-12-08,600000.0,33.705492,-117.345741,1301.0,SRCAR - Southwest Riverside County,True,2.0,0.46,1985.0,2.0,Lake Elsinore,3.0,True,1.0,One,20038.0,False,2.0,Lake Elsinore Unified,92532,0.0,20038.0,461.1837048424289,1.5,40.0,0,433.6666666666667,0.06492663938516818,13.304684934198283,13.353475098367715,13.269003533857676,578968.6059093166
False,False,2025-12-18,342000.0,36.9367,-120.050663,1104.0,92020 - El Cajon,False,0.0,0.19,1956.0,1.0,Madera,4.0,False,1.0,One,8276.0,False,0.0,Madera Unified,93637,0.0,8276.0,309.7826086956522,4.0,69.0,0,276.0,0.1333977767037216,12.742566016044742,12.92391243868049,12.637899697975586,308013.7482009515
True,False,2025-12-19,655000.0,37.77591455,-122.25915969,1341.0,PRIC - PR Inside City Limit,True,0.0,0.0857,1894.0,2.0,Alameda,5.0,False,2.0,Two,3735.0,False,0.0,Los Angeles Unified,94501,0.0,3735.0,488.441461595824,2.5,131.0,0,268.2,0.35903614457831323,13.39239051461739,14.096915897380246,13.855553919778838,1040855.9066146801
False,False,2025-12-02,659900.0,34.934501000000004,-120.455858,1499.0,SMSW - SM Southwest,True,2.0,0.1,2017.0,2.0,Santa Maria,3.0,True,1.0,One,4356.0,False,2.0,Santa Maria-Bonita,93458,104.0,4356.0,440.2268178785857,1.5,8.0,0,499.6666666666667,0.34412304866850324,13.399843587371514,13.357427688121273,13.3031628069617,599087.4183669239
True,False,2025-12-01,1250000.0,34.155485,-117.953686,1987.0,609 - Bradbury,True,2.0,0.5446,1981.0,3.0,Bradbury,3.0,True,2.0,Two,23724.0,False,2.0,Duarte Unified,91008,0.0,23724.0,629.0890790135883,1.0,44.0,0,662.3333333333334,0.08375484741190356,14.038654109278484,14.374162151520073,14.284489403736094,1598361.1862997545
False,False,2025-12-18,2950000.0,34.082033,-118.339364,2208.0,C18 - Hancock Park-Wilshire,False,2.0,0.1472,1928.0,2.0,Los Angeles,3.0,True,1.0,One,6411.0,False,2.0,Other,90036,0.0,6411.0,1336.0507246376812,1.5,97.0,0,736.0,0.3444080486663547,14.897315728316002,14.676279640441766,14.552113718542955,2088828.0364291724
True,False,2025-12-05,755000.0,37.80347477,-122.20797673,1217.0,PLM - Palmdale,True,1.0,0.1104,1931.0,1.0,Oakland,2.0,True,1.0,One,4810.0,False,1.0,Oakland,94602,0.0,4810.0,620.3779786359902,2.0,94.0,0,608.5,0.253014553014553,13.534473028231162,13.92839261528267,13.748486453170704,935172.658921192
False,False,2025-12-11,1300000.0,33.09404022,-117.02232809,3047.0,92025 - Escondido,True,13.0,1.08,1999.0,3.0,Escondido,4.0,True,2.0,Two,47044.0,False,3.0,San Marino Unified,92025,170.0,47044.0,426.649163111257,1.3333333333333333,26.0,0,761.75,0.06476915228296913,14.077874822431765,13.740514638062564,14.111655082656643,1344664.4800097786
True,True,2025-12-18,632000.0,33.601655,-116.24269,1835.0,313 - La Quinta South of HWY 111,True,2.0,0.14,2008.0,3.0,La Quinta,3.0,False,1.0,One,6098.0,False,2.0,Whittier Union High,92253,595.0,6098.0,344.4141689373297,1.0,17.0,0,611.6666666666666,0.30091833387996064,13.356644673128994,13.545013310266594,13.3819222115357,648179.0257839978
True,False,2025-12-05,720000.0,34.294762,-118.456027,838.0,SYL - Sylmar,False,2.0,0.1378,1954.0,1.0,Sylmar,2.0,True,1.0,One,6001.0,False,2.0,Los Angeles Unified,91342,0.0,6001.0,859.1885441527446,2.0,71.0,0,419.0,0.13964339276787202,13.487006490992238,13.667586227071855,13.42090347573655,673944.7921187637
True,True,2025-12-24,799900.0,32.79876763,-117.00324091,1225.0,92020 - El Cajon,True,4.0,0.2273,1960.0,2.0,El Cajon,3.0,True,1.0,One,9900.0,False,2.0,Capistrano Unified,92020,0.0,9900.0,652.9795918367347,1.5,65.0,0,408.3333333333333,0.12373737373737374,13.592241998836913,13.7694117933985,13.612675302496124,816412.729880167
True,True,2025-12-05,2550000.0,33.636757,-116.985187,5361.0,SRCAR - Southwest Riverside County,True,4.0,15.61,2009.0,5.0,Temecula,4.0,True,1.0,One,679972.0,False,4.0,Temecula Unified,92592,251.0,679972.0,475.65752658086177,0.8,16.0,0,1340.25,0.007884148170807034,14.75160391713461,13.580420735596498,14.815554061102157,2718400.0848204754
False,False,2025-12-11,850000.0,34.218247,-118.567757,2108.0,WIN - Winnetka,True,4.0,0.1364,1971.0,3.0,Winnetka,3.0,True,2.0,Two,5943.0,False,2.0,Palos Verdes Peninsula Unified,91306,123.0,5943.0,403.2258064516129,1.0,54.0,0,702.6666666666666,0.3547030119468282,13.652991628466498,13.65680576350189,13.765820589013433,951524.380877638
True,True,2025-12-15,1450000.0,32.81726543,-117.2105803,2236.0,92117 - Clairemont Mesa,True,4.0,0.1423,1957.0,3.0,San Diego,4.0,True,2.0,Two,6200.0,False,2.0,Hemet Unified,92117,0.0,6200.0,648.479427549195,1.3333333333333333,68.0,0,559.0,0.3606451612903226,14.187074114396758,13.964016766263498,14.111264433680178,1344139.2907959677
False,False,2025-12-08,1275000.0,32.8410339,-117.20989792,1697.0,92117 - Clairemont Mesa,True,4.0,1.9628,1965.0,2.0,San Diego,4.0,False,1.0,One,13939.0,False,2.0,Moreno Valley Unified,92117,0.0,5700.0,751.3258691809075,2.0,60.0,0,424.25,0.29771929824561405,14.058456736574664,13.964016766263498,13.905869162360883,1094566.7297762411
True,False,2025-12-05,2100000.0,37.58440977,-122.49205211,2805.0,699 - Not Defined,True,2.0,0.165,1956.0,4.0,Pacifica,5.0,True,1.0,One,7187.0,False,2.0,Other,94044,0.0,7187.0,748.663101604278,1.25,69.0,0,561.0,0.3902880200361764,14.557447902693651,14.038654109278484,14.305239579290221,1631873.9569950823
False,False,2025-12-02,1675000.0,33.426133,-117.622925,1246.0,SC - San Clemente Central,True,4.0,0.0992,2001.0,2.0,San Clemente,2.0,True,1.0,One,4320.0,False,2.0,Capistrano Unified,92672,0.0,4320.0,1344.3017656500804,1.0,24.0,0,623.0,0.2884259259259259,14.331323723241304,14.43202387032261,13.990553905165283,1191297.8549207412
True,False,2025-12-18,820000.0,33.91843,-117.892852,1471.0,86 - Brea,False,0.0,0.1405,1955.0,2.0,Brea,4.0,True,1.0,One,6120.0,False,0.0,Brea-Olinda Unified,92821,0.0,6120.0,557.443915703603,2.0,70.0,0,367.75,0.240359477124183,13.617059619240436,13.997832114758229,13.89771636961571,1085679.2322730126
False,False,2025-12-05,746000.0,32.618969,-117.030722,1242.0,91911 - Chula Vista,True,2.0,0.1216,1987.0,2.0,Chula Vista,3.0,True,1.0,One,5295.0,False,2.0,Chula Vista Elementary,91911,143.0,5295.0,600.6441223832528,1.5,38.0,0,414.0,0.23456090651558073,13.522480879185897,13.617059619240436,13.434296073303623,683031.3741553015
False,False,2025-12-02,1269000.0,33.190006,-117.310948,1481.0,92056 - Oceanside,True,2.0,0.38,1988.0,2.0,Oceanside,3.0,False,1.0,One,0.38,False,2.0,Oceanside Unified,92056,0.0,16552.8,856.8534773801485,1.5,37.0,0,493.6666666666667,0.08947126770093278,14.053739746696525,13.732128949025222,13.644200243669138,842560.074464661
True,True,2025-12-09,585000.0,33.987355,-116.539439,2107.0,341 - Mission Lakes,True,6.0,0.19,2004.0,3.0,Desert Hot Springs,4.0,True,1.0,One,8276.0,False,2.0,Palm Springs Unified,92240,142.0,8276.0,277.64594209776936,1.3333333333333333,21.0,0,526.75,0.2545915901401643,13.279367126213993,12.911642346088676,13.066063878947658,472627.9953906764
True,True,2025-12-18,610000.0,33.674592,-116.313441,1320.0,313 - La Quinta South of HWY 111,True,2.0,0.19,1979.0,2.0,La Quinta,4.0,False,1.0,One,8276.0,False,2.0,Perris Union High,92253,0.0,8276.0,462.1212121212121,2.0,46.0,0,330.0,0.1594973417109715,13.321214236149494,13.545013310266594,13.32203120747263,610498.5561324148
False,False,2025-12-16,920000.0,33.922115000000005,-118.373653,1292.0,107 - Holly Glen/Del Aire,True,1.0,0.115,1950.0,1.0,Hawthorne,2.0,True,1.0,One,5008.0,False,1.0,Wiseburn Unified,90250,0.0,5008.0,712.0743034055728,2.0,75.0,0,646.0,0.25798722044728434,13.732128949025222,13.710150042306449,13.56302266061147,776865.614912874
True,False,2025-12-22,770000.0,33.162892,-117.228448,1164.0,92081 - Vista,True,2.0,0.1105,1985.0,2.0,Vista,2.0,False,1.0,One,4812.0,False,2.0,Visalia Unified,92081,138.0,4812.0,661.512027491409,1.0,40.0,0,582.0,0.24189526184538654,13.554145793829866,13.835313185260453,13.51904361106282,743440.1998601907
True,False,2025-12-01,890000.0,35.100427,-120.609882,1885.0,OCNO - Oceano,False,2.0,0.16,1953.0,2.0,Oceano,3.0,True,2.0,Two,6970.0,False,2.0,Lucia Mar Unified,93445,0.0,6970.0,472.14854111405833,1.5,72.0,0,628.3333333333334,0.2704447632711621,13.698976741708323,13.575530058102434,13.643074458901856,841612.0668936744
False,True,2025-12-10,890000.0,34.13473,-117.531874,1408.0,688 - Rancho Cucamonga,True,3.0,0.2727,1985.0,2.0,Rancho Cucamonga,3.0,True,1.0,One,11879.0,False,3.0,Chaffey Joint Union High,91739,0.0,11879.0,632.1022727272727,1.5,40.0,0,469.3333333333333,0.11852849566461823,13.698976741708323,13.862273807960708,13.660358857961006,856285.2691521865
True,True,2025-12-08,1900000.0,33.06126099,-117.2435096,2355.0,92024 - Encinitas,True,4.0,0.1586,1985.0,3.0,Encinitas,4.0,False,2.0,Two,6907.0,False,2.0,San Diego Unified,92024,131.5,6907.0,806.7940552016985,1.3333333333333333,40.0,0,588.75,0.3409584479513537,14.457364444136669,14.603967918328545,14.586061615555868,2160956.737357512
False,False,2025-12-09,275000.0,35.349815,-119.052019,1027.0,BKSF - Bakersfield,True,1.0,0.14,1954.0,1.0,Bakersfield,3.0,False,1.0,One,6098.0,False,1.0,Bakersfield City,93309,0.0,6098.0,267.7702044790652,3.0,71.0,0,342.3333333333333,0.1684158740570679,12.524526376648708,12.80765263256463,12.499018319863994,268073.99439241795
False,True,2025-12-23,1010000.0,33.20094162,-117.2954771,1598.0,92056 - Oceanside,True,4.0,0.168,1974.0,2.0,Oceanside,4.0,False,2.0,Two,9068.0,False,2.0,Chico Unified,92056,0.0,6400.0,632.0400500625782,2.0,51.0,0,399.5,0.2496875,13.825460888817442,13.732128949025222,13.67459757563811,868564.8889055519
True,False,2025-12-15,4450000.0,32.97119794,-116.99817983,8870.0,92064 - Poway,True,55.0,7.68,2008.0,7.0,Poway,5.0,True,1.0,One,334540.0,False,5.0,Fullerton Joint Union High,92064,0.0,334540.0,501.6910935738444,0.7142857142857143,17.0,0,1774.0,0.026514019250313863,15.308414654142423,14.042638194103073,15.201584585771052,3999118.763833955
True,False,2025-12-18,1275000.0,33.226219,-117.254632,3576.0,92083 - Vista,True,3.0,0.1761,2016.0,3.0,Vista,4.0,True,2.0,Two,7672.0,False,3.0,Vista Unified,92083,253.0,7672.0,356.5436241610738,1.3333333333333333,9.0,0,894.0,0.46611053180396245,14.058456736574664,13.614617615584883,13.833664561106355,1018319.7887617972
True,False,2025-12-05,610000.0,34.131863,-117.380323,1737.0,272 - Rialto,True,2.0,0.1768,1958.0,2.0,Rialto,4.0,False,1.0,One,7700.0,False,2.0,Rialto Unified,92376,0.0,7700.0,351.18019573978125,2.0,67.0,0,434.25,0.22558441558441558,13.321214236149494,13.253391639810733,13.246734124743776,566217.8203404993
False,False,2025-12-05,370000.0,34.688284,-118.141058,1224.0,LAC - Lancaster,True,4.0,0.2075,1949.0,1.0,Lancaster,2.0,True,1.0,One,9037.0,False,4.0,Antelope Valley Union,93534,0.0,9037.0,302.2875816993464,2.0,76.0,0,612.0,0.13544317804581166,12.821258284620408,12.971540487669746,12.793702990543853,359943.7292383958
True,False,2025-12-08,379000.0,39.491842,-121.509479,2263.0,SRCAR - Southwest Riverside County,True,2.0,1.43,1950.0,2.0,Oroville,3.0,True,1.0,One,1.43,False,2.0,Oroville Union,95966,0.0,62290.8,167.47680070702606,1.5,75.0,0,754.3333333333334,0.03632960244530492,12.845291484064564,12.821258284620408,12.974940908245227,431464.66968260566
True,False,2025-12-30,855000.0,34.143413,-117.459751,3545.0,264 - Fontana,True,3.0,0.1428,2006.0,3.0,Fontana,5.0,True,2.0,Two,6222.0,False,3.0,Fontana Unified,92336,120.0,6222.0,241.18476727785617,1.6666666666666667,19.0,0,709.0,0.5697524911603986,13.658856747918897,13.487006490992238,13.595416255421958,802443.1219678492
True,False,2025-12-10,220000.0,34.143747,-116.062443,980.0,DC726 - Four Corners,False,2.0,0.3616,1953.0,1.0,29 Palms,3.0,False,1.0,One,15750.0,False,2.0,Morongo Unified,92277,0.0,15750.0,224.48979591836732,3.0,72.0,0,326.6666666666667,0.06222222222222222,12.301382825334498,12.666637149787377,12.483271437560592,263885.7273727263
False,False,2025-12-22,470000.0,33.676186,-116.196533,1863.0,315 - Coachella,True,8.0,0.23,2009.0,2.0,Coachella,4.0,False,1.0,One,10019.0,False,2.0,ABC Unified,92236,0.0,10019.0,252.2812667740204,2.0,16.0,0,465.75,0.18594670126759158,13.060487973686241,13.12126236606766,13.105940897727443,491855.81703935756
False,False,2025-12-02,745000.0,33.885089,-117.330131,2929.0,252 - Riverside,True,3.0,0.24,2001.0,3.0,Riverside,4.0,True,2.0,Two,10454.0,False,3.0,Riverside Unified,92508,62.0,10454.0,254.3530215090475,1.3333333333333333,24.0,0,732.25,0.2801798354696767,13.521139497361697,13.56126305375042,13.75610712294003,942326.5249359052
True,False,2025-12-02,729900.0,33.835221000000004,-117.572243,1340.0,248 - Corona,True,2.0,0.11,2001.0,2.0,Corona,3.0,True,1.0,One,4792.0,False,2.0,Corona-Norco Unified,92881,126.0,4792.0,544.7014925373135,1.5,24.0,0,446.6666666666667,0.27963272120200333,13.500662817439723,13.6909268947726,13.492998454022972,724327.1645403736
True,True,2025-12-08,1400000.0,34.14553,-117.900995,3004.0,607 - Azusa,True,2.0,0.1348,2014.0,4.0,Azusa,4.0,False,2.0,Two,5870.0,False,2.0,Orange Unified,91702,139.0,5870.0,466.0452729693742,1.0,11.0,0,751.0,0.5117546848381601,14.151982794585487,13.534473028231162,13.71860793877329,907644.3889747042
False,True,2025-12-10,635000.0,36.67315893,-121.61921979,882.0,699 - Not Defined,True,1.0,0.2181,1954.0,1.0,Salinas,2.0,False,1.0,One,9500.0,False,1.0,Other,93905,150.0,9500.0,719.9546485260771,2.0,71.0,0,441.0,0.09284210526315789,13.36138027787483,13.403597805863242,13.18116477313875,530282.2935857845
True,False,2025-12-18,1950000.0,37.46518072,-122.26203267,1642.0,699 - Not Defined,False,2.0,0.128,1936.0,2.0,Redwood City,3.0,True,1.0,One,5577.0,False,1.0,Other,94062,0.0,5577.0,1187.5761266747868,1.5,89.0,0,547.3333333333334,0.29442352519275594,14.48333993053993,14.793836680757881,14.586839817951322,2162639.053573349
True,False,2025-12-12,1175000.0,34.205693,-118.162457,1581.0,604 - Altadena,True,2.0,0.2117,1948.0,2.0,Altadena,3.0,True,1.0,One,9221.0,False,0.0,Riverside Unified,91001,0.0,9221.0,743.2005060088552,1.5,77.0,0,527.0,0.17145645808480642,13.976778705560397,13.926582083454587,13.89603417016124,1083854.438524594
True,False,2025-12-12,515000.0,34.683132,-118.079848,2447.0,LAC - Lancaster,True,2.0,0.16,2003.0,3.0,Lancaster,6.0,True,2.0,Two,6969.0,False,2.0,Antelope Valley Union,93535,0.0,6969.0,210.4617899468737,2.0,22.0,0,407.8333333333333,0.351126416989525,13.151922179645874,12.994530005894443,13.131553736485788,504616.36005151726
False,False,2025-12-05,650000.0,34.010232,-118.142545,873.0,699 - Not Defined,False,1.0,0.0919,1941.0,1.0,Los Angeles,2.0,False,1.0,One,4001.0,False,1.0,Montebello Unified,90022,0.0,4001.0,744.5589919816724,2.0,84.0,0,436.5,0.2181954511372157,13.38472764187182,13.4034268364651,13.21260216036263,547217.7925367431
True,False,2025-12-04,335000.0,34.267451,-116.350918,1376.0,DC591 - Landers,True,0.0,2.5,1987.0,2.0,Landers,3.0,False,2.0,Two,108900.0,False,0.0,Morongo Unified,92285,0.0,108900.0,243.4593023255814,1.5,38.0,0,458.6666666666667,0.01263544536271809,12.721885810807203,12.611537753638338,12.58666810611761,292631.11631397135
True,False,2025-12-23,527630.0,33.752895,-117.011309,2364.0,SRCAR - Southwest Riverside County,True,2.0,0.16,2000.0,3.0,Hemet,3.0,True,2.0,Two,6970.0,False,2.0,Hemet Unified,92545,0.0,6970.0,223.1937394247039,1.0,25.0,0,788.0,0.33916786226685797,13.176150559467287,12.990536830078119,13.128835893497707,503246.75404578843
False,False,2025-12-01,2400000.0,34.174383,-118.176726,1922.0,645 - Pasadena (NW),True,6.0,0.3353,1987.0,3.0,Pasadena,3.0,True,1.0,One,14605.0,False,3.0,Chawanakee Unified,91103,0.0,14605.0,1248.6992715920917,1.0,38.0,0,640.6666666666666,0.13159876754536118,14.690979295318174,14.182799053125816,14.149883391744181,1397063.9191088504
False,False,2025-12-17,2100000.0,34.065183000000005,-118.379067,2414.0,C01 - Beverly Hills,False,2.0,0.1451,1927.0,2.0,Beverly Hills,3.0,True,1.0,One,6321.0,False,1.0,San Bernardino City Unified,90211,0.0,6321.0,869.9254349627175,1.5,98.0,0,804.6666666666666,0.3819015978484417,14.557447902693651,14.78192389924164,14.75077319307556,2547882.5332864686
False,False,2025-12-09,950000.0,37.68560104,-122.45905231,1080.0,699 - Not Defined,False,2.0,0.0838,1941.0,1.0,Daly City,2.0,True,1.0,Two,3650.0,False,2.0,Other,94014,0.0,3650.0,879.6296296296297,2.0,84.0,0,540.0,0.2958904109589041,13.764217263576723,13.9108207377686,13.631963968735517,832313.0980092691
True,False,2025-12-02,1545000.0,34.155972,-118.149256,2187.0,645 - Pasadena (NW),False,2.0,0.2226,1894.0,2.0,Pasadena,3.0,True,2.0,Two,9696.0,False,2.0,Pasadena Unified,91103,0.0,9696.0,706.4471879286695,1.5,131.0,0,729.0,0.2255569306930693,14.250534468313983,14.182799053125816,14.347942235700485,1703068.5915040763
True,False,2025-12-16,2325000.0,34.117925,-118.313583,2830.0,637 - Los Feliz,True,2.0,0.1782,1939.0,4.0,Los Angeles,4.0,True,2.0,Two,7761.0,False,2.0,Beaumont,90068,0.0,7761.0,821.5547703180212,1.0,86.0,0,707.5,0.36464373147790236,14.659230597003594,14.457364444136669,14.652660967435137,2309775.675097682
True,False,2025-12-23,1262500.0,37.92203266,-122.08405041,1472.0,WIN - Winnetka,True,2.0,0.303,1962.0,2.0,Walnut Creek,3.0,True,1.0,One,13200.0,False,2.0,Sweetwater Union,94597,154.0,13200.0,857.6766304347826,1.5,63.0,0,490.6666666666667,0.11151515151515151,14.048604440131651,14.077874822431765,13.971605213777313,1168936.844520768
True,False,2025-12-19,625000.0,32.675779,-117.071951,1132.0,91950 - National City,False,6.0,0.228,1950.0,1.0,National City,3.0,False,1.0,One,9932.0,False,2.0,Sweetwater Union,91950,0.0,9932.0,552.1201413427561,3.0,75.0,0,377.3333333333333,0.11397503020539669,13.345506928718539,13.507625778194974,13.464497523926498,703974.578164578
True,False,2025-12-04,3175000.0,33.737973,-118.101866,2796.0,1A - Seal Beach,True,2.0,0.0632,2025.0,4.0,Seal Beach,3.0,True,1.0,ThreeOrMore,2751.0,True,2.0,Los Alamitos Unified,90740,0.0,2751.0,1135.5507868383404,0.75,0.0,0,932.0,1.0163576881134133,14.970818190308929,14.28551418721001,14.57374806500652,2134510.8429169175
True,False,2025-12-03,3200000.0,33.737909,-118.101745,2796.0,1A - Seal Beach,True,2.0,0.0632,2025.0,4.0,Seal Beach,3.0,True,2.0,ThreeOrMore,2751.0,True,2.0,Los Alamitos Unified,90740,0.0,2751.0,1144.492131616595,0.75,0.0,0,932.0,1.0163576881134133,14.978661367769956,14.28551418721001,14.57374806500652,2134510.8429169175
True,False,2025-12-19,3952000.0,34.146011,-118.462646,4273.0,SO - Sherman Oaks,False,4.0,0.5932,1936.0,5.0,Sherman Oaks,4.0,True,2.0,MultiSplit,25840.0,False,2.0,San Jacinto Unified,91403,0.0,25840.0,924.8771355019892,0.8,89.0,0,1068.25,0.16536377708978328,15.189732337849895,14.557447902693651,15.096406908676364,3599865.021430603
False,False,2025-12-01,1018500.0,37.90370321,-121.59427762,2490.0,59 - Westminster North of 405 & Westminster,True,2.0,0.2089,1987.0,3.0,Discovery Bay,3.0,True,2.0,Two,9100.0,False,2.0,Capistrano Unified,94505,0.0,9100.0,409.03614457831327,1.0,38.0,0,830.0,0.27362637362637365,13.833841514648997,13.589232200143268,13.651960143993502,849123.6902256121
True,False,2025-12-22,2350000.0,32.69440295,-117.17159149,1529.0,92118 - Coronado,False,1.0,0.1336,1938.0,2.0,Coronado,3.0,True,1.0,One,5820.0,False,1.0,Other,92118,0.0,5820.0,1536.9522563767168,1.5,87.0,0,509.6666666666667,0.2627147766323024,14.669925886120343,14.925872877186109,14.742857755568101,2527794.5358450194
False,False,2025-12-01,1075000.0,37.03349267,-121.58830886,2403.0,699 - Not Defined,True,2.0,0.0636,2014.0,3.0,Gilroy,4.0,True,2.0,Two,2772.0,False,2.0,Gilroy Unified,95020,79.0,2772.0,447.35746982938,1.3333333333333333,11.0,0,600.75,0.8668831168831169,13.8878312195439,13.965653216393994,14.03082408586968,1240250.6892150354
True,False,2025-12-05,1400000.0,34.125026,-118.199505,1341.0,632 - Highland Park,True,0.0,0.1377,1954.0,2.0,Los Angeles,3.0,True,1.0,One,6000.0,False,0.0,Los Angeles Unified,90042,0.0,6000.0,1043.9970171513796,1.5,71.0,0,447.0,0.2235,14.151982794585487,14.018451401960965,13.932296513995952,1123878.8444557663
True,False,2025-12-09,1050000.0,33.989157,-117.833013,1550.0,616 - Diamond Bar,True,2.0,0.5434,1978.0,2.0,Diamond Bar,3.0,True,1.0,One,23671.0,False,2.0,Walnut Valley Unified,91765,0.0,23671.0,677.4193548387096,1.5,47.0,0,516.6666666666666,0.06548096827341472,13.864300722133706,13.957010120237973,13.817019971198265,1001510.5529715193
False,False,2025-12-01,1125000.0,33.522174,-117.702079,1512.0,LNSEA - Sea Country,True,2.0,0.0588,1987.0,3.0,Laguna Niguel,3.0,True,2.0,Two,2560.0,False,2.0,Capistrano Unified,92677,395.0,2560.0,744.047619047619,1.0,38.0,0,504.0,0.590625,13.933293593620657,14.349075668699754,14.033707232113047,1243831.6731000096
True,False,2025-12-08,520000.0,37.75944967,-122.16871156,1325.0,LAC - Lancaster,True,1.0,0.1221,1936.0,2.0,Oakland,3.0,True,1.0,One,5320.0,False,1.0,Berkeley,94605,0.0,5320.0,392.4528301886792,1.5,89.0,0,441.6666666666667,0.24906015037593984,13.16158409055761,13.527828485512494,13.518319482572096,742902.0484992046
False,False,2025-12-08,743000.0,32.72787447,-117.09920462,1246.0,92105 - East San Diego,False,4.0,0.1607,1954.0,2.0,San Diego,3.0,False,1.0,One,6098.0,False,2.0,ABC Unified,92105,0.0,14607.0,596.3081861958267,1.5,71.0,0,415.3333333333333,0.0853015677414938,13.518451323699896,13.422467969854667,13.374194038405923,643189.0924232557
True,False,2025-12-11,505000.0,34.052538,-117.295372,1060.0,273 - Colton,True,6.0,0.1263,1985.0,2.0,Colton,3.0,False,1.0,One,5500.0,False,2.0,Colton Unified,92324,0.0,5500.0,476.4150943396226,1.5,40.0,0,353.3333333333333,0.19272727272727272,13.132313708257497,13.142166004700508,13.054548196880523,467216.57953294914
False,False,2025-12-02,1870000.0,37.46442837,-122.25392519,2080.0,699 - Not Defined,True,2.0,0.0812,1980.0,2.0,Redwood City,3.0,True,2.0,Two,3538.0,False,2.0,Other,94062,800.0,3538.0,899.0384615384615,1.5,45.0,0,693.3333333333334,0.5879027699265121,14.44144898883077,14.793836680757881,14.498615738809644,1980016.5056238694
False,False,2025-12-23,1620000.0,33.824115,-118.358685,1810.0,129 - South Torrance,True,2.0,0.1194,1953.0,2.0,Torrance,3.0,True,1.0,One,5200.0,False,2.0,Torrance Unified,90505,0.0,5200.0,895.0276243093923,1.5,72.0,0,603.3333333333334,0.34807692307692306,14.297936707208567,14.214722054279537,14.215283041692341,1491485.3218559066
True,False,2025-12-15,625000.0,33.658345000000004,-117.265847,2310.0,699 - Not Defined,True,3.0,0.22,2003.0,3.0,Lake Elsinore,4.0,True,1.0,One,9583.0,False,3.0,Menifee Union,92532,134.0,9583.0,270.56277056277054,1.3333333333333333,22.0,0,577.5,0.2410518626734843,13.345506928718539,13.353475098367715,13.411941352028865,667931.800354403
True,True,2025-12-18,1299000.0,33.781752000000004,-116.425386,2153.0,321 - Rancho Mirage,True,6.0,0.26,1980.0,3.0,Rancho Mirage,2.0,True,1.0,One,11326.0,False,3.0,Apple Valley Unified,92270,152.0,11326.0,603.3441709242917,0.6666666666666666,45.0,0,1076.5,0.19009358996998058,14.077105295652737,13.9108207377686,13.834541449444178,1019213.1331331235
False,False,2025-12-04,1850000.0,33.668589000000004,-118.010182,1878.0,15 - West Huntington Beach,False,2.0,0.066,1977.0,3.0,Huntington Beach,3.0,True,2.0,Two,2875.0,False,2.0,Huntington Beach Union High,92648,0.0,2875.0,985.090521831736,1.0,48.0,0,626.0,0.6532173913043479,14.430696197054507,14.580978400103845,14.313474549484944,1645367.875142237
False,True,2025-12-17,670000.0,33.793541999999995,-116.288443,2156.0,307 - Sun City,True,3.0,0.15,2003.0,2.0,Palm Desert,2.0,True,1.0,One,6534.0,False,3.0,Beaumont,92211,398.0,6534.0,310.760667903525,1.0,22.0,0,1078.0,0.32996632996632996,13.415032991367148,13.226723392728571,13.16467386252957,521609.16612342827
False,False,2025-12-08,410000.0,33.707917,-117.241894,1068.0,699 - Not Defined,True,0.0,0.11,1961.0,2.0,Quail Valley,4.0,False,1.0,One,4792.0,False,0.0,Perris Union High,92587,0.0,4792.0,383.8951310861423,2.0,64.0,0,267.0,0.22287145242070117,12.92391243868049,13.407542319637992,13.276021514220542,583046.0873232047
True,False,2025-12-02,1150000.0,34.169807,-118.542582,1553.0,TAR - Tarzana,False,5.0,0.1377,1950.0,2.0,Tarzana,4.0,False,1.0,One,5997.0,False,2.0,Los Angeles Unified,91356,125.0,5997.0,740.5022537025113,2.0,75.0,0,388.25,0.2589628147407037,13.955272500339433,14.42416726859578,14.194835398955622,1461297.6480291353
True,False,2025-12-09,899000.0,34.504655,-118.622154,2916.0,NLAK - Northlake,True,3.0,0.141,1999.0,3.0,Castaic,4.0,True,2.0,Two,6140.0,False,3.0,William S. Hart Union,91384,226.0,6140.0,308.29903978052124,1.3333333333333333,26.0,0,729.0,0.4749185667752443,13.709038313453757,13.602317337503232,13.737159851996305,924640.092875192
True,False,2025-12-10,1040000.0,33.942609999999995,-117.591372,3747.0,249 - Eastvale,True,8.0,0.21,2005.0,4.0,Eastvale,5.0,True,2.0,Two,9148.0,False,4.0,Corona-Norco Unified,92880,17.0,9148.0,277.5553776354417,1.25,20.0,0,749.4,0.40959772627896807,13.854731271117556,13.764217263576723,13.910743046354341,1099914.542764006
True,False,2025-12-01,925000.0,32.5735814,-117.01672255,2176.0,92154 - Otay Mesa,True,4.0,0.1515,2003.0,3.0,San Diego,4.0,True,2.0,Two,6840.0,False,2.0,Covina Valley Unified,92154,55.0,43626.0,425.09191176470586,1.3333333333333333,22.0,0,544.0,0.04987851281345986,13.737549016494562,13.579788224443204,13.711590694777366,901297.5216382882
False,False,2025-12-29,570000.0,37.47545296,-121.15564222,3154.0,688 - Rancho Cucamonga,True,3.0,0.1377,2004.0,4.0,Patterson,5.0,True,2.0,Two,6000.0,False,3.0,Other,95363,325.0,6000.0,180.72289156626505,1.25,21.0,0,630.8,0.5256666666666666,13.253391639810733,13.125781666033824,13.395214239027407,656852.1532430574
False,False,2025-12-02,777000.0,37.98392306,-121.84626306,2321.0,VN - Van Nuys,True,6.0,0.2388,2002.0,2.0,Antioch,4.0,True,1.0,One,10400.0,False,3.0,Antioch,94509,0.0,10400.0,334.76949590693664,2.0,23.0,0,580.25,0.22317307692307692,13.563195629349785,13.199324418540456,13.327631466722242,613927.0977183876
True,True,2025-12-30,1190000.0,33.294367,-117.037759,3538.0,92082 - Valley Center,True,3.0,3.36,1993.0,3.0,Valley Center,4.0,True,2.0,Two,3.36,False,3.0,Valley Center - Pauma,92082,0.0,146361.6,336.3482193329565,1.3333333333333333,32.0,0,884.5,0.02417300712755258,13.989463865087712,13.710150042306449,14.093655016498607,1320676.9664885446
True,False,2025-12-24,1500000.0,37.88324595,-122.29144853,1592.0,92020 - El Cajon,False,4.0,0.1396,1918.0,3.0,Albany,3.0,True,1.0,One,6081.0,False,2.0,Bass Lake Joint Union,94706,0.0,6081.0,942.211055276382,1.0,107.0,0,530.6666666666666,0.261799046209505,14.22097566607244,14.180153671552183,14.235722053588303,1522283.4778689605
True,False,2025-12-12,1026000.0,33.795010999999995,-117.932296,1963.0,"64 - Garden Grove E of Euclid, W of Harbor",False,2.0,0.1653,1956.0,3.0,Garden Grove,4.0,True,1.0,One,7199.0,False,2.0,Garden Grove Unified,92840,0.0,7199.0,522.6693835965359,1.3333333333333333,69.0,0,490.75,0.27267676066120294,13.841178304712852,13.864300722133706,13.925931724538895,1116748.3084874498
False,False,2025-12-05,840000.0,33.980162,-118.341167,1248.0,101 - North Inglewood,False,1.0,0.1315,1923.0,2.0,Inglewood,3.0,False,1.0,One,5727.0,False,1.0,Inglewood Unified,90302,0.0,5727.0,673.0769230769231,1.5,102.0,0,416.0,0.2179151388161341,13.641157170819497,13.652991628466498,13.60416251618688,809492.2807152751
True,False,2025-12-01,317500.0,34.261233000000004,-116.858501,652.0,289 - Big Bear Area,False,8.0,0.1148,1957.0,1.0,Big Bear,2.0,True,1.0,One,5000.0,False,2.0,Bear Valley Unified,92314,0.0,5000.0,486.9631901840491,2.0,68.0,0,326.0,0.1304,12.668233097314884,12.965709567358951,12.664955118524405,316460.9456634608
True,False,2025-12-03,1180000.0,33.814023,-118.057019,1659.0,80 - Cypress North of Katella,True,2.0,0.1629,1964.0,3.0,Cypress,4.0,False,2.0,Two,7098.0,False,2.0,Los Alamitos Unified,90630,0.0,7098.0,711.2718505123569,1.3333333333333333,61.0,0,414.75,0.23372781065088757,13.981024996441848,13.933293593620657,13.859347232563108,1044811.696662911
True,False,2025-12-23,470000.0,34.483525,-117.346086,2573.0,VIC - Victorville,True,2.0,0.1768,1989.0,3.0,Victorville,3.0,True,2.0,Two,7700.0,False,2.0,Victor Valley Union High,92392,0.0,7700.0,182.66614846482705,1.0,36.0,0,857.6666666666666,0.33415584415584415,13.060487973686241,13.01477816672439,13.121812363223464,499724.568799785
True,False,2025-12-04,850000.0,34.093093,-117.859651,1352.0,614 - Covina,False,2.0,0.1916,1961.0,2.0,Covina,3.0,False,1.0,One,8347.0,False,2.0,Covina Valley Unified,91724,0.0,8347.0,628.698224852071,1.5,64.0,0,450.6666666666667,0.16197436204624416,13.652991628466498,13.681962838542578,13.621431214067389,823592.5546333336
True,True,2025-12-23,999800.0,33.575479,-117.085067,2536.0,SRCAR - Southwest Riverside County,False,4.0,5.08,1988.0,3.0,Murrieta,5.0,True,2.0,Two,5.08,False,4.0,Temecula Unified,92596,0.0,221284.8,394.2429022082019,1.6666666666666667,37.0,0,507.2,0.011460344316464574,13.815310537961608,13.337474757021274,13.60913872604083,813530.5234176974
True,False,2025-12-05,2430000.0,37.87647561,-122.00262974,4438.0,SRCAR - Southwest Riverside County,True,3.0,0.3398,1992.0,5.0,Alamo,4.0,True,2.0,Two,14800.0,False,3.0,San Ramon Valley,94507,285.0,14800.0,547.5439387111311,0.8,33.0,0,1109.5,0.29986486486486486,14.703401815316731,14.721750953984929,15.187277459893002,3942310.2207932747
False,False,2025-12-29,1400000.0,32.761789,-116.980706,3059.0,91941 - La Mesa,True,22.0,1.0,1990.0,3.0,La Mesa,4.0,True,2.0,Two,1.0,False,2.0,La Mesa-Spring Valley,91941,0.0,43560.0,457.66590389016017,1.3333333333333333,35.0,0,764.75,0.07022497704315886,14.151982794585487,13.903955641362648,14.199343922602091,1467900.8171166955
False,False,2025-12-12,470000.0,34.150015,-117.314372,1194.0,274 - San Bernardino,False,2.0,0.1616,1951.0,1.0,San Bernardino,3.0,False,1.0,One,7040.0,False,2.0,San Bernardino City Unified,92405,0.0,7040.0,393.63484087102177,3.0,74.0,0,398.0,0.16960227272727274,13.060487973686241,13.071070083016778,12.916523071878753,406981.5256530887
True,False,2025-12-17,650000.0,33.878749,-117.618472,1812.0,248 - Corona,True,2.0,0.18,1963.0,3.0,Corona,4.0,False,2.0,Two,7841.0,False,2.0,Corona-Norco Unified,92882,0.0,7841.0,358.719646799117,1.3333333333333333,62.0,0,453.0,0.23109297283509755,13.38472764187182,13.623138665316818,13.645333033792411,843515.0589916784
True,False,2025-12-11,580000.0,39.010493,-122.909902,1800.0,LCLPS - Lakeport South,True,8.0,6.76,2006.0,2.0,Lakeport,2.0,True,2.0,Two,6.76,False,2.0,Lakeport Unified,95453,0.0,294465.6,322.22222222222223,1.0,19.0,0,900.0,0.006112768350530589,13.270783382522602,12.89167886987763,13.024910119790695,453572.3713374407
False,False,2025-12-18,700000.0,34.959184,-120.420432,1941.0,SMNE - SM Northeast,True,2.0,0.22,1965.0,3.0,Santa Maria,4.0,True,1.0,One,9583.0,False,2.0,Santa Maria-Bonita,93454,0.0,9583.0,360.63884595569294,1.3333333333333333,60.0,0,485.25,0.2025461755191485,13.458835614025542,13.422467969854667,13.470414122752484,708152.0593810492
False,True,2025-12-11,635000.0,36.85507266,-121.43059548,923.0,699 - Not Defined,True,1.0,0.1171,1944.0,2.0,Hollister,4.0,False,1.0,One,5101.0,False,1.0,Other,95023,0.0,5101.0,687.9739978331528,2.0,81.0,0,230.75,0.18094491276220348,13.36138027787483,13.527828485512494,13.452326924690686,695458.7124125276
False,False,2025-12-11,1200000.0,37.85188116,-122.28043113,1265.0,269 - Yucaipa/Calimesa/Oak Glen,False,1.0,0.0918,1919.0,2.0,Berkeley,3.0,True,1.0,One,4000.0,False,0.0,Berkeley,94702,184.0,4000.0,948.616600790514,1.5,106.0,0,421.6666666666667,0.31625,13.997832114758229,14.096915897380246,13.980826186945846,1179765.42811305
True,False,2025-12-22,785000.0,32.744774,-116.998916,2394.0,91977 - Spring Valley,True,2.0,0.15,1980.0,3.0,Spring Valley,4.0,True,2.0,ThreeOrMore,6534.0,False,2.0,La Mesa-Spring Valley,91977,0.0,6534.0,327.9030910609858,1.3333333333333333,45.0,0,598.5,0.36639118457300274,13.573438996764546,13.592367006650065,13.679001410309777,872398.3398245242
True,False,2025-12-15,730000.0,34.111971000000004,-117.545885,1745.0,688 - Rancho Cucamonga,True,2.0,0.114,2002.0,3.0,Rancho Cucamonga,3.0,False,2.0,Two,4965.0,False,2.0,Chaffey Joint Union High,91730,0.0,4965.0,418.3381088825215,1.0,23.0,0,581.6666666666666,0.351460221550856,13.500799813124575,13.500799813124575,13.43650074738614,684538.8969110011
False,False,2025-12-03,655000.0,37.71139448,-121.41593925,2368.0,TSRO - Tesoro de Valle,True,4.0,0.1055,2000.0,3.0,Tracy,4.0,True,2.0,Two,4596.0,False,2.0,Tracy Joint Unified,95304,140.0,4596.0,276.60472972972974,1.3333333333333333,25.0,0,592.0,0.515230635335074,13.39239051461739,13.68482817589707,13.80952291325339,994030.2455091384
True,False,2025-12-05,720000.0,33.884002,-118.184579,1270.0,7 - North Long Beach,False,2.0,0.1009999999999999,1941.0,2.0,Long Beach,3.0,False,1.0,One,4400.0,False,2.0,Long Beach Unified,90805,0.0,4400.0,566.9291338582677,1.5,84.0,0,423.3333333333333,0.28863636363636364,13.487006490992238,13.526494262499357,13.530756767158067,752199.4299376939
False,False,2025-12-19,1268000.0,34.146525,-118.36553899999998,1188.0,STUD - Studio City,False,1.0,0.1435,1925.0,2.0,Studio City,2.0,True,1.0,One,6252.0,False,1.0,Los Angeles Unified,91602,0.0,6252.0,1067.3400673400674,1.0,100.0,0,594.0,0.19001919385796545,14.052951413979308,14.48333993053993,14.166750732464283,1420828.5317182925
True,True,2025-12-04,1226000.0,33.849268,-116.540076,1477.0,331 - North End Palm Springs,True,2.0,0.23,1959.0,2.0,Palm Springs,3.0,False,1.0,One,10019.0,False,2.0,Palm Springs Unified,92262,0.0,10019.0,830.0609343263371,1.5,66.0,0,492.3333333333333,0.14741990218584688,14.019267395478293,13.737549016494562,13.693550163822147,885183.4262573482
False,False,2025-12-10,995000.0,34.266479,-118.896309,2518.0,SMP - South Moorpark,True,2.0,0.126,1987.0,3.0,Moorpark,5.0,True,2.0,Two,5488.0,False,2.0,Moorpark Unified,93021,185.0,5488.0,395.1548848292296,1.6666666666666667,38.0,0,503.6,0.4588192419825073,13.81049801614073,13.8878312195439,13.970276319612159,1167384.482859279
False,True,2025-12-08,1403000.0,33.649589,-117.634128,1560.0,MN - Mission Viejo North,True,2.0,0.1515,1979.0,2.0,Mission Viejo,3.0,True,1.0,One,6600.0,False,2.0,Saddleback Valley Unified,92692,264.0,6600.0,899.3589743589744,1.5,46.0,0,520.0,0.23636363636363636,14.154123359084599,14.006130917572923,13.858918539151308,1044363.8887649856
False,False,2025-12-03,995000.0,34.048140999999994,-118.374922,1045.0,C09 - Beverlywood Vicinity,False,2.0,0.0689,1929.0,2.0,Los Angeles,2.0,True,1.0,One,3000.0,False,2.0,Los Angeles Unified,90035,0.0,3000.0,952.1531100478468,1.0,96.0,0,522.5,0.34833333333333333,13.81049801614073,14.626440774180603,14.123571455373009,1360783.8546245662
False,True,2025-12-09,1525000.0,33.714964,-116.338021,2302.0,325 - Indian Wells,True,4.0,0.3,1961.0,3.0,Indian Wells,3.0,True,1.0,One,13068.0,False,2.0,Other,92210,0.0,13068.0,662.4674196350999,1.0,64.0,0,767.3333333333334,0.1761554943373125,14.237504968023648,14.452073389471401,14.443803306579197,1874407.7607883376
False,False,2025-12-11,1165000.0,33.826003,-117.952541,2221.0,78 - Anaheim East of Harbor,True,0.0,0.18,1958.0,3.0,Anaheim,4.0,True,1.0,One,7841.0,False,0.0,Anaheim Union High,92804,0.0,7841.0,524.5384961728951,1.3333333333333333,67.0,0,555.25,0.28325468690218086,13.968231644981937,13.766841941519797,13.918250017797988,1108202.6401595436
True,False,2025-12-01,520000.0,33.551897,-116.715578,1941.0,SRCAR - Southwest Riverside County,True,4.0,2.38,1985.0,3.0,Anza,4.0,True,1.0,"One,Two",2.38,False,4.0,Hemet Unified,92539,0.0,103672.8,267.9031427099433,1.3333333333333333,40.0,0,485.25,0.01872236497904947,13.16158409055761,12.968992089809067,13.09527759502474,486638.87393101654
True,False,2025-12-19,275000.0,34.482303,-117.55033799999998,1248.0,PHEL - Phelan,True,8.0,2.3,1994.0,2.0,Phelan,3.0,True,1.0,One,2.3,False,2.0,Snowline Joint Unified,92371,0.0,100188.0,220.3525641025641,1.5,31.0,0,416.0,0.0124565816265421,12.524526376648708,13.11835535600679,13.000713154222913,442729.013517734
True,False,2025-12-03,2450000.0,33.763065000000005,-117.78725,4221.0,NTS - North Tustin,True,3.0,0.4591,1969.0,5.0,North Tustin,5.0,True,2.0,Two,20000.0,False,3.0,Tustin Unified,92705,0.0,20000.0,580.4311774461028,1.0,56.0,0,844.2,0.21105,14.71159858252091,14.376839163903371,14.910653679108329,2989610.5292549627
False,False,2025-12-31,797000.0,34.182686,-118.86136299999998,1338.0,TOE - Thousand Oaks East,True,2.0,0.23,1981.0,2.0,Thousand Oaks,3.0,True,1.0,One,10018.0,False,2.0,Bonita Unified,91360,0.0,10018.0,595.6651718983558,1.5,44.0,0,446.0,0.13355959273308046,13.588609957772352,13.909911233385758,13.680100948369432,873358.1025534711
False,False,2025-12-03,1261000.0,37.58032329,-121.98709916,1424.0,661 - Temple City,True,2.0,0.1405,1985.0,2.0,Fremont,4.0,True,1.0,One,6120.0,False,2.0,Los Alamitos Unified,94536,0.0,6120.0,885.5337078651686,2.0,40.0,0,356.0,0.2326797385620915,14.047415614947056,14.316285845876763,14.119236417629411,1354897.573098368
False,False,2025-12-19,585000.0,33.95405,-117.417331,1153.0,252 - Riverside,True,2.0,0.19,1983.0,2.0,Riverside,3.0,True,1.0,One,8276.0,False,2.0,Riverside Unified,92504,0.0,8276.0,507.3720728534258,1.5,42.0,0,384.3333333333333,0.13931851135814402,13.279367126213993,13.353475098367715,13.236903015205899,560678.5441564083
False,False,2025-12-02,790000.0,34.217027,-119.202629,1386.0,VC31 - Oxnard - Northwest,True,2.0,0.15,1969.0,2.0,Oxnard,3.0,True,1.0,One,6534.0,False,2.0,San Luis Coastal Unified,93030,157.0,6534.0,569.98556998557,1.5,56.0,0,462.0,0.21212121212121213,13.579788224443204,13.617059619240436,13.531060864627948,752428.2066646327
False,False,2025-12-03,630000.0,33.908857,-117.482293,1578.0,252 - Riverside,True,2.0,0.26,1975.0,2.0,Riverside,4.0,True,1.0,One,11326.0,False,2.0,Alvord Unified,92505,0.0,11326.0,399.23954372623575,2.0,50.0,0,394.5,0.13932544587674378,13.353475098367715,13.38779984090879,13.342927534703007,623389.9561017624
True,False,2025-12-16,1305000.0,33.182684,-117.179938,2051.0,92084 - Vista,True,0.0,2.05,1977.0,3.0,Vista,3.0,True,1.0,One,2.05,False,0.0,San Marcos Unified,92084,0.0,89298.0,636.274987810824,1.0,48.0,0,683.6666666666666,0.02296803959775135,14.081713598738931,13.773646353865574,13.854684472443896,1039951.330518237
False,False,2025-12-18,575000.0,34.688658000000004,-118.182768,2726.0,LAC - Lancaster,True,6.0,0.15,1997.0,3.0,Lancaster,4.0,True,2.0,Two,6534.0,False,3.0,Call Listing Office,93536,0.0,6534.0,210.93176815847391,1.3333333333333333,28.0,0,681.5,0.4172023262932354,13.262125319779487,13.224918336616522,13.347034261939385,625955.3126176689
True,False,2025-12-02,764828.0,33.732425,-117.938763,1161.0,16 - Fountain Valley / Northeast HB,True,2.0,0.0227,1973.0,2.0,Fountain Valley,2.0,True,2.0,Two,989.0,False,2.0,Garden Grove Unified,92708,394.0,989.0,658.7665805340224,1.0,52.0,0,580.5,1.173913043478261,13.547406250927828,14.22097566607244,13.555236991362728,770840.6806912338
True,False,2025-12-29,950000.0,37.85422464,-122.28211262,1136.0,92065 - Ramona,True,2.0,0.0892,1922.0,1.0,Berkeley,3.0,True,1.0,One,3885.0,False,2.0,Los Angeles Unified,94702,0.0,3885.0,836.2676056338029,3.0,103.0,0,378.6666666666667,0.2924066924066924,13.764217263576723,14.096915897380246,13.812548775266581,997042.599053682
False,False,2025-12-15,749000.0,34.032238,-118.159886,1294.0,ELA - East Los Angeles,True,0.0,0.0716,1924.0,3.0,East Los Angeles,3.0,False,1.0,One,3121.0,False,0.0,Los Angeles Unified,90022,0.0,3121.0,578.8253477588871,1.0,101.0,0,431.3333333333333,0.41461070169817366,13.526494262499357,13.4034268364651,13.472406150389709,709564.1238234487
False,False,2025-12-05,930000.0,33.99154,-117.870278,1584.0,668 - Walnut,False,1.0,0.1868,1970.0,2.0,Walnut,4.0,True,1.0,One,8136.0,False,1.0,Rowland Unified,91789,0.0,8136.0,587.1212121212121,2.0,55.0,0,396.0,0.19469026548672566,13.742939865129438,13.963930563082547,13.849338771828783,1034406.8947013582
True,False,2025-12-08,780000.0,34.349942,-119.083897,2038.0,SPL - Santa Paula,True,2.0,0.18,1965.0,3.0,Santa Paula,3.0,True,1.0,One,7840.0,False,2.0,Simi Valley Unified,93060,0.0,7840.0,382.7281648675172,1.0,60.0,0,679.3333333333334,0.2599489795918367,13.567049198665774,13.54098713967118,13.602502324494628,808149.4833148556
True,True,2025-12-05,875000.0,34.197711,-118.980931,1659.0,VC45 - Mission Oaks,True,2.0,0.181,1987.0,2.0,Camarillo,2.0,True,1.0,One,7884.0,False,2.0,Lake Elsinore Unified,93012,265.0,7884.0,527.4261603375527,1.0,38.0,0,829.5,0.2104261796042618,13.681979165339751,13.710150042306449,13.56812436283372,780839.0790440285
True,False,2025-12-08,1185000.0,34.213824,-118.572583,3276.0,WIN - Winnetka,True,2.0,0.1271,2005.0,4.0,Winnetka,5.0,True,2.0,Two,5537.0,False,2.0,Los Angeles Unified,91306,0.0,5537.0,361.7216117216117,1.25,20.0,0,655.2,0.5916561314791403,13.985253332551368,13.65680576350189,13.857250395491391,1042623.1920350571
True,False,2025-12-04,1587000.0,37.74515053,-122.24537014,1585.0,SRCAR - Southwest Riverside County,True,2.0,0.1079,1984.0,2.0,Alameda,3.0,True,1.0,One,4700.0,False,2.0,Hemet Unified,94502,240.0,4700.0,1001.2618296529968,1.5,41.0,0,528.3333333333334,0.3372340425531915,14.277355999508545,14.190510554040639,14.066467925180596,1285255.289152455
False,False,2025-12-24,775000.0,34.278566,-119.197748,1223.0,SRCAR - Southwest Riverside County,True,2.0,0.14,1961.0,2.0,Ventura,3.0,False,1.0,One,6098.0,False,2.0,Chaffey Joint Union High,93003,250.0,6098.0,633.6876533115291,1.5,64.0,0,407.6666666666667,0.2005575598556904,13.560618308335483,13.825460888817442,13.691218880585772,883122.2165399638
True,False,2025-12-03,1250000.0,37.93807805,-122.31505751,2036.0,STUD - Studio City,True,2.0,0.155,1978.0,3.0,El Cerrito,3.0,True,1.0,One,6750.0,False,2.0,West Contra Costa,94530,0.0,6750.0,613.9489194499017,1.0,47.0,0,678.6666666666666,0.30162962962962964,14.038654109278484,14.137594057133388,14.107902218808691,1339627.5945793618
True,False,2025-12-09,775000.0,37.72048281,-122.17157604,1158.0,699 - Not Defined,False,1.0,0.1152,1942.0,2.0,San Leandro,2.0,True,1.0,One,5016.0,False,1.0,Chico Unified,94577,82.0,5016.0,669.2573402417962,1.0,83.0,0,579.0,0.23086124401913877,13.560618308335483,13.667799101765917,13.571972523824256,783849.6624174952
True,False,2025-12-12,875000.0,34.436236,-118.454854,2294.0,SKYLN - Skyline Ranch,True,2.0,0.1286,2020.0,3.0,Saugus,4.0,False,2.0,Two,5600.0,False,2.0,William S. Hart Union,91350,240.0,5600.0,381.4298169136879,1.3333333333333333,5.0,0,573.5,0.40964285714285714,13.681979165339751,13.652991628466498,13.788543836091687,973393.6337027238
True,False,2025-12-08,699000.0,33.698337,-116.393924,2020.0,323 - South Palm Desert,True,1.0,0.24,1987.0,3.0,Palm Desert,2.0,True,1.0,One,10454.0,False,1.0,Perris Union High,92260,82.0,10454.0,346.03960396039605,0.6666666666666666,38.0,0,1010.0,0.19322747273770804,13.457406021215947,13.624349319661324,13.57168086210992,783621.0768176275
True,True,2025-12-09,900000.0,34.215835,-118.509089,1246.0,VN - Van Nuys,True,2.0,0.1429,1952.0,2.0,Van Nuys,3.0,False,1.0,One,6225.0,False,2.0,Los Angeles Unified,91406,0.0,6225.0,722.3113964686999,1.5,73.0,0,415.3333333333333,0.20016064257028113,13.710150042306449,13.708480036117827,13.635111623738027,834937.0599929453
False,False,2025-12-01,850000.0,33.903807,-118.33026,2269.0,110 - East Hawthorne,True,2.0,0.0516,2006.0,4.0,Hawthorne,4.0,True,2.0,Two,2249.0,False,2.0,Hawthorne,90250,98.0,2249.0,374.614367562803,1.0,19.0,0,567.25,1.0088928412627836,13.652991628466498,13.710150042306449,13.788771278271303,973615.0496511061
False,False,2025-12-05,780000.0,34.103804,-117.917485,1217.0,614 - Covina,False,2.0,0.1393,1954.0,2.0,Covina,3.0,False,1.0,One,6070.0,False,2.0,Azusa Unified,91722,0.0,6070.0,640.9202958093673,1.5,71.0,0,405.6666666666667,0.20049423393739704,13.567049198665774,13.592367006650065,13.54617574259495,763887.4515678016
True,False,2025-12-23,820000.0,34.118769,-117.879022,1562.0,629 - Glendora,True,2.0,0.1383,1955.0,2.0,Glendora,4.0,False,1.0,One,6024.0,False,2.0,Glendora Unified,91740,0.0,6024.0,524.9679897567222,2.0,70.0,0,390.5,0.2592961487383798,13.617059619240436,13.635169075296139,13.580892812954144,790873.1070468741
True,False,2025-12-04,1450000.0,34.092019,-118.255637,1720.0,C21 - Silver Lake - Echo Park,True,2.0,0.1725,1992.0,3.0,Echo Park,3.0,True,2.0,Two,7512.0,False,2.0,Los Angeles Unified,90039,0.0,7512.0,843.0232558139535,1.0,33.0,0,573.3333333333334,0.22896698615548455,14.187074114396758,14.283164926819232,14.13902244338365,1381972.5814941188
False,False,2025-12-26,985000.0,32.83558355,-117.20540359999998,1248.0,92117 - Clairemont Mesa,True,4.0,1.07,1957.0,2.0,San Diego,3.0,True,1.0,One,6600.0,False,2.0,Palmdale,92117,35.0,15682.0,789.2628205128206,1.5,68.0,0,416.0,0.07958168600943757,13.800396920154226,13.964016766263498,13.830830660359423,1015438.0567516548
False,False,2025-12-01,1150000.0,34.043465999999995,-118.127121,1812.0,641 - Monterey Park,True,2.0,0.1916,1977.0,2.0,Monterey Park,4.0,False,1.0,One,8348.0,False,2.0,Montebello Unified,91755,0.0,8348.0,634.6578366445916,2.0,48.0,0,453.0,0.21705797795879253,13.955272500339433,13.792750300313369,13.77659895735554,961835.7310814935
True,False,2025-12-10,3100000.0,37.81253759,-121.91574654,4310.0,252 - Riverside,True,3.0,0.353,1986.0,3.0,Danville,4.0,True,1.0,One,15375.0,False,3.0,Santa Maria Joint Union,94506,200.0,15375.0,719.2575406032482,1.3333333333333333,39.0,0,1077.5,0.28032520325203253,14.946912669455374,14.68050799545088,14.850353776377553,2814664.9133981564
True,False,2025-12-30,725000.0,34.26976,-118.313722,1674.0,659 - Sunland/Tujunga,False,0.0,0.1432,1923.0,2.0,Sunland,3.0,False,1.0,One,6239.0,False,0.0,Los Angeles Unified,91040,0.0,6239.0,433.09438470728793,1.5,102.0,0,558.0,0.26831222952396216,13.493926933836812,13.77468856344402,13.844015468120297,1028915.0629556138
True,False,2025-12-31,473000.0,33.777076,-118.17836,524.0,"4 - Downtown Area, Alamitos Beach",True,0.0,0.0277,1921.0,1.0,Long Beach,2.0,False,1.0,One,1207.0,False,0.0,Long Beach Unified,90813,0.0,1207.0,902.6717557251908,2.0,104.0,0,262.0,0.43413421706710853,13.06685066747407,13.399995114002609,13.0525218537999,466270.79701341304
True,True,2025-12-19,1836500.0,33.08062,-117.241912,2236.0,92009 - Carlsbad,True,4.0,0.1814,1985.0,3.0,Carlsbad,4.0,True,2.0,Two,7900.0,False,2.0,San Dieguito Union,92009,0.0,7900.0,821.3327370304114,1.3333333333333333,40.0,0,559.0,0.2830379746835443,14.42337214424186,14.457364444136669,14.342650887461861,1694080.8620854157
False,False,2025-12-16,2274140.0,37.34509737,-121.95860847,2297.0,699 - Not Defined,False,2.0,0.1751,1953.0,3.0,Santa Clara,3.0,True,1.0,One,7626.0,False,2.0,Other,95050,0.0,7626.0,990.047888550283,1.0,72.0,0,765.6666666666666,0.3012063991607658,14.637112516920846,14.349071368752643,14.497041951398947,1976902.8313476986
True,False,2025-12-26,2106000.0,33.049156,-117.264671,2767.0,92024 - Encinitas,True,3.0,0.1669,1984.0,3.0,Encinitas,5.0,True,2.0,Two,7269.0,False,3.0,San Dieguito Union,92024,230.0,7269.0,761.1131189013372,1.6666666666666667,41.0,0,553.4,0.38065758701334435,14.560300971676059,14.603967918328545,14.664370566597478,2336981.194415405
True,False,2025-12-12,800000.0,34.138701,-117.589981,2567.0,688 - Rancho Cucamonga,True,3.0,0.1171,1992.0,4.0,Rancho Cucamonga,4.0,True,2.0,Two,5100.0,False,3.0,Alta Loma,91737,0.0,5100.0,311.6478379431243,1.0,33.0,0,641.75,0.5033333333333333,13.592367006650065,13.75893124807979,13.932055253666265,1123607.7297811469
False,False,2025-12-10,751000.0,32.84705996,-117.00030893,1729.0,92071 - Santee,True,4.0,0.18,1960.0,2.0,Santee,3.0,True,1.0,One,7193.0,False,2.0,Riverside Unified,92071,0.0,5663.0,434.3551185656449,1.5,65.0,0,576.3333333333334,0.3053152039555006,13.529160930746272,13.652403046879991,13.682832526981676,875747.0101262447
True,False,2025-12-24,1324900.0,33.712821000000005,-118.290035,2242.0,181 - Point Fermin,True,2.0,0.0574,1978.0,3.0,San Pedro,4.0,True,1.0,ThreeOrMore,2500.0,False,2.0,Los Angeles Unified,90731,0.0,2500.0,590.9455842997323,1.3333333333333333,47.0,0,560.5,0.8968,14.096847542856214,13.693342923990066,13.80507401087029,989617.7246961842
False,False,2025-12-19,720000.0,37.99033421,-122.29712754,1627.0,NHO - North Hollywood,True,2.0,0.2405,1961.0,3.0,Pinole,4.0,True,1.0,One,10476.0,False,2.0,Hemet Unified,94564,168.0,10476.0,442.5322679778734,1.3333333333333333,64.0,0,406.75,0.155307369224895,13.487006490992238,13.504212795659775,13.556590219075025,771884.5097720401
True,False,2025-12-23,530000.0,34.067778000000004,-117.445635,912.0,264 - Fontana,True,2.0,0.241,1959.0,1.0,Fontana,2.0,False,1.0,One,10500.0,False,2.0,Jurupa Unified,92335,0.0,10500.0,581.140350877193,2.0,66.0,0,456.0,0.08685714285714285,13.180632285528304,13.226723392728571,12.965867458787246,427567.5039146001
True,False,2025-12-23,520000.0,34.447869,-118.670048,1101.0,VVER - Val Verde,True,1.0,0.1147,1957.0,1.0,Castaic,3.0,False,1.0,One,4998.0,False,1.0,William S. Hart Union,91384,0.0,4998.0,472.2979109900091,3.0,68.0,0,367.0,0.22028811524609843,13.16158409055761,13.602317337503232,13.463932511053343,703576.9358126436
True,True,2025-12-09,1680000.0,33.704921,-117.946865,2426.0,16 - Fountain Valley / Northeast HB,True,3.0,0.1377,1971.0,3.0,Fountain Valley,5.0,True,2.0,Two,6000.0,False,3.0,Fountain Valley,92708,0.0,6000.0,692.4979389942292,1.6666666666666667,54.0,0,485.2,0.4043333333333333,14.334304351379442,14.22097566607244,14.30295789850359,1628154.7861350714
True,True,2025-12-03,820000.0,34.011724,-117.296574,2329.0,252 - Riverside,True,3.0,0.25,2018.0,2.0,Riverside,4.0,True,1.0,One,10890.0,False,3.0,Riverside Unified,92507,0.0,10890.0,352.082438814942,2.0,7.0,0,582.25,0.21386593204775023,13.617059619240436,13.38472764187182,13.49283975127527,724212.2209502985
False,False,2025-12-22,1550000.0,37.47764249,-122.44161894,2144.0,699 - Not Defined,False,2.0,0.1858,1977.0,3.0,Half Moon Bay,4.0,True,2.0,One,8094.0,False,2.0,Other,94019,0.0,8094.0,722.9477611940298,1.3333333333333333,48.0,0,536.0,0.26488757104027677,14.253765488895429,14.346138809026444,14.338774075520309,1687525.9434725586
True,False,2025-12-05,1115000.0,34.167686,-118.963958,2243.0,TOW - Thousand Oaks West,True,2.0,0.14,2001.0,3.0,Thousand Oaks,3.0,True,1.0,One,6098.0,False,2.0,Conejo Valley Unified,91320,144.0,6098.0,497.1020954079358,1.0,24.0,0,747.6666666666666,0.3678255165628075,13.924364962876357,13.933293593620657,13.981542765711156,1180611.1259352455
False,False,2025-12-11,700000.0,37.98605523,-122.00080321,1216.0,VVL - Valley Village,True,4.0,0.1653,1955.0,2.0,Concord,3.0,True,1.0,One,7200.0,False,2.0,Other,94519,0.0,7200.0,575.6578947368421,1.5,70.0,0,405.3333333333333,0.1688888888888889,13.458835614025542,13.514405465180353,13.490890230054287,722801.7291955949
True,False,2025-12-03,1365425.0,33.807035,-118.321992,2739.0,135 - South East Torrance - East,True,3.0,0.1888,1980.0,3.0,Torrance,5.0,True,2.0,Two,8224.0,False,3.0,Torrance Unified,90501,0.0,8224.0,498.5122307411464,1.6666666666666667,45.0,0,547.8,0.3330496108949416,14.126976293451547,13.9016461684345,14.025168138503744,1233255.6968977777
False,False,2025-12-10,740000.0,34.206049,-119.188315,1078.0,VC31 - Oxnard - Northwest,True,2.0,0.172,1952.0,1.0,Oxnard,3.0,True,1.0,One,7492.0,False,2.0,Valley Center - Pauma,93030,0.0,7492.0,686.4564007421151,3.0,73.0,0,359.3333333333333,0.14388681260010677,13.514405465180353,13.617059619240436,13.461218089250671,701669.7209021278
True,False,2025-12-04,1500000.0,34.176706,-118.101984,2273.0,604 - Altadena,True,2.0,0.1735,1941.0,4.0,Altadena,4.0,True,1.0,One,7557.0,False,2.0,Tustin Unified,91001,0.0,7557.0,659.9208095028597,1.0,84.0,0,568.25,0.3007807330951436,14.22097566607244,13.926582083454587,14.214371535290738,1490126.4428446807
True,False,2025-12-05,1749000.0,34.107794,-118.23068,2962.0,623 - Glassel Park,True,5.0,0.1626,1965.0,5.0,Glassell Park,6.0,True,2.0,Two,7085.0,False,0.0,Los Angeles Unified,90065,0.0,7085.0,590.4794058068873,1.2,60.0,0,493.6666666666667,0.4180663373323924,14.374554754000739,14.050977780915009,14.317794517293489,1652491.1865560592
False,False,2025-12-19,641991.0,33.799366,-117.199447,2446.0,SRCAR - Southwest Riverside County,True,2.0,0.158,2025.0,3.0,Perris,3.0,False,1.0,One,6882.0,True,2.0,Perris Union High,92571,0.0,6882.0,262.46565821749795,1.0,0.0,0,815.3333333333334,0.35541993606509736,13.372329563882246,13.214938819306386,13.358283044934165,633036.2996711408
True,False,2025-12-31,550000.0,32.581547,-117.100367,1204.0,92115 - San Diego,True,2.0,0.14,1958.0,2.0,San Diego,3.0,False,1.0,One,6100.0,False,2.0,Sweetwater Union,92154,0.0,6100.0,456.8106312292359,1.5,67.0,0,401.3333333333333,0.19737704918032786,13.217673557208654,13.579788224443204,13.528246273835201,750313.4067063032
True,False,2025-12-19,660000.0,34.630390000000006,-120.454504,1670.0,LOMP - Lompoc,True,2.0,0.23,1962.0,2.0,Lompoc,3.0,True,1.0,One,10019.0,False,2.0,Lompoc Unified,93436,0.0,10019.0,395.20958083832335,1.5,63.0,0,556.6666666666666,0.16668330172671925,13.399995114002609,13.315443355929407,13.285857663471425,588809.3131671906
False,False,2025-12-08,2350000.0,37.5306868,-122.33925738,1510.0,699 - Not Defined,True,2.0,0.1872,1952.0,2.0,San Mateo,3.0,True,2.0,One,8155.0,False,2.0,Other,94402,0.0,8155.0,1556.291390728477,1.5,73.0,0,503.3333333333333,0.18516247700797056,14.669925886120343,14.777515526790612,14.559111919938035,2103497.3452275903
False,False,2025-12-02,837000.0,32.69626241,-117.07043155,1392.0,92114 - Encanto,True,4.0,0.1262,1984.0,2.0,San Diego,4.0,True,1.0,One,5496.0,False,2.0,Orange Unified,92114,0.0,5496.0,601.2931034482758,2.0,41.0,0,348.0,0.25327510917030566,13.637579349471613,13.547631112808673,13.472359937495092,709531.3335690427
True,False,2025-12-04,442000.0,33.729644,-116.37134,1353.0,322 - North Palm Desert,True,2.0,0.2,1959.0,2.0,Palm Desert,3.0,False,1.0,One,8712.0,False,2.0,Desert Sands Unified,92260,0.0,8712.0,326.6814486326681,1.5,66.0,0,451.0,0.1553030303030303,12.999065161059836,13.624349319661324,13.53790967969185,757599.1354560445
True,False,2025-12-18,515000.0,33.923608,-117.214536,1060.0,259 - Moreno Valley,True,2.0,0.17,1986.0,2.0,Moreno Valley,3.0,True,1.0,One,7404.0,False,2.0,Moreno Valley Unified,92553,0.0,7404.0,485.8490566037736,1.5,39.0,0,353.3333333333333,0.1431658562938952,13.151922179645874,13.159174447339636,13.038312148397548,459692.0778757669
False,False,2025-12-17,1249000.0,33.86365,-118.328523,2041.0,132 - N Torrance - West,True,2.0,0.1318,1953.0,3.0,Torrance,4.0,False,1.0,One,5740.0,False,2.0,Torrance Unified,90504,0.0,5740.0,611.9549240568349,1.3333333333333333,72.0,0,510.25,0.35557491289198606,14.037853789107714,13.822979494146377,13.960792375781681,1156365.4087279357
True,False,2025-12-09,1070000.0,34.253583,-118.314301,2133.0,659 - Sunland/Tujunga,False,2.0,0.1446,1962.0,3.0,Sunland,3.0,True,1.0,One,6300.0,False,2.0,Los Angeles Unified,91040,0.0,6300.0,501.6408813877168,1.0,63.0,0,711.0,0.3385714285714286,13.883169206438088,13.77468856344402,13.916488324470931,1106252.0456425033
False,False,2025-12-11,585000.0,33.98771,-118.304379,1114.0,C34 - Los Angeles Southwest,True,0.0,0.0771,1980.0,2.0,Los Angeles,3.0,False,1.0,One,3359.0,False,0.0,Los Angeles Unified,90047,0.0,3359.0,525.1346499102334,1.5,45.0,0,371.3333333333333,0.3316463233105091,13.279367126213993,13.493926933836812,13.244524562605545,564968.1080496054
False,False,2025-12-10,371700.0,34.545418,-118.07193999999998,2196.0,PLM - Palmdale,True,3.0,0.1524,1990.0,3.0,Palmdale,4.0,True,1.0,One,6638.0,False,3.0,Antelope Valley Union,93550,0.0,6638.0,169.2622950819672,1.3333333333333333,35.0,0,549.0,0.33082253690870744,12.825842356285344,13.049792684569493,13.140590702868765,509197.2285355018
False,False,2025-12-19,875000.0,37.01959727,-121.58914137,1708.0,699 - Not Defined,True,2.0,0.1603,1966.0,2.0,Gilroy,3.0,True,1.0,Two,6984.0,False,2.0,Gilroy Unified,95020,584.0,6984.0,512.2950819672132,1.5,59.0,0,569.3333333333334,0.24455899198167239,13.681979165339751,13.965653216393994,13.922600208394462,1113034.0339865813
False,False,2025-12-02,720000.0,37.90276549,-122.31144087,1543.0,91941 - La Mesa,False,2.0,0.0735,1940.0,2.0,Richmond,3.0,True,2.0,Two,3200.0,False,1.0,Moreno Valley Unified,94804,0.0,3200.0,466.62346079066754,1.5,85.0,0,514.3333333333334,0.4821875,13.487006490992238,13.337442237753596,13.366331596324494,638151.883766481
True,False,2025-12-12,1850000.0,37.47424424,-121.91277278,1574.0,668 - Walnut,False,0.0,0.1612,1964.0,3.0,Fremont,3.0,True,2.0,Two,7020.0,False,0.0,Fremont Unified,94539,299.0,7020.0,1175.3494282083864,1.0,61.0,0,524.6666666666666,0.22421652421652422,14.430696197054507,14.71159858252091,14.526858605524646,2036735.0245487478
False,False,2025-12-05,959000.0,33.767615,-117.98621599999998,1178.0,"65 - N of Blsa, S of GGrv, E of Bch, W of Brookhrs",True,2.0,0.1653,1954.0,2.0,Garden Grove,3.0,True,1.0,One,7200.0,False,2.0,Huntington Beach Union High,92844,0.0,7200.0,814.0916808149406,1.5,71.0,0,392.6666666666667,0.16361111111111112,13.773646353865574,13.827905642367885,13.707334322023664,897469.4161255973
True,False,2025-12-02,500000.0,34.249382000000004,-117.26471,1973.0,286 - Crestline Area,True,5.0,0.1345,1967.0,2.0,Crestline,4.0,True,1.0,One,5860.0,False,2.0,Rim of the World,92325,0.0,5860.0,253.42118601115047,2.0,58.0,0,493.25,0.3366894197952218,13.122363377404328,12.793859310432293,12.870624701363178,388723.93864115456
False,False,2025-12-19,2376550.0,32.8252053,-117.23674388,2266.0,92037 - La Jolla,True,4.0,0.1302,1970.0,3.0,La Jolla,4.0,False,1.0,One,10500.0,False,2.0,Other,92037,0.0,6600.0,1048.7864077669904,1.3333333333333333,55.0,0,566.5,0.3433333333333333,14.68116041415845,15.084846812896313,14.907769089585004,2980999.1561529357
False,False,2025-12-29,540000.0,34.137009,-118.152455,462.0,647 - Pasadena (SW),True,1.0,0.0348,1915.0,1.0,Pasadena,1.0,True,1.0,One,1518.0,False,0.0,Jurupa Unified,91105,242.0,1518.0,1168.8311688311687,1.0,110.0,0,462.0,0.30434782608695654,13.199324418540456,14.739643644497264,13.496835017199194,727111.4290555603
True,False,2025-12-18,5180000.0,33.89264,-118.405472,3471.0,143 - Manhattan Bch Tree,True,2.0,0.1142,1993.0,4.0,Manhattan Beach,5.0,True,2.0,Two,4973.0,False,2.0,Manhattan Unified,90266,0.0,4973.0,1492.3653125900316,1.25,32.0,0,694.2,0.6979690327769957,15.460315614235666,15.040754419423045,15.200541006779115,3994947.5443828125
True,False,2025-12-01,2320000.0,35.267109000000005,-120.62918,2554.0,SLO - San Luis Obispo,True,3.0,10.34,1984.0,3.0,San Luis Obispo,3.0,True,1.0,One,10.34,False,3.0,San Luis Coastal Unified,93401,0.0,450410.4,908.3790133124512,1.0,41.0,0,851.3333333333334,0.005670384165196896,14.657077743642493,13.997832114758229,14.17191849915125,1428190.0469861513
True,False,2025-12-02,1988000.0,37.69694065,-121.86891516,2544.0,MN - Mission Viejo North,True,2.0,0.171,1970.0,3.0,Pleasanton,5.0,True,2.0,Two,7447.0,False,2.0,Pleasanton,94588,37.0,7447.0,781.4465408805031,1.6666666666666667,55.0,0,508.8,0.34161407278098566,14.502639666198656,14.25858093542591,14.353754137740255,1712995.4784294064
False,False,2025-12-11,785000.0,33.970538,-118.216797,1412.0,"T5 - WalnutPk, HuntPk, Bell N of Florence, and Cud",False,1.0,0.1374,1923.0,2.0,Huntington Park,3.0,True,1.0,One,5986.0,False,1.0,Los Angeles Unified,90255,0.0,5986.0,555.9490084985836,1.5,102.0,0,470.6666666666667,0.2358837287003007,13.573438996764546,13.465953081794405,13.4653795104928,704595.7481770731
True,False,2025-12-04,970000.0,37.93849527,-121.96218965,2032.0,SRCAR - Southwest Riverside County,True,2.0,0.2006,1986.0,3.0,Concord,4.0,True,2.0,Two,8740.0,False,2.0,San Francisco Unified,94521,0.0,8740.0,477.3622047244094,1.3333333333333333,39.0,0,508.0,0.23249427917620138,13.785051350479566,13.656514826473817,13.7344812681825,922166.6809882001
True,False,2025-12-10,1285000.0,33.867501000000004,-117.816281,2522.0,699 - Not Defined,True,2.0,0.1295,1974.0,2.0,Anaheim,4.0,True,1.0,One,5640.0,False,2.0,Placentia-Yorba Linda Unified,92807,0.0,5640.0,509.5162569389374,2.0,51.0,0,630.5,0.4471631205673759,14.066269276311457,13.997832114758229,14.131594610632712,1371745.549654456
False,False,2025-12-18,925000.0,34.234228,-119.158099,2241.0,VC36 - El Rio / Nyeland Acres,False,3.0,0.3,1950.0,2.0,Oxnard,3.0,True,1.0,One,13068.3,False,3.0,San Diego Unified,93036,0.0,13068.3,412.7621597501115,1.5,75.0,0,747.0,0.17148366658249353,13.737549016494562,13.641157170819497,13.834614449166628,1019287.5381246984
True,True,2025-12-11,1380000.0,37.67767887,-121.90850597,1549.0,699 - Not Defined,True,2.0,0.1538,1969.0,2.0,Pleasanton,3.0,True,1.0,Two,6701.0,False,2.0,Other,94588,76.5,6701.0,890.8973531310523,1.5,56.0,0,516.3333333333334,0.23115952842859275,14.137594057133388,14.25858093542591,14.136386034662712,1378333.9355147453
True,True,2025-12-02,1255000.0,33.800026,-118.117926,1573.0,"34 - Los Altos, X-100",False,2.0,0.139,1953.0,2.0,Long Beach,4.0,True,1.0,One,6054.0,False,2.0,Long Beach Unified,90815,0.0,6054.0,797.8385251112524,2.0,72.0,0,393.25,0.25982821275189955,14.042646130548022,13.937728190688523,13.846789905272011,1031773.6868346947
False,False,2025-12-05,765000.0,32.73614432,-117.04957496,1307.0,91945 - Lemon Grove,True,4.0,0.1515,1961.0,2.0,Lemon Grove,3.0,False,1.0,One,6600.0,False,2.0,Glendale Unified,91945,436.0,6600.0,585.30986993114,1.5,64.0,0,435.6666666666667,0.19803030303030303,13.547631112808673,13.547631112808673,13.50952339884521,736396.0753697149
True,False,2025-12-12,4675000.0,33.499832,-117.693843,4609.0,LNSLT - Salt Creek,True,6.0,0.225,1994.0,6.0,Laguna Niguel,4.0,True,2.0,Two,9800.0,False,3.0,Capistrano Unified,92677,450.0,9800.0,1014.3198090692124,0.6666666666666666,31.0,0,1152.25,0.47030612244897957,15.357739720704924,14.349075668699754,15.111809298316976,3655740.7503897008
True,True,2025-12-23,715000.0,33.933347,-117.336695,1866.0,252 - Riverside,True,3.0,0.21,1988.0,3.0,Riverside,4.0,True,2.0,Two,9148.0,False,3.0,Riverside Unified,92506,0.0,9148.0,383.1725616291533,1.3333333333333333,37.0,0,466.5,0.2039790118058592,13.480037821676145,13.493926933836812,13.507394977627815,734830.3811579536
False,False,2025-12-29,601990.0,33.691543,-117.140179,2191.0,SRCAR - Southwest Riverside County,True,2.0,0.1389,2025.0,3.0,Menifee,3.0,False,1.0,One,6050.0,True,2.0,Menifee Union,92584,81.0,6050.0,274.7558192606116,1.0,0.0,0,730.3333333333334,0.3621487603305785,13.307996112857309,13.353475098367715,13.36798528488712,639208.0612915369
True,False,2025-12-05,3175000.0,34.053132,-118.539528,2588.0,C15 - Pacific Palisades,True,2.0,0.289,1958.0,3.0,Pacific Palisades,3.0,True,2.0,Two,12590.0,False,2.0,Other,90272,350.0,12590.0,1226.8160741885629,1.0,67.0,0,862.6666666666666,0.20555996822875297,14.970818190308929,14.966082585563095,14.93486987794256,3062891.241317892
False,False,2025-12-19,769074.0,33.691095000000004,-117.14059,3237.0,SRCAR - Southwest Riverside County,True,3.0,0.159,2025.0,4.0,Menifee,5.0,False,2.0,Two,6928.0,True,3.0,Menifee Union,92584,79.0,6928.0,237.5885078776645,1.25,0.0,0,647.4,0.46723441108545033,13.552942472726741,13.353475098367715,13.560076976450999,774580.5813221177
True,False,2025-12-16,535000.0,38.33497396,-121.9793746,1965.0,699 - Not Defined,True,2.0,0.17,1967.0,2.0,Vacaville,3.0,True,1.0,One,7405.0,False,2.0,Coalinga-Huron Joint Unified,95687,0.0,7405.0,272.264631043257,1.5,58.0,0,655.0,0.26536124240378123,13.190022025878143,13.424850009081805,13.41185669747958,667875.259282154
False,False,2025-12-24,760990.0,33.691959000000004,-117.13985,3237.0,SRCAR - Southwest Riverside County,True,2.0,0.1561,2025.0,5.0,Menifee,6.0,False,2.0,Two,6800.0,True,2.0,Menifee Union,92584,79.0,6800.0,235.09113376583252,1.2,0.0,0,539.5,0.47602941176470587,13.542375496153017,13.353475098367715,13.617655561637239,820488.8184047176
False,False,2025-12-29,1750000.0,37.27104153,-121.80172712,2998.0,699 - Not Defined,True,3.0,0.1377,1981.0,4.0,San Jose,4.0,True,2.0,Two,6000.0,False,2.0,Other,95111,359.0,6000.0,583.7224816544363,1.0,44.0,0,749.5,0.49966666666666665,14.375126345899696,13.915345655528558,14.153094129197545,1401556.7333224698
False,False,2025-12-22,563000.0,33.144335,-117.044156,1154.0,92025 - Escondido,True,2.0,0.047,1982.0,2.0,Escondido,2.0,True,1.0,One,2046.0,False,2.0,Escondido Union,92025,323.0,2046.0,487.8682842287695,1.0,43.0,0,577.0,0.5640273704789834,13.241034907121827,13.740514638062564,13.320697984516443,609685.1677771555
False,True,2025-12-05,994500.0,33.684843,-116.26166200000002,2811.0,313 - La Quinta South of HWY 111,True,6.0,0.24,2003.0,4.0,La Quinta,3.0,True,1.0,One,10454.0,False,3.0,Los Angeles Unified,92253,545.0,10454.0,353.7886872998933,0.75,22.0,0,937.0,0.26889229003252346,13.809995377276165,13.545013310266594,14.040773529246062,1252652.084407046
True,True,2025-12-04,527500.0,33.701578999999995,-116.272535,2100.0,313 - La Quinta South of HWY 111,True,2.0,0.14,2001.0,3.0,La Quinta,3.0,True,2.0,One,6098.0,False,2.0,Perris Union High,92253,344.0,6098.0,251.1904761904762,1.0,24.0,0,700.0,0.34437520498524105,13.175904144332359,13.545013310266594,13.512453089227844,738556.6512333313
True,False,2025-12-04,1305000.0,37.56765434,-122.06973818,1655.0,SRCAR - Southwest Riverside County,True,2.0,0.1088,1980.0,3.0,Union City,4.0,False,2.0,Two,4739.0,False,2.0,Capistrano Unified,94587,322.0,4739.0,788.5196374622357,1.3333333333333333,45.0,0,413.75,0.3492297953154674,14.081713598738931,14.117095535585046,14.015861678155106,1221831.6926290677
True,False,2025-12-05,744000.0,37.71264509,-122.12251428,2123.0,314 - Indio South of East Valley,True,1.0,0.1297,1948.0,3.0,Castro Valley,4.0,False,1.0,MultiSplit,5650.0,False,1.0,San Lorenzo,94578,0.0,5650.0,350.4474799811587,1.3333333333333333,77.0,0,530.75,0.37575221238938056,13.51979631381523,13.652991628466498,13.862819615702549,1048445.9893589448
True,False,2025-12-26,255500.0,34.208908,-117.088073,700.0,288 - Running Springs,True,0.0,0.1515,1972.0,1.0,Arrowbear,2.0,True,1.0,One,6600.0,False,0.0,Rim of the World,92382,0.0,6600.0,365.0,2.0,53.0,0,350.0,0.10606060606060606,12.450977688625896,12.793859310432293,12.486964575896346,264862.09569063137
True,False,2025-12-02,747000.0,32.76061567,-117.02106609,864.0,91941 - La Mesa,True,0.0,0.1254,1938.0,1.0,La Mesa,3.0,True,1.0,One,5464.0,False,0.0,Ontario-Montclair,91941,0.0,5464.0,864.5833333333334,3.0,87.0,0,288.0,0.1581259150805271,13.523820464114955,13.903955641362648,13.574669385205778,785966.4493585057
True,False,2025-12-10,1060000.0,32.80499695,-117.06588955,1431.0,92120 - Del Cerro,True,4.0,0.2204,1973.0,2.0,San Diego,3.0,True,1.0,One,9600.0,False,2.0,Los Angeles Unified,92120,50.0,9600.0,740.7407407407408,1.5,52.0,0,477.0,0.1490625,13.87377946608825,13.996998434009651,13.819685231186272,1004183.399308881
True,False,2025-12-18,1070000.0,37.84527535,-122.27477626,1385.0,686 - Ontario,True,0.0,0.1023,1906.0,3.0,Oakland,4.0,True,2.0,Two,4455.0,False,0.0,Compton Unified,94608,168.0,4455.0,772.5631768953068,1.3333333333333333,119.0,0,346.25,0.3108866442199775,13.883169206438088,13.598578266649344,13.718812463301193,907830.0434996671
False,True,2025-12-05,637000.0,33.577804,-117.191702,1282.0,SRCAR - Southwest Riverside County,True,2.0,0.14,1987.0,2.0,Murrieta,3.0,True,1.0,One,6098.0,False,2.0,Murrieta,92562,0.0,6098.0,496.8798751950078,1.5,38.0,0,427.3333333333333,0.21023286323384716,13.3645249345543,13.487006490992238,13.318291215421725,608219.5607541511
True,True,2025-12-24,680000.0,33.60492,-117.256053,2459.0,SRCAR - Southwest Riverside County,True,6.0,0.18,1990.0,3.0,Wildomar,4.0,True,2.0,Two,7841.0,False,3.0,Lake Elsinore Unified,92595,0.0,7841.0,276.53517690117934,1.3333333333333333,35.0,0,614.75,0.31360795816860093,13.42984807715229,13.442996549995796,13.49429819833549,725269.2167337578
False,False,2025-12-22,240000.0,33.619595000000004,-114.602846,1734.0,374 - Blythe,False,6.0,0.23,1954.0,2.0,Blythe,4.0,False,1.0,One,10018.0,False,6.0,Palo Verde Unified,92225,0.0,10018.0,138.4083044982699,2.0,71.0,0,433.5,0.1730884408065482,12.388394202324129,12.489070342979904,12.603699680355616,297657.76929445064
True,False,2025-12-16,5050000.0,34.031316,-118.50283600000002,2020.0,C14 - Santa Monica,True,4.0,0.1719,1929.0,3.0,Santa Monica,3.0,True,1.0,One,7487.0,False,2.0,Poway Unified,90402,0.0,7487.0,2500.0,1.0,96.0,0,673.3333333333334,0.26980098837985844,15.434898801251542,15.464169183551656,15.206811528907084,4020076.6553445985
True,False,2025-12-08,605000.0,33.637464,-117.199045,2134.0,SRCAR - Southwest Riverside County,False,2.0,2.53,1989.0,3.0,Menifee,3.0,True,1.0,One,2.53,False,2.0,Menifee Union,92584,0.0,110206.8,283.50515463917526,1.0,36.0,0,711.3333333333334,0.019363596438695254,13.312983737012978,13.353475098367715,13.563178369553563,776986.58925407
True,False,2025-12-12,695000.0,33.926398,-117.505249,1902.0,252 - Riverside,True,2.0,0.25,1963.0,2.0,Riverside,4.0,True,1.0,One,10890.0,False,2.0,Alvord Unified,92505,0.0,10890.0,365.4048370136698,2.0,62.0,0,475.5,0.1746556473829201,13.45166712454693,13.38779984090879,13.388334344881706,652348.5897433433
True,False,2025-12-30,1042000.0,33.797548,-117.946601,1240.0,"62 - Garden Grove N of Chapman, W of Euclid",True,2.0,0.1983,1958.0,2.0,Garden Grove,4.0,True,1.0,One,8640.0,False,2.0,Garden Grove Unified,92840,0.0,8640.0,840.3225806451613,2.0,67.0,0,310.0,0.14351851851851852,13.85665250129545,13.864300722133706,13.705467998051923,895796.0094855698
True,False,2025-12-31,910000.0,34.248541,-118.56662,1878.0,CHT - Chatsworth,True,2.0,0.1745,1958.0,2.0,Chatsworth,3.0,True,2.0,Two,7600.0,False,2.0,Los Angeles Unified,91311,0.0,7600.0,484.5580404685836,1.5,67.0,0,626.0,0.24710526315789474,13.721199878493033,13.944283046980045,13.932177104947229,1123744.6511641752
True,False,2025-12-11,685000.0,34.060438,-117.797074,1200.0,687 - Pomona,True,2.0,0.1557,1954.0,3.0,Pomona,5.0,True,1.0,One,6782.0,False,2.0,Pomona Unified,91768,0.0,6782.0,570.8333333333334,1.6666666666666667,71.0,0,240.0,0.17693895606015925,13.437174117244362,13.373053959873324,13.360258997192387,634288.3858008347
True,False,2025-12-16,580000.0,34.02936775,-118.305728,866.0,"75 - Orange, Orange Park Acres E of 55",False,0.0,0.1223,1905.0,1.0,Los Angeles,2.0,True,1.0,One,5327.0,False,0.0,San Diego Unified,90018,0.0,5327.0,669.7459584295613,2.0,120.0,0,433.0,0.16256804955885112,13.270783382522602,13.681979165339751,13.318042242795247,608068.1495820356
True,False,2025-12-30,425000.0,34.538167,-117.351637,1858.0,699 - Not Defined,True,2.0,0.1663,2016.0,2.0,Victorville,4.0,False,1.0,One,7245.0,False,2.0,Victor Valley Unified,92394,0.0,7245.0,228.740581270183,2.0,9.0,0,464.5,0.2564527260179434,12.959844447906553,12.948009990259552,13.089099000036047,483641.39905060036
False,False,2025-12-01,1235000.0,34.894890000000004,-120.385569,1500.0,OREA - SM/Orcutt East,True,0.0,9.82,1980.0,2.0,Santa Maria,3.0,False,1.0,One,9.82,False,0.0,Santa Maria Joint Union,93454,0.0,427759.2,823.3333333333334,1.5,45.0,0,500.0,0.003506645795110894,14.026581528044215,13.422467969854667,13.525356552496092,748148.3397706007
True,False,2025-12-02,407000.0,34.075214,-117.133112,647.0,284 - Mentone,True,1.0,0.2094,1946.0,1.0,Mentone,2.0,False,1.0,One,9120.0,False,1.0,Redlands Unified,92359,0.0,9120.0,629.0571870170015,2.0,79.0,0,323.5,0.07094298245614035,12.916568464424731,13.147044092173191,12.842936885092636,378108.65677936544
True,False,2025-12-22,266000.0,34.243592,-116.828065,1408.0,SGLF - Sugarloaf,True,0.0,0.12,1980.0,2.0,Sugarloaf,3.0,True,2.0,Two,5227.0,False,0.0,Baldwin Park Unified,92386,0.0,5227.0,188.92045454545453,1.5,45.0,0,469.3333333333333,0.2693705758561316,12.491251587763836,12.644327576461329,12.626706766693577,304585.3939426683
True,False,2025-12-22,565000.0,34.161266,-117.277876,1635.0,274 - San Bernardino,False,2.0,0.2152,1954.0,2.0,San Bernardino,3.0,True,1.0,One,9375.0,False,2.0,San Bernardino City Unified,92404,0.0,9375.0,345.565749235474,1.5,71.0,0,545.0,0.1744,13.244581010128577,13.142166004700508,13.131960620244927,504821.72202941147
True,False,2025-12-03,800000.0,33.474565000000005,-117.095029,2450.0,SRCAR - Southwest Riverside County,True,3.0,0.13,1994.0,3.0,Temecula,3.0,True,2.0,Two,0.13,False,3.0,Temecula Unified,92592,40.0,5662.8,326.53061224489795,1.0,31.0,0,816.6666666666666,0.4326481599208872,13.592367006650065,13.580420735596498,13.610190363363536,814386.5124954248
True,False,2025-12-16,720000.0,34.100303000000004,-117.924156,1078.0,614 - Covina,True,2.0,0.1835,1952.0,2.0,Covina,3.0,False,1.0,One,7994.0,False,2.0,Covina Valley Unified,91722,0.0,7994.0,667.9035250463822,1.5,73.0,0,359.3333333333333,0.13485113835376533,13.487006490992238,13.592367006650065,13.507097857345196,734612.0805797975
True,False,2025-12-19,3826667.0,37.82941587,-121.98593439,4609.0,107 - Holly Glen/Del Aire,True,2.0,0.306,2025.0,6.0,Danville,5.0,True,2.0,Two,13329.0,True,2.0,San Ramon Valley,94526,174.0,13329.0,830.2597092644826,0.8333333333333334,0.0,0,921.8,0.34578738089879213,15.157504747295595,14.430696197054507,15.291635683960383,4375956.506611396
True,False,2025-12-09,2000000.0,33.749288,-118.331158,2716.0,167 - PV Dr East,True,2.0,0.49,1971.0,3.0,Rancho Palos Verdes,4.0,True,2.0,Two,21344.0,False,2.0,Palos Verdes Peninsula Unified,90275,0.0,21344.0,736.3770250368188,1.3333333333333333,54.0,0,679.0,0.1272488755622189,14.508657738524219,14.438232971730155,14.526947853431055,2036916.80699733
True,False,2025-12-24,920000.0,34.112255,-117.774915,1580.0,684 - La Verne,True,0.0,0.1737,1977.0,2.0,La Verne,4.0,True,1.0,One,7567.0,False,0.0,Bonita Unified,91750,0.0,7567.0,582.2784810126582,2.0,48.0,0,395.0,0.20880137438879345,13.732128949025222,13.758940206475879,13.661372799639016,857153.9327875574
False,False,2025-12-05,1351000.0,34.01573,-118.324818,1850.0,PHHT - Park Hills Heights,True,2.0,0.1378,1939.0,2.0,Los Angeles,4.0,True,1.0,One,6001.0,False,2.0,Vista Unified,90008,0.0,6001.0,730.2702702702703,2.0,86.0,0,462.5,0.308281953007832,14.116355616942336,14.085537695177335,14.140326676953942,1383776.1724243818
False,True,2025-12-19,1200000.0,33.750873,-117.843594,1834.0,70 - Santa Ana North of First,True,2.0,0.1537,1963.0,3.0,Santa Ana,4.0,False,2.0,Two,6693.0,False,2.0,Tustin Unified,92701,0.0,6693.0,654.3075245365321,1.3333333333333333,62.0,0,458.5,0.2740176303600777,13.997832114758229,13.68426227135432,13.764314542756274,950092.4197157574
True,False,2025-12-10,760000.0,33.863116999999995,-118.139795,1609.0,699 - Not Defined,False,2.0,0.1236,1944.0,2.0,Lakewood,4.0,False,1.0,One,5383.0,False,2.0,Long Beach Unified,90712,0.0,5383.0,472.3430702299565,2.0,81.0,0,402.25,0.2989039569013561,13.541073712262515,13.671639520838347,13.69362441600132,885249.1554959551
False,False,2025-12-19,408000.0,38.10002107,-122.23224306,770.0,610 - Burbank,True,1.0,0.1422,1941.0,1.0,Vallejo,2.0,False,1.0,One,6194.0,False,1.0,Perris Union High,94590,0.0,6194.0,529.8701298701299,2.0,84.0,0,385.0,0.12431385211494995,12.9190224533863,12.948009990259552,12.717600265552278,333567.4142377175
True,True,2025-12-15,770000.0,33.877865,-117.507283,2205.0,252 - Riverside,True,3.0,0.17,1988.0,3.0,Riverside,4.0,True,2.0,Two,7405.0,False,3.0,Alvord Unified,92503,100.0,7405.0,349.2063492063492,1.3333333333333333,37.0,0,551.25,0.2977717758271438,13.554145793829866,13.399995114002609,13.443201428052381,689141.1754423688
True,False,2025-12-17,440000.0,34.483432,-117.260941,1948.0,VIC - Victorville,True,2.0,0.2048,1990.0,3.0,Victorville,4.0,True,2.0,Two,8921.0,False,2.0,Victor Valley Unified,92395,140.0,8921.0,225.8726899383984,1.3333333333333333,35.0,0,487.0,0.218361170272391,12.994530005894443,12.947950462906661,13.065610521768397,472413.774658769
True,False,2025-12-18,1325000.0,33.553582,-117.598871,2234.0,ESEN - Esencia,True,2.0,0.0803,2020.0,3.0,Rancho Mission Viejo,4.0,False,2.0,Two,3500.0,False,2.0,Capistrano Unified,92694,304.0,3500.0,593.1065353625784,1.3333333333333333,5.0,0,558.5,0.6382857142857142,14.09692301740246,14.232573444874031,14.252161211795535,1547515.3640503348
True,False,2025-12-02,699000.0,34.366405,-118.533127,1135.0,NEW1 - Newhall 1,False,2.0,0.2123,1955.0,1.0,Newhall,2.0,False,1.0,One,9247.0,False,2.0,William S. Hart Union,91321,0.0,9247.0,615.8590308370044,2.0,70.0,0,567.5,0.12274251108467611,13.457406021215947,13.723939611375346,13.554166206203126,770015.717687827
True,False,2025-12-09,715000.0,37.89077516,-121.6296211,2043.0,SVW - West Simi,True,3.0,0.1474,1996.0,3.0,Discovery Bay,5.0,True,2.0,Two,6419.0,False,3.0,Riverside Unified,94505,250.0,6419.0,349.97552618697995,1.6666666666666667,29.0,0,408.6,0.3182738744352703,13.480037821676145,13.589232200143268,13.581292000262874,791188.8765754242
False,False,2025-12-23,675000.0,33.862183,-118.1751,835.0,7 - North Long Beach,False,1.0,0.1282,1936.0,1.0,Long Beach,2.0,False,1.0,One,5584.0,False,1.0,Long Beach Unified,90805,0.0,5584.0,808.3832335329341,2.0,89.0,0,417.5,0.14953438395415472,13.422467969854667,13.526494262499357,13.332534853066194,616944.8119285575
True,False,2025-12-29,1400000.0,37.43502653,-121.91789976,1370.0,699 - Not Defined,True,2.0,0.1439,1960.0,2.0,Milpitas,4.0,True,1.0,One,6270.0,False,2.0,Other,95035,95.0,6270.0,1021.897810218978,2.0,65.0,0,342.5,0.21850079744816586,14.151982794585487,14.360737608447597,14.191697513865929,1456719.45061302
True,False,2025-12-18,670000.0,37.92666165,-122.3322212,1774.0,SN - San Clemente North,True,2.0,0.1288,1965.0,3.0,Richmond,3.0,True,1.0,One,5610.0,False,2.0,Oroville Union,94804,0.0,5610.0,377.6775648252537,1.0,60.0,0,591.3333333333334,0.3162210338680927,13.415032991367148,13.337442237753596,13.348330758535496,626767.3878624395
True,False,2025-12-24,1340000.0,33.870391,-117.77466,2719.0,85 - Yorba Linda,True,3.0,0.1512,1997.0,3.0,Yorba Linda,5.0,True,2.0,Two,6585.0,False,3.0,Paso Robles Joint Unified,92887,124.0,6585.0,492.8282456785583,1.6666666666666667,28.0,0,543.8,0.41290812452543657,14.108180171927094,14.31598272370925,14.432488555061498,1853318.835695306
False,False,2025-12-30,1280000.0,33.611891,-117.655198,1929.0,MC - Mission Viejo Central,True,2.0,0.256,1969.0,2.0,Mission Viejo,4.0,True,1.0,One,11152.0,False,2.0,Saddleback Valley Unified,92691,0.0,11152.0,663.5562467599792,2.0,56.0,0,482.25,0.17297345767575323,14.0623706358958,14.092573789669016,14.058982040309091,1275669.938206511
False,False,2025-12-18,550000.0,33.884276,-118.207558,1040.0,"RN - Compton N of Rosecrans, E of Central",False,2.0,0.125,1926.0,1.0,Compton,2.0,False,1.0,One,5446.0,False,2.0,Compton Unified,90221,0.0,5446.0,528.8461538461538,2.0,99.0,0,520.0,0.1909658464928388,13.217673557208654,13.353475098367715,13.179773316858602,529544.9420732884
True,False,2025-12-03,1710000.0,34.160856,-118.090456,2433.0,646 - Pasadena (NE),False,6.0,0.2157,1947.0,3.0,Pasadena,3.0,True,2.0,Two,9398.0,False,3.0,Arcadia Unified,91107,0.0,9398.0,702.8360049321825,1.0,78.0,0,811.0,0.2588848691210896,14.352003928478842,14.263026495559501,14.49495789567413,1972787.145833235
False,False,2025-12-08,2150000.0,37.27195315,-121.91654646,1558.0,699 - Not Defined,True,2.0,0.1561,1963.0,2.0,San Jose,4.0,True,1.0,Two,6798.0,False,2.0,Other,95124,0.0,6798.0,1379.97432605905,2.0,62.0,0,389.5,0.22918505442777287,14.580978400103845,14.507657238190635,14.398887431579704,1792079.8516193856
False,True,2025-12-02,460000.0,33.760224,-116.289003,1732.0,307 - Sun City,True,4.0,0.11,2023.0,2.0,Palm Desert,3.0,False,1.0,Two,4792.0,True,2.0,Desert Sands Unified,92211,235.0,4792.0,265.5889145496536,1.5,2.0,0,577.3333333333334,0.3614357262103506,13.038981768465277,13.226723392728571,13.225783157740699,554478.4148264704
True,False,2025-12-04,1192000.0,33.684228000000004,-117.666019,2036.0,FH - Foothill Ranch,True,2.0,0.1837,1995.0,3.0,Lake Forest,4.0,True,2.0,Two,8000.0,False,2.0,Saddleback Valley Unified,92610,110.0,8000.0,585.4616895874263,1.3333333333333333,30.0,0,509.0,0.2545,13.991143126607431,14.20077295875492,14.200471706003574,1469557.225152442
True,False,2025-12-02,875000.0,34.205586,-118.544382,2321.0,RES - Reseda,True,2.0,0.1779,1948.0,3.0,Reseda,3.0,True,1.0,One,7750.0,False,2.0,Los Angeles Unified,91335,0.0,7750.0,376.9926755708746,1.0,77.0,0,773.6666666666666,0.2994838709677419,13.681979165339751,13.652991628466498,13.90638704205203,1095133.730462595
False,True,2025-12-02,1810000.0,33.150137,-117.331486,2064.0,92008 - Carlsbad,True,2.0,0.1791,1969.0,3.0,Carlsbad,5.0,True,2.0,Two,7800.0,False,2.0,Carlsbad Unified,92008,0.0,7800.0,876.937984496124,1.6666666666666667,56.0,0,412.8,0.26461538461538464,14.408837403242009,14.403297222866392,14.333231742753577,1678198.9835740956
True,False,2025-12-11,489000.0,37.73194541,-122.19260803,1494.0,92071 - Santee,False,4.0,0.1427,1943.0,2.0,Oakland,4.0,True,1.0,One,6215.0,False,0.0,Palm Springs Unified,94603,0.0,6215.0,327.3092369477912,2.0,82.0,0,373.5,0.24038616251005632,13.10011776845701,13.146062737589267,13.138790634547457,508281.46320247505
True,False,2025-12-15,700000.0,34.390336,-118.53791,1243.0,NEW1 - Newhall 1,False,2.0,1.1245,1955.0,2.0,Newhall,3.0,True,1.0,One,48984.0,False,2.0,William S. Hart Union,91321,100.0,48984.0,563.1536604987932,1.5,70.0,0,414.3333333333333,0.025375632859709292,13.458835614025542,13.723939611375346,13.659686506914607,855709.7383565035
False,False,2025-12-19,785000.0,34.076189,-117.164761,3464.0,268 - Redlands,True,3.0,0.1853,2005.0,3.0,Redlands,4.0,True,2.0,Two,8073.0,False,3.0,Redlands Unified,92374,73.0,8073.0,226.6166281755196,1.3333333333333333,20.0,0,866.0,0.4290846029976465,13.573438996764546,13.299666780812677,13.449202555270643,693289.2333703659
False,False,2025-12-01,1999000.0,34.001699,-118.462763,1563.0,C11 - Venice,True,2.0,0.1351,1956.0,3.0,Venice,2.0,True,1.0,One,5886.0,False,2.0,Westminster Unified,90291,154.0,5886.0,1278.9507357645552,0.6666666666666666,69.0,0,781.5,0.2655453618756371,14.508157613482537,14.66457824156197,14.455804062157613,1897037.5860895056
True,False,2025-12-23,396250.0,37.36929,-119.71352,1073.0,C09 - Beverlywood Vicinity,False,1.0,10.0,1992.0,2.0,Ahwahnee,3.0,True,1.0,One,10.0,False,1.0,Yosemite Unified,93601,0.0,435600.0,369.291705498602,1.5,33.0,0,357.6666666666667,0.002463269054178145,12.889800604173628,13.074223002076394,13.090706559043344,484419.50639711437
False,False,2025-12-03,1325000.0,37.68833924,-121.87718459,1850.0,614 - Covina,True,2.0,0.0809,1993.0,3.0,Pleasanton,3.0,True,2.0,Two,3524.0,False,2.0,Carmel Unified,94588,165.0,3524.0,716.2162162162163,1.0,32.0,0,616.6666666666666,0.5249716231555052,14.09692301740246,14.25858093542591,14.111150172582752,1343985.7167394445
True,False,2025-12-22,665000.0,33.735219,-117.860248,1203.0,69 - Santa Ana South of First,False,1.0,0.124,1924.0,2.0,Santa Ana,2.0,True,1.0,One,5400.0,False,1.0,Santa Ana Unified,92701,0.0,5400.0,552.7847049044057,1.0,101.0,0,601.5,0.22277777777777777,13.407542319637992,13.68426227135432,13.585935721650172,794871.4811601217
True,False,2025-12-26,300000.0,38.10727882,-122.25294589,1351.0,SRCAR - Southwest Riverside County,True,2.0,0.14,1920.0,4.0,Vallejo,6.0,True,2.0,Two,6098.0,False,2.0,Other,94590,0.0,6098.0,222.0577350111029,1.5,105.0,0,225.16666666666666,0.22154804854050508,12.611537753638338,12.948009990259552,12.961399792794928,425661.53590244136
False,False,2025-12-24,690000.0,33.900645000000004,-118.181351,930.0,RL - Paramount North of Somerset,True,2.0,0.142,1947.0,1.0,Paramount,2.0,False,1.0,One,6185.0,False,2.0,Jurupa Unified,90723,80.0,6185.0,741.9354838709677,2.0,78.0,0,465.0,0.15036378334680678,13.444446876573442,13.607828587820567,13.381830881331618,648119.8301645064
True,False,2025-12-05,1250000.0,33.188441999999995,-117.213953,3639.0,92084 - Vista,True,8.0,0.51,2000.0,4.0,Vista,6.0,True,2.0,Two,0.51,False,4.0,Vista Unified,92084,0.0,22215.6,343.50096180269304,1.5,25.0,0,606.5,0.16380381353643386,14.038654109278484,13.773646353865574,14.187129775440189,1450080.710759178
True,True,2025-12-26,2625000.0,34.163566,-118.992892,5770.0,NBPK - Newbury Park,True,3.0,0.3,2014.0,6.0,Newbury Park,5.0,True,2.0,Two,13068.0,False,3.0,Apple Valley Unified,91320,312.0,13068.0,454.9393414211439,0.8333333333333334,11.0,0,1154.0,0.4415365779002143,14.780591454007862,13.933293593620657,14.968746169116372,3168428.143577752
True,False,2025-12-08,2540000.0,33.496378,-117.196831,4280.0,SRCAR - Southwest Riverside County,True,3.0,3.98,2020.0,4.0,Temecula,5.0,True,1.0,One,3.98,False,3.0,Murrieta,92590,0.0,173368.8,593.4579439252336,1.25,5.0,0,856.0,0.024687256299864797,14.74767463899472,14.122627543054662,14.664534822583049,2337365.089092389
False,False,2025-12-17,2030000.0,34.108357,-118.036035,3056.0,605 - Arcadia,True,1.0,0.2159,2015.0,3.0,Arcadia,5.0,True,1.0,One,9403.0,False,1.0,Arcadia Unified,91007,0.0,9403.0,664.2670157068063,1.6666666666666667,10.0,0,611.2,0.32500265872593853,14.52354635101797,14.550138498881392,14.62527745943589,2247384.063698046
True,False,2025-12-12,479000.0,33.813829,-117.21542,1045.0,SRCAR - Southwest Riverside County,True,2.0,0.1,1988.0,2.0,Perris,3.0,True,1.0,One,4356.0,False,2.0,Perris Union High,92571,0.0,4356.0,458.3732057416268,1.5,37.0,0,348.3333333333333,0.2398989898989899,13.079455876393052,13.214938819306386,13.050389164461162,465277.4458868462
False,False,2025-12-09,415000.0,39.768253,-121.62766299999998,1529.0,687 - Pomona,True,2.0,0.43,2021.0,2.0,Paradise,2.0,True,1.0,One,0.43,False,2.0,Paradise Unified,95969,0.0,18730.8,271.41922825376065,1.0,4.0,0,764.5,0.0816302560488607,12.936033799212835,12.89921982609012,12.990821064717595,438371.08851792954
False,True,2025-12-03,1350000.0,33.793568,-117.935569,3297.0,79 - Anaheim West of Harbor,True,5.0,0.2248,1958.0,3.0,Anaheim,6.0,True,1.0,One,9792.0,False,2.0,Anaheim Union High,92802,0.0,9792.0,409.4631483166515,2.0,67.0,0,549.5,0.33670343137254904,14.115615150414612,13.815510557964274,14.119646936829975,1355453.8987502903
True,False,2025-12-10,395000.0,34.675548,-118.077375,1130.0,LAC - Lancaster,True,2.0,0.15,1987.0,2.0,Lancaster,3.0,True,1.0,One,6534.0,False,2.0,Antelope Valley Union,93535,0.0,6534.0,349.5575221238938,1.5,38.0,0,376.6666666666667,0.1729415365779002,12.886641043883259,12.994530005894443,12.852882755137788,381888.03981413046
True,False,2025-12-02,745000.0,34.097084,-117.924047,1118.0,614 - Covina,False,2.0,0.168,1954.0,2.0,Covina,4.0,False,1.0,One,7318.0,False,2.0,Covina Valley Unified,91722,0.0,7318.0,666.3685152057245,2.0,71.0,0,279.5,0.15277398196228478,13.521139497361697,13.592367006650065,13.52772287635414,749920.7973135734
False,False,2025-12-15,1247348.0,34.185849,-119.237682,1531.0,VC32 - Oxnard - Port Hueneme Beaches,True,2.0,0.09,1970.0,2.0,Oxnard,3.0,True,1.0,One,3920.0,False,2.0,Other,93035,0.0,3920.0,814.7276290006532,1.5,55.0,0,510.3333333333333,0.3905612244897959,14.03653025549689,14.077874822431765,13.932742200194316,1124379.8533834612
True,False,2025-12-12,347000.0,34.239056,-117.27225,1300.0,286 - Crestline Area,True,0.0,0.1764,1979.0,2.0,Crestline,3.0,True,2.0,Two,7686.0,False,0.0,Rim of the World,92325,0.0,7686.0,266.9230769230769,1.5,46.0,0,433.3333333333333,0.16913869372885768,12.757080058928997,12.793859310432293,12.709969160566885,331031.6140643895
True,False,2025-12-15,4165000.0,34.064366,-118.462166,3454.0,C06 - Brentwood,True,4.0,0.1206,2017.0,5.0,Los Angeles,5.0,True,2.0,Two,5253.0,False,2.0,Morongo Unified,90049,0.0,5253.0,1205.848291835553,1.0,8.0,0,690.8,0.6575290310298877,15.24222683358308,15.137266397946593,15.398124980040617,4867665.321662979
True,False,2025-12-22,975000.0,34.255111,-118.316936,1680.0,659 - Sunland/Tujunga,False,2.0,0.1411,1949.0,2.0,Sunland,3.0,True,1.0,One,6148.0,False,2.0,Los Angeles Unified,91040,0.0,6148.0,580.3571428571429,1.5,76.0,0,560.0,0.27325959661678595,13.790192749979985,13.77468856344402,13.823105418132517,1007623.7742719034
False,False,2025-12-05,1149950.0,37.9660093,-122.00136825,2263.0,269 - Yucaipa/Calimesa/Oak Glen,True,3.0,0.291,1998.0,3.0,Concord,4.0,True,2.0,Two,12676.0,False,3.0,Mount Diablo,94521,210.0,12676.0,508.15289438798055,1.3333333333333333,27.0,0,565.75,0.1785263490059956,13.955229021133356,13.656514826473817,13.81824584175867,1002739.0280962458
False,False,2025-12-11,2125000.0,33.068884000000004,-117.302405,1450.0,92024 - Encinitas,True,1.0,0.1496,1947.0,3.0,Encinitas,3.0,False,1.0,One,6515.0,False,1.0,Encinitas Union,92024,0.0,6515.0,1465.5172413793102,1.0,78.0,0,483.3333333333333,0.22256331542594013,14.569282360340654,14.603967918328545,14.384326017682262,1766173.7079515678
True,False,2025-12-10,1075000.0,34.185744,-118.54241100000002,1706.0,TAR - Tarzana,True,4.0,0.1252,1968.0,2.0,Tarzana,4.0,True,1.0,"Two,One",5455.0,False,2.0,Riverside Unified,91335,140.56,5455.0,630.1289566236811,2.0,57.0,0,426.5,0.31274060494958755,13.8878312195439,13.652991628466498,13.67398443095277,868032.4961936062
True,True,2025-12-15,729000.0,33.732709,-116.36333799999998,1868.0,322 - North Palm Desert,True,2.0,0.22,1996.0,3.0,Palm Desert,4.0,True,1.0,One,9583.0,False,2.0,Los Angeles Unified,92260,0.0,9583.0,390.2569593147752,1.3333333333333333,29.0,0,467.0,0.19492851925284357,13.499429010990795,13.624349319661324,13.599162091946601,805454.5794154964
False,False,2025-12-05,3300000.0,37.23200301,-121.95270017,1932.0,699 - Not Defined,True,2.0,0.1882,1970.0,3.0,Los Gatos,4.0,True,1.0,One,8200.0,False,2.0,Other,95032,149.0,8200.0,1708.0745341614906,1.3333333333333333,55.0,0,483.0,0.23560975609756096,15.009433026436708,14.927301792587102,14.781694939538095,2627898.248310306
True,False,2025-12-01,650000.0,34.230339,-118.972511,1441.0,VC45 - Mission Oaks,False,1.0,0.0331,1983.0,2.0,Camarillo,2.0,False,1.0,One,1441.0,False,1.0,Corona-Norco Unified,93012,778.0,1441.0,451.0756419153366,1.0,42.0,0,720.5,1.0,13.38472764187182,13.710150042306449,13.366680665558013,638374.6818391295
True,False,2025-12-08,380000.0,34.750781,-117.332369,1930.0,HNDL - Helendale,True,2.0,0.175,2003.0,2.0,Helendale,3.0,True,1.0,One,7623.0,False,2.0,Victor Valley Unified,92342,194.0,7623.0,196.89119170984452,1.5,22.0,0,643.3333333333334,0.2531811622720714,12.84792653170257,12.86099861326992,12.94205797768821,417507.5795371311
False,True,2025-12-19,850000.0,34.395886,-118.534064,2328.0,CJRC - Circle J Ranch,True,3.0,6197.0,1999.0,3.0,Saugus,5.0,True,2.0,Two,6197.0,False,3.0,William S. Hart Union,91350,0.0,269941320.0,365.12027491408935,1.6666666666666667,26.0,0,465.6,8.624096525867178e-06,13.652991628466498,13.652991628466498,13.850463043891992,1035570.5034589047
True,False,2025-12-08,1450000.0,33.236965999999995,-117.201002,2948.0,92084 - Vista,True,30.0,1.43,1977.0,3.0,Vista,5.0,True,1.0,MultiSplit,1.43,False,5.0,Vista Unified,92084,0.0,62290.8,491.85888738127545,1.6666666666666667,48.0,0,589.6,0.047326410962774595,14.187074114396758,13.773646353865574,14.095312780632046,1322868.1531289443
True,False,2025-12-10,1030000.0,36.62561111,-121.64879972,2504.0,699 - Not Defined,False,2.0,0.1436,2009.0,3.0,Spreckels,4.0,True,1.0,One,6255.0,False,2.0,Other,93962,0.0,6255.0,411.3418530351437,1.3333333333333333,16.0,0,626.0,0.4003197442046363,13.845069360205818,13.81049801614073,13.886774765728347,1073864.9118379627
False,True,2025-12-08,390000.0,33.753473,-116.306428,1057.0,324 - East Palm Desert,False,2.0,0.12,1985.0,2.0,Palm Desert,2.0,True,1.0,One,5227.0,False,2.0,Palm Springs Unified,92211,180.0,5227.0,368.968779564806,1.0,40.0,0,528.5,0.202219246221542,12.873902018105829,13.226723392728571,12.98054596683234,433889.84470925754
False,False,2025-12-23,600000.0,33.72385,-117.220053,2550.0,SRCAR - Southwest Riverside County,True,3.0,0.2362,2023.0,4.0,Menifee,4.0,False,1.0,One,10291.0,True,3.0,Menifee Union,92586,133.0,10291.0,235.2941176470588,1.0,2.0,0,637.5,0.24778933048294627,13.304684934198283,12.89921982609012,13.289188557323227,590773.8444946142
True,False,2025-12-09,2225000.0,37.76599625,-121.90277606,3223.0,670 - Whittier,True,4.0,0.1495,2002.0,3.0,San Ramon,5.0,True,2.0,Two,6512.0,False,3.0,San Ramon Valley,94582,142.0,6512.0,690.3506050263729,1.6666666666666667,23.0,0,644.6,0.49493243243243246,14.615267473582477,14.516102044771095,14.567399610933144,2121002.921438406
True,False,2025-12-19,1004754.0,37.7083486,-121.4500386,2548.0,C06 - Brentwood,True,2.0,0.1492,2025.0,3.0,Tracy,3.0,True,1.0,One,6500.0,False,2.0,Los Angeles Unified,95377,375.0,6500.0,394.3304552590267,1.0,0.0,0,849.3333333333334,0.392,13.820253293393346,13.569648381962956,13.69451319750394,886036.2983177431
False,False,2025-12-12,815000.0,38.73041506,-121.08287311,2649.0,VC28 - Wells Rd. East to City Limit,True,2.0,0.29,1985.0,3.0,El Dorado Hills,4.0,False,1.0,"Two,One",12632.0,False,2.0,Fremont Unified,95762,0.0,12632.0,307.6632691581729,1.3333333333333333,40.0,0,662.25,0.20970550981633945,13.610943392223,13.64709190633931,13.875966685395735,1062320.9897974955
False,True,2025-12-26,425000.0,34.262657,-119.214924,1085.0,"33 - Lakewood Plaza, Rancho",True,2.0,0.03,1979.0,2.0,Ventura,2.0,True,2.0,Two,1306.0,False,2.0,Chico Unified,93003,700.0,1306.0,391.705069124424,1.0,46.0,0,542.5,0.830781010719755,12.959844447906553,13.825460888817442,13.334806252989793,618347.733021499
False,False,2025-12-16,925000.0,33.858964,-118.113781,1649.0,"22 - Lakewood Estates, Lakewood Manor",False,2.0,0.1394,1955.0,2.0,Lakewood,4.0,True,1.0,One,6071.0,False,2.0,Bellflower Unified,90713,0.0,6071.0,560.9460278956943,2.0,70.0,0,412.25,0.27161917311810246,13.737549016494562,13.721199878493033,13.73226883094537,920128.7003677533
True,False,2025-12-19,340000.0,36.795202,-119.823647,1152.0,FSNO - Fresno,True,2.0,0.2169,1957.0,2.0,Fresno,3.0,False,1.0,One,9450.0,False,1.0,Fresno Unified,93705,0.0,9450.0,295.1388888888889,1.5,68.0,0,384.0,0.1219047619047619,12.736700896592344,12.691580461311874,12.578537385740571,290261.4610901465
False,False,2025-12-26,1414000.0,34.121573,-118.074607,1999.0,654 - San Gabriel,True,2.0,0.2704,1941.0,3.0,San Gabriel,4.0,True,1.0,One,11778.0,False,6.0,Gilroy Unified,91775,125.0,11778.0,707.3536768384192,1.3333333333333333,84.0,0,499.75,0.1697232127695704,14.161933125438654,14.157248338395881,14.258887396140263,1557959.3222843753
True,True,2025-12-03,2210000.0,37.45888746,-122.26335821,2550.0,699 - Not Defined,True,5.0,0.359,1974.0,3.0,Redwood City,3.0,True,2.0,One,15636.0,False,2.0,Other,94062,0.0,15636.0,866.6666666666666,1.0,51.0,0,850.0,0.16308518802762856,14.608503073493935,14.793836680757881,14.75653444888646,2562603.902404177
True,True,2025-12-16,838000.0,33.866889,-117.813904,1548.0,"93 - Anaheim N of River, E of Lakeview",True,4.0,0.124,1966.0,2.0,Anaheim,3.0,False,1.0,One,5400.0,False,2.0,Placentia-Yorba Linda Unified,92807,0.0,5400.0,541.343669250646,1.5,59.0,0,516.0,0.2866666666666667,13.63877337946422,13.997832114758229,13.881693085563198,1068421.7158195602
True,False,2025-12-09,1865000.0,37.84496796,-122.15071904,2695.0,287A - Arrowhead Woods,True,2.0,0.4373,1953.0,3.0,Orinda,4.0,True,1.0,One,19050.0,False,2.0,Acalanes,94563,0.0,19050.0,692.0222634508349,1.3333333333333333,72.0,0,673.75,0.14146981627296587,14.438771611060053,14.408837403242009,14.558502978674547,2102216.8288156535
False,False,2025-12-05,360000.0,35.356193,-119.066523,1360.0,BKSF - Bakersfield,True,1.0,0.16,1963.0,2.0,Bakersfield,3.0,False,1.0,One,6969.0,False,1.0,Kern Union,93309,90.0,6969.0,264.7058823529412,1.5,62.0,0,453.3333333333333,0.19514994977758646,12.793859310432293,12.80765263256463,12.693269834645017,325549.5103666601
True,False,2025-12-19,1725000.0,36.97142626,-121.89229902,2292.0,699 - Not Defined,True,6.0,0.151,1998.0,3.0,Aptos,4.0,True,1.0,Two,6578.0,False,2.0,Other,95003,145.0,6578.0,752.6178010471205,1.3333333333333333,27.0,0,573.0,0.34843417452113107,14.360737608447597,14.188463383490559,14.309726493880909,1639212.4874306796
True,False,2025-12-16,799000.0,37.9397428,-121.70622629,2221.0,85 - Yorba Linda,True,5.0,0.1159,2017.0,3.0,Brentwood,4.0,True,1.0,One,5050.0,False,2.0,Middletown Unified,94513,0.0,5050.0,359.74786132372805,1.3333333333333333,8.0,0,555.25,0.4398019801980198,13.591116224748411,13.591116224748411,13.588309015148543,796760.1848159392
False,False,2025-12-23,525000.0,33.933652,-118.274919,783.0,699 - Not Defined,False,0.0,0.1586,1950.0,1.0,Los Angeles,2.0,False,1.0,One,6909.0,False,0.0,Los Angeles Unified,90061,0.0,6909.0,670.4980842911878,2.0,75.0,0,391.5,0.11333043855840208,13.17115354157376,13.387030025065194,13.15150331895975,514784.3319172399
False,False,2025-12-02,625000.0,37.9674694,-121.7568751,2196.0,C06 - Brentwood,True,3.0,0.1429,1989.0,3.0,Antioch,4.0,True,2.0,Two,6225.0,False,3.0,San Diego Unified,94531,0.0,6225.0,284.608378870674,1.3333333333333333,36.0,0,549.0,0.3527710843373494,13.345506928718539,13.415032991367148,13.431150545573468,680886.2555610533
True,False,2025-12-11,1082000.0,34.047826,-118.132055,1228.0,641 - Monterey Park,False,2.0,0.291,1953.0,2.0,Monterey Park,3.0,False,1.0,One,12677.0,False,3.0,Los Angeles Unified,91754,138.0,12677.0,881.1074918566775,1.5,72.0,0,409.3333333333333,0.09686834424548395,13.894321738388564,13.764217263576723,13.649278526111528,846849.7152825241
True,False,2025-12-02,235000.0,34.137738,-116.057546,839.0,699 - Not Defined,False,1.0,0.3636,1952.0,1.0,29 Palms,2.0,True,1.0,One,15840.0,False,1.0,Morongo Unified,92277,0.0,15840.0,280.0953516090584,2.0,73.0,0,419.5,0.05296717171717172,12.367340793126296,12.666637149787377,12.468825502929889,260101.05379550194
True,False,2025-12-19,975000.0,34.439902000000004,-118.464701,3796.0,CAN1 - Canyon Country 1,True,3.0,0.1587,2002.0,4.0,Canyon Country,5.0,True,2.0,Two,6915.0,False,3.0,William S. Hart Union,91351,85.0,6915.0,256.8493150684931,1.25,23.0,0,759.2,0.5489515545914678,13.790192749979985,13.527828485512494,13.768541301765282,954116.7303143642
False,False,2025-12-16,1800000.0,37.904629,-122.052549,2309.0,687 - Pomona,True,2.0,0.0769,2024.0,4.0,Walnut Creek,4.0,False,2.0,Two,3349.0,True,2.0,Covina Valley Unified,94597,290.0,3349.0,779.558250324816,1.0,1.0,0,577.25,0.6894595401612421,14.403297222866392,14.077874822431765,14.283384891362722,1596596.7511919497
False,False,2025-12-03,1685000.0,37.37545328,-122.02676046,1344.0,699 - Not Defined,True,1.0,0.1009999999999999,1925.0,2.0,Sunnyvale,4.0,False,1.0,Two,4400.0,False,1.0,Other,94086,90.0,4400.0,1253.720238095238,2.0,100.0,0,336.0,0.3054545454545455,14.3372761217686,14.669925886120343,14.348144901034804,1703413.779447175
True,False,2025-12-01,465000.0,39.743738,-122.170944,1611.0,FBS - Fort Bragg South,True,6.0,0.18,2023.0,2.0,Orland,3.0,False,1.0,One,7841.0,False,2.0,Orland Joint Unified,95963,0.0,7841.0,288.6405959031657,1.5,2.0,0,537.0,0.2054584874378268,13.049792684569493,12.834681304952548,12.95511099680788,422993.036961024
False,False,2025-12-05,1895000.0,33.756855,-117.768074,2400.0,89 - Tustin Ranch,True,3.0,0.1033,1998.0,3.0,Tustin,5.0,True,2.0,Two,4500.0,False,3.0,Tustin Unified,92782,250.0,4500.0,789.5833333333334,1.6666666666666667,27.0,0,480.0,0.5333333333333333,14.454729396498664,14.43804873756645,14.39447048674091,1784181.7892614896
True,False,2025-12-23,865000.0,34.177624,-118.899341,2067.0,TOW - Thousand Oaks West,True,3.0,0.19,1977.0,3.0,Thousand Oaks,4.0,True,2.0,Two,8276.0,False,3.0,Conejo Valley Unified,91320,0.0,8276.0,418.4808901790034,1.3333333333333333,48.0,0,516.75,0.24975833736104397,13.670484785914017,13.933293593620657,13.981596368157957,1180674.411276426
True,False,2025-12-15,755000.0,34.121664,-117.439393,3107.0,264 - Fontana,True,4.0,0.0992,2016.0,3.0,Fontana,4.0,False,2.0,Two,4319.0,False,2.0,Fontana Unified,92336,80.0,4319.0,242.99967814612165,1.3333333333333333,9.0,0,776.75,0.7193794859921278,13.534473028231162,13.487006490992238,13.575128143835672,786327.1009696497
False,False,2025-12-11,615000.0,37.98741742,-122.03380987,1272.0,92028 - Fallbrook,True,2.0,0.1313,1942.0,2.0,Concord,3.0,False,1.0,One,5720.0,False,1.0,Baldwin Park Unified,94520,0.0,5720.0,483.4905660377359,1.5,83.0,0,424.0,0.22237762237762237,13.329377546788654,13.38472764187182,13.36809072567285,639275.4634451707
False,False,2025-12-05,886000.0,33.769301,-117.857285,1256.0,699 - Not Defined,True,4.0,0.162,1954.0,2.0,Santa Ana,3.0,True,1.0,One,7056.0,False,2.0,Santa Ana Unified,92706,0.0,7056.0,705.4140127388536,1.5,71.0,0,418.6666666666667,0.17800453514739228,13.694472229587218,13.981024996441848,13.855683650466517,1040990.9463264275
True,False,2025-12-12,795000.0,34.016682,-117.598291,2401.0,686 - Ontario,True,4.0,0.1263,2017.0,3.0,Ontario,4.0,False,2.0,Two,5500.0,False,2.0,Chaffey Joint Union High,91761,100.0,5500.0,331.1120366513953,1.3333333333333333,8.0,0,600.25,0.43654545454545457,13.58609739363647,13.532323657186438,13.603046042984605,808589.0086097863
False,False,2025-12-15,720000.0,34.064578000000004,-117.993126,1152.0,608 - Baldwin Pk/Irwindale,False,2.0,0.1246,1955.0,2.0,Baldwin Park,3.0,False,1.0,One,5429.0,False,2.0,Baldwin Park Unified,91706,0.0,5429.0,625.0,1.5,70.0,0,384.0,0.21219377417572297,13.487006490992238,13.527828485512494,13.493869944119274,724958.6836321
True,False,2025-12-01,760000.0,33.92316,-117.550167,1416.0,250 - Norco,True,2.0,0.22,1980.0,2.0,Norco,3.0,True,1.0,One,9583.0,False,2.0,Corona-Norco Unified,92860,0.0,9583.0,536.723163841808,1.5,45.0,0,472.0,0.1477616612751748,13.541073712262515,13.753635154246187,13.583830860039024,793200.1462750137
True,False,2025-12-10,2550000.0,33.69089,-117.750759,3073.0,WD - Woodbury,True,2.0,0.1148,2013.0,4.0,Irvine,4.0,True,2.0,Two,5000.0,False,2.0,Irvine Unified,92620,210.0,5000.0,829.8080052066384,1.0,12.0,0,768.25,0.6146,14.75160391713461,14.503142431449666,14.695852770308198,2411724.8872421873
False,False,2025-12-19,1400000.0,34.173478,-118.412406,1760.0,VG - Valley Glen,True,2.0,0.1561,1952.0,3.0,Valley Village,3.0,True,1.0,One,6798.0,False,2.0,Los Angeles Unified,91607,260.0,6798.0,795.4545454545455,1.0,73.0,0,586.6666666666666,0.2588996763754045,14.151982794585487,14.132142793443558,14.112115588701297,1345283.8487314289
True,False,2025-12-22,475000.0,34.492403,-117.387924,2751.0,VIC - Victorville,True,3.0,6014.0,2007.0,3.0,Victorville,4.0,False,1.0,"Two,One",6014.0,False,3.0,Victor Valley Unified,92392,0.0,261969840.0,172.6644856415849,1.3333333333333333,18.0,0,687.75,1.050120884144526e-05,13.071070083016778,13.01477816672439,13.433578089838223,682541.1449316066
True,False,2025-12-02,535000.0,33.912846,-116.95798700000002,2017.0,263 - Banning/Beaumont/Cherry Valley,True,3.0,0.14,2014.0,2.0,Beaumont,2.0,False,1.0,One,6098.0,False,3.0,Beaumont,92223,298.0,6098.0,265.24541398116014,1.0,11.0,0,1008.5,0.33076418497868154,13.190022025878143,13.197470849891134,13.158840147562923,518575.1054514991
False,False,2025-12-19,2398000.0,33.667063,-117.66716,3861.0,699 - Not Defined,True,2.0,0.1009999999999999,2023.0,6.0,Lake Forest,5.0,False,2.0,Two,4400.0,False,2.0,Saddleback Valley Unified,92630,290.0,4400.0,621.0826210826211,0.8333333333333334,2.0,0,772.2,0.8775,14.690145614569596,14.077874822431765,14.704441507347896,2432527.765456831
False,True,2025-12-09,1500000.0,33.648828,-117.97041000000002,1656.0,14 - South Huntington Beach,True,2.0,0.1369999999999999,1963.0,2.0,Huntington Beach,3.0,True,1.0,One,5967.0,False,2.0,Huntington Beach Union High,92646,0.0,5967.0,905.7971014492754,1.5,62.0,0,552.0,0.277526395173454,14.22097566607244,14.19394699368452,14.12281363471836,1359753.015158073
True,False,2025-12-24,2395000.0,34.087883000000005,-118.386932,2521.0,C10 - West Hollywood Vicinity,True,2.0,0.0379,2025.0,3.0,West Hollywood,2.0,True,1.0,MultiSplit,1652.0,False,2.0,San Bernardino City Unified,90069,278.69,1652.0,950.0198333994448,0.6666666666666666,0.0,0,1260.5,1.5260290556900726,14.688893788827153,14.827111469642754,14.812843761752877,2711042.382131878
False,False,2025-12-02,850000.0,33.844828,-117.972327,1221.0,79 - Anaheim West of Harbor,False,4.0,0.1242,1956.0,2.0,Anaheim,4.0,False,1.0,One,5412.0,False,2.0,Anaheim Union High,92801,0.0,5412.0,696.1506961506961,2.0,69.0,0,305.25,0.22560975609756098,13.652991628466498,13.664687668229691,13.622652898333945,824599.3395608143
True,True,2025-12-16,6275000.0,33.666804,-116.298838,4908.0,313 - La Quinta South of HWY 111,True,4.0,0.65,2015.0,5.0,La Quinta,4.0,True,1.0,One,28314.0,False,4.0,Barstow Unified,92253,750.0,28314.0,1278.524857375713,0.8,10.0,0,1227.0,0.17334180970544608,15.652084042982121,13.545013310266594,14.981470464198532,3209001.7460383554
True,False,2025-12-29,920000.0,34.123986,-118.230113,1649.0,623 - Glassel Park,True,0.0,0.1194,1937.0,3.0,Los Angeles,3.0,False,1.0,One,5200.0,False,0.0,Los Angeles Unified,90065,0.0,5200.0,557.9138872043662,1.0,88.0,0,549.6666666666666,0.31711538461538463,13.732128949025222,14.050977780915009,14.146498725469439,1392343.317315613
True,False,2025-12-10,635000.0,36.75777414,-121.74603265,1056.0,699 - Not Defined,True,4.0,0.15,1959.0,1.0,Castroville,3.0,True,1.0,One,6534.0,False,4.0,North Monterey County Unified,95012,0.0,6534.0,601.3257575757576,3.0,66.0,0,352.0,0.16161616161616163,13.36138027787483,13.688812904918317,13.51599832908673,741179.6585590683
False,False,2025-12-12,751400.0,34.192427,-118.517629,1126.0,LKBL - Lake Balboa,False,6.0,0.1377,1950.0,1.0,Lake Balboa,3.0,False,1.0,One,6000.0,False,2.0,Los Angeles Unified,91406,0.0,6000.0,667.3179396092362,3.0,75.0,0,375.3333333333333,0.18766666666666668,13.529693412122006,13.708480036117827,13.580557280211492,790607.7877383241
False,False,2025-12-11,1605000.0,32.78579205,-117.06639693,1955.0,92120 - Del Cerro,True,5.0,0.1641,1958.0,2.0,San Diego,4.0,False,1.0,One,5700.0,False,2.0,Desert Sands Unified,92120,0.0,2380.0,820.9718670076726,2.0,67.0,0,488.75,0.8214285714285714,14.288634314546254,13.996998434009651,14.02928545883312,1238343.8732879458
True,False,2025-12-12,880000.0,34.116378000000005,-117.749498,1502.0,683 - Claremont,False,2.0,0.2947,1930.0,2.0,Claremont,3.0,True,1.0,One,12839.0,False,2.0,Claremont Unified,91711,0.0,12839.0,585.8854860186418,1.5,95.0,0,500.6666666666667,0.11698730430718904,13.687677186454389,13.9108207377686,13.88024795139715,1066878.8182098249
False,False,2025-12-05,2020000.0,33.15532557,-117.28997162,3150.0,92010 - Carlsbad,True,7.0,0.2866,2013.0,5.0,Carlsbad,5.0,True,2.0,Two,6948.0,False,3.0,Hesperia Unified,92010,240.0,7150.0,641.2698412698413,1.0,12.0,0,630.0,0.4405594405594406,14.518608069377388,14.187074114396758,14.55022201923881,2084880.3369935623
False,False,2025-12-26,475000.0,34.493377,-117.218478,2006.0,APPV - Apple Valley,True,11.0,0.6887,1985.0,2.0,Apple Valley,3.0,True,1.0,One,30000.0,False,5.0,Apple Valley Unified,92308,0.0,30000.0,236.78963110668,1.5,40.0,0,668.6666666666666,0.06686666666666667,13.071070083016778,12.936033799212835,13.03540609631684,458358.1279591194
False,False,2025-12-22,685000.0,34.067104,-117.692598,1143.0,685 - Montclair,True,2.0,0.1765,1959.0,2.0,Montclair,3.0,True,1.0,One,7688.0,False,2.0,Chaffey Joint Union High,91763,0.0,7688.0,599.3000874890639,1.5,66.0,0,381.0,0.14867325702393341,13.437174117244362,13.458835614025542,13.387290295523949,651667.8610362078
False,False,2025-12-02,711000.0,37.99394963,-122.03798603,1360.0,LAC - Lancaster,True,1.0,0.2169,1954.0,2.0,Concord,3.0,False,1.0,One,9450.0,False,1.0,Mount Diablo,94520,190.0,9450.0,522.7941176470588,1.5,71.0,0,453.3333333333333,0.1439153439153439,13.474427708785377,13.38472764187182,13.349587154140366,627555.3505466001
True,False,2025-12-24,460000.0,34.686816,-118.238536,1675.0,LAC - Lancaster,True,2.0,0.16,1992.0,2.0,Lancaster,3.0,True,1.0,One,6969.0,False,2.0,Antelope Valley Union,93536,0.0,6969.0,274.6268656716418,1.5,33.0,0,558.3333333333334,0.2403501219687186,13.038981768465277,13.224918336616522,13.125600597054412,501621.23255215806
True,False,2025-12-10,368000.0,34.247979,-117.308497,1472.0,286 - Crestline Area,True,1.0,0.1584,1963.0,2.0,Crestline,3.0,True,2.0,Two,6900.0,False,1.0,Rim of the World,92325,0.0,6900.0,250.0,1.5,62.0,0,490.6666666666667,0.21333333333333335,12.815838217151068,12.793859310432293,12.761113805508877,348402.5369006962
False,False,2025-12-15,440000.0,34.483763,-117.301335,2341.0,VIC - Victorville,True,2.0,0.1764,2007.0,2.0,Victorville,4.0,True,1.0,One,7683.0,False,2.0,Victor Valley Unified,92395,0.0,7683.0,187.95386586928663,2.0,18.0,0,585.25,0.3046986854093453,12.994530005894443,12.947950462906661,13.039128099087373,460067.3170113137
False,False,2025-12-08,838000.0,37.9375716,-121.74982459,2248.0,252 - Riverside,True,2.0,0.2454,2003.0,3.0,Brentwood,5.0,True,2.0,Two,10690.0,False,2.0,Paradise Unified,94513,0.0,10690.0,372.7758007117438,1.6666666666666667,22.0,0,449.6,0.21028999064546305,13.63877337946422,13.591116224748411,13.621438632074817,823598.6640716813
True,False,2025-12-05,225000.0,35.650121,-117.68633,1529.0,RCR - Ridgecrest,True,2.0,0.18,1978.0,2.0,Ridgecrest,3.0,True,1.0,One,7840.0,False,2.0,Orange Unified,93555,85.0,7840.0,147.1550032701112,1.5,47.0,0,509.6666666666667,0.19502551020408163,12.323855681186558,12.449018824140563,12.563549983160678,285943.63305591693
True,False,2025-12-15,1550000.0,33.285984,-117.25086,3728.0,92003 - Bonsall,True,4.0,2.18,2002.0,4.0,Bonsall,4.0,True,1.0,One,2.18,False,4.0,Bonsall Unified,92003,0.0,94960.8,415.7725321888412,1.0,23.0,0,932.0,0.03925830447932199,14.253765488895429,14.219394836348094,14.616187065974033,2227047.034145468
False,False,2025-12-29,525000.0,34.116889,-117.40296399999998,1339.0,272 - Rialto,True,2.0,0.186,1987.0,2.0,Rialto,3.0,True,1.0,One,8100.0,False,2.0,Fontana Unified,92376,0.0,8100.0,392.083644510829,1.5,38.0,0,446.3333333333333,0.16530864197530865,13.17115354157376,13.253391639810733,13.15545225177486,516821.19973842177
True,False,2025-12-11,3900000.0,33.459502,-117.649169,4072.0,SN - San Clemente North,True,3.0,0.2296,2000.0,4.0,San Clemente,4.0,True,2.0,Two,10000.0,False,3.0,Capistrano Unified,92673,450.0,10000.0,957.7603143418468,1.0,25.0,0,1018.0,0.4072,15.176487111099874,14.446782334806132,14.870432320714194,2871750.467252554
True,False,2025-12-16,1337000.0,38.11007017,-122.54977093,2154.0,92126 - Mira Mesa,True,2.0,3.3264,1983.0,3.0,Novato,3.0,True,1.0,One,144900.0,False,2.0,Los Angeles Unified,94945,0.0,144900.0,620.7056638811514,1.0,42.0,0,718.0,0.014865424430641821,14.10593885608408,13.567049198665774,13.697913148576145,889053.9053314454
True,False,2025-12-31,1239999.0,34.100181,-118.22541499999998,1885.0,680 - Mount Washington,True,2.0,0.2033,1992.0,4.0,Los Angeles,3.0,True,1.0,MultiSplit,8857.0,False,2.0,Los Angeles Unified,90065,0.0,8857.0,657.8244031830238,0.75,33.0,0,628.3333333333334,0.21282601332279552,14.030621131129282,14.050977780915009,14.036315749378339,1247080.4649170185
True,False,2025-12-29,547000.0,34.180696000000005,-117.34541000000002,1584.0,274 - San Bernardino,True,2.0,0.1607,1971.0,2.0,San Bernardino,4.0,False,1.0,One,7000.0,False,2.0,San Bernardino City Unified,92407,0.0,7000.0,345.32828282828285,2.0,54.0,0,396.0,0.22628571428571428,13.212204081404119,13.304684934198283,13.240129036059257,562490.225521607
True,True,2025-12-16,1510000.0,33.878904,-117.69481100000002,2701.0,85 - Yorba Linda,True,3.0,0.1808,1990.0,3.0,Yorba Linda,4.0,True,2.0,Two,7875.0,False,3.0,Placentia-Yorba Linda Unified,92887,0.0,7875.0,559.0522028878194,1.3333333333333333,35.0,0,675.25,0.342984126984127,14.227620208791107,14.31598272370925,14.430235435451177,1849147.7873823417
False,False,2025-12-12,945000.0,33.982885,-117.879174,1330.0,652 - Rowland Heights,True,2.0,0.1573,1964.0,2.0,Rowland Heights,4.0,True,1.0,One,6853.0,False,2.0,Rowland Unified,91748,0.0,6853.0,710.5263157894736,2.0,61.0,0,332.5,0.1940755873340143,13.758940206475879,13.9016461684345,13.72636469551724,914712.1416920195
False,False,2025-12-03,839000.0,34.218259,-119.162355,2088.0,VC35 - Oxnard - Northeast,True,2.0,0.08,2003.0,3.0,Oxnard,4.0,True,2.0,MultiSplit,3484.0,False,2.0,Placentia-Yorba Linda Unified,93030,0.0,3484.0,401.8199233716475,1.3333333333333333,22.0,0,522.0,0.5993111366245695,13.639965985449344,13.617059619240436,13.611260487458345,815258.4735950136
True,False,2025-12-11,505000.0,34.484901,-117.269337,1862.0,699 - Not Defined,True,3.0,0.1996,1997.0,2.0,Victorville,3.0,True,1.0,One,8694.0,False,3.0,Victor Valley Unified,92395,0.0,8694.0,271.21374865735766,1.5,28.0,0,620.6666666666666,0.214170692431562,13.132313708257497,12.947950462906661,13.020800352573062,451712.11969383707
False,False,2025-12-30,1070000.0,33.975558,-117.74122,2381.0,682 - Chino Hills,True,3.0,0.1856,1987.0,3.0,Chino Hills,4.0,True,2.0,Two,8085.0,False,3.0,Chino Valley Unified,91709,0.0,8085.0,449.3910121797564,1.3333333333333333,38.0,0,595.25,0.2944959802102659,13.883169206438088,13.901688254205327,13.96674946316359,1163274.5372222862
False,False,2025-12-11,995000.0,34.051439,-117.924774,1350.0,633 - Industry/La Puente/Valinda,True,0.0,0.6028,1950.0,1.0,La Puente,2.0,False,1.0,One,26256.0,False,0.0,West Covina,91744,0.0,26256.0,737.0370370370371,2.0,75.0,0,675.0,0.05141681901279708,13.81049801614073,13.547631112808673,13.472548554007435,709665.1755165824
False,False,2025-12-30,465000.0,33.920156,-117.428529,1188.0,252 - Riverside,True,2.0,0.17,1959.0,2.0,Riverside,3.0,False,1.0,One,7405.0,False,2.0,Riverside Unified,92503,0.0,7405.0,391.4141414141414,1.5,66.0,0,396.0,0.16043214044564483,13.049792684569493,13.399995114002609,13.328829177900772,614662.8455848967
False,False,2025-12-12,545000.0,34.091506,-117.331172,1496.0,273 - Colton,True,2.0,0.1036,1999.0,2.0,Colton,4.0,True,1.0,One,4512.0,False,2.0,Colton Unified,92324,0.0,4512.0,364.3048128342246,2.0,26.0,0,374.0,0.33156028368794327,13.208541073645382,13.142166004700508,13.077028391433293,477838.6448606337
True,False,2025-12-11,1530000.0,33.705094,-118.025865,1689.0,15 - West Huntington Beach,True,5.5,0.1377,1964.0,2.0,Huntington Beach,3.0,True,1.0,One,6000.0,False,3.5,Huntington Beach Union High,92649,0.0,6000.0,905.861456483126,1.5,61.0,0,563.0,0.2815,14.240778293368619,14.330128979968961,14.186307645964963,1448889.0465836474
True,True,2025-12-17,497000.0,34.482436,-117.353471,2033.0,VIC - Victorville,True,2.0,0.1818,1989.0,2.0,Victorville,6.0,True,1.0,One,7920.0,False,2.0,Victor Valley Unified,92392,0.0,7920.0,244.46630595179536,3.0,36.0,0,338.8333333333333,0.2566919191919192,13.116345305078767,13.01477816672439,13.017070769248589,450030.5594135338
True,False,2025-12-09,1360000.0,36.98937961,-122.01358514,1829.0,699 - Not Defined,True,2.0,0.08,2012.0,3.0,Santa Cruz,3.0,False,2.0,One,3485.0,False,2.0,Other,95060,330.0,3485.0,743.5757244395845,1.0,13.0,0,609.6666666666666,0.5248206599713056,14.122995257712235,14.204168547756057,14.136059312846687,1377883.67730684
True,False,2025-12-29,870000.0,33.878756,-118.283525,1296.0,699 - Not Defined,False,4.0,0.1344,1960.0,2.0,Gardena,3.0,True,1.0,One,5856.0,False,2.0,Los Angeles Unified,90248,0.0,5856.0,671.2962962962963,1.5,65.0,0,432.0,0.22131147540983606,13.676248490630767,13.635187003832993,13.554846822098055,770539.981015369
False,False,2025-12-23,586000.0,34.015053,-117.695945,832.0,681 - Chino,True,1.0,0.1561,1952.0,1.0,Chino,2.0,True,1.0,One,6800.0,False,1.0,Chino Valley Unified,91710,0.0,6800.0,704.3269230769231,2.0,73.0,0,416.0,0.1223529411764706,13.281075068559149,13.567049198665774,13.359127485126322,633571.086731743
True,False,2025-12-11,1430000.0,33.600301,-117.641347,2499.0,MS - Mission Viejo South,True,3.0,0.1326,1986.0,3.0,Mission Viejo,4.0,True,2.0,Two,5775.0,False,3.0,Capistrano Unified,92692,221.67,5775.0,572.2288915566227,1.3333333333333333,39.0,0,624.75,0.43272727272727274,14.17318500223609,14.006130917572923,14.133204623111883,1373955.8559405466
True,True,2025-12-08,1188000.0,33.684273,-116.304609,2883.0,313 - La Quinta South of HWY 111,True,2.0,0.19,2002.0,3.0,La Quinta,3.0,True,1.0,Two,8276.0,False,2.0,Charter Oak Unified,92253,360.0,8276.0,412.0707596253902,1.0,23.0,0,961.0,0.34835669405509906,13.987781778904727,13.545013310266594,13.729941083868521,917989.3643577014
True,False,2025-12-09,815000.0,37.96435979,-121.9961984,1404.0,92029 - Escondido,True,2.0,0.1309,1953.0,2.0,Concord,4.0,False,2.0,Two,5700.0,False,2.0,Lancaster,94521,65.0,5700.0,580.4843304843305,2.0,72.0,0,351.0,0.2463157894736842,13.610943392223,13.656514826473817,13.639264456211396,838411.6233751958
True,False,2025-12-16,340000.0,33.744314,-116.926281,984.0,SRCAR - Southwest Riverside County,True,2.0,0.15,1956.0,1.0,Hemet,3.0,True,1.0,One,6534.0,False,0.0,Hemet Unified,92544,0.0,6534.0,345.5284552845528,3.0,69.0,0,328.0,0.15059687786960516,12.736700896592344,13.081541382884074,12.84675509247176,379555.1137217879
False,False,2025-12-19,810000.0,34.205537,-118.560634,2420.0,RES - Reseda,True,2.0,0.1237,1972.0,3.0,Reseda,5.0,True,2.0,Two,5388.0,False,2.0,Los Angeles Unified,91335,0.0,5388.0,334.7107438016529,1.6666666666666667,53.0,0,484.0,0.4491462509279881,13.604789526648622,13.652991628466498,13.826728171292624,1011280.7666751047
True,True,2025-12-15,2100000.0,33.811527000000005,-118.380259,1990.0,128 - Hollywood Riviera,True,2.0,0.2095,1939.0,2.0,Redondo Beach,3.0,True,2.0,Two,9124.0,False,2.0,Sutter Union,90277,0.0,9124.0,1055.2763819095478,1.5,86.0,0,663.3333333333334,0.21810609381850066,14.557447902693651,14.508657738524219,14.48106347853157,1945565.9674297243
True,False,2025-12-11,3925000.0,37.82820002,-122.22993759,3711.0,248 - Corona,True,4.0,0.3567,1937.0,5.0,Piedmont,5.0,True,1.0,ThreeOrMore,15540.0,False,4.0,Piedmont,94611,0.0,15540.0,1057.6663971975208,1.0,88.0,0,742.2,0.23880308880308881,15.182876909198646,14.128493142202753,14.74140179433696,2524116.8429393563
False,False,2025-12-17,475000.0,37.93448275,-122.36594775,1148.0,259 - Moreno Valley,False,0.0,0.0689,1910.0,2.0,Richmond,3.0,False,1.0,One,3000.0,False,0.0,Paso Robles Joint Unified,94801,0.0,3000.0,413.7630662020906,1.5,115.0,0,382.6666666666667,0.38266666666666665,13.071070083016778,13.217666945594692,13.101790917952851,489818.85494580935
True,True,2025-12-05,1088990.0,33.674116,-116.258243,3022.0,699 - Not Defined,True,3.0,0.1963,2024.0,3.0,La Quinta,3.0,False,1.0,One,8549.0,True,3.0,Coachella Valley Unified,92253,184.0,8549.0,360.35407015221705,1.0,1.0,0,1007.3333333333334,0.35349163644870746,13.90076121913648,13.545013310266594,13.836167682206806,1020871.9593755351
False,False,2025-12-01,925000.0,33.879963000000004,-117.968526,1786.0,83 - Fullerton,False,2.0,0.0358,1981.0,3.0,Fullerton,3.0,True,2.0,Two,1560.0,False,2.0,Fullerton Joint Union High,92833,399.0,1560.0,517.9171332586786,1.0,44.0,0,595.3333333333334,1.1448717948717948,13.737549016494562,13.87377946608825,13.836398527451742,1021107.6500160302
True,False,2025-12-19,410000.0,39.722042,-121.832702,2496.0,LCCLR - Kelseyville Riviera,True,0.0,0.13,1905.0,2.0,Chico,6.0,False,1.0,One,5663.0,False,0.0,Chico Unified,95928,0.0,5663.0,164.26282051282053,3.0,120.0,0,416.0,0.4407557831538054,12.92391243868049,13.078384738024758,13.11383326452164,495753.08265228954
True,False,2025-12-04,425000.0,34.408672,-117.558722,1806.0,PHEL - Phelan,True,2.0,2.3,2003.0,2.0,Phelan,3.0,True,1.0,One,2.3,False,0.0,Snowline Joint Unified,92371,0.0,100188.0,235.3266888150609,1.5,22.0,0,602.0,0.018026110911486405,12.959844447906553,13.11835535600679,13.123201778062837,500419.3761072909
True,False,2025-12-12,365000.0,33.755916,-116.887125,1704.0,SRCAR - Southwest Riverside County,True,2.0,0.19,1988.0,3.0,Hemet,4.0,True,1.0,"One,Two",8276.0,False,2.0,Hemet Unified,92544,0.0,8276.0,214.2018779342723,1.3333333333333333,37.0,0,426.0,0.20589656839052684,12.80765263256463,13.081541382884074,13.132167140177696,504925.9885436916
True,False,2025-12-16,720000.0,34.028954,-117.630762,1444.0,686 - Ontario,True,2.0,0.1653,1978.0,2.0,Ontario,4.0,True,1.0,One,7200.0,False,2.0,Ontario-Montclair,91761,0.0,7200.0,498.61495844875344,2.0,47.0,0,361.0,0.20055555555555554,13.487006490992238,13.532323657186438,13.449478231122226,693480.3828166012
True,False,2025-12-22,920000.0,33.773821000000005,-117.998238,1432.0,"63 - Garden Grove S of Chapman, W of Euclid",True,2.0,0.1894,1954.0,2.0,Garden Grove,4.0,False,1.0,One,8249.0,False,2.0,Garden Grove Unified,92841,0.0,8249.0,642.4581005586592,2.0,71.0,0,358.0,0.1735967996120742,13.732128949025222,13.866678844538674,13.755976033885526,942203.0043389935
False,False,2025-12-08,1315000.0,33.922085,-117.66494,2888.0,682 - Chino Hills,True,2.0,0.2071,2025.0,4.0,Chino Hills,3.0,False,1.0,One,9022.0,True,2.0,Chino Valley Unified,91709,595.0,9022.0,455.3324099722992,0.75,0.0,0,962.6666666666666,0.320106406561738,14.089347223594002,13.901688254205327,14.26520858962961,1567838.6763672621
False,False,2025-12-04,765000.0,34.259381,-119.196567,1464.0,SOSR - South Stevenson Ranch,True,2.0,0.16,1971.0,2.0,Ventura,5.0,False,1.0,One,6969.0,False,2.0,Las Virgenes,93003,240.0,6969.0,522.5409836065573,2.5,54.0,0,292.8,0.21007318123116658,13.547631112808673,13.825460888817442,13.691008705592541,882936.6258380255
False,False,2025-12-30,600000.0,35.387362,-120.609808,840.0,SMRG - Santa Margarita,True,1.0,0.1722,1984.0,1.0,Santa Margarita,2.0,False,1.0,One,7500.0,False,1.0,Atascadero Unified,93453,0.0,7500.0,714.2857142857143,2.0,41.0,0,420.0,0.112,13.304684934198283,13.463851190023554,13.130979586562018,504326.7177638661
False,False,2025-12-24,805000.0,34.116240999999995,-117.874361,1483.0,629 - Glendora,True,2.0,0.1781,1956.0,2.0,Glendora,3.0,False,1.0,One,7758.0,False,2.0,Azusa Unified,91740,0.0,7758.0,542.8186109238031,1.5,69.0,0,494.3333333333333,0.1911575148234081,13.5985975564007,13.635169075296139,13.553746405008058,769692.532010933
False,False,2025-12-16,715000.0,33.15724338,-117.12692057,1747.0,92026 - Escondido,True,4.0,0.163,1978.0,3.0,Escondido,3.0,True,1.0,One,7100.0,False,2.0,Covina Valley Unified,92026,100.0,7100.0,409.27303949627935,1.0,47.0,0,582.3333333333334,0.246056338028169,13.480037821676145,13.709594177880103,13.670653624972493,865146.0581153927
False,False,2025-12-24,799000.0,33.852945,-118.009551,1036.0,82 - Buena Park,True,2.0,0.1492,1959.0,1.0,Buena Park,3.0,False,1.0,One,6500.0,False,2.0,Anaheim Union High,90620,0.0,6500.0,771.2355212355212,3.0,66.0,0,345.3333333333333,0.15938461538461537,13.591116224748411,13.741593969296583,13.522280001206038,745850.160077299
True,False,2025-12-11,820000.0,33.723619,-117.872621,1077.0,69 - Santa Ana South of First,False,2.0,0.1435,1916.0,1.0,Santa Ana,3.0,False,1.0,One,6250.0,False,2.0,Santa Ana Unified,92707,0.0,6250.0,761.3741875580316,3.0,109.0,0,359.0,0.17232,13.617059619240436,13.695600261291716,13.504306824718785,732564.612898818
True,False,2025-12-12,735000.0,33.948692,-117.543017,1960.0,250 - Norco,True,2.0,0.35,1962.0,2.0,Norco,4.0,True,1.0,One,15246.0,False,2.0,Corona-Norco Unified,92860,0.0,15246.0,375.0,2.0,63.0,0,490.0,0.1285583103764922,13.507625778194974,13.753635154246187,13.787161686006112,972049.1869362387
True,False,2025-12-04,1650000.0,33.775799,-118.366819,2225.0,175 - Peninsula Center,True,2.0,0.1831,1965.0,3.0,Rancho Palos Verdes,5.0,True,2.0,Two,7974.0,False,2.0,Palos Verdes Peninsula Unified,90275,0.0,7974.0,741.5730337078652,1.6666666666666667,60.0,0,445.0,0.2790318535239528,14.316285845876763,14.438232971730155,14.400295471088873,1794604.9481547114
True,False,2025-12-12,687000.0,33.146706,-117.068054,1352.0,92027 - Escondido,True,0.0,0.4362,1953.0,1.0,Escondido,3.0,True,1.0,One,19000.0,False,0.0,Escondido Union,92027,0.0,19000.0,508.1360946745562,3.0,72.0,0,450.6666666666667,0.0711578947368421,13.440089571204487,13.658839648348096,13.539840164599184,759063.0817613257
False,False,2025-12-03,1000000.0,32.643584000000004,-116.992009,1381.0,91913 - Chula Vista,True,2.0,0.1676,1969.0,2.0,Chula Vista,4.0,True,1.0,One,7300.0,False,2.0,Sweetwater Union,91913,0.0,7300.0,724.112961622013,2.0,56.0,0,345.25,0.1891780821917808,13.815510557964274,13.764217263576723,13.635742555501821,835464.0145235589
True,False,2025-12-19,2968334.0,33.686754,-117.706144,3365.0,PS - Portola Springs,True,2.0,0.1798,2025.0,5.0,Irvine,4.0,False,2.0,Two,7830.0,True,2.0,Irvine Unified,92618,180.0,7830.0,882.120059435364,0.8,0.0,0,841.25,0.429757343550447,14.90351141063069,14.648419680899378,15.045560023501794,3421398.7734333347
True,False,2025-12-02,515000.0,33.754271,-116.909982,2333.0,SRCAR - Southwest Riverside County,True,6.0,0.17,1983.0,2.0,Hemet,4.0,True,1.0,One,7405.0,False,2.0,Hemet Unified,92544,0.0,7405.0,220.74582083154732,2.0,42.0,0,583.25,0.3150573936529372,13.151922179645874,13.081541382884074,13.157766368030629,518018.5689695234
True,False,2025-12-02,475000.0,34.133096,-117.272741,1500.0,274 - San Bernardino,True,2.0,0.1515,1953.0,2.0,San Bernardino,3.0,True,1.0,One,6600.0,False,2.0,San Bernardino City Unified,92404,0.0,6600.0,316.6666666666667,1.5,72.0,0,500.0,0.22727272727272727,13.071070083016778,13.142166004700508,13.116014198665814,496835.46735317353
True,True,2025-12-22,780000.0,33.602658,-116.2338,1845.0,313 - La Quinta South of HWY 111,True,2.0,0.29,2007.0,2.0,La Quinta,3.0,True,1.0,One,12632.0,False,2.0,Jurupa Unified,92253,595.0,12632.0,422.7642276422764,1.5,18.0,0,615.0,0.14605763141228625,13.567049198665774,13.545013310266594,13.413439355684181,668933.1144316625
False,False,2025-12-19,844000.0,33.645119,-117.920848,850.0,C4 - Central Costa Mesa,True,3.0,0.0298,1959.0,1.0,Costa Mesa,2.0,False,1.0,One,1300.0,False,1.0,Newport Mesa Unified,92627,230.0,1300.0,992.9411764705884,2.0,66.0,0,425.0,0.6538461538461539,13.645907773578093,14.375126345899696,13.920729536209329,1110953.858447973
True,True,2025-12-03,775000.0,33.8568,-117.587734,2344.0,248 - Corona,True,2.0,0.17,1999.0,3.0,Corona,3.0,True,2.0,Two,7405.0,False,2.0,Corona-Norco Unified,92882,0.0,7405.0,330.63139931740614,1.0,26.0,0,781.3333333333334,0.3165428764348413,13.560618308335483,13.623138665316818,13.696273908781976,887597.7266297777
True,False,2025-12-16,1170000.0,37.71775466,-121.91118164,2166.0,252 - Riverside,True,2.0,0.0508,2012.0,4.0,Dublin,4.0,False,1.0,ThreeOrMore,2212.0,False,2.0,Acalanes,94568,160.0,2212.0,540.1662049861496,1.0,13.0,0,541.5,0.9792043399638336,13.972514306773938,14.288629462085328,14.199059402846085,1467483.2297431142
True,False,2025-12-09,472000.0,34.417665,-117.590549,1897.0,PHEL - Phelan,True,2.0,2.2,1990.0,3.0,Phelan,3.0,True,1.0,One,2.2,False,2.0,Snowline Joint Unified,92371,0.0,95832.0,248.8139167105957,1.0,35.0,0,632.3333333333334,0.019795058018198513,13.064734264567692,13.11835535600679,13.17837819499128,528806.677449177
False,False,2025-12-04,805000.0,34.103846000000004,-117.697198,2230.0,690 - Upland,True,2.0,0.0615,2019.0,3.0,Upland,4.0,False,2.0,Two,2678.0,False,2.0,Upland,91786,199.0,2678.0,360.9865470852018,1.3333333333333333,6.0,0,557.5,0.8327109783420463,13.5985975564007,13.554145793829866,13.54126842069502,760147.9928159623
True,False,2025-12-04,474000.0,37.58639309,-120.97736287,1742.0,651 - Rosemead/S. San Gabriel,False,1.0,0.16,2003.0,2.0,Ceres,4.0,False,1.0,One,6970.0,False,1.0,Corona-Norco Unified,95307,0.0,6970.0,272.10103329506313,2.0,22.0,0,435.5,0.24992826398852225,13.068962600677214,13.000052085908663,12.98696060685199,436682.03775354003
True,False,2025-12-02,895000.0,33.970032,-118.026436,1888.0,678 - N. Whittier,True,2.0,0.1378,1962.0,2.0,Whittier,2.0,True,1.0,One,6004.0,False,2.0,East Whittier Unified,90602,0.0,6004.0,474.04661016949154,1.0,63.0,0,944.0,0.3144570286475683,13.704578997256993,13.764217263576723,13.699130958278172,890137.2633310338
True,True,2025-12-24,1615000.0,34.248427,-118.791057,2632.0,SVW - West Simi,True,3.0,0.52,1983.0,3.0,Simi Valley,4.0,True,1.0,One,22651.0,False,3.0,Simi Valley Unified,93065,436.0,22651.0,613.6018237082067,1.3333333333333333,42.0,0,658.0,0.11619796035495121,14.294845514638894,13.676248490630767,13.954879086148562,1149547.6626642963
True,False,2025-12-08,880000.0,35.741413,-120.67061499999998,1186.0,SMIG - San Miguel,True,2.0,10.0,2006.0,2.0,San Miguel,3.0,False,1.0,One,435600.0,False,2.0,Paso Robles Joint Unified,93451,0.0,435600.0,741.9898819561552,1.5,19.0,0,395.3333333333333,0.0027226813590449954,13.687677186454389,13.304684934198283,13.361492094923813,635071.0077959722
False,True,2025-12-09,1060000.0,34.187871,-118.486022,1684.0,LKBL - Lake Balboa,True,2.0,0.1494,1950.0,2.0,Lake Balboa,3.0,True,1.0,One,6509.0,False,2.0,Los Angeles Unified,91406,0.0,6509.0,629.4536817102138,1.5,75.0,0,561.3333333333334,0.2587186971885082,13.87377946608825,13.708480036117827,13.751370579845675,937873.7085448058
False,False,2025-12-29,460000.0,33.756058,-116.910934,1457.0,SRCAR - Southwest Riverside County,True,2.0,0.17,1997.0,2.0,Hemet,4.0,True,1.0,One,7405.0,False,2.0,Hemet Unified,92544,0.0,7405.0,315.7172271791352,2.0,28.0,0,364.25,0.19675894665766375,13.038981768465277,13.081541382884074,13.027656625966321,454819.8229390181
False,True,2025-12-22,720000.0,33.692446000000004,-117.220313,3142.0,SRCAR - Southwest Riverside County,True,8.0,0.18,2001.0,3.0,Menifee,5.0,True,2.0,Two,7841.0,False,3.0,Perris Union High,92584,0.0,7841.0,229.15340547422025,1.6666666666666667,24.0,0,628.4,0.4007141946180334,13.487006490992238,13.353475098367715,13.469012821171983,707160.4197363737
True,True,2025-12-01,720000.0,33.746762,-116.279454,1761.0,"312 - Bermuda Dunes, Myoma",True,2.0,0.19,1986.0,2.0,Bermuda Dunes,3.0,True,1.0,One,8276.0,False,2.0,Desert Sands Unified,92203,0.0,8276.0,408.8586030664395,1.5,39.0,0,587.0,0.21278395360077332,13.487006490992238,13.255142955086335,13.20621861450358,543735.728445504
True,False,2025-12-08,815000.0,33.095930800000005,-117.07326979,1375.0,92025 - Escondido,True,4.0,0.1187,1983.0,3.0,Escondido,3.0,True,2.0,Two,5170.0,False,2.0,Rialto Unified,92025,181.0,5170.0,592.7272727272727,1.0,42.0,0,458.3333333333333,0.26595744680851063,13.610943392223,13.740514638062564,13.585211187883614,794295.7785151347
True,True,2025-12-17,748000.0,33.977504,-117.435265,2380.0,251 - Jurupa Valley,True,8.0,0.27,1962.0,3.0,Jurupa Valley,3.0,True,1.0,One,11761.0,False,2.0,Jurupa Unified,92509,0.0,11761.0,314.2857142857143,1.0,63.0,0,793.3333333333334,0.20236374457954256,13.525158256956614,13.422467969854667,13.589382675235479,797616.0938206835
False,False,2025-12-11,325000.0,36.788127,-119.823815,1445.0,699 - Not Defined,True,1.0,0.1846,1952.0,1.0,Fresno,3.0,True,1.0,One,8040.0,False,0.0,Fresno Unified,93705,0.0,8040.0,224.9134948096886,3.0,73.0,0,481.6666666666667,0.17972636815920398,12.691580461311874,12.691580461311874,12.612720045157955,300354.8972105263
False,False,2025-12-05,950000.0,33.789398,-118.03341100000002,1226.0,46 - Eastgate,True,2.0,0.1492,1959.0,2.0,Garden Grove,3.0,True,1.0,One,6500.0,False,2.0,Garden Grove Unified,92845,0.0,6500.0,774.8776508972268,1.5,66.0,0,408.6666666666667,0.18861538461538463,13.764217263576723,13.955272500339433,13.802069630152921,986648.9981120442
False,False,2025-12-03,937000.0,34.159788,-118.274272,988.0,626 - Glendale-Northwest,False,1.0,0.1402,1926.0,1.0,Glendale,2.0,True,1.0,One,6107.0,False,1.0,Glendale Unified,91202,0.0,6107.0,948.3805668016196,2.0,99.0,0,494.0,0.16178156214180447,13.750438561220559,14.383661248349535,13.97662003803569,1174813.5804482263
True,False,2025-12-09,415000.0,33.733305,-116.962418,1268.0,SRCAR - Southwest Riverside County,True,1.0,0.15,1963.0,2.0,Hemet,2.0,False,1.0,One,6534.0,False,1.0,Hemet Unified,92543,0.0,6534.0,327.2870662460568,1.0,62.0,0,634.0,0.1940618304254668,12.936033799212835,12.919503857231216,12.731384293659112,338197.15176345926
True,False,2025-12-04,525000.0,34.269907,-118.401462,1200.0,PAC - Pacoima,True,2.0,0.1715,1964.0,2.0,Pacoima,3.0,True,1.0,One,7471.0,False,2.0,Los Angeles Unified,91331,0.0,7471.0,437.5,1.5,61.0,0,400.0,0.16062106813010307,13.17115354157376,13.541073712262515,13.450541386509913,694218.0522809983
True,True,2025-12-16,805999.0,33.979818,-117.438796,2500.0,251 - Jurupa Valley,True,3.0,0.35,1976.0,2.0,Jurupa Valley,4.0,True,1.0,One,0.35,False,3.0,Jurupa Unified,92509,0.0,15246.0,322.3996,2.0,49.0,0,625.0,0.16397743670470943,13.599837780793207,13.422467969854667,13.570265634003706,782512.8586208312
True,False,2025-12-04,1050000.0,33.953764,-118.154781,1728.0,"D1 - Northeast Downey, N of Firestone, E of Downey",True,2.0,0.1918,1961.0,2.0,Downey,3.0,True,1.0,One,8356.0,False,2.0,Downey Unified,90241,0.0,8356.0,607.6388888888889,1.5,64.0,0,576.0,0.20679751077070369,13.864300722133706,13.790192749979985,13.778588340300649,963751.0952456099
True,False,2025-12-17,449000.0,33.959792,-117.008741,1687.0,263 - Banning/Beaumont/Cherry Valley,True,4.0,0.13,2006.0,2.0,Beaumont,2.0,True,1.0,One,5663.0,False,2.0,Rim of the World,92223,300.0,5663.0,266.1529342027267,1.0,19.0,0,843.5,0.2978986402966625,13.01477816672439,13.197470849891134,12.94277161410685,417805.63448973204
True,False,2025-12-29,470000.0,33.759365,-116.890359,1568.0,SRCAR - Southwest Riverside County,True,5.0,0.18,1987.0,2.0,Hemet,3.0,True,1.0,One,7840.0,False,2.0,Hemet Unified,92544,0.0,7840.0,299.7448979591837,1.5,38.0,0,522.6666666666666,0.2,13.060487973686241,13.081541382884074,13.052183314570627,466112.9727735148
True,False,2025-12-17,630000.0,34.112567,-117.357023,1704.0,272 - Rialto,True,2.0,0.1928,1963.0,2.0,Rialto,5.0,True,1.0,One,8400.0,False,2.0,Rialto Unified,92376,0.0,8400.0,369.7183098591549,2.5,62.0,0,340.8,0.20285714285714285,13.353475098367715,13.253391639810733,13.21066721987525,546159.9824044114
True,False,2025-12-05,925000.0,33.01248,-116.806295,2543.0,92065 - Ramona,True,6.0,0.43,2007.0,3.0,Ramona,4.0,True,1.0,One,0.43,False,3.0,Ramona Unified,92065,175.0,18730.8,363.7436099095556,1.3333333333333333,18.0,0,635.75,0.13576569073397826,13.737549016494562,13.623138665316818,13.803710193591051,988268.9868684334
True,False,2025-12-09,1535000.0,33.875952000000005,-117.832628,3041.0,84 - Placentia,True,4.0,0.2019999999999999,2004.0,4.0,Placentia,6.0,True,2.0,Two,8799.0,False,2.0,Placentia-Yorba Linda Unified,92870,0.0,8799.0,504.7681683656692,1.5,21.0,0,506.8333333333333,0.34560745539265825,14.244040939003435,13.980176819817759,14.181989758285079,1442646.3936560473
True,True,2025-12-02,1385000.0,33.803533,-116.513139,1830.0,334 - South End Palm Springs,False,3.0,0.29,1966.0,2.0,Palm Springs,3.0,True,1.0,One,12632.0,False,3.0,Palos Verdes Peninsula Unified,92264,0.0,12632.0,756.8306010928961,1.5,59.0,0,610.0,0.1448701709943002,14.141210697603576,14.077874822431765,14.035135219734578,1245609.1181151646
False,False,2025-12-02,830000.0,34.249524,-118.500432,1780.0,NR - Northridge,True,2.0,0.1748,1961.0,2.0,Northridge,3.0,True,1.0,One,7615.0,False,2.0,Los Angeles Unified,91343,0.0,7615.0,466.2921348314607,1.5,64.0,0,593.3333333333334,0.23374917925147734,13.62918097977278,13.715690222682063,13.780121889684208,965230.1889854004
False,False,2025-12-22,2970000.0,32.96187879,-117.19951869,3377.0,92130 - Carmel Valley,True,5.0,0.1785,2003.0,4.0,San Diego,4.0,False,2.0,Two,7775.0,False,3.0,San Diego Unified,92130,148.0,7775.0,879.4788273615635,1.0,22.0,0,844.25,0.4343408360128617,14.904072510778882,14.674172177001793,14.784833137619602,2636158.0672467635
False,False,2025-12-12,485000.0,39.774628,-121.590737,1831.0,N7 - West Bay - Santa Ana Heights,True,2.0,0.34,2025.0,2.0,Paradise,3.0,True,1.0,One,0.34,True,2.0,Paradise Unified,95969,0.0,14810.4,264.8825778263244,1.5,0.0,0,610.3333333333334,0.12362934154378005,13.091904169919621,12.89921982609012,13.071072918859524,475001.3470272144
True,False,2025-12-12,2395000.0,34.138098,-117.505035,4922.0,688 - Rancho Cucamonga,True,3.0,0.5854,2025.0,6.0,Rancho Cucamonga,5.0,True,2.0,Two,25500.0,True,3.0,Etiwanda,91739,75.0,25500.0,486.5908167411621,0.8333333333333334,0.0,0,984.4,0.19301960784313726,14.688893788827153,13.862273807960708,14.774624123808596,2609382.4022522015
False,False,2025-12-14,657500.0,34.966049,-120.419586,1600.0,SMNE - SM Northeast,True,2.0,0.16,1979.0,2.0,Santa Maria,3.0,True,1.0,One,6970.0,False,2.0,Santa Maria Joint Union,93454,0.0,6970.0,410.9375,1.5,46.0,0,533.3333333333334,0.22955523672883787,13.396200043034057,13.422467969854667,13.36313502499391,636115.2426188379
True,True,2025-12-04,660000.0,34.678093,-118.175806,2797.0,LAC - Lancaster,True,2.0,0.37,1958.0,3.0,Lancaster,5.0,True,1.0,One,16117.2,False,2.0,Antelope Valley Union,93536,0.0,16117.2,235.9671076153021,1.6666666666666667,67.0,0,559.4,0.17354130990494626,13.399995114002609,13.224918336616522,13.467322990509361,705966.4474653058
False,False,2025-12-08,1101000.0,34.280353000000005,-119.210384,1893.0,699 - Not Defined,True,4.0,0.22,1977.0,3.0,Ventura,4.0,True,2.0,Two,9583.0,False,4.0,Palm Springs Unified,93003,0.0,9583.0,581.6164817749603,1.3333333333333333,48.0,0,473.25,0.19753730564541375,13.911729415704817,13.825460888817442,13.8284064660184,1012979.4188728945
True,False,2025-12-23,325000.0,34.353021000000005,-117.621773,816.0,WRWD - Wrightwood,True,0.0,0.1102,1961.0,1.0,Wrightwood,2.0,True,2.0,Two,4800.0,False,0.0,Call Listing Office,92397,0.0,4800.0,398.2843137254902,2.0,64.0,0,408.0,0.17,12.691580461311874,13.003579841414362,12.626575431402967,304545.39375821495
False,False,2025-12-10,1300000.0,33.16541579,-117.09558954,3114.0,92026 - Escondido,True,11.0,3.7273,2006.0,3.0,Escondido,3.0,False,1.0,One,162360.0,False,3.0,Palos Verdes Peninsula Unified,92026,0.0,162360.0,417.4694926140013,1.0,19.0,0,1038.0,0.01917960088691796,14.077874822431765,13.709594177880103,14.096509928064647,1324452.7696626883
True,False,2025-12-23,520000.0,38.63715634,-121.51812758,1996.0,PRIC - PR Inside City Limit,True,2.0,0.062,2018.0,3.0,Sacramento,4.0,False,2.0,Two,2701.0,False,2.0,Apple Valley Unified,95834,72.0,2701.0,260.5210420841684,1.3333333333333333,7.0,0,499.0,0.7389855609033691,13.16158409055761,13.180632285528304,13.209117682525456,545314.3424572574
False,False,2025-12-22,915000.0,34.212232,-119.17096200000002,2394.0,VC35 - Oxnard - Northeast,True,2.0,0.11,2000.0,4.0,Oxnard,4.0,True,2.0,Two,4791.0,False,2.0,Other,93030,0.0,4791.0,382.2055137844612,1.0,25.0,0,598.5,0.4996869129618034,13.726679344257658,13.617059619240436,13.753262381114336,939649.6585590554
True,True,2025-12-16,2800000.0,33.69064,-116.391884,4434.0,323 - South Palm Desert,True,6.0,0.54,1999.0,5.0,Palm Desert,4.0,True,1.0,One,23522.0,False,3.0,Other,92260,3200.0,23522.0,631.4839873703203,0.8,26.0,0,1108.5,0.18850437887934698,14.845129975145433,13.624349319661324,14.566843660643887,2119824.0769705414
False,False,2025-12-01,1715000.0,33.0982179,-117.12050752,3023.0,92029 - Escondido,False,12.0,1.27,1976.0,3.0,Escondido,4.0,True,1.0,One,55321.0,False,3.0,Other,92029,398.0,55321.0,567.3172345352299,1.3333333333333333,49.0,0,755.75,0.054644709965474235,14.354923638582177,14.163297674406381,14.335829331698923,1682563.9214046896
False,False,2025-12-11,3500000.0,33.02444575,-117.19956004,2150.0,92067 - Rancho Santa Fe,True,8.0,0.45,1958.0,2.0,Rancho Santa Fe,3.0,True,1.0,One,7841.0,False,2.0,Chino Valley Unified,92067,2.5,3086.0,1627.906976744186,1.5,67.0,0,716.6666666666666,0.6966947504860661,15.068273526459642,15.37889082594447,15.055523012386738,3455656.502700643
False,False,2025-12-01,1075000.0,32.756389,-116.998429,2096.0,91941 - La Mesa,True,9.0,0.4,1965.0,2.0,La Mesa,4.0,True,1.0,One,0.4,False,2.0,La Mesa-Spring Valley,91941,0.0,17424.0,512.8816793893129,2.0,60.0,0,524.0,0.12029384756657484,13.8878312195439,13.903955641362648,13.947052638510252,1140585.9031900673
True,False,2025-12-10,1800000.0,33.482620000000004,-117.586217,2978.0,TL - Talega,True,4.0,0.1188,2009.0,3.0,San Clemente,4.0,True,2.0,Two,5173.0,False,2.0,Capistrano Unified,92673,267.0,5173.0,604.4325050369375,1.3333333333333333,16.0,0,744.5,0.5756814227720858,14.403297222866392,14.446782334806132,14.506933426605007,1996554.3477049693
True,False,2025-12-16,798000.0,34.162505,-117.484313,2589.0,264 - Fontana,True,3.0,0.1865,1999.0,3.0,Fontana,4.0,True,2.0,Two,8125.0,False,3.0,Chaffey Joint Union High,92336,0.0,8125.0,308.2271147161066,1.3333333333333333,26.0,0,647.25,0.31864615384615386,13.589863876431945,13.487006490992238,13.562886909119872,776760.1614047757
True,False,2025-12-12,1115000.0,34.241170000000004,-118.273214,1511.0,659 - Sunland/Tujunga,True,7.0,0.207,1956.0,2.0,Tujunga,3.0,True,1.0,One,9018.0,False,2.0,Los Angeles Unified,91042,0.0,9018.0,737.9219060225016,1.5,69.0,0,503.6666666666667,0.1675537813262364,13.924364962876357,13.684633332743342,13.687381218309845,879739.5865717417
True,False,2025-12-08,3710000.0,37.64636281,-121.81225203,4123.0,LCKEL - Kelseyville,True,3.0,0.938,1996.0,4.0,Pleasanton,5.0,True,1.0,One,40858.0,False,3.0,Santa Maria-Bonita,94566,295.0,40858.0,899.830220713073,1.25,29.0,0,824.6,0.10091047040971168,15.126542434583618,14.430696197054507,14.899999846127493,2957928.7836784082
True,False,2025-12-12,1690000.0,33.763877,-117.825091,2563.0,71 - Tustin,True,2.0,0.2185,1962.0,3.0,Tustin,5.0,True,2.0,Two,9520.0,False,3.0,Pasadena Unified,92780,60.0,9520.0,659.3835349200156,1.6666666666666667,63.0,0,512.6,0.26922268907563024,14.340239086899256,14.077874822431765,14.23446628816197,1520373.0466861438
True,False,2025-12-30,575000.0,38.49004,-121.370114,1653.0,SCTO - Sacramento,True,2.0,0.1309,2025.0,2.0,Sacramento,3.0,False,1.0,One,5700.0,False,2.0,Sacramento City Unified,95829,0.0,5700.0,347.8523895946764,1.5,0.0,0,551.0,0.29,13.262125319779487,13.253391639810733,13.192445795527608,536298.2895042275
False,False,2025-12-12,425000.0,37.366309,-120.594258,1485.0,M3 - La Mirada,True,2.0,0.1389,1993.0,2.0,Atwater,3.0,True,1.0,One,6051.0,False,2.0,Atwater,95301,0.0,6051.0,286.1952861952862,1.5,32.0,0,495.0,0.24541398116013882,12.959844447906553,13.038981768465277,12.940399416345661,416815.69153344334
True,True,2025-12-04,480000.0,35.327337,-119.108269,2118.0,BKSF - Bakersfield,True,2.0,0.23,1989.0,2.0,Bakersfield,3.0,True,1.0,One,10018.0,False,2.0,Bakersfield City,93311,0.0,10018.0,226.628895184136,1.5,36.0,0,706.0,0.2114194449990018,13.081541382884074,13.112313041550827,13.1503132029481,514172.04326081503
True,False,2025-12-19,1024000.0,39.503136,-123.746746,2952.0,FBN - Fort Bragg North,False,6.0,7.7,1999.0,3.0,Fort Bragg,3.0,True,2.0,Two,7.7,False,2.0,Carmel Unified,95437,140.0,335412.0,346.8834688346884,1.0,26.0,0,984.0,0.008801116239132769,13.83922708458159,13.317924750600472,13.798386058239444,983021.2911358409
True,False,2025-12-04,730000.0,37.99455696,-122.0378113,1422.0,91977 - Spring Valley,False,0.0,0.1343,1954.0,3.0,Concord,4.0,False,1.0,One,5850.0,False,0.0,Santa Maria Joint Union,94520,342.0,5850.0,513.3614627285514,1.3333333333333333,71.0,0,355.5,0.24307692307692308,13.500799813124575,13.38472764187182,13.414843645467585,669873.1502569104
False,False,2025-12-26,765000.0,33.916614,-118.092897,977.0,M1 - Norwalk,True,2.0,0.1396,1952.0,1.0,Norwalk,3.0,False,1.0,One,6080.0,False,2.0,Norwalk - La Mirada,90650,0.0,6080.0,783.0092118730809,3.0,73.0,0,325.6666666666667,0.1606907894736842,13.547631112808673,13.541073712262515,13.399656901662963,659776.8175994826
True,False,2025-12-08,1270000.0,33.909884000000005,-117.950548,2121.0,87 - La Habra,True,2.0,0.2479,1966.0,2.0,La Habra,4.0,True,1.0,One,10800.0,False,2.0,Fullerton Joint Union High,90631,0.0,10800.0,598.7741631305988,2.0,59.0,0,530.25,0.1963888888888889,14.054527458434775,13.792724135316895,13.910012743415828,1099111.565185444
False,False,2025-12-30,860000.0,34.213655,-118.841579,1600.0,TOE - Thousand Oaks East,True,2.0,0.1234,1970.0,3.0,Thousand Oaks,3.0,True,2.0,Two,5376.0,False,2.0,Paso Robles Joint Unified,91362,94.0,5376.0,537.5,1.0,55.0,0,533.3333333333334,0.2976190476190476,13.664687668229691,14.119312012295937,13.942550062399585,1135461.872675594
True,False,2025-12-19,406000.0,34.527529,-117.362433,1480.0,VIC - Victorville,True,2.0,0.1215,2005.0,3.0,Victorville,3.0,True,2.0,Two,5294.0,False,2.0,Victor Valley Unified,92394,0.0,5294.0,274.3243243243243,1.0,20.0,0,493.3333333333333,0.2795617680392898,12.91410843858387,12.948009990259552,12.915865634603367,406714.04876200424
True,False,2025-12-10,800000.0,34.428691,-118.464135,1520.0,CAN1 - Canyon Country 1,True,2.0,0.2597,1967.0,3.0,Canyon Country,4.0,False,1.0,One,11311.0,False,2.0,Los Angeles Unified,91351,0.0,11311.0,526.3157894736842,1.3333333333333333,58.0,0,380.0,0.13438245955264785,13.592367006650065,13.527828485512494,13.533063140176184,753936.284554545
False,False,2025-12-09,790000.0,33.985155,-117.583587,2402.0,686 - Ontario,True,2.0,0.0898,2018.0,3.0,Ontario,4.0,False,2.0,Two,3910.0,False,2.0,Chaffey Joint Union High,91762,154.0,3910.0,328.8925895087428,1.3333333333333333,7.0,0,600.5,0.6143222506393862,13.579788224443204,13.530491602931978,13.59210238494158,799788.3306406011
True,False,2025-12-26,775000.0,34.138387,-118.599129,1513.0,TOP - Topanga,True,3.0,0.0786,2001.0,2.0,Topanga,3.0,False,2.0,Two,3423.0,False,2.0,Newport Mesa Unified,90290,670.0,3423.0,512.2273628552545,1.5,24.0,0,504.3333333333333,0.4420099328074788,13.560618308335483,14.266581106099132,14.0386868961535,1250040.9842656397
True,False,2025-12-23,1290000.0,33.64952,-117.61496,2170.0,MEH - Melinda Heights,True,4.0,0.0908,1993.0,3.0,Rancho Santa Margarita,4.0,True,2.0,Two,3956.0,False,2.0,Saddleback Valley Unified,92688,87.0,3956.0,594.4700460829494,1.3333333333333333,32.0,0,542.5,0.5485338725985844,14.070152776337855,14.041051233878205,14.020976536213253,1228097.1982340037
True,False,2025-12-30,1360000.0,33.86185,-117.62053799999998,2944.0,248 - Corona,True,4.0,0.19,2021.0,3.0,Corona,4.0,True,1.0,One,8276.0,False,2.0,Corona-Norco Unified,92882,330.0,8276.0,461.9565217391304,1.3333333333333333,4.0,0,736.0,0.35572740454325763,14.122995257712235,13.623138665316818,13.817412655949154,1001903.908120755
False,False,2025-12-04,425000.0,34.478534,-117.369294,1806.0,VIC - Victorville,True,7.0,0.1722,1990.0,3.0,Victorville,3.0,True,2.0,Two,7500.0,False,3.0,Victor Valley Unified,92392,0.0,7500.0,235.3266888150609,1.0,35.0,0,602.0,0.2408,12.959844447906553,13.01477816672439,13.015778325199804,449449.29580150906
False,False,2025-12-17,875000.0,34.120546000000004,-117.284069,1455.0,274 - San Bernardino,True,16.0,0.2505,2025.0,4.0,San Bernardino,6.0,False,2.0,One,10912.0,False,2.0,Other,92410,281.0,10912.0,601.3745704467354,1.5,0.0,0,242.5,0.13333944281524926,13.681979165339751,12.971540487669746,13.119873538820636,498756.62924672663
False,False,2025-12-11,1037500.0,33.841202,-117.871356,1665.0,78 - Anaheim East of Harbor,True,4.0,0.1202,1971.0,3.0,Anaheim,3.0,True,1.0,One,5238.0,False,2.0,Placentia-Yorba Linda Unified,92806,0.0,5238.0,623.1231231231232,1.0,54.0,0,555.0,0.3178694158075601,13.85232453108699,13.825460888817442,13.804739259069155,989286.5038218915
True,False,2025-12-11,505000.0,39.749542,-121.625181,2014.0,OR - Ortega/Orange County,True,2.0,0.28,2022.0,2.0,Paradise,3.0,False,1.0,One,0.28,False,2.0,Paradise Unified,95969,0.0,12196.8,250.74478649453823,1.5,3.0,0,671.3333333333334,0.1651252787616424,13.132313708257497,12.89921982609012,13.122885086624889,500260.92266724247
True,False,2025-12-10,1050000.0,33.22945066,-117.26368307,2398.0,92056 - Oceanside,True,6.0,0.2209,1994.0,3.0,Oceanside,5.0,True,2.0,Two,9622.0,False,3.0,Covina Valley Unified,92056,0.0,9622.0,437.8648874061718,1.6666666666666667,31.0,0,479.6,0.2492205362710455,13.864300722133706,13.732128949025222,13.877342259438802,1063783.2965014565
False,False,2025-12-12,1690000.0,33.700292,-118.023415,2016.0,15 - West Huntington Beach,True,3.0,0.1728,1976.0,3.0,Huntington Beach,4.0,True,2.0,Two,7528.0,False,2.0,Whittier Union High,92648,148.0,7528.0,838.2936507936508,1.3333333333333333,49.0,0,504.0,0.2678002125398512,14.340239086899256,14.580978400103845,14.506785153575999,1996258.3344901854
False,False,2025-12-18,720000.0,37.99307744,-122.04503907,1478.0,699 - Not Defined,True,1.0,0.1439,1951.0,2.0,Concord,3.0,True,1.0,One,6270.0,False,1.0,Other,94520,0.0,6270.0,487.1447902571042,1.5,74.0,0,492.6666666666667,0.23572567783094098,13.487006490992238,13.38472764187182,13.386707201427166,651287.9881149665
False,False,2025-12-30,415000.0,34.005692,-117.34806,788.0,252 - Riverside,False,0.0,0.18,1937.0,2.0,Riverside,3.0,True,1.0,One,7841.0,False,0.0,Riverside Unified,92507,0.0,7841.0,526.6497461928934,1.5,88.0,0,262.6666666666667,0.10049738553755898,12.936033799212835,13.38472764187182,13.239880517333855,562350.4535364069
True,True,2025-12-02,695000.0,33.581989,-117.172629,2671.0,SRCAR - Southwest Riverside County,True,6.0,0.17,2002.0,3.0,Murrieta,5.0,True,2.0,Two,7405.0,False,3.0,Murrieta,92563,0.0,7405.0,260.20217147135907,1.6666666666666667,23.0,0,534.2,0.36070222822417286,13.45166712454693,13.458835614025542,13.52067893703263,744656.961555858
False,False,2025-12-16,1355000.0,33.112612,-117.229633,2013.0,92009 - Carlsbad,True,2.0,0.1373,2002.0,3.0,Carlsbad,3.0,True,2.0,Two,5979.0,False,2.0,San Marcos Unified,92009,160.0,5979.0,673.1246895181322,1.0,23.0,0,671.0,0.3366783743100853,14.119312012295937,14.457364444136669,14.211174540667672,1485370.1236337945
True,False,2025-12-12,715000.0,33.720420000000004,-118.289484,950.0,181 - Point Fermin,True,0.0,0.0574,1922.0,2.0,San Pedro,2.0,False,1.0,One,2500.0,False,0.0,Los Angeles Unified,90731,0.0,2500.0,752.6315789473684,1.0,103.0,0,475.0,0.38,13.480037821676145,13.693342923990066,13.50182246898668,730746.9206356247
True,False,2025-12-09,1315000.0,33.722396,-118.018654,2174.0,17 - Northwest Huntington Beach,True,2.0,0.1488,1964.0,2.0,Huntington Beach,4.0,True,2.0,Two,6480.0,False,2.0,Huntington Beach Union High,92647,0.0,6480.0,604.8758049678013,2.0,61.0,0,543.5,0.3354938271604938,14.089347223594002,14.080942316715522,14.092547348986844,1319214.9054074988
False,False,2025-12-31,685000.0,34.143711,-117.374698,2266.0,272 - Rialto,True,3.0,0.225,1963.0,3.0,Rialto,5.0,True,1.0,One,9800.0,False,3.0,Rialto Unified,92377,0.0,9800.0,302.2947925860547,1.6666666666666667,62.0,0,453.2,0.23122448979591836,13.437174117244362,13.403775836842515,13.487038616079868,720023.1304346253
False,True,2025-12-08,1425000.0,37.53835012,-122.05481102,2001.0,699 - Not Defined,True,2.0,0.1928,1965.0,2.0,Newark,3.0,True,2.0,One,8400.0,False,2.0,Other,94560,0.0,8400.0,712.143928035982,1.5,60.0,0,667.0,0.2382142857142857,14.169682371684887,14.151982794585487,14.153609444341928,1402279.1628563167
True,False,2025-12-30,770000.0,33.897835,-118.360492,675.0,113 - South Lawndale,False,2.0,0.1617,1951.0,1.0,Lawndale,2.0,False,1.0,One,7045.0,False,2.0,Lawndale,90260,0.0,7045.0,1140.7407407407406,2.0,74.0,0,337.5,0.09581263307310149,13.554145793829866,13.592367006650065,13.254446007768447,570601.3066794391
True,True,2025-12-18,4400000.0,34.077447,-118.550825,5543.0,C15 - Pacific Palisades,True,3.0,0.348,1995.0,6.0,Pacific Palisades,5.0,True,2.0,Two,15160.0,False,4.0,Pleasanton,90272,400.0,15160.0,793.7939743821036,0.8333333333333334,30.0,0,1108.6,0.36563324538258574,15.29711509888849,14.966082585563095,15.506558553667595,5425163.274758598
False,False,2025-12-29,686303.0,33.792233,-116.374769,1942.0,699 - Not Defined,True,2.0,0.2008,2025.0,3.0,Palm Desert,3.0,False,1.0,One,8749.0,True,2.0,Palm Springs Unified,92211,366.0,8749.0,353.4001029866117,1.0,0.0,0,647.3333333333334,0.22196822493999313,13.439074500153382,13.226723392728571,13.346353676901881,625529.4417348691
True,True,2025-12-17,460000.0,34.679287,-118.152127,1773.0,LAC - Lancaster,False,2.0,0.1891,1965.0,3.0,Lancaster,4.0,True,1.0,One,8238.0,False,2.0,Antelope Valley Union,93534,0.0,8238.0,259.44726452340666,1.3333333333333333,60.0,0,443.25,0.21522214129643116,13.038981768465277,12.971540487669746,13.009353279756349,446570.82072029513
False,False,2025-12-05,930000.0,34.254629,-119.194347,1786.0,WHLL - Woodland Hills,True,2.0,0.17,1978.0,3.0,Ventura,3.0,True,2.0,Two,7405.0,False,2.0,Santa Maria-Bonita,93003,142.0,7405.0,520.7166853303471,1.0,47.0,0,595.3333333333334,0.2411883862255233,13.742939865129438,13.825460888817442,13.801454318790487,986042.0885111066
False,False,2025-12-05,710000.0,34.196622999999995,-119.182889,1323.0,VC31 - Oxnard - Northwest,False,6.0,0.1056,1927.0,3.0,Oxnard,3.0,False,2.0,Two,4600.0,False,6.0,Beaumont,93030,335.0,4600.0,536.6591080876796,1.0,98.0,0,441.0,0.2876086956521739,13.473020249017498,13.617059619240436,13.627915099178322,828949.983844354
True,False,2025-12-16,1500000.0,33.89926,-117.960518,2879.0,83 - Fullerton,True,3.0,0.2071,1989.0,3.0,Fullerton,5.0,True,2.0,Two,9020.0,False,3.0,Fullerton Joint Union High,92833,205.0,9020.0,521.0142410559222,1.6666666666666667,36.0,0,575.8,0.31917960088691794,14.22097566607244,13.87377946608825,14.163363052430313,1416023.3630521626
False,False,2025-12-19,780000.0,34.212103000000006,-118.570703,2039.0,WIN - Winnetka,True,2.0,0.128,1978.0,3.0,Winnetka,3.0,True,2.0,Two,5577.0,False,2.0,Los Angeles Unified,91306,0.0,5577.0,382.5404610102992,1.0,47.0,0,679.6666666666666,0.36560875022413486,13.567049198665774,13.65680576350189,13.725532784270612,913951.4988114707
True,False,2025-12-10,965000.0,34.043185,-117.908902,2182.0,669 - West Covina,True,2.0,0.1423,2009.0,3.0,West Covina,3.0,True,2.0,Two,6199.0,False,2.0,West Covina,91791,350.0,6199.0,442.25481209899175,1.0,16.0,0,727.3333333333334,0.3519922568156154,13.779883380321124,13.785051350479566,13.799691825761663,984305.7268161533
True,False,2025-12-18,493000.0,34.148049,-117.315383,1530.0,274 - San Bernardino,False,2.0,0.1414,1952.0,1.0,San Bernardino,3.0,True,1.0,One,6160.0,False,2.0,San Bernardino City Unified,92405,0.0,6160.0,322.22222222222223,3.0,73.0,0,510.0,0.2483766233766234,13.108264453024827,13.071070083016778,12.902276742862034,401224.63756265846
False,False,2025-12-09,510000.0,33.950407,-117.40381399999998,930.0,252 - Riverside,False,1.0,0.15,1948.0,2.0,Riverside,2.0,False,1.0,One,6534.0,False,1.0,Riverside Unified,92506,0.0,6534.0,548.3870967741935,1.0,77.0,0,465.0,0.1423324150596878,13.142166004700508,13.493926933836812,13.329232420121498,614910.7535758731
False,False,2025-12-11,1125000.0,33.847716,-117.948376,2273.0,79 - Anaheim West of Harbor,True,4.0,0.1263,1979.0,3.0,Anaheim,4.0,True,2.0,Two,5500.0,False,2.0,Anaheim Union High,92801,330.0,5500.0,494.9406071271448,1.3333333333333333,46.0,0,568.25,0.4132727272727273,13.933293593620657,13.664687668229691,13.813261124437945,997753.094553328
True,False,2025-12-09,1150000.0,34.461073,-118.631043,3320.0,HASC - Hasley Canyon,True,3.0,0.1907,2025.0,4.0,Castaic,4.0,False,1.0,"Two,One",8306.0,True,3.0,William S. Hart Union,91384,385.0,8306.0,346.3855421686747,1.0,0.0,0,830.0,0.39971105225138454,13.955272500339433,13.602317337503232,13.878403448268845,1064912.7706399665
False,False,2025-12-02,562500.0,33.942783,-117.418734,1116.0,252 - Riverside,True,0.0,0.19,1950.0,2.0,Riverside,3.0,False,1.0,One,8276.0,False,0.0,Riverside Unified,92504,0.0,8276.0,504.03225806451616,1.5,75.0,0,372.0,0.1348477525374577,13.240146413060712,13.353475098367715,13.270716036320838,579960.9405182456
True,False,2025-12-05,1000000.0,34.461073,-118.631043,2479.0,HASC - Hasley Canyon,True,3.0,0.3387,2025.0,3.0,Castaic,3.0,False,1.0,One,14754.0,True,3.0,William S. Hart Union,91384,385.0,14754.0,403.3884630899556,1.0,0.0,0,826.3333333333334,0.1680222312593195,13.815510557964274,13.602317337503232,13.84315029246259,1028025.2556646054
True,True,2025-12-08,917000.0,33.473478,-117.09947,2761.0,SRCAR - Southwest Riverside County,True,3.0,0.21,1991.0,3.0,Temecula,4.0,True,2.0,Two,9148.0,False,3.0,Temecula Unified,92592,40.0,9148.0,332.1260412893879,1.3333333333333333,34.0,0,690.25,0.30181460428508966,13.728862751238601,13.580420735596498,13.710662280314828,900461.1323022055
False,False,2025-12-16,1199000.0,33.852058,-118.083019,1881.0,699 - Not Defined,True,2.0,0.1777,1976.0,3.0,Cerritos,4.0,True,2.0,Two,7742.0,False,2.0,ABC Unified,90703,0.0,7742.0,637.4269005847954,1.3333333333333333,49.0,0,470.25,0.24296047532937226,13.996998434009651,14.01436141670944,14.010139809142862,1214860.4948886156
True,True,2025-12-08,2150000.0,33.694583,-116.393957,3474.0,323 - South Palm Desert,True,4.0,0.3,1987.0,4.0,Palm Desert,3.0,True,1.0,One,13068.0,False,2.0,Orange Unified,92260,126.0,13068.0,618.8831318364997,0.75,38.0,0,1158.0,0.26584022038567495,14.580978400103845,13.624349319661324,14.228826608920293,1511822.7634650404
False,False,2025-12-12,510000.0,33.749804,-118.291995,1155.0,187 - Holy Trinity,True,4.0,0.1056,1924.0,2.0,San Pedro,3.0,False,1.0,One,4602.0,False,2.0,Los Angeles Unified,90731,0.0,4602.0,441.5584415584416,1.5,101.0,0,385.0,0.25097783572359844,13.142166004700508,13.693342923990066,13.632598409549232,832841.3189531798
False,False,2025-12-19,710000.0,33.962902,-118.212991,1058.0,"T2 - Cudahy, SouthGate W of 710, HuntPk S of Flore",False,2.0,0.1653,1922.0,1.0,South Gate,3.0,False,1.0,One,7200.0,False,2.0,Los Angeles Unified,90280,0.0,7200.0,671.0775047258979,3.0,103.0,0,352.6666666666667,0.14694444444444443,13.473020249017498,13.458120817620745,13.30906071672515,602631.2221456275
True,True,2025-12-18,575000.0,34.553073,-118.067117,2270.0,PLM - Palmdale,True,5.0,0.1,2001.0,3.0,Palmdale,4.0,True,2.0,Two,0.1,False,3.0,Antelope Valley Union,93550,0.0,4356.0,253.30396475770925,1.3333333333333333,24.0,0,567.5,0.5211202938475665,13.262125319779487,13.049792684569493,13.118983402496548,498312.8653886202
False,True,2025-12-24,2700000.0,36.833874,-119.83176,5515.0,FSNO - Fresno,True,4.0,0.8757,1979.0,4.0,Fresno,6.0,True,2.0,Two,38144.0,False,4.0,Fresno Unified,93711,0.0,38144.0,489.5738893925657,1.5,46.0,0,919.1666666666666,0.14458368288590603,14.808762330974558,13.520251361626656,14.47051901540255,1925158.7992192265
True,False,2025-12-08,1250000.0,33.118474,-117.214177,1542.0,92078 - San Marcos,True,4.0,1.97,1989.0,2.0,San Marcos,3.0,True,1.0,One,1.97,False,2.0,San Marcos Unified,92078,475.0,85813.2,810.6355382619975,1.5,36.0,0,514.0,0.01796926346995567,14.038654109278484,14.075178214680975,13.900132897635293,1088305.9790834505
True,True,2025-12-08,1800000.0,33.19794681,-117.02234127,4176.0,92082 - Valley Center,True,14.0,4.32,1991.0,3.0,Valley Center,4.0,True,1.0,MultiSplit,188179.0,False,3.0,Other,92082,315.0,188179.0,431.0344827586207,1.3333333333333333,34.0,0,1044.0,0.02219163668634651,14.403297222866392,13.710150042306449,14.101471067789138,1331039.8912159996
True,False,2025-12-05,399000.0,34.495695,-117.352567,1338.0,VIC - Victorville,True,0.0,1.1031,1972.0,2.0,Victorville,3.0,True,1.0,One,48050.0,False,0.0,Victor Valley Unified,92392,0.0,48050.0,298.2062780269058,1.5,53.0,0,446.0,0.02784599375650364,12.896716695872,13.01477816672439,12.93669602422901,415274.9143992617
False,False,2025-12-15,720000.0,32.707304,-117.046007,1130.0,92114 - Encanto,True,2.0,0.1653,1961.0,2.0,San Diego,3.0,True,1.0,One,7200.0,False,2.0,San Diego Unified,92114,0.0,7200.0,637.1681415929204,1.5,64.0,0,376.6666666666667,0.15694444444444444,13.487006490992238,13.547631112808673,13.479145691036155,714362.4110410186
True,False,2025-12-10,1900000.0,33.693163,-117.906827,2844.0,C3 - South Coast Metro,True,4.0,0.1148,1980.0,4.0,Costa Mesa,6.0,False,2.0,Two,5000.0,False,2.0,Newport Mesa Unified,92626,190.0,5000.0,668.0731364275669,1.5,45.0,0,474.0,0.5688,14.457364444136669,14.28551418721001,14.452672947665368,1891107.0336758727
True,False,2025-12-02,1225000.0,37.70128555,-122.09025567,1830.0,699 - Not Defined,True,2.0,0.1749,1963.0,3.0,Castro Valley,3.0,True,1.0,One,7620.0,False,2.0,El Monte Union High,94546,0.0,7620.0,669.3989071038251,1.0,62.0,0,610.0,0.24015748031496062,14.018451401960965,13.885500212990994,13.93005766475429,1121365.4637472315
True,False,2025-12-17,420000.0,34.534954,-117.328538,1249.0,VIC - Victorville,True,2.0,1.2077,1980.0,2.0,Victorville,3.0,True,1.0,One,52608.0,False,2.0,Victor Valley Unified,92394,0.0,52608.0,336.26901521216973,1.5,45.0,0,416.3333333333333,0.023741636253041362,12.948009990259552,12.948009990259552,12.888005325877582,395539.2591548934
False,False,2025-12-04,615000.0,35.604863,-120.653526,1476.0,PRSE - PR South 46-East 101,True,2.0,0.1607,1986.0,3.0,Paso Robles,3.0,True,1.0,One,7000.0,False,2.0,Paso Robles Joint Unified,93446,0.0,7000.0,416.6666666666667,1.0,39.0,0,492.0,0.21085714285714285,13.329377546788654,13.591116224748411,13.468531133185632,706819.8710834456
True,True,2025-12-08,675000.0,39.517141,-121.505022,2232.0,WEH - West Hills,True,10.0,5.04,1974.0,2.0,Oroville,3.0,True,1.0,One,5.04,False,10.0,Oroville Union,95966,0.0,219542.4,302.4193548387097,1.5,51.0,0,744.0,0.010166601075691985,13.422467969854667,12.821258284620408,12.98785450549131,437072.56175133394
False,False,2025-12-08,920000.0,34.272656,-119.221649,1478.0,699 - Not Defined,True,2.0,0.16,1962.0,2.0,Ventura,3.0,True,1.0,One,6969.0,False,1.0,Poway Unified,93003,0.0,6969.0,622.4627875507442,1.5,63.0,0,492.6666666666667,0.2120820777729947,13.732128949025222,13.825460888817442,13.772316567915754,957725.582812955
True,True,2025-12-05,2185000.0,34.138539,-118.031954,2265.0,605 - Arcadia,True,2.0,0.5389,1947.0,3.0,Arcadia,5.0,True,1.0,One,23473.0,False,2.0,Arcadia Unified,91007,0.0,23473.0,964.6799116997792,1.6666666666666667,78.0,0,453.0,0.09649384399096834,14.597126386511828,14.550138498881392,14.485340162361547,1953904.3555585165
True,True,2025-12-19,550000.0,34.059715999999995,-117.038589,1659.0,269 - Yucaipa/Calimesa/Oak Glen,True,2.0,0.1222,1993.0,3.0,Yucaipa,3.0,True,2.0,Two,5325.0,False,2.0,Yucaipa/Calimesa Unified,92399,0.0,5325.0,331.52501506931884,1.0,32.0,0,553.0,0.3115492957746479,13.217673557208654,13.274219822166483,13.224412142393415,553718.7372937803
True,True,2025-12-01,3775000.0,33.692465000000006,-116.396884,3314.0,323 - South Palm Desert,True,2.5,0.335,1999.0,5.0,Palm Desert,4.0,True,1.0,One,14593.0,False,2.5,Pasadena Unified,92260,1726.0,14593.0,1139.10681955341,0.8,26.0,0,828.5,0.22709518262180498,15.143910940665263,13.624349319661324,14.305021178474906,1631517.5933088588
True,False,2025-12-16,1275000.0,37.70415008,-121.94179815,1405.0,699 - Not Defined,True,1.0,0.1569,1980.0,2.0,Dublin,3.0,True,1.0,One,6833.0,False,2.0,Dublin,94568,23.0,6833.0,907.473309608541,1.5,45.0,0,468.3333333333333,0.20561978633104053,14.058456736574664,14.288629462085328,14.070608081511283,1290587.4774043243
True,False,2025-12-19,1895000.0,34.165971,-118.057908,2543.0,656 - Sierra Madre,False,2.0,0.1949,1923.0,4.0,Sierra Madre,4.0,True,2.0,Two,8488.0,False,2.0,Pasadena Unified,91024,0.0,8488.0,745.1828548957924,1.0,102.0,0,635.75,0.2995994344957587,14.454729396498664,14.28551418721001,14.590064368249385,2169623.847335392
False,False,2025-12-02,1700000.0,34.123197,-118.265042,1643.0,606 - Atwater,True,2.0,0.1194,1970.0,3.0,Los Angeles,4.0,False,1.0,One,5200.0,False,2.0,Perris Union High,90039,0.0,5200.0,1034.6926354230068,1.3333333333333333,55.0,0,410.75,0.31596153846153846,14.346138809026444,14.283164926819232,14.169765183434128,1425118.0116289747
False,False,2025-12-09,875000.0,34.206616,-118.51194,1516.0,LKBL - Lake Balboa,True,1.0,0.155,1950.0,3.0,Van Nuys,3.0,False,1.0,One,6753.0,False,0.0,Redlands Unified,91406,0.0,6753.0,577.1767810026386,1.0,75.0,0,505.3333333333333,0.22449281800681178,13.681979165339751,13.708480036117827,13.77237326867655,957779.8881216957
True,False,2025-12-02,1312500.0,37.77527568,-122.26714449,2006.0,322 - North Palm Desert,False,2.0,0.1205,1917.0,2.0,Alameda,5.0,True,2.0,Two,5250.0,False,0.0,Alameda City Unified,94501,0.0,5250.0,654.2871385842473,2.5,108.0,0,401.2,0.3820952380952381,14.087444273447916,14.096915897380246,14.034605893180695,1244949.9586038946
False,False,2025-12-12,608167.0,38.46257557,-121.48350468,2143.0,SRCAR - Southwest Riverside County,False,2.0,0.0981,2025.0,3.0,Sacramento,4.0,False,2.0,Two,4272.0,True,2.0,Sacramento City Unified,95832-0000,125.0,4272.0,283.7923471768549,1.3333333333333333,0.0,0,535.75,0.5016385767790262,13.318204794285748,13.333426151904964,13.33461622073984,618230.2381747977
True,False,2025-12-11,899000.0,33.862183,-118.312176,1228.0,133 - N Torrance - East,True,2.0,0.1381,1960.0,2.0,Torrance,3.0,False,1.0,One,6015.0,False,2.0,Torrance Unified,90504,0.0,6015.0,732.0846905537459,1.5,65.0,0,409.3333333333333,0.20415627597672487,13.709038313453757,13.822979494146377,13.69439963549999,885935.6839732252
False,False,2025-12-17,267000.0,37.293337,-120.461242,1284.0,699 - Not Defined,True,1.0,0.1379,1949.0,2.0,Merced,3.0,False,1.0,One,6006.0,False,1.0,Merced Union,95341,0.0,6006.0,207.94392523364485,1.5,76.0,0,428.0,0.2137862137862138,12.495003937382387,12.857087250429316,12.69766552175417,326983.6739106216
False,False,2025-12-30,2300000.0,37.33779866,-121.96538678,2031.0,699 - Not Defined,True,2.0,0.1267,1956.0,3.0,Santa Clara,5.0,True,1.0,One,5520.0,False,2.0,Other,95050,40.0,5520.0,1132.4470704086657,1.6666666666666667,69.0,0,406.2,0.36793478260869567,14.648419680899378,14.349071368752643,14.386326727739052,1769710.8466657184
False,False,2025-12-15,805000.0,33.195893,-117.275857,1515.0,92083 - Vista,True,4.0,0.13,1989.0,2.0,Vista,4.0,True,1.0,One,0.13,False,2.0,Vista Unified,92083,0.0,5662.8,531.3531353135313,2.0,36.0,0,378.75,0.2675354948082221,13.5985975564007,13.614617615584883,13.529340694091704,751135.0144073771
True,False,2025-12-09,1085000.0,37.66782768,-122.13492926,1826.0,DC534 - Golden Bee Area,False,4.0,0.1377,1960.0,3.0,San Lorenzo,4.0,True,1.0,One,6000.0,False,0.0,San Lorenzo,94580,13.0,6000.0,594.1949616648412,1.3333333333333333,65.0,0,456.5,0.30433333333333334,13.897090544956697,13.652991628466498,13.765494306363928,951213.965625886
True,True,2025-12-10,775000.0,34.367211,-117.247532,2939.0,HSP - Hesperia,True,7.0,4.02,1982.0,3.0,Hesperia,4.0,True,2.0,Two,175111.0,False,3.0,Hesperia Unified,92345,0.0,175111.0,263.6951343994556,1.3333333333333333,43.0,0,734.75,0.01678364009114219,13.560618308335483,13.064514272196533,13.306234973062942,600930.7444774996
True,False,2025-12-09,590000.0,37.82379151,-121.2425365,2307.0,DC727 - Adobe,True,2.0,0.1229,1998.0,3.0,Manteca,3.0,True,2.0,Two,5353.0,False,2.0,San Bernardino City Unified,95336,0.0,5353.0,255.7433896835717,1.0,27.0,0,769.0,0.43097328600784607,13.287877815881902,13.180632285528304,13.223416185981796,553167.5321008746
False,False,2025-12-26,933000.0,37.68392516,-122.14289172,1545.0,DC613 - Hospital District,True,2.0,0.1311,1959.0,2.0,San Leandro,3.0,True,1.0,One,5712.0,False,2.0,Grossmont Union,94579,0.0,5712.0,603.8834951456311,1.5,66.0,0,515.0,0.2704831932773109,13.74616047982948,13.664687668229691,13.69836987602937,889460.053399833
False,True,2025-12-02,599000.0,34.149182,-117.316043,1766.0,274 - San Bernardino,True,1.0,0.2204,1953.0,2.0,San Bernardino,5.0,True,1.0,One,9600.0,False,1.0,San Bernardino City Unified,92405,0.0,9600.0,339.1845979614949,2.5,72.0,0,353.2,0.18395833333333333,13.303016877097587,13.071070083016778,13.086014804497413,482152.0523042332
True,False,2025-12-08,263000.0,34.562940999999995,-117.942799,1224.0,LRK - Littlerock,False,2.0,0.77,1982.0,2.0,Littlerock,4.0,False,1.0,One,33541.0,False,2.0,Antelope Valley Union,93543,0.0,33541.0,214.8692810457516,2.0,43.0,0,306.0,0.03649265078560568,12.479909311159902,13.17777615494877,13.068353584154167,473711.4140538004
True,True,2025-12-01,1415000.0,33.788921,-116.409419,3332.0,321 - Rancho Mirage,True,4.0,0.29,1998.0,4.0,Rancho Mirage,5.0,True,1.0,One,12632.0,False,2.0,Lucia Mar Unified,92270,405.0,12632.0,424.6698679471789,1.25,27.0,0,666.4,0.2637745408486384,14.162640089059476,13.9108207377686,14.19355496373849,1459427.7484559983
True,True,2025-12-02,3749980.0,34.120353,-118.154441,3172.0,658 - So. Pasadena,True,5.0,0.3391,1956.0,4.0,South Pasadena,4.0,True,2.0,Two,14770.0,False,2.0,Los Angeles Unified,91030,0.0,14770.0,1182.2131147540983,1.0,69.0,0,793.0,0.21475964793500338,15.137261064599038,14.557923979827137,14.895002136253988,2943182.7925764224
True,True,2025-12-09,675000.0,33.722694,-116.292786,2162.0,"308 - La Quinta North of HWY 111, Indian Springs",True,6.0,0.17,1990.0,3.0,La Quinta,4.0,True,2.0,Two,7405.0,False,3.0,Desert Sands Unified,92253,0.0,7405.0,312.2109158186864,1.3333333333333333,35.0,0,540.5,0.2919648885887914,13.422467969854667,13.545013310266594,13.521966484793428,745616.3604626898
False,False,2025-12-10,775000.0,33.14540609,-117.12351419,1074.0,92069 - San Marcos,False,8.0,0.2548,1975.0,2.0,San Marcos,3.0,True,1.0,One,11100.0,False,2.0,Hesperia Unified,92069,200.0,11100.0,721.6014897579144,1.5,50.0,0,358.0,0.09675675675675675,13.560618308335483,13.859515996625632,13.561951675922778,776034.0491107363
False,False,2025-12-16,766000.0,33.860252,-118.302025,1065.0,120 - South Gardena,True,2.0,0.1199,1955.0,1.0,Gardena,3.0,False,1.0,One,5222.0,False,2.0,Los Angeles Unified,90248,0.0,5222.0,719.2488262910798,3.0,70.0,0,355.0,0.2039448487169667,13.548937448722729,13.635187003832993,13.473582337551044,710399.1950397842
False,False,2025-12-08,497000.0,34.56823,-118.010682,1807.0,PLM - Palmdale,True,2.0,7026.0,1995.0,2.0,Palmdale,5.0,True,1.0,One,7026.0,False,2.0,Antelope Valley Union,93552,0.0,306052560.0,275.0415052573326,2.5,30.0,0,361.4,5.904214622481838e-06,13.116345305078767,13.122363377404328,13.141800807609194,509813.78348836326
False,False,2025-12-17,1675000.0,34.176464,-118.972277,3121.0,NBPK - Newbury Park,True,3.0,0.26,2003.0,3.0,Newbury Park,4.0,True,2.0,Two,11325.0,False,3.0,Chino Valley Unified,91320,212.0,11325.0,536.6869593079141,1.3333333333333333,22.0,0,780.25,0.2755849889624724,14.331323723241304,13.933293593620657,14.21166130796771,1486093.3292405722
True,False,2025-12-16,1900000.0,37.84029612,-121.97490342,2095.0,629 - Glendora,True,2.0,0.2521,1950.0,3.0,Danville,4.0,True,1.0,One,10980.0,False,2.0,San Ramon Valley,94526,0.0,10980.0,906.9212410501192,1.3333333333333333,75.0,0,523.75,0.19080145719489983,14.457364444136669,14.430696197054507,14.402434614152476,1798447.9738068462
False,False,2025-12-11,300000.0,33.844612,-116.473777,1399.0,335 - Cathedral City North,True,2.0,0.19,1985.0,2.0,Cathedral City,2.0,False,1.0,One,8276.0,False,2.0,Cucamonga,92234,0.0,8276.0,214.4388849177984,1.0,40.0,0,699.5,0.16904301594973417,12.611537753638338,13.224919965729422,13.026389716682875,454243.97233530204
False,False,2025-12-19,1030000.0,34.401082,-118.555273,2311.0,VSUM - Valencia Summit,True,2.0,0.1537,1986.0,4.0,Valencia,4.0,True,1.0,One,6694.0,False,2.0,William S. Hart Union,91355,96.0,6694.0,445.69450454348765,1.0,39.0,0,577.75,0.3452345383925904,13.845069360205818,13.697852514496041,13.867925678955576,1053813.1116700883
False,False,2025-12-03,995000.0,34.105472,-118.098985,1320.0,654 - San Gabriel,False,2.0,0.1437,1937.0,1.0,San Gabriel,3.0,True,1.0,One,6258.0,False,2.0,San Ramon Valley,91775,0.0,6258.0,753.7878787878788,3.0,88.0,0,440.0,0.2109300095877277,13.81049801614073,14.157248338395881,13.771131678403458,956591.4558544818
True,False,2025-12-15,795000.0,34.123211,-117.606057,1602.0,688 - Rancho Cucamonga,True,2.0,0.2796,1961.0,2.0,Rancho Cucamonga,4.0,True,1.0,One,12180.0,False,2.0,Chaffey Joint Union High,91701,0.0,12180.0,496.25468164794006,2.0,64.0,0,400.5,0.1315270935960591,13.58609739363647,13.654166717138976,13.661054123408219,856880.821722357
True,True,2025-12-15,1900000.0,32.77450092,-116.98628272,4219.0,91941 - La Mesa,True,17.0,1.1,1966.0,4.0,La Mesa,4.0,True,2.0,Two,1.1,False,2.0,Grossmont Union,91941,0.0,47916.0,450.3436833372837,1.0,59.0,0,1054.75,0.0880499206945488,14.457364444136669,13.903955641362648,14.5900466595248,2169585.426404421
True,True,2025-12-01,1345000.0,33.808319,-116.417501,2786.0,321 - Rancho Mirage,True,2.0,0.2183,2021.0,4.0,Rancho Mirage,3.0,True,1.0,Two,9509.0,False,2.0,Chico Unified,92270,445.0,9509.0,482.7709978463747,0.75,4.0,0,928.6666666666666,0.29298559259648754,14.111904571018076,13.9108207377686,14.207797073033769,1480361.7966090185
False,True,2025-12-30,1355000.0,34.243658,-118.551614,2834.0,NR - Northridge,True,2.0,0.4013,1960.0,3.0,Northridge,5.0,True,1.0,One,17481.0,False,2.0,Los Angeles Unified,91324,0.0,17481.0,478.1227946365561,1.6666666666666667,65.0,0,566.8,0.1621188719180825,14.119312012295937,13.767367980495198,14.026171143519436,1234493.2790942192
True,False,2025-12-04,1758000.0,33.712709000000004,-117.937939,2217.0,16 - Fountain Valley / Northeast HB,True,2.0,0.1379,1972.0,4.0,Fountain Valley,5.0,True,2.0,Two,6006.0,False,2.0,Fountain Valley,92708,87.0,6006.0,792.9634641407307,1.25,53.0,0,443.4,0.3691308691308691,14.37968735722726,14.22097566607244,14.283280881816603,1596430.6985242043
True,False,2025-12-17,450000.0,34.522643,-117.200679,1529.0,699 - Not Defined,True,5.0,1.02,1982.0,2.0,Apple Valley,4.0,True,1.0,One,1.02,False,3.0,Apple Valley Unified,92307,0.0,44431.2,294.3100065402224,2.0,43.0,0,382.25,0.034412755000990294,13.017002861746503,13.049792684569493,12.966868258552498,427995.62756944005
True,False,2025-12-01,690000.0,33.605401,-117.12228600000002,1992.0,SRCAR - Southwest Riverside County,True,3.0,0.21,2009.0,3.0,Murrieta,3.0,True,2.0,Two,9147.0,False,3.0,Murrieta,92563,99.0,9147.0,346.3855421686747,1.0,16.0,0,664.0,0.21777632010495243,13.444446876573442,13.458835614025542,13.442271362854212,688500.5271869692
False,False,2025-12-02,980000.0,33.920727,-118.154872,1682.0,699 - Not Defined,False,2.0,0.1417,1953.0,3.0,Downey,4.0,False,1.0,One,6173.0,False,2.0,Downey Unified,90242,0.0,6173.0,582.6397146254459,1.3333333333333333,72.0,0,420.5,0.2724769156001944,13.795307850646754,13.652991628466498,13.75598202212849,942208.6464963987
True,False,2025-12-09,1260000.0,33.805178000000005,-117.838483,1469.0,699 - Not Defined,True,4.0,0.1623,1962.0,2.0,Orange,4.0,True,1.0,One,7070.0,False,2.0,Orange Unified,92867,0.0,7070.0,857.7263444520082,2.0,63.0,0,367.25,0.20777934936350778,14.04662227892766,14.026983356405268,13.908789830415529,1097768.2688982554
False,False,2025-12-10,1140000.0,33.804693,-118.11787,1400.0,"34 - Los Altos, X-100",True,2.0,0.1377,1954.0,2.0,Long Beach,3.0,True,1.0,One,6000.0,False,2.0,Long Beach Unified,90815,0.0,6000.0,814.2857142857143,1.5,71.0,0,466.6666666666667,0.23333333333333334,13.946538820370678,13.937728190688523,13.811569237470783,996066.4363160881
True,False,2025-12-11,875000.0,34.256992,-118.405201,1824.0,PAC - Pacoima,True,2.0,0.1288,2017.0,3.0,Pacoima,4.0,True,2.0,Two,5610.0,False,2.0,Other,91331,0.0,5610.0,479.71491228070175,1.3333333333333333,8.0,0,456.0,0.3251336898395722,13.681979165339751,13.541073712262515,13.487255513661902,720179.3186484354
True,False,2025-12-09,690000.0,32.77704421,-116.89177277,1181.0,92019 - El Cajon,True,4.0,0.0892,1989.0,2.0,El Cajon,2.0,True,1.0,One,3886.0,False,2.0,Baldwin Park Unified,92019,295.0,3886.0,584.2506350550381,1.0,36.0,0,590.5,0.3039114770972723,13.444446876573442,13.773646353865574,13.415908243069902,670586.6753476905
False,False,2025-12-30,1410000.0,37.9189602,-122.08753277,1788.0,248 - Corona,True,2.0,0.2835,1962.0,2.0,Walnut Creek,3.0,False,1.0,One,12350.0,False,2.0,Riverside Unified,94597,200.0,12350.0,788.5906040268457,1.5,63.0,0,596.0,0.14477732793522266,14.15910026235435,14.077874822431765,14.049067961066369,1263085.3308261458
True,False,2025-12-02,530000.0,34.619506,-118.206328,1880.0,PLM - Palmdale,True,3.0,0.14,1999.0,2.0,Palmdale,4.0,True,1.0,One,0.14,False,3.0,Antelope Valley Union,93551,0.0,6098.4,281.9148936170213,2.0,26.0,0,470.0,0.30827758100485375,13.180632285528304,13.345506928718539,13.286154477971348,588984.1062483052
False,False,2025-12-04,1040000.0,34.245652,-116.89262,2304.0,289 - Big Bear Area,True,5.0,0.2204,2017.0,4.0,Big Bear,3.0,True,1.0,One,9600.0,False,2.0,Murrieta,92315,0.0,9600.0,451.3888888888889,0.75,8.0,0,768.0,0.24,13.854731271117556,13.398478813484644,13.665010925172622,860278.0459086349
False,False,2025-12-10,845000.0,38.30458215,-122.01917147,3477.0,605 - Arcadia,True,3.0,0.1525,2013.0,3.0,Fairfield,5.0,False,2.0,Two,6643.0,False,3.0,Palm Springs Unified,94533,0.0,6643.0,243.02559677883232,1.6666666666666667,12.0,0,695.4,0.5234080987505645,13.64709190633931,13.127239523125667,13.476747551988037,712651.3231819469
False,False,2025-12-29,1278000.0,34.021284,-118.413536,1173.0,C13 - Palms - Mar Vista,True,2.0,0.1196,1947.0,1.0,Los Angeles,3.0,True,1.0,One,5208.0,False,2.0,San Bernardino City Unified,90034,0.0,5208.0,1089.5140664961637,3.0,78.0,0,391.0,0.2252304147465438,14.060806913919617,14.291744736960645,14.014451781298597,1220110.249780035
True,False,2025-12-04,1010000.0,33.844455,-118.01266,1344.0,82 - Buena Park,False,2.0,0.14,1956.0,2.0,Buena Park,4.0,True,1.0,One,6100.0,False,2.0,Anaheim Union High,90620,0.0,6100.0,751.4880952380952,2.0,69.0,0,336.0,0.22032786885245903,13.825460888817442,13.741593969296583,13.661036262384414,856865.5170902809
True,False,2025-12-12,745000.0,35.64844,-120.682137,1573.0,PRIC - PR Inside City Limit,True,3.0,0.1205,2004.0,2.0,Paso Robles,2.0,True,1.0,One,5250.0,False,3.0,Paso Robles Joint Unified,93446,365.0,5250.0,473.61729179911,1.0,21.0,0,786.5,0.2996190476190476,13.521139497361697,13.591116224748411,13.348885032435883,627114.8849625348
True,False,2025-12-01,1795000.0,33.662442,-117.994188,2042.0,15 - West Huntington Beach,False,2.0,0.079,2000.0,3.0,Huntington Beach,3.0,True,2.0,Two,3443.0,False,2.0,Huntington Beach Union High,92648,0.0,3443.0,879.0401567091087,1.0,25.0,0,680.6666666666666,0.5930874237583503,14.400515579904516,14.580978400103845,14.363797738868609,1730286.8100146744
True,False,2025-12-03,415000.0,37.09028308,-121.01861984,1506.0,252 - Riverside,True,3.0,0.122,1998.0,2.0,Santa Nella,3.0,True,1.0,One,5315.0,False,3.0,Saddleback Valley Unified,95322,0.0,5315.0,275.5644090305445,1.5,27.0,0,502.0,0.28334901222953907,12.936033799212835,12.876639415734452,12.819342553058839,369291.8578439339
True,False,2025-12-11,250000.0,34.246631,-116.828881,840.0,SGLF - Sugarloaf,False,0.0,0.1148,1964.0,1.0,Sugarloaf,2.0,True,2.0,Two,5000.0,False,0.0,Bear Valley Unified,92386,0.0,5000.0,297.6190476190476,2.0,61.0,0,420.0,0.168,12.429216196844383,12.644327576461329,12.463819242915752,258802.17426735125
True,False,2025-12-24,905000.0,34.067965,-118.26292,852.0,C21 - Silver Lake - Echo Park,False,3.0,0.0677,1910.0,2.0,Los Angeles,2.0,True,1.0,One,2947.0,False,1.0,Ontario-Montclair,90026,0.0,2947.0,1062.206572769953,1.0,115.0,0,426.0,0.2891075670173057,13.715690222682063,14.237504968023648,13.811800055846918,996296.3732892597
False,False,2025-12-10,1117000.0,32.818784,-116.921499,2332.0,92021 - El Cajon,True,7.0,0.2525,2024.0,3.0,El Cajon,4.0,True,1.0,One,11000.0,True,3.0,Grossmont Union,92021,0.0,11000.0,478.9879931389366,1.3333333333333333,1.0,0,583.0,0.212,13.926157078051338,13.612780503903942,13.769767844129815,955287.7128878688
False,False,2025-12-05,1760000.0,37.57931939,-122.02766642,1402.0,VAL1 - Valencia 1,True,2.0,0.1651,1971.0,2.0,Fremont,4.0,True,1.0,One,7190.0,False,2.0,Fremont Unified,94555,0.0,7190.0,1255.3495007132667,2.0,54.0,0,350.5,0.19499304589707928,14.380824367014334,14.346138809026444,14.153975825096117,1402793.0250824539
False,True,2025-12-05,355000.0,36.349739,-119.63904,1748.0,259 - Moreno Valley,True,2.0,0.2119,1966.0,2.0,Hanford,4.0,False,1.0,One,9230.0,False,2.0,Hanford Joint Union,93230,0.0,9230.0,203.08924485125857,2.0,59.0,0,437.0,0.18938244853737812,12.779873068457553,12.80765263256463,12.792443523380454,359490.67729266133
True,False,2025-12-24,1125000.0,34.228864,-118.577886,2200.0,WIN - Winnetka,True,2.0,0.1579,1956.0,3.0,Winnetka,4.0,True,1.0,One,6877.0,False,2.0,Los Angeles Unified,91306,0.0,6877.0,511.3636363636364,1.3333333333333333,69.0,0,550.0,0.319906936164025,13.933293593620657,13.65680576350189,13.848705034677511,1033751.5602994654
True,True,2025-12-29,6398000.0,34.155201,-118.033204,7511.0,605 - Arcadia,True,3.0,0.6323,2020.0,7.0,Arcadia,6.0,True,2.0,Two,27545.0,False,3.0,Arcadia Unified,91006,0.0,27545.0,851.8173345759552,0.8571428571428571,5.0,0,1251.8333333333333,0.2726810673443456,15.6714959994916,14.32771348302841,15.528116573518517,5543388.82801821
True,False,2025-12-12,625000.0,33.697532,-117.392588,1924.0,SRCAR - Southwest Riverside County,True,3.0,0.17,1989.0,2.0,Lake Elsinore,4.0,True,1.0,One,7405.0,False,3.0,Riverside Unified,92530,0.0,7405.0,324.84407484407484,2.0,36.0,0,481.0,0.2598244429439568,13.345506928718539,13.270783382522602,13.287306903651219,589663.2579181299
False,False,2025-12-24,2250000.0,37.82013093,-122.24244095,2271.0,RC - Artesia,True,1.0,0.1274,1931.0,5.0,Piedmont,6.0,True,2.0,ThreeOrMore,5550.0,False,1.0,Los Angeles Unified,94610,0.0,5550.0,990.7529722589168,1.2,94.0,0,378.5,0.4091891891891892,14.626440774180603,14.297936707208567,14.486858395023207,1956873.090013439
True,True,2025-12-22,2000000.0,33.620236,-116.240863,2635.0,313 - La Quinta South of HWY 111,True,3.0,0.1839,2024.0,4.0,La Quinta,3.0,True,1.0,One,8011.0,False,3.0,Arcadia Unified,92253,1222.0,8011.0,759.0132827324478,0.75,1.0,0,878.3333333333334,0.32892273124453875,14.508657738524219,13.545013310266594,14.000233948926402,1202885.6650590394
False,False,2025-12-05,1475000.0,33.804763,-118.374631,1200.0,128 - Hollywood Riviera,False,2.0,0.1652,1948.0,2.0,Redondo Beach,3.0,False,1.0,One,7198.0,False,2.0,Torrance Unified,90277,0.0,7198.0,1229.1666666666667,1.5,77.0,0,400.0,0.1667129758266185,14.204168547756057,14.508657738524219,14.335644003960107,1682252.1245309198
True,False,2025-12-11,485000.0,34.144766,-117.281197,1237.0,274 - San Bernardino,True,0.0,0.1515,1945.0,2.0,San Bernardino,4.0,False,1.0,One,6600.0,False,0.0,San Bernardino City Unified,92404,0.0,6600.0,392.07760711398544,2.0,80.0,0,309.25,0.18742424242424244,13.091904169919621,13.142166004700508,13.096089451099745,487034.11507490405
True,False,2025-12-02,495000.0,33.72333,-117.010801,2502.0,SRCAR - Southwest Riverside County,True,2.0,0.16,1998.0,3.0,Hemet,5.0,True,2.0,Two,6970.0,False,2.0,Hemet Unified,92545,0.0,6970.0,197.84172661870505,1.6666666666666667,27.0,0,500.4,0.3589670014347202,13.112313041550827,12.990536830078119,13.143612114362607,510738.0494492709
False,False,2025-12-09,390000.0,33.70883,-117.180999,1335.0,SRCAR - Southwest Riverside County,True,2.0,0.18,1990.0,2.0,Menifee,3.0,False,1.0,One,7841.0,False,2.0,Perris Union High,92585,63.0,7841.0,292.1348314606741,1.5,35.0,0,445.0,0.17025889554903711,12.873902018105829,13.304684934198283,13.200038403912982,540385.6897732072
True,False,2025-12-11,670000.0,33.893934,-117.572449,1623.0,248 - Corona,True,2.0,0.07,1998.0,3.0,Corona,3.0,False,2.0,Two,3049.0,False,2.0,Corona-Norco Unified,92878,81.0,3049.0,412.81577325939617,1.0,27.0,0,541.0,0.5323056739914727,13.415032991367148,13.592054408953105,13.495375147004555,726050.7151927623
True,True,2025-12-26,880000.0,34.463893,-118.619002,2230.0,HSHL - Hasley Hills,True,3.0,0.2772,1989.0,3.0,Castaic,4.0,True,2.0,Two,12077.0,False,3.0,William S. Hart Union,91384,0.0,12077.0,394.6188340807175,1.3333333333333333,36.0,0,557.5,0.18464850542353234,13.687677186454389,13.602317337503232,13.703169774247117,893739.6336833498
True,False,2025-12-08,2125000.0,37.9513784,-122.11477979,2970.0,92115 - San Diego,True,3.0,0.341,1999.0,3.0,Lafayette,4.0,True,2.0,Two,14855.0,False,3.0,San Diego Unified,94549,366.0,14855.0,715.4882154882155,1.3333333333333333,26.0,0,742.5,0.1999326825984517,14.569282360340654,14.527484500631974,14.605668555685709,2203744.5853741514
True,False,2025-12-10,319000.0,38.947676,-122.71466399999998,1310.0,LCCLR - Kelseyville Riviera,True,6.0,0.15,2002.0,2.0,Kelseyville,3.0,True,1.0,One,0.15,False,2.0,Kelseyville Unified,95451,144.0,6534.0,243.5114503816794,1.5,23.0,0,436.6666666666667,0.2004897459442914,12.672946381766982,12.845288003152147,12.75863072384968,347538.4981346568
False,False,2025-12-16,469000.0,34.518862,-117.356965,2502.0,VIC - Victorville,True,3.0,0.1951,1999.0,2.0,Victorville,4.0,True,1.0,One,8500.0,False,3.0,Victor Valley Unified,92394,0.0,8500.0,187.4500399680256,2.0,26.0,0,625.5,0.2943529411764706,13.058358047428417,12.948009990259552,13.137340306033579,507544.82241800823
False,False,2025-12-09,981000.0,33.834696,-118.24438700000002,2347.0,136 - Central Carson,True,2.0,0.1265,1963.0,3.0,Carson,5.0,True,2.0,Two,5512.0,False,2.0,Los Angeles Unified,90745,0.0,5512.0,417.980400511291,1.6666666666666667,62.0,0,469.4,0.42579825834542817,13.7963277385475,13.592367006650065,13.72451020526081,913017.3888748129
True,False,2025-12-01,589000.0,37.93386589,-122.33126035,956.0,129 - South Torrance,True,1.0,0.1148,1941.0,1.0,Richmond,2.0,True,1.0,One,5000.0,False,1.0,West Contra Costa,94805,0.0,5000.0,616.1087866108786,2.0,84.0,0,478.0,0.1912,13.286181462633724,13.458835614025542,13.298022082395901,596015.5774672232
True,False,2025-12-04,875000.0,33.905701,-117.896515,1375.0,83 - Fullerton,True,2.0,0.1687,1963.0,2.0,Fullerton,4.0,True,1.0,One,7350.0,False,2.0,Fullerton Joint Union High,92835,0.0,7350.0,636.3636363636364,2.0,62.0,0,343.75,0.1870748299319728,13.681979165339751,14.145874202616191,13.960675984510035,1156230.8257198217
True,True,2025-12-05,1100000.0,34.102290999999994,-117.724477,1933.0,683 - Claremont,False,2.0,0.2881,1947.0,2.0,Claremont,3.0,True,1.0,One,12549.0,False,2.0,Claremont Unified,91711,0.0,12549.0,569.0636316606311,1.5,78.0,0,644.3333333333334,0.1540361781815284,13.9108207377686,13.9108207377686,13.941320456447837,1134066.5600171452
True,False,2025-12-01,2500000.0,33.420746,-117.601624,1880.0,SE - San Clemente Southeast,True,7.0,0.1846,1959.0,3.0,San Clemente,3.0,True,1.0,One,8040.0,False,2.0,Capistrano Unified,92672,0.0,8040.0,1329.787234042553,1.0,66.0,0,626.6666666666666,0.23383084577114427,14.73180128983843,14.43202387032261,14.378090805536868,1755195.5014874288
True,False,2025-12-11,3900000.0,33.494863,-117.734156,2345.0,SL - South Laguna,True,4.0,0.1465,1974.0,3.0,Laguna Beach,4.0,True,2.0,Two,6380.0,False,2.0,Laguna Beach Unified,92651,2750.0,6380.0,1663.1130063965884,1.3333333333333333,51.0,0,586.25,0.3675548589341693,15.176487111099874,14.914122846632385,14.866012512347812,2859085.8886330603
False,False,2025-12-11,975000.0,33.609101,-117.648253,1503.0,MC - Mission Viejo Central,True,2.0,0.0849,1976.0,2.0,Mission Viejo,2.0,True,1.0,One,3700.0,False,2.0,Capistrano Unified,92692,584.0,3700.0,648.7025948103792,1.0,49.0,0,751.5,0.40621621621621623,13.790192749979985,14.006130917572923,13.773853215588758,959198.4009126023
True,False,2025-12-22,935000.0,37.92053475,-121.70814825,3166.0,699 - Not Defined,True,3.0,0.218,2000.0,3.0,Brentwood,4.0,True,2.0,Two,9496.0,False,3.0,West Covina,94513-1944,0.0,9496.0,295.32533164876816,1.3333333333333333,25.0,0,791.5,0.3334035383319292,13.748301808270824,13.698976741708323,13.94220511039813,1135070.260377644
False,False,2025-12-17,645000.0,36.6669152,-121.6215811,973.0,699 - Not Defined,True,1.0,0.14,1954.0,1.0,Salinas,3.0,False,1.0,One,6100.0,False,1.0,Other,93905,220.0,6100.0,662.8982528263103,3.0,71.0,0,324.3333333333333,0.15950819672131147,13.37700559577791,13.403597805863242,13.265223838691544,576784.4114631141
True,False,2025-12-15,1700000.0,33.057222,-117.252372,1424.0,92024 - Encinitas,True,2.0,0.1295,1984.0,2.0,Encinitas,3.0,True,1.0,One,5640.0,False,2.0,Encinitas Union,92024,75.0,5640.0,1193.8202247191011,1.5,41.0,0,474.6666666666667,0.2524822695035461,14.346138809026444,14.603967918328545,14.271635724908021,1577947.8393147653
False,False,2025-12-26,1800000.0,37.75567085,-121.89977915,2434.0,92107 - Ocean Beach,True,2.0,0.1212,2005.0,3.0,San Ramon,4.0,True,2.0,Two,5280.0,False,2.0,Rosemead,94582,50.0,5280.0,739.5234182415777,1.3333333333333333,20.0,0,608.5,0.4609848484848485,14.403297222866392,14.516102044771095,14.41973404003459,1829830.7606732382
True,False,2025-12-22,740000.0,33.809740999999995,-116.422797,1770.0,321 - Rancho Mirage,True,4.0,0.1263,2021.0,2.0,Rancho Mirage,2.0,True,1.0,One,5502.0,False,2.0,Lawndale,92270,500.25,5502.0,418.0790960451978,1.0,4.0,0,885.0,0.321701199563795,13.514405465180353,13.9108207377686,13.655314909118248,851977.0843255689
True,False,2025-12-02,1820000.0,37.67345622,-121.88700968,2047.0,PLM - Palmdale,True,2.0,0.1551,1965.0,3.0,Pleasanton,4.0,True,2.0,Two,6754.0,False,2.0,Chaffey Joint Union High,94566,0.0,6754.0,889.1060087933562,1.3333333333333333,60.0,0,511.75,0.3030796564998519,14.414347059052979,14.430696197054507,14.30331323367719,1628733.4295987496
True,False,2025-12-03,1700000.0,34.156775,-118.754294,2347.0,AGOA - Agoura,True,3.0,1.0643,1978.0,3.0,Agoura Hills,5.0,True,2.0,Two,46359.0,False,3.0,Other,91301,0.0,46359.0,724.3289305496378,1.6666666666666667,47.0,0,469.4,0.05062663129058004,14.346138809026444,14.2040248902346,14.30377869086252,1629491.7117367878
True,True,2025-12-19,699000.0,34.163759000000006,-117.25659,2431.0,274 - San Bernardino,True,4.0,0.264,2005.0,3.0,San Bernardino,3.0,True,1.0,One,11500.0,False,2.0,San Bernardino City Unified,92404,0.0,11500.0,287.5359934183464,1.0,20.0,0,810.3333333333334,0.21139130434782608,13.457406021215947,13.142166004700508,13.382587900659413,648610.6551612323
True,False,2025-12-01,499900.0,33.961133000000004,-116.993456,2127.0,263 - Banning/Beaumont/Cherry Valley,True,2.5,0.16,2006.0,3.0,Beaumont,2.0,True,1.0,One,6970.0,False,2.5,Beaumont,92223,307.0,6970.0,235.02585801598497,0.6666666666666666,19.0,0,1063.5,0.30516499282639886,13.122163357401663,13.197470849891134,13.160556075853755,519465.7070315632
False,False,2025-12-11,4120000.0,37.58447322,-122.33420668,2943.0,699 - Not Defined,True,2.0,0.1377,1962.0,5.0,Burlingame,5.0,True,2.0,One,6000.0,False,2.0,Other,94010,138.0,6000.0,1399.932042133877,1.0,63.0,0,588.6,0.4905,15.231363721325708,15.145220570031345,15.335743948820383,4573292.435231971
True,False,2025-12-02,1520218.0,37.26865334,-121.85300215,1918.0,699 - Not Defined,True,2.0,0.14,1969.0,2.0,San Jose,3.0,True,1.0,One,6098.0,False,2.0,San Jose Unified,95136,0.0,6098.0,792.6058394160584,1.5,56.0,0,639.3333333333334,0.31452935388652015,14.234364303591274,14.22097566607244,14.156594285193572,1406470.9958520213
True,False,2025-12-18,520000.0,34.069112,-117.156604,1350.0,268 - Redlands,True,7.0,0.2362,1948.0,2.0,Redlands,3.0,True,1.0,One,10287.0,False,1.0,Redlands Unified,92374,0.0,10287.0,385.1851851851851,1.5,77.0,0,450.0,0.13123359580052493,13.16158409055761,13.299666780812677,13.259460581374718,573469.8150939655
False,False,2025-12-05,565000.0,33.601462,-116.243481,1965.0,313 - La Quinta South of HWY 111,True,2.0,0.18,2008.0,3.0,La Quinta,3.0,True,1.0,One,7841.0,False,2.0,Capistrano Unified,92253,595.0,7841.0,287.5318066157761,1.0,17.0,0,655.0,0.2506057900777962,13.244581010128577,13.545013310266594,13.500199071096459,729561.5900183116
False,False,2025-12-23,1974000.0,33.09729148,-117.26946549,2473.0,92011 - Carlsbad,True,4.0,0.1735,1978.0,3.0,Carlsbad,4.0,True,2.0,Two,7559.0,False,2.0,Los Angeles Unified,92011,96.0,7559.0,798.2207844723008,1.3333333333333333,47.0,0,618.25,0.3271596772059796,14.495572498975564,14.406071149749119,14.379731006534307,1758076.7371565392
True,False,2025-12-15,1165000.0,37.83227116,-122.19472689,2751.0,NBPK - Newbury Park,True,2.0,0.3724,1977.0,3.0,Oakland,3.0,True,2.0,Two,16223.0,False,2.0,Rim of the World,94611,0.0,16223.0,423.48237004725553,1.0,48.0,0,917.0,0.16957406151759846,13.968231644981937,14.128493142202753,14.278800392235736,1589293.9075109037
True,False,2025-12-09,835000.0,37.99892338,-122.12222624,1388.0,248 - Corona,True,3.0,0.1377,1955.0,2.0,Martinez,3.0,False,1.0,One,6000.0,False,1.0,El Rancho Unified,94553,0.0,6000.0,601.5850144092219,1.5,70.0,0,462.6666666666667,0.23133333333333334,13.635187003832993,13.604789526648622,13.56843024346601,781077.9591277761
False,False,2025-12-29,1320000.0,33.922499,-117.858324,2987.0,86 - Brea,True,3.0,0.2135,1979.0,3.0,Brea,4.0,True,2.0,Two,9299.0,False,3.0,Brea-Olinda Unified,92821,0.0,9299.0,441.9149648476733,1.3333333333333333,46.0,0,746.75,0.32121733519733303,14.093142294562554,13.997832114758229,14.22828839394191,1511009.2967387063
False,False,2025-12-10,540000.0,37.7975825,-121.33320425,1857.0,699 - Not Defined,True,2.0,0.0738,2023.0,3.0,Lathrop,3.0,False,1.0,Two,3213.0,False,2.0,Other,95330,95.0,3213.0,290.79159935379647,1.0,2.0,0,619.0,0.5779645191409897,13.199324418540456,13.541073712262515,13.480937619789561,715643.6451830268
False,False,2025-12-17,875000.0,36.71336137,-121.63270101,2195.0,699 - Not Defined,True,2.0,0.1186,2003.0,3.0,Salinas,4.0,True,2.0,One,5168.0,False,2.0,Other,93906,0.0,5168.0,398.6332574031891,1.3333333333333333,22.0,0,548.75,0.4247291021671827,13.681979165339751,13.472921052508891,13.500171740893107,729541.6512241655
False,False,2025-12-01,1915000.0,33.05274828,-117.24005482,2204.0,92024 - Encinitas,True,4.0,0.1335,1974.0,4.0,Encinitas,4.0,False,2.0,Two,8863.0,False,2.0,Bear Valley Unified,92024,50.0,20366.0,868.8747731397459,1.0,51.0,0,551.0,0.10821958165570068,14.465228180596883,14.603967918328545,14.640338664672564,2281488.5590430414
True,False,2025-12-08,1680000.0,35.444624,-120.89719,1784.0,CAYU - Cayucos,True,4.0,0.092,2004.0,3.0,Cayucos,3.0,True,2.0,Two,4008.0,False,2.0,Coast Unified,93430,0.0,4008.0,941.7040358744396,1.0,21.0,0,594.6666666666666,0.44510978043912175,14.334304351379442,14.218748490897749,14.107045741167235,1338480.724701039
True,False,2025-12-30,465000.0,34.489244,-117.187502,1523.0,APPV - Apple Valley,True,2.0,0.3857,2023.0,2.0,Apple Valley,3.0,True,1.0,One,16800.0,False,2.0,Apple Valley Unified,92308,0.0,16800.0,305.31845042678924,1.5,2.0,0,507.6666666666667,0.0906547619047619,13.049792684569493,12.936033799212835,12.96875971048531,428805.92680589313
False,False,2025-12-17,930000.0,34.280542,-119.177302,1854.0,VC28 - Wells Rd. East to City Limit,True,2.0,0.14,1968.0,3.0,Ventura,4.0,True,1.0,One,6098.0,False,2.0,Fullerton Joint Union High,93004,0.0,6098.0,501.6181229773463,1.3333333333333333,57.0,0,463.5,0.3040341095441128,13.742939865129438,13.68710868156085,13.770059260918048,955566.1403322425
False,False,2025-12-15,849750.0,34.270303000000006,-118.685422,1430.0,SVE - East Simi,True,3.0,0.14,1970.0,2.0,Simi Valley,3.0,True,1.0,One,6098.0,False,3.0,Covina Valley Unified,93063,193.0,6098.0,594.2307692307693,1.5,55.0,0,476.6666666666667,0.23450311577566416,13.652697467558362,13.637546696375418,13.561403406562546,775608.6900354413
False,False,2025-12-03,1925000.0,37.677983000000005,-121.88744175,2167.0,WHLL - Woodland Hills,True,2.0,0.176,1967.0,2.0,Pleasanton,4.0,True,1.0,One,7665.0,False,2.0,Los Angeles Unified,94566,0.0,7665.0,888.3248730964467,2.0,58.0,0,541.75,0.2827136333985649,14.470436525704022,14.430696197054507,14.348261546732122,1703612.4869242606
True,False,2025-12-09,529000.0,34.057941,-117.040772,1659.0,269 - Yucaipa/Calimesa/Oak Glen,True,2.0,0.1492,1991.0,3.0,Yucaipa,3.0,True,2.0,Two,6500.0,False,2.0,Yucaipa/Calimesa Unified,92399,0.0,6500.0,318.8667872212176,1.0,34.0,0,553.0,0.2552307692307692,13.178743710840436,13.274219822166483,13.24101256943209,562987.4240211378
True,True,2025-12-12,845000.0,33.697857,-116.253696,2802.0,314 - Indio South of East Valley,True,4.0,0.19,2003.0,3.0,Indio,5.0,True,2.0,Two,8276.0,False,2.0,Desert Sands Unified,92201,650.0,8276.0,301.570306923626,1.6666666666666667,22.0,0,560.4,0.3385693571773804,13.64709190633931,13.235692062711331,13.376274650856402,644528.7127891077
True,False,2025-12-02,505000.0,34.595782,-118.18774,1666.0,PLM - Palmdale,True,3.0,0.1631,1995.0,2.0,Palmdale,4.0,True,1.0,One,7103.0,False,3.0,Palmdale,93551,0.0,7103.0,303.12124849939977,2.0,30.0,0,416.5,0.23454878220470224,13.132313708257497,13.345506928718539,13.278098127989526,584258.1068687793
True,False,2025-12-15,837000.0,35.555925,-120.7055,1750.0,TTON - Templeton,True,3.0,0.1722,1987.0,2.0,Templeton,3.0,True,2.0,Two,7500.0,False,3.0,Templeton Unified,93465,0.0,7500.0,478.2857142857143,1.5,38.0,0,583.3333333333334,0.23333333333333334,13.637579349471613,13.974648779302571,13.885683107862272,1072693.258398556
False,False,2025-12-31,950000.0,33.956668,-118.028375,2279.0,670 - Whittier,True,2.0,0.1597,1949.0,2.0,Whittier,3.0,True,1.0,One,6957.0,False,2.0,Whittier Union High,90605,0.0,6957.0,416.8494953927161,1.5,76.0,0,759.6666666666666,0.3275837286186575,13.764217263576723,13.602934236950354,13.749441785448667,936066.4864308832
True,True,2025-12-16,1025000.0,34.469382,-118.51465,3026.0,COPN - Copper Hill North,True,5.0,0.1751,2001.0,3.0,Santa Clarita,4.0,True,2.0,Two,7628.0,False,3.0,Whittier Union High,91390,161.0,7628.0,338.7309980171844,1.3333333333333333,24.0,0,756.5,0.39669638175144206,13.840203170554645,13.751477381367541,13.90206247618048,1090407.978285377
True,True,2025-12-05,2225000.0,33.639484,-117.961042,2512.0,14 - South Huntington Beach,True,6.0,0.1377,1973.0,3.0,Huntington Beach,4.0,True,2.0,Two,6000.0,False,3.0,Huntington Beach Union High,92646,0.0,6000.0,885.7484076433121,1.3333333333333333,52.0,0,628.0,0.4186666666666667,14.615267473582477,14.19394699368452,14.328364066910275,1670049.9045495864
False,False,2025-12-19,1305000.0,34.262532,-118.901756,3631.0,SMP - South Moorpark,True,3.0,0.215,1988.0,5.0,Moorpark,5.0,True,2.0,Two,9365.0,False,3.0,Moorpark Unified,93021,220.0,9365.0,359.40512255576976,1.0,37.0,0,726.2,0.38772023491724505,14.081713598738931,13.8878312195439,14.298129416774351,1620312.2195794545
True,False,2025-12-03,470000.0,33.985747,-117.365505,832.0,252 - Riverside,False,1.0,0.14,1922.0,1.0,Riverside,2.0,False,1.0,One,6098.0,False,1.0,Riverside Unified,92501,0.0,6098.0,564.9038461538462,2.0,103.0,0,416.0,0.1364381764512955,13.060487973686241,13.304684934198283,13.08009969256379,479308.4872396644
True,False,2025-12-12,812000.0,33.599765999999995,-117.286959,3657.0,SRCAR - Southwest Riverside County,True,2.0,1.63,2005.0,3.0,Wildomar,4.0,True,1.0,One,71003.0,False,2.0,Lake Elsinore Unified,92595,0.0,71003.0,222.03992343450915,1.3333333333333333,20.0,0,914.25,0.051504865991577824,13.607255619143816,13.442996549995796,13.943298714585158,1136312.2569695185
True,False,2025-12-08,1150000.0,33.217295,-117.079126,2621.0,92026 - Escondido,True,6.0,4.59,1985.0,3.0,Escondido,4.0,True,1.0,One,4.59,False,2.0,Valley Center - Pauma,92026,0.0,199940.4,438.763830599008,1.3333333333333333,40.0,0,655.25,0.01310890645412333,13.955272500339433,13.709594177880103,13.929091685050341,1120282.770482592
False,False,2025-12-05,1938800.0,37.56364955,-122.05614338,1857.0,646 - Pasadena (NE),True,2.0,0.0872,1990.0,3.0,Fremont,4.0,True,2.0,Two,3800.0,False,2.0,Los Angeles Unified,94555,48.0,3800.0,1044.0495422724823,1.3333333333333333,35.0,0,464.25,0.4886842105263158,14.477579782953358,14.346138809026444,14.264849484272219,1567275.7581785708
True,False,2025-12-10,3925000.0,33.897256,-118.40283,3137.0,143 - Manhattan Bch Tree,True,2.0,0.1067,2003.0,5.0,Manhattan Beach,5.0,True,1.0,"One,Two",4646.0,False,2.0,Manhattan Unified,90266,0.0,4646.0,1251.1954096270322,1.0,22.0,0,627.4,0.6752044769694361,15.182876909198646,15.040754419423045,15.255498775090723,4220646.085364437
False,False,2025-12-11,995000.0,33.22411302,-117.35651062,2630.0,92058 - Oceanside,True,4.0,0.2,2004.0,3.0,Oceanside,4.0,False,2.0,Two,7840.0,False,2.0,Apple Valley Unified,92058,92.0,2560.0,378.3269961977186,1.3333333333333333,21.0,0,657.5,1.02734375,13.81049801614073,13.664687668229691,13.89492434597284,1082652.2179021763
False,False,2025-12-24,1102000.0,34.224986,-118.558237,1708.0,NR - Northridge,True,2.0,0.1881,1959.0,2.0,Northridge,3.0,True,1.0,One,8192.0,False,2.0,Perris Union High,91324,0.0,8192.0,645.1990632318501,1.5,66.0,0,569.3333333333334,0.20849609375,13.912637268694997,13.767367980495198,13.735900493651487,923476.3725825106
True,False,2025-12-24,882500.0,34.320073,-118.465494,2146.0,SYL - Sylmar,True,2.0,0.2564,1964.0,3.0,Sylmar,5.0,False,2.0,Two,11167.0,False,2.0,Los Angeles Unified,91342,0.0,11167.0,411.2301957129544,1.6666666666666667,61.0,0,429.2,0.1921733679591654,13.69051406778959,13.667586227071855,13.813619853459397,998111.0817509468
True,False,2025-12-03,1638000.0,33.967828999999995,-117.890064,3096.0,652 - Rowland Heights,True,3.0,0.1574,1995.0,4.0,Rowland Heights,4.0,True,2.0,Two,6858.0,False,3.0,Rowland Unified,91748,219.0,6858.0,529.0697674418604,1.0,30.0,0,774.0,0.45144356955380577,14.308986543395152,13.9016461684345,14.069259294466802,1288847.9231428774
True,False,2025-12-11,880000.0,33.883189,-118.137168,1791.0,"RG - Bellflower North of 91 Frwy, S of Alondra",False,2.0,0.1634,1949.0,2.0,Bellflower,3.0,True,1.0,One,7119.0,False,2.0,Bellflower Unified,90706,0.0,7119.0,491.34561697375767,1.5,76.0,0,597.0,0.2515802781289507,13.687677186454389,13.586096602527896,13.618915763936622,821523.452087236
False,False,2025-12-18,760000.0,33.956031,-118.025526,1345.0,670 - Whittier,True,1.0,0.1368,1949.0,2.0,Whittier,3.0,True,1.0,One,5958.0,False,1.0,Willows Unified,90605,0.0,5958.0,565.0557620817843,1.5,76.0,0,448.3333333333333,0.22574689493118497,13.541073712262515,13.602934236950354,13.576100463625473,787092.0341907693
True,False,2025-12-26,449000.0,33.931401,-116.89498600000002,1293.0,263 - Banning/Beaumont/Cherry Valley,True,2.0,0.16,1959.0,2.0,Banning,3.0,False,1.0,One,6969.0,False,2.0,Banning Unified,92220,0.0,6969.0,347.25444702242845,1.5,66.0,0,431.0,0.1855359448988377,13.01477816672439,12.994530005894443,12.878311377723952,391723.4471077727
True,False,2025-12-03,755000.0,33.875431,-118.294293,743.0,119 - Central Gardena,True,0.0,0.1786,1949.0,1.0,Gardena,2.0,False,1.0,One,7779.0,False,0.0,Los Angeles Unified,90247,0.0,7779.0,1016.1507402422612,2.0,76.0,0,371.5,0.09551356215451857,13.534473028231162,13.652991628466498,13.376237546093561,644504.7981477518
True,True,2025-12-01,550000.0,34.404047,-117.280061,1728.0,HSP - Hesperia,False,2.0,0.6428,1959.0,3.0,Hesperia,4.0,True,1.0,One,28000.0,False,2.0,Hesperia Unified,92345,0.0,28000.0,318.287037037037,1.3333333333333333,66.0,0,432.0,0.061714285714285715,13.217673557208654,13.064514272196533,13.075327640039317,477026.650815022
True,False,2025-12-29,695000.0,33.810614,-118.280117,1845.0,139 - South Carson,True,2.0,0.1171,1965.0,2.0,Carson,4.0,True,1.0,One,5100.0,False,2.0,Los Angeles Unified,90745,0.0,5100.0,376.69376693766935,2.0,60.0,0,461.25,0.36176470588235293,13.45166712454693,13.592367006650065,13.640815275392258,839712.8569303683
True,False,2025-12-01,1735000.0,33.603021000000005,-117.66933,2400.0,MC - Mission Viejo Central,True,2.0,0.1716,1965.0,4.0,Mission Viejo,4.0,False,2.0,MultiSplit,7475.0,False,2.0,Saddleback Valley Unified,92691,51.0,7475.0,722.9166666666666,1.0,60.0,0,600.0,0.3210702341137124,14.366517971363097,14.092573789669016,14.277892514441259,1587851.6776466735
True,False,2025-12-26,639900.0,36.70957186,-121.66290924,1165.0,699 - Not Defined,False,2.0,0.07,1976.0,2.0,Salinas,3.0,True,1.0,One,3049.0,False,2.0,Other,93906,0.0,3049.0,549.2703862660944,1.5,49.0,0,388.3333333333333,0.38209248934076745,13.369067193127552,13.472921052508891,13.248940205181963,567468.3212433346
False,False,2025-12-19,775000.0,37.68887781,-121.77290252,1599.0,672 - Shadow Hills,False,2.0,0.1148,1957.0,2.0,Livermore,3.0,True,1.0,One,5000.0,False,0.0,Livermore Valley,94551,0.0,5000.0,484.67792370231393,1.5,68.0,0,533.0,0.3198,13.560618308335483,13.87377946608825,13.858982976622018,1044431.1871007229
False,False,2025-12-29,1725000.0,33.687909000000005,-117.807913,2074.0,WP - Westpark,True,2.0,0.0697,1997.0,3.0,Irvine,4.0,True,2.0,Two,3038.0,False,2.0,Irvine Unified,92606,133.85,3038.0,831.7261330761813,1.3333333333333333,28.0,0,518.5,0.6826859776168532,14.360737608447597,14.394928973195876,14.262596353046384,1563748.4554585004
False,True,2025-12-11,2100000.0,33.719868,-116.352204,3020.0,325 - Indian Wells,True,2.0,0.2483,2023.0,5.0,Indian Wells,3.0,True,1.0,One,10816.0,True,2.0,Hemet Unified,92210,216.0,10816.0,695.364238410596,0.6,2.0,0,1006.6666666666666,0.27921597633136097,14.557447902693651,14.452073389471401,14.902951797395326,2966673.34571202
True,False,2025-12-17,525000.0,37.72807299,-122.17463992,980.0,PLM - Palmdale,True,1.0,0.0918,1946.0,1.0,Oakland,2.0,True,1.0,One,4000.0,False,1.0,Riverside Unified,94603,335.0,4000.0,535.7142857142857,2.0,79.0,0,490.0,0.245,13.17115354157376,13.146062737589267,12.932148327565915,413390.6578179089
False,False,2025-12-02,450000.0,33.723021,-116.980502,1612.0,SRCAR - Southwest Riverside County,True,2.0,0.15,1990.0,3.0,Hemet,4.0,True,1.0,One,6534.0,False,2.0,Hemet Unified,92543,0.0,6534.0,279.1563275434243,1.3333333333333333,35.0,0,403.0,0.24670951943679217,13.017002861746503,12.919503857231216,12.967152307043586,428117.2163493803
True,False,2025-12-03,1205000.0,33.634659,-117.672609,1499.0,LN - Lake Forest North,True,2.0,0.124,1978.0,2.0,Lake Forest,3.0,True,1.0,One,5400.0,False,2.0,Saddleback Valley Unified,92630,0.0,5400.0,803.8692461641094,1.5,47.0,0,499.6666666666667,0.2775925925925926,14.001990124906893,14.077874822431765,13.899033218834534,1087109.8498690217
True,False,2025-12-17,850000.0,33.889305,-118.312275,1078.0,119 - Central Gardena,False,2.0,0.1334,1951.0,1.0,Gardena,3.0,False,1.0,One,5810.0,False,2.0,Los Angeles Unified,90249,0.0,5810.0,788.4972170686457,3.0,74.0,0,359.3333333333333,0.1855421686746988,13.652991628466498,13.579082711707093,13.47367909307927,710467.9334145067
True,False,2025-12-29,1240000.0,32.777488,-117.196374,1688.0,92110 - Old Town Sd,False,2.0,0.0,1961.0,2.0,San Diego,3.0,True,1.0,One,0.15,True,2.0,San Diego Unified,92110,0.0,0.15,734.5971563981043,1.5,64.0,0,562.6666666666666,11253.333333333334,14.03062193758122,14.226957737749986,14.109662534016751,1341987.8381841166
True,False,2025-12-01,728000.0,33.45906287,-117.07937302,2005.0,SRCAR - Southwest Riverside County,True,4.0,0.09,2003.0,3.0,Temecula,4.0,True,2.0,Two,3920.0,False,2.0,Pomona Unified,92592,40.0,3920.0,363.09226932668327,1.3333333333333333,22.0,0,501.25,0.5114795918367347,13.498056327178823,13.580420735596498,13.522495548343608,746010.9432719158
True,False,2025-12-08,1250000.0,33.306735,-116.997253,1750.0,92061 - Pauma Valley,True,3.0,0.17,1969.0,2.0,Pauma Valley,3.0,True,1.0,One,0.17,False,1.0,Valley Center - Pauma,92061,550.0,7405.2,714.2857142857143,1.5,56.0,0,583.3333333333334,0.2363204234861989,14.038654109278484,13.753635154246187,13.725961784721125,914343.6685306863
True,False,2025-12-12,1425000.0,34.261464000000004,-118.888003,3373.0,SMP - South Moorpark,True,2.0,0.306,1988.0,4.0,Moorpark,4.0,True,2.0,Two,13329.0,False,2.0,Orange Unified,93021,275.0,13329.0,422.4725763415357,1.0,37.0,0,843.25,0.25305724360417137,14.169682371684887,13.8878312195439,14.243988306820896,1534919.211725853
False,False,2025-12-10,990000.0,34.188223,-118.955723,2582.0,NBPK - Newbury Park,True,2.0,0.14,1978.0,3.0,Newbury Park,4.0,True,2.0,Two,6098.0,False,2.0,Norwalk - La Mirada,91320,120.0,6098.0,383.423702556158,1.3333333333333333,47.0,0,645.5,0.4234175139389964,13.805460222110773,13.933293593620657,14.055717920116479,1271512.7866143533
True,False,2025-12-15,867500.0,35.136956,-120.617784,1280.0,PSMO - Pismo Beach,True,2.0,0.1009999999999999,1986.0,3.0,Pismo Beach,2.0,False,2.0,Two,4400.0,False,2.0,Carmel Unified,93449,0.0,4400.0,677.734375,0.6666666666666666,39.0,0,640.0,0.2909090909090909,13.673370790803151,14.164329100880673,13.857078916428671,1042444.419315644
False,False,2025-12-10,800000.0,32.82277593,-116.83199247,1560.0,92019 - El Cajon,False,4.0,0.1719,2019.0,2.0,El Cajon,3.0,False,1.0,One,7489.0,False,2.0,Chico Unified,92019,0.0,7489.0,512.8205128205128,1.5,6.0,0,520.0,0.20830551475497397,13.592367006650065,13.773646353865574,13.648087397587675,845841.6089425331
False,False,2025-12-01,1780000.0,34.041038,-118.431062,1386.0,C05 - Westwood - Century City,False,2.0,0.1489,1929.0,2.0,Los Angeles,2.0,True,1.0,One,6488.0,False,3.0,Los Angeles Unified,90064,250.0,6488.0,1284.2712842712842,1.0,96.0,0,693.0,0.21362515413070285,14.392123922268269,14.615267473582477,14.298429610748254,1620798.7005592894
False,False,2025-12-15,900000.0,34.036477000000005,-118.126105,1235.0,641 - Monterey Park,True,4.0,0.1431,1949.0,2.0,Monterey Park,4.0,False,1.0,One,6235.0,False,2.0,Baldwin Park Unified,91755,0.0,6235.0,728.744939271255,2.0,76.0,0,308.75,0.19807538091419408,13.710150042306449,13.792750300313369,13.687989880365866,880275.213668676
False,False,2025-12-19,870000.0,33.862835,-117.983447,1133.0,83 - Fullerton,True,2.0,0.1377,1961.0,2.0,Fullerton,3.0,True,1.0,One,6000.0,False,2.0,Fullerton Joint Union High,92833,0.0,6000.0,767.8729037952339,1.5,64.0,0,377.6666666666667,0.18883333333333333,13.676248490630767,13.87377946608825,13.73395296565642,921679.6266685077
False,False,2025-12-05,1600000.0,34.195622,-118.554317,3121.0,RES - Reseda,True,0.0,0.1389,1951.0,6.0,Reseda,7.0,False,1.0,"One,Two",6050.0,False,0.0,Los Angeles Unified,91335,0.0,6050.0,512.6561999359179,1.1666666666666667,74.0,0,445.85714285714283,0.5158677685950414,14.28551418721001,13.652991628466498,14.007538787080582,1211704.7218356356
True,True,2025-12-23,1450000.0,33.520257,-117.688654,1900.0,LNSLT - Salt Creek,True,4.0,0.0689,1986.0,3.0,Laguna Niguel,3.0,True,2.0,Two,3000.0,False,2.0,Capistrano Unified,92677,117.0,3000.0,763.1578947368421,1.0,39.0,0,633.3333333333334,0.6333333333333333,14.187074114396758,14.349075668699754,14.201481271786928,1471041.588999037
False,False,2025-12-23,1325000.0,37.59223283,-122.46378518,2054.0,699 - Not Defined,True,2.0,0.1148,1975.0,3.0,Pacifica,4.0,True,1.0,One,5000.0,False,2.0,Other,94044,0.0,5000.0,645.0827653359299,1.3333333333333333,50.0,0,513.5,0.4108,14.09692301740246,14.038654109278484,14.060810100202787,1278004.072076378
True,False,2025-12-05,1140000.0,33.16137,-117.075278,2325.0,92026 - Escondido,True,6.0,0.2303,2019.0,3.0,Escondido,3.0,True,1.0,One,10031.0,False,3.0,Escondido Union,92026,187.0,10031.0,490.3225806451613,1.0,6.0,0,775.0,0.231781477419998,13.946538820370678,13.709594177880103,13.854082378702083,1039325.3707924684
False,False,2025-12-10,1260000.0,37.61603744,-122.43673834,1150.0,699 - Not Defined,True,2.0,0.1463,1957.0,2.0,San Bruno,3.0,True,1.0,One,6372.0,False,2.0,Other,94066,0.0,6372.0,1095.6521739130435,1.5,68.0,0,383.3333333333333,0.18047708725674827,14.04662227892766,14.144814305106875,13.915548038357274,1105212.3410922599
False,False,2025-12-03,650000.0,33.621685,-117.121999,2290.0,SRCAR - Southwest Riverside County,True,4.0,0.0,2021.0,3.0,Murrieta,3.0,False,1.0,One,0.14,False,2.0,Perris Union High,92563,99.0,0.14,283.8427947598253,1.0,4.0,0,763.3333333333334,16357.142857142855,13.38472764187182,13.458835614025542,13.506118463133864,733892.9579702469
False,False,2025-12-23,650000.0,34.031139,-118.143104,945.0,674 - Montebello,True,0.0,0.1365,1948.0,1.0,Montebello,2.0,False,1.0,One,5946.0,False,0.0,Montebello Unified,90640,0.0,5946.0,687.8306878306878,2.0,77.0,0,472.5,0.15893037336024218,13.38472764187182,13.66988634579858,13.465244351580273,704500.5222174414
False,False,2025-12-23,274000.0,35.415754,-119.051566,1224.0,BKSF - Bakersfield,False,2.0,0.18,1947.0,2.0,Bakersfield,3.0,False,1.0,One,7840.0,False,0.0,Kern Union,93308,0.0,7840.0,223.8562091503268,1.5,78.0,0,408.0,0.15612244897959185,12.520883385370206,12.736406735684207,12.599644814903616,296453.2508197778
False,False,2025-12-04,585000.0,34.040239,-117.200263,1873.0,268 - Redlands,True,2.0,0.043,1978.0,2.0,Redlands,3.0,True,1.0,One,1873.0,False,2.0,Redlands Unified,92373,475.0,1873.0,312.3331553657234,1.5,47.0,0,624.3333333333334,1.0,13.279367126213993,13.621317169677567,13.527802970518453,749980.8639985981
True,False,2025-12-05,760000.0,34.090996000000004,-118.212166,1046.0,680 - Mount Washington,True,4.0,0.151,1903.0,3.0,Los Angeles,3.0,False,1.0,One,6576.0,False,2.0,Lake Elsinore Unified,90065,200.0,6576.0,726.5774378585086,1.0,122.0,0,348.6666666666667,0.1590632603406326,13.541073712262515,14.050977780915009,14.007864045733829,1212098.9033835968
True,False,2025-12-24,732500.0,33.754292,-116.738804,2097.0,222 - Idyllwild,False,0.0,0.57,1997.0,3.0,Idyllwild,3.0,True,2.0,Two,24829.0,False,0.0,Hemet Unified,92549,0.0,24829.0,349.308536003815,1.0,28.0,0,699.0,0.08445769060372951,13.50421861987336,13.132313708257497,13.341838126506063,622711.1997621825
True,False,2025-12-08,1050000.0,33.840397,-117.78107,2047.0,77 - Anaheim Hills,True,2.0,0.1286,1980.0,3.0,Anaheim Hills,4.0,True,2.0,Two,5600.0,False,2.0,Orange Unified,92807,100.0,5600.0,512.9457743038593,1.3333333333333333,45.0,0,511.75,0.3655357142857143,13.864300722133706,13.997832114758229,14.028463501542365,1237326.4257193415
False,False,2025-12-22,890000.0,33.81783,-117.527931,2138.0,248 - Corona,True,3.0,0.24,1999.0,2.0,Corona,4.0,True,1.0,One,10454.0,False,3.0,Corona-Norco Unified,92883,96.0,10454.0,416.2768942937325,2.0,26.0,0,534.5,0.20451501817486128,13.698976741708323,13.547957803444275,13.605134438154968,810279.426506079
True,False,2025-12-03,1100000.0,37.660327,-122.467394,1230.0,699 - Not Defined,False,2.0,0.075,1971.0,2.0,Daly City,3.0,True,2.0,Two,3267.0,False,2.0,South San Francisco Unified,94015,0.0,3267.0,894.3089430894308,1.5,54.0,0,410.0,0.37649219467401285,13.9108207377686,14.028601732812717,13.75975522693555,945770.5082817436
True,True,2025-12-01,3190000.0,33.627271,-117.901688,1972.0,N7 - West Bay - Santa Ana Heights,True,5.0,0.1692,1956.0,3.0,Newport Beach,4.0,True,1.0,One,7370.0,False,2.0,Newport Mesa Unified,92660,0.0,7370.0,1617.6470588235295,1.3333333333333333,69.0,0,493.0,0.26757123473541383,14.975531474761027,15.133214468519324,14.895796992765943,2945523.1305782096
False,False,2025-12-29,805000.0,33.843124,-117.585817,2187.0,248 - Corona,True,3.0,0.12,1999.0,3.0,Corona,4.0,True,2.0,Two,5227.0,False,3.0,Corona-Norco Unified,92882,54.0,5227.0,368.0841335162322,1.3333333333333333,26.0,0,546.75,0.4184044384924431,13.5985975564007,13.623138665316818,13.680072155339177,873332.956289221
False,False,2025-12-16,585000.0,32.73498648,-116.98155811,1254.0,91977 - Spring Valley,True,3.0,0.3,1975.0,2.0,Spring Valley,3.0,False,1.0,One,3485.0,False,1.0,Pomona Unified,91977,300.0,6098.0,466.5071770334928,1.5,50.0,0,418.0,0.20564119383404394,13.279367126213993,13.592367006650065,13.461142336106914,701616.5692281184
True,True,2025-12-01,1200000.0,33.664608,-116.238053,2911.0,313 - La Quinta South of HWY 111,True,2.5,0.2356,2021.0,4.0,La Quinta,4.0,True,1.0,One,10262.0,False,2.5,El Monte Union High,92253,340.0,10262.0,412.2294744074201,1.0,4.0,0,727.75,0.2836679009939583,13.997832114758229,13.545013310266594,13.914697735730758,1104272.975564857
False,False,2025-12-08,1399000.0,37.83458698,-122.18911448,2653.0,PS - Portola Springs,True,4.0,0.1231,2024.0,4.0,Oakland,5.0,True,2.0,Two,5363.0,True,2.0,San Marcos Unified,94611,0.0,5363.0,527.327553712778,1.25,1.0,0,530.6,0.49468581018086893,14.151268253647618,14.128493142202753,14.334700673288987,1680665.9527651551
False,False,2025-12-17,605000.0,37.8248558,-122.27368249,1834.0,187 - Holy Trinity,False,3.0,0.1047,1910.0,2.0,Oakland,4.0,True,2.0,Two,4560.0,False,0.0,Anaheim Union High,94608,215.0,4560.0,329.8800436205016,2.0,115.0,0,458.5,0.4021929824561403,13.312983737012978,13.598578266649344,13.666397169189628,861471.4281711404
False,False,2025-12-09,390000.0,33.759987,-116.293625,1160.0,307 - Sun City,True,4.0,0.1,2002.0,2.0,Palm Desert,2.0,False,1.0,One,4356.0,False,2.0,Sweetwater Union,92211,398.0,4356.0,336.2068965517241,1.0,23.0,0,580.0,0.2662993572084481,12.873902018105829,13.226723392728571,12.987906480150277,437095.27903903165
True,False,2025-12-17,730000.0,33.84916,-118.003824,1078.0,82 - Buena Park,True,4.0,0.0785,1968.0,2.0,Buena Park,2.0,True,1.0,One,3418.0,False,2.0,Other,90620,0.0,3418.0,677.1799628942487,1.0,57.0,0,539.0,0.31538911644236395,13.500799813124575,13.741593969296583,13.353219067812587,629838.7213972751
True,False,2025-12-08,1225000.0,32.763693,-116.962673,2171.0,91941 - La Mesa,True,2.0,0.59,1956.0,3.0,La Mesa,4.0,True,1.0,One,25700.0,False,2.0,Grossmont Union,91941,0.0,25700.0,564.2561031782589,1.3333333333333333,69.0,0,542.75,0.08447470817120623,14.018451401960965,13.903955641362648,14.019278278634605,1226013.3428222435
True,False,2025-12-23,870000.0,34.13348,-117.896149,1603.0,607 - Azusa,False,0.0,0.516,1928.0,1.0,Azusa,2.0,True,1.0,One,22477.0,False,0.0,Azusa Unified,91702,0.0,22477.0,542.7323767935121,2.0,97.0,0,801.5,0.07131734662099035,13.676248490630767,13.534473028231162,13.483168388970729,717241.862936082
True,False,2025-12-19,2200000.0,33.984996,-118.373644,2936.0,106 - Los Angeles,True,4.0,0.186,1955.0,3.0,Los Angeles,3.0,True,2.0,Two,8104.0,False,2.0,Inglewood Unified,90056,0.0,8104.0,749.3188010899182,1.0,70.0,0,978.6666666666666,0.36229022704837116,14.603967918328545,14.372265113618665,14.602808951846148,2197451.750691732
False,False,2025-12-12,725000.0,34.345402,-119.082838,1830.0,SPL - Santa Paula,False,2.0,0.28,1961.0,2.0,Santa Paula,5.0,True,1.0,One,12196.0,False,2.0,Oceanside Unified,93060,0.0,12196.0,396.1748633879781,2.5,64.0,0,366.0,0.15004919645785503,13.493926933836812,13.54098713967118,13.542448424493104,761045.4997612513
True,True,2025-12-09,1160000.0,33.015684,-116.964218,2928.0,92065 - Ramona,True,6.0,0.2808,1997.0,3.0,Ramona,4.0,True,2.0,Two,12231.0,False,3.0,Ramona Unified,92065,210.0,12231.0,396.1748633879781,1.3333333333333333,28.0,0,732.0,0.23939170959038508,13.963930563082547,13.623138665316818,13.864401793720814,1050106.1305297639
True,False,2025-12-16,990000.0,33.922385,-117.964199,2150.0,87 - La Habra,True,2.0,0.1537,1963.0,3.0,La Habra,4.0,True,2.0,Two,6696.0,False,2.0,Lowell Joint Unified,90631,0.0,6696.0,460.4651162790698,1.3333333333333333,62.0,0,537.5,0.32108721624850656,13.805460222110773,13.792724135316895,13.917162190246305,1106997.762263235
True,False,2025-12-18,930000.0,34.172904,-118.453394,1148.0,SO - Sherman Oaks,False,4.0,0.1612,1948.0,1.0,Sherman Oaks,3.0,True,1.0,One,7023.0,False,2.0,Los Angeles Unified,91411,0.0,7023.0,810.1045296167248,3.0,77.0,0,382.6666666666667,0.16346290758934928,13.742939865129438,13.961752072660685,13.73277930004597,920598.5175412379
False,False,2025-12-02,1525000.0,33.828156,-118.334866,2806.0,126 - Central Torrance,True,2.0,0.0532,2002.0,3.0,Torrance,4.0,True,1.0,ThreeOrMore,2318.0,False,2.0,Torrance Unified,90503,225.0,2318.0,543.4782608695652,1.3333333333333333,23.0,0,701.5,1.2105263157894737,14.237504968023648,14.148404973237604,14.346984048116765,1701437.513889427
True,False,2025-12-16,590000.0,33.871093,-117.207397,2626.0,259 - Moreno Valley,True,3.0,0.12,2005.0,3.0,Moreno Valley,3.0,True,2.0,Two,5227.0,False,3.0,Val Verde,92555,35.0,5227.0,224.67631378522464,1.0,20.0,0,875.3333333333334,0.5023914291180409,13.287877815881902,13.304684934198283,13.325491589738334,612614.7738587633
False,False,2025-12-05,410000.0,33.707244,-117.198195,2155.0,SRCAR - Southwest Riverside County,True,2.0,0.23,1964.0,2.0,Menifee,3.0,False,1.0,One,10019.0,False,2.0,Perris Union High,92586,442.0,10019.0,190.2552204176334,1.5,61.0,0,718.3333333333334,0.2150913264796886,12.92391243868049,12.89921982609012,13.025019160911036,453621.8320735451
True,False,2025-12-15,1300000.0,33.584615,-117.647383,2089.0,MS - Mission Viejo South,True,2.0,0.0987,1992.0,3.0,Mission Viejo,4.0,True,2.0,Two,4300.0,False,2.0,Capistrano Unified,92692,163.06,4300.0,622.3073240785064,1.3333333333333333,33.0,0,522.25,0.4858139534883721,14.077874822431765,14.006130917572923,14.00303342780495,1206257.836030054
True,True,2025-12-10,681000.0,33.666738,-117.22971,2113.0,SRCAR - Southwest Riverside County,True,2.0,0.19,2016.0,3.0,Lake Elsinore,4.0,True,2.0,Two,8276.0,False,2.0,Menifee Union,92532,134.0,8276.0,322.290582110743,1.3333333333333333,9.0,0,528.25,0.2553165780570324,13.43131758513165,13.353475098367715,13.368736530369183,639688.443879713
True,True,2025-12-08,2625000.0,34.148856,-118.208655,3690.0,624 - Glendale-Chevy Chase/E. Glenoaks,True,2.0,0.5837,1946.0,4.0,Glendale,4.0,True,2.0,Two,25424.0,False,2.0,Glendale Unified,91206,0.0,25424.0,711.3821138211382,1.0,79.0,0,922.5,0.14513845185651353,14.780591454007862,14.269765830241871,14.782763400176094,2630707.5546986796
True,False,2025-12-10,458000.0,34.162222,-117.278343,1365.0,274 - San Bernardino,True,2.0,0.1653,1954.0,2.0,San Bernardino,3.0,True,1.0,One,7200.0,False,2.0,San Bernardino City Unified,92404,0.0,7200.0,335.53113553113553,1.5,71.0,0,455.0,0.18958333333333333,13.034624463096321,13.142166004700508,13.11503328743928,496348.35481164436
False,False,2025-12-12,1110000.0,32.95660292,-117.08921941,1827.0,92128 - Rancho Bernardo,True,4.0,0.1296,1986.0,3.0,San Diego,4.0,False,2.0,Two,5644.0,False,2.0,Arcadia Unified,92128,150.0,5644.0,607.5533661740558,1.3333333333333333,39.0,0,456.75,0.32370659107016303,13.919870573288517,13.983960916083914,13.96103825462572,1156649.7694756337
True,False,2025-12-10,1142000.0,33.794470000000004,-118.01359,2100.0,56 - Cypress South of Orangewood,True,2.0,0.1148,1967.0,2.0,Cypress,4.0,True,1.0,ThreeOrMore,5000.0,False,2.0,Garden Grove Unified,90630,0.0,5000.0,543.8095238095239,2.0,58.0,0,525.0,0.42,13.948291669198092,13.933293593620657,13.964155597381195,1160261.0691600873
True,False,2025-12-10,769000.0,35.310857,-120.84753700000002,1056.0,OSOS - Los Osos,True,1.0,0.126,1971.0,2.0,Los Osos,3.0,True,1.0,One,5489.0,False,1.0,San Luis Coastal Unified,93402,0.0,5489.0,728.219696969697,1.5,54.0,0,352.0,0.19238476953907815,13.55284624848778,13.687677186454389,13.490725715958956,722682.8279037497
True,False,2025-12-29,740000.0,33.169112,-117.081401,1286.0,92026 - Escondido,True,2.0,0.1037,1986.0,3.0,Escondido,3.0,True,2.0,Two,4517.0,False,2.0,Escondido Union,92026,0.0,4517.0,575.4276827371696,1.0,39.0,0,428.6666666666667,0.28470223599734334,13.514405465180353,13.709594177880103,13.50302757411964,731628.0783377723
True,True,2025-12-31,1025000.0,34.128776,-117.750445,2107.0,684 - La Verne,True,2.0,0.1544,1976.0,3.0,La Verne,3.0,True,2.0,Two,6726.0,False,2.0,Claremont Unified,91750,0.0,6726.0,486.4736592311343,1.0,49.0,0,702.3333333333334,0.31326196848052335,13.840203170554645,13.758940206475879,13.800398152001627,985001.2133704372
True,False,2025-12-24,335000.0,34.45983,-117.3736,948.0,VIC - Victorville,True,4.0,0.4132,1986.0,2.0,Victorville,2.0,False,1.0,One,18000.0,False,2.0,Victor Valley Unified,92392,0.0,18000.0,353.3755274261603,1.0,39.0,0,474.0,0.05266666666666667,12.721885810807203,13.01477816672439,12.746950701761143,343502.85488041653
False,False,2025-12-08,975000.0,33.914833,-117.990962,1890.0,M3 - La Mirada,True,4.0,0.1576,1959.0,2.0,La Mirada,3.0,True,1.0,One,6863.0,False,2.0,Norwalk - La Mirada,90638,0.0,6863.0,515.8730158730159,1.5,66.0,0,630.0,0.2753897712370683,13.790192749979985,13.709037694795391,13.78925134828537,974082.5652528198
True,False,2025-12-23,359000.0,37.297531,-120.507561,1160.0,699 - Not Defined,True,2.0,0.2031,1963.0,2.0,Merced,3.0,False,1.0,One,8846.0,False,2.0,Merced City,95341,0.0,8846.0,309.48275862068965,1.5,62.0,0,386.6666666666667,0.13113271535157134,12.791077667470416,12.857087250429316,12.696192866996544,326502.49424029834
True,False,2025-12-16,1188000.0,37.77779678,-122.13945387,2155.0,133 - N Torrance - East,True,4.0,0.2429,1967.0,3.0,Oakland,4.0,True,2.0,Two,10579.0,False,2.0,Escondido Union,94605,0.0,10579.0,551.276102088167,1.3333333333333333,58.0,0,538.75,0.2037054542017204,13.987781778904727,13.527828485512494,13.653246378703324,850216.5652851587
True,False,2025-12-30,665000.0,37.98603455,-121.70341836,1607.0,264 - Fontana,True,2.0,0.2587,1983.0,2.0,Oakley,3.0,True,1.0,One,11270.0,False,2.0,William S. Hart Union,94561,160.0,11270.0,413.8145612943373,1.5,42.0,0,535.6666666666666,0.14259094942324757,13.407542319637992,13.415032991367148,13.351137508444769,628529.0382710187
True,False,2025-12-17,682000.0,34.266957,-117.205037,3466.0,287 - Arrowhead Area,True,6.0,0.241,1978.0,4.0,Lake Arrowhead,5.0,True,1.0,ThreeOrMore,10500.0,False,3.0,Rim of the World,92352,0.0,10500.0,196.76860934795155,1.25,47.0,0,693.2,0.3300952380952381,13.432784936825598,13.412043452518782,13.744341061093936,931304.0256313534
True,False,2025-12-08,3980000.0,34.065926,-118.434395,2736.0,C05 - Westwood - Century City,True,2.0,0.1719,1940.0,4.0,Los Angeles,4.0,True,2.0,"Two,MultiSplit",7489.0,False,2.0,Los Angeles Unified,90024,0.0,7489.0,1454.678362573099,1.0,85.0,0,684.0,0.3653358258779543,15.196792377260621,14.982491872307424,15.112174165032958,3657074.851881591
True,False,2025-12-26,1005000.0,37.938019,-122.04042932,1752.0,92071 - Santee,True,5.0,0.186,1966.0,2.0,Concord,4.0,True,1.0,One,8100.0,False,2.0,Corona-Norco Unified,94518,0.0,8100.0,573.6301369863014,2.0,59.0,0,438.0,0.2162962962962963,13.820498099475314,13.753635154246187,13.735031919539749,922674.6131566294
True,False,2025-12-01,570000.0,33.810732,-117.114856,1852.0,SRCAR - Southwest Riverside County,True,2.0,0.39,2007.0,2.0,Nuevo,3.0,True,1.0,One,16988.0,False,2.0,Perris Union High,92567,0.0,16988.0,307.7753779697624,1.5,18.0,0,617.3333333333334,0.10901813044502001,13.253391639810733,13.296316684527767,13.289130394375029,590739.4843453534
False,False,2025-12-01,670000.0,34.067366,-117.628167,1260.0,686 - Ontario,False,4.0,0.1722,1940.0,2.0,Ontario,3.0,False,1.0,One,7500.0,False,4.0,Chaffey Joint Union High,91764,0.0,7500.0,531.7460317460317,1.5,85.0,0,420.0,0.168,13.415032991367148,13.414286165238757,13.377201345048098,645126.2706375609
False,False,2025-12-04,830000.0,33.757053000000006,-117.837356,1531.0,70 - Santa Ana North of First,False,2.0,0.093,1977.0,2.0,Santa Ana,2.0,True,1.0,One,4050.0,False,2.0,Tustin Unified,92701,175.0,4050.0,542.1293272370999,1.0,48.0,0,765.5,0.3780246913580247,13.62918097977278,13.68426227135432,13.516736452171953,741726.9423318948
True,True,2025-12-03,640000.0,33.652386,-116.312642,1537.0,313 - La Quinta South of HWY 111,True,4.0,0.11,1987.0,2.0,La Quinta,3.0,False,1.0,One,4792.0,False,2.0,Grossmont Union,92253,0.0,4792.0,416.3955757970071,1.5,38.0,0,512.3333333333334,0.32074290484140233,13.369223455335854,13.545013310266594,13.33499168553059,618462.4054443996
False,False,2025-12-12,555000.0,38.10122213,-122.24385791,2196.0,"RP - Compton S of Rosecrans, E of Central,W of Ala",True,2.0,0.1194,1911.0,3.0,Vallejo,6.0,False,2.0,Two,5200.0,False,2.0,Hemet Unified,94590,0.0,5200.0,252.73224043715848,2.0,114.0,0,366.0,0.42230769230769233,13.226723392728571,12.948009990259552,13.078259571860205,478427.3127512416
True,False,2025-12-05,749000.0,33.371833,-117.240504,2376.0,92028 - Fallbrook,False,2.0,0.5,1976.0,2.0,Fallbrook,3.0,True,1.0,One,0.5,False,2.0,Fallbrook Union,92028,0.0,21780.0,315.23569023569024,1.5,49.0,0,792.0,0.10909090909090909,13.526494262499357,13.681979165339751,13.859033335991498,1044483.7853211659
True,True,2025-12-19,600000.0,34.023313,-118.113183,2411.0,674 - Montebello,True,3.0,0.29,1975.0,3.0,Montebello,4.0,True,2.0,Two,12632.0,False,3.0,Montebello Unified,90640,60.0,12632.0,248.8593944421402,1.3333333333333333,50.0,0,602.75,0.19086447118429387,13.304684934198283,13.66988634579858,13.896233320246784,1084070.3097234142
True,False,2025-12-19,344900.0,34.242235,-116.92371599999998,955.0,289 - Big Bear Area,True,0.0,0.1224,1950.0,2.0,Big Bear Lake,3.0,True,1.0,One,5330.0,False,0.0,Bear Valley Unified,92315,0.0,5330.0,361.151832460733,1.5,75.0,0,318.3333333333333,0.17917448405253283,12.751009798924933,13.398478813484644,13.299327330413297,596794.0335466567
True,False,2025-12-19,725000.0,34.311575,-118.424491,1737.0,SYL - Sylmar,True,2.0,0.0769,2006.0,3.0,Sylmar,4.0,True,2.0,Two,3348.0,False,2.0,Los Angeles Unified,91342,150.0,3348.0,417.3862982153138,1.3333333333333333,19.0,0,434.25,0.5188172043010753,13.493926933836812,13.667586227071855,13.593365054566068,800798.8369052467
False,False,2025-12-17,800000.0,34.22396,-118.39193600000002,1881.0,SUNV - Sun Valley,True,2.0,0.1647,1950.0,3.0,Sun Valley,4.0,True,1.0,One,7176.0,False,0.0,Los Angeles Unified,91352,0.0,7176.0,425.3056884635832,1.3333333333333333,75.0,0,470.25,0.262123745819398,13.592367006650065,13.681979165339751,13.836414613578313,1021124.0758150446
False,False,2025-12-08,1190000.0,32.95313485,-117.12491509999998,1585.0,92129 - Rancho Penasquitos,True,4.0,0.1243,1987.0,3.0,San Diego,3.0,True,2.0,Two,5415.0,False,2.0,Los Angeles Unified,92129,422.0,5415.0,750.788643533123,1.0,38.0,0,528.3333333333334,0.29270544783010155,13.989463865087712,14.162640089059476,13.951189330174037,1145313.9278354454
True,False,2025-12-26,2650000.0,34.179643,-118.104139,2844.0,604 - Altadena,False,2.0,0.2066,1929.0,3.0,Altadena,4.0,True,2.0,Two,9000.0,False,2.0,Fremont Unified,91001,0.0,9000.0,931.7862165963433,1.3333333333333333,96.0,0,711.0,0.316,14.790070197962406,13.926582083454587,14.372153247365912,1744804.8043070552
True,True,2025-12-10,1690000.0,33.822785,-116.530768,2319.0,332 - Central Palm Springs,True,4.0,0.1413,2023.0,4.0,Palm Springs,3.0,True,2.0,Two,6155.0,False,2.0,Victor Valley Unified,92262,234.0,6155.0,728.762397585166,0.75,2.0,0,773.0,0.37676685621445977,14.340239086899256,13.737549016494562,13.941718417775045,1134517.9644653106
True,True,2025-12-15,1455000.0,34.17776,-117.486033,4160.0,264 - Fontana,True,7.0,0.2952,2006.0,5.0,Fontana,5.0,True,2.0,Two,12859.0,False,3.0,Etiwanda,92336,375.0,12859.0,349.75961538461536,1.0,19.0,0,832.0,0.32350882650283846,14.19051645858773,13.487006490992238,13.985023905138036,1184728.1597002011
False,False,2025-12-05,450000.0,34.066002000000005,-117.184991,864.0,268 - Redlands,False,2.0,0.1488,1910.0,1.0,Redlands,2.0,False,1.0,One,6480.0,False,2.0,Redlands Unified,92374,0.0,6480.0,520.8333333333334,2.0,115.0,0,432.0,0.13333333333333333,13.017002861746503,13.299666780812677,13.066915464843941,473030.65014896274
True,False,2025-12-19,1530000.0,35.285368,-120.660904,1479.0,SLO - San Luis Obispo,True,5.0,0.0785,2024.0,3.0,San Luis Obispo,2.0,False,2.0,Two,3418.0,True,2.0,San Luis Coastal Unified,93401,0.0,3418.0,1034.4827586206898,0.6666666666666666,1.0,0,739.5,0.4327091866588648,14.240778293368619,13.997832114758229,13.898440444563237,1086465.6300772685
False,True,2025-12-04,360000.0,37.0319393,-122.0900612,540.0,699 - Not Defined,False,20.0,1.34,1954.0,1.0,Felton,1.0,True,2.0,Two,58370.4,False,0.0,Other,95018,1092.0,58370.4,666.6666666666666,1.0,71.0,0,540.0,0.009251264339459726,12.793859310432293,13.693342923990066,13.222225816347397,552509.4500260932
False,False,2025-12-10,925000.0,34.107479,-118.191578,2179.0,632 - Highland Park,False,2.0,0.2078,1906.0,3.0,Los Angeles,4.0,True,2.0,Two,9050.0,False,2.0,Los Angeles Unified,90042,147.0,9050.0,424.506654428637,1.3333333333333333,119.0,0,544.75,0.24077348066298343,13.737549016494562,14.018451401960965,14.239744658576647,1528419.3558134274
True,False,2025-12-18,720000.0,33.564278,-117.1382,2563.0,SRCAR - Southwest Riverside County,True,6.0,0.2,1999.0,3.0,Murrieta,5.0,True,2.0,Two,8712.0,False,2.0,Murrieta,92563,0.0,8712.0,280.92079594225515,1.6666666666666667,26.0,0,512.6,0.29419191919191917,13.487006490992238,13.458835614025542,13.568589987766662,781202.7418465113
True,False,2025-12-09,552000.0,34.149767,-117.305553,1944.0,274 - San Bernardino,False,2.0,0.241,1941.0,2.0,San Bernardino,5.0,True,1.0,One,10497.0,False,2.0,San Bernardino City Unified,92405,0.0,10497.0,283.95061728395063,2.5,84.0,0,388.8,0.18519577022006287,13.221303325259232,13.071070083016778,13.110462370469449,494084.76497543603
True,False,2025-12-16,580000.0,34.08927,-117.47117,1200.0,264 - Fontana,True,4.0,0.1652,1956.0,2.0,Fontana,4.0,False,1.0,One,7198.0,False,0.0,Fontana Unified,92335,0.0,7198.0,483.3333333333333,2.0,69.0,0,300.0,0.1667129758266185,13.270783382522602,13.226723392728571,13.14874707793109,513367.41579887795
True,False,2025-12-12,322000.0,40.168744,-122.276026,1296.0,PH - Portola Hills,True,1.0,0.23,1975.0,2.0,Red Bluff,4.0,False,1.0,One,10019.0,False,1.0,Red Bluff Joint Union,96080,0.0,10019.0,248.4567901234568,2.0,50.0,0,324.0,0.12935422696875937,12.682306824526545,12.730801174465157,12.632991119204839,306505.54305555497
False,False,2025-12-02,965000.0,34.077975,-118.079623,990.0,651 - Rosemead/S. San Gabriel,False,2.0,0.174,1942.0,1.0,Rosemead,2.0,False,1.0,One,7578.0,False,2.0,Rosemead,91770,0.0,7578.0,974.7474747474748,2.0,83.0,0,495.0,0.13064133016627077,13.779883380321124,13.726664413759128,13.501173246072796,730272.6569585792
False,False,2025-12-04,1450000.0,32.916889000000005,-117.177269,2229.0,92126 - Mira Mesa,True,4.0,0.1133,2013.0,3.0,San Diego,3.0,False,2.0,Two,4934.0,False,2.0,San Diego Unified,92126,174.0,4934.0,650.5159264244055,1.0,12.0,0,743.0,0.45176327523307663,14.187074114396758,13.885500212990994,14.04048859266766,1252295.2088540518
True,False,2025-12-19,1370000.0,33.744384000000004,-118.390154,2040.0,169 - PV Dr South,False,2.0,0.0666,1979.0,3.0,Rancho Palos Verdes,3.0,True,2.0,Two,2899.0,False,2.0,Palos Verdes Peninsula Unified,90275,475.0,2899.0,671.5686274509804,1.0,46.0,0,680.0,0.7036909279061745,14.130321297804308,14.438232971730155,14.228737117733258,1511687.4747050174
False,False,2025-12-17,693000.0,34.255887,-118.768408,1632.0,SVW - West Simi,True,2.0,0.15,1965.0,2.0,Simi Valley,3.0,True,1.0,One,6534.0,False,2.0,Other,93065,0.0,6534.0,424.63235294117646,1.5,60.0,0,544.0,0.2497704315886134,13.448785278172041,13.676248490630767,13.653757192716675,850650.97876389
True,False,2025-12-19,1200000.0,34.241925,-118.241947,1470.0,635 - La Crescenta/Glendale Montrose & Annex,True,2.0,0.1668,1951.0,2.0,La Crescenta,4.0,True,1.0,One,7267.0,False,2.0,Glendale Unified,91214,0.0,7267.0,816.3265306122449,2.0,74.0,0,367.5,0.20228429888537222,13.997832114758229,14.115615150414612,14.040206655507136,1251942.190065625
False,False,2025-12-23,629990.0,33.811068,-117.191765,1898.0,SRCAR - Southwest Riverside County,True,4.0,0.1815,2025.0,3.0,Perris,4.0,False,1.0,One,7907.0,True,2.0,Val Verde,92571,0.0,7907.0,331.9230769230769,1.3333333333333333,0.0,0,474.5,0.24004047046920451,13.353459225225865,13.214938819306386,13.291859273643697,592353.7426336033
True,False,2025-12-30,1060000.0,37.42951144,-121.97086349,1733.0,699 - Not Defined,False,15.0,0.3444,1940.0,2.0,Alviso,3.0,True,1.0,ThreeOrMore,15000.0,False,2.0,Other,95002,0.0,15000.0,611.6560877091748,1.5,85.0,0,577.6666666666666,0.11553333333333334,13.87377946608825,14.000947389633547,14.032341247045768,1242133.7775223593
False,False,2025-12-31,1013000.0,33.930102000000005,-117.989771,1384.0,670 - Whittier,False,18.0,0.302,1930.0,2.0,Whittier,3.0,True,1.0,One,13155.0,False,6.0,Fullerton Joint Union High,90604,0.0,13155.0,731.9364161849711,1.5,95.0,0,461.3333333333333,0.10520714557202585,13.828426783230821,13.636672835828117,13.609256210595486,813626.1063035862
True,False,2025-12-11,685000.0,38.27574149,-121.2865338,2214.0,685 - Montclair,True,3.0,0.204,2018.0,2.0,Galt,4.0,False,1.0,One,8886.0,False,3.0,Capistrano Unified,95632,0.0,8886.0,309.3947606142728,2.0,7.0,0,553.5,0.24915597569209993,13.437174117244362,13.407542319637992,13.441364141546266,687876.188087862
False,False,2025-12-12,2298000.0,37.34709968,-121.88227134,3368.0,699 - Not Defined,False,4.0,0.1545,1907.0,4.0,San Jose,5.0,True,2.0,One,6731.0,False,2.0,San Jose Unified,95112,0.0,6731.0,682.3040380047506,1.25,118.0,0,673.6,0.5003714158371713,14.647549737390838,14.014227026169724,14.595880539175003,2182279.5185731873
True,False,2025-12-16,680000.0,34.018308000000005,-117.692732,1300.0,681 - Chino,False,8.0,0.1565,1905.0,2.0,Chino,3.0,False,1.0,One,6816.0,False,2.0,Chino Valley Unified,91710,0.0,6816.0,523.0769230769231,1.5,120.0,0,433.3333333333333,0.19072769953051644,13.42984807715229,13.567049198665774,13.414932386004027,669932.5977972769
True,False,2025-12-23,503000.0,33.945853,-117.266748,924.0,259 - Moreno Valley,True,6.0,0.17,1983.0,1.0,Moreno Valley,2.0,True,1.0,One,7405.0,False,2.0,Moreno Valley Unified,92557,0.0,7405.0,544.3722943722944,2.0,42.0,0,462.0,0.12478055367994598,13.128345449081877,13.262125319779487,12.957341596559655,423937.61822398397
True,False,2025-12-24,742000.0,33.877514,-118.158599,1219.0,699 - Not Defined,False,1.0,0.1238,1938.0,2.0,Long Beach,3.0,False,1.0,One,5392.0,False,1.0,Long Beach Unified,90805,0.0,5392.0,608.695652173913,1.5,87.0,0,406.3333333333333,0.22607566765578635,13.517104522149518,13.526494262499357,13.521399675745176,745193.858113444
False,False,2025-12-29,785000.0,33.246462,-117.317961,1300.0,92057 - Oceanside,True,2.0,0.1653,1979.0,2.0,Oceanside,4.0,True,1.0,One,7200.0,False,2.0,Oceanside Unified,92057,0.0,7200.0,603.8461538461538,2.0,46.0,0,325.0,0.18055555555555555,13.573438996764546,13.681979165339751,13.520503761235965,744526.5271041885
False,False,2025-12-17,1020000.0,34.379753,-118.560067,2367.0,VAL1 - Valencia 1,False,0.0,0.19,1978.0,3.0,Valencia,5.0,True,1.0,One,8277.0,False,0.0,William S. Hart Union,91355,150.0,8277.0,430.9252217997465,1.6666666666666667,47.0,0,473.4,0.28597317868793043,13.835313185260453,13.697852514496041,13.836500734091214,1021212.0193310049
True,False,2025-12-16,845000.0,32.872225,-116.947365,2416.0,92040 - Lakeside,False,13.0,0.6,1954.0,2.0,Lakeside,3.0,True,2.0,Two,0.6,False,3.0,Grossmont Union,92040,0.0,26136.0,349.75165562913907,1.5,71.0,0,805.3333333333334,0.09243954698500154,13.64709190633931,13.623138665316818,13.772260855343031,957672.2269430847
True,False,2025-12-29,735000.0,33.141313000000004,-117.078452,1496.0,92026 - Escondido,True,2.0,0.07,1983.0,3.0,Escondido,3.0,True,2.0,Two,0.07,False,2.0,Escondido Union,92026,345.0,3049.2,491.3101604278075,1.0,42.0,0,498.6666666666667,0.4906204906204906,13.507625778194974,13.709594177880103,13.51998417139557,744139.7791686513
True,False,2025-12-08,1340000.0,37.66873616,-121.87116843,1305.0,92008 - Carlsbad,True,2.0,0.1462,1955.0,2.0,Pleasanton,3.0,True,1.0,One,6370.0,False,2.0,Palm Springs Unified,94566,0.0,6370.0,1026.8199233716475,1.5,70.0,0,435.0,0.20486656200941916,14.108180171927094,14.430696197054507,14.139305428163667,1382363.7140407497
False,False,2025-12-05,689990.0,33.679836,-117.207727,2504.0,SRCAR - Southwest Riverside County,True,3.0,0.21,2016.0,3.0,Menifee,4.0,True,1.0,One,9148.0,False,3.0,Menifee Union,92584,130.0,9148.0,275.55511182108626,1.3333333333333333,9.0,0,626.0,0.2737210319195453,13.444432383714798,13.353475098367715,13.41632378126981,670865.3876314366
False,False,2025-12-05,905000.0,33.813989,-118.203678,1662.0,5 - Wrigley Area,True,2.0,0.0,2000.0,3.0,Long Beach,3.0,True,1.0,One,0.08,False,2.0,Long Beach Unified,90806,50.0,0.08,544.5246690734056,1.0,25.0,0,554.0,20775.0,13.715690222682063,13.579788224443204,13.486000059099506,719275.7335607893
True,False,2025-12-05,629900.0,34.113661,-117.163202,1319.0,276 - Highland,True,3.0,0.3106,1996.0,2.0,Highland,3.0,True,1.0,One,13530.0,False,3.0,Redlands Unified,92346,0.0,13530.0,477.5587566338135,1.5,29.0,0,439.6666666666667,0.09748706577974871,13.353316355610021,13.28681753563043,13.218706688403332,550568.5157822
True,False,2025-12-05,985000.0,33.654286,-117.657352,1069.0,LN - Lake Forest North,True,2.0,0.1128,1979.0,2.0,Lake Forest,3.0,True,1.0,One,4914.0,False,2.0,Saddleback Valley Unified,92630,95.0,4914.0,921.421889616464,1.5,46.0,0,356.3333333333333,0.21754171754171756,13.800396920154226,14.077874822431765,13.751217083235819,937729.7591582247
False,False,2025-12-18,1530000.0,34.12273,-118.050872,1872.0,605 - Arcadia,True,2.0,0.1735,1937.0,2.0,Arcadia,3.0,True,1.0,One,7559.0,False,2.0,Arcadia Unified,91007,0.0,7559.0,817.3076923076923,1.5,88.0,0,624.0,0.24765180579441726,14.240778293368619,14.550138498881392,14.400922050044313,1795729.7622041604
False,False,2025-12-02,785000.0,34.114877,-117.842304,1269.0,629 - Glendora,True,2.0,0.1425,1958.0,2.0,Glendora,4.0,False,1.0,One,6208.0,False,2.0,Charter Oak Unified,91740,0.0,6208.0,618.5973207249802,2.0,67.0,0,317.25,0.20441365979381443,13.573438996764546,13.635169075296139,13.532256961794609,753328.7223555129
True,False,2025-12-18,1406000.0,37.56715885,-122.32863146,1353.0,699 - Not Defined,False,2.0,0.0866,1939.0,2.0,San Mateo,2.0,True,1.0,One,3774.0,False,2.0,Other,94401,0.0,3774.0,1039.1722099039173,1.0,86.0,0,676.5,0.3585055643879173,14.156259351352746,14.204168547756057,14.055561559866778,1271313.9881000384
False,False,2025-12-17,400000.0,36.832364,-119.677183,1295.0,248 - Corona,True,2.0,0.1377,1989.0,2.0,Clovis,3.0,True,1.0,One,6000.0,False,2.0,Clovis Unified,93611,0.0,6000.0,308.88030888030886,1.5,36.0,0,431.6666666666667,0.21583333333333332,12.89921982609012,13.10910924746393,12.984004124322938,435392.90153153514
True,False,2025-12-03,695000.0,33.141847,-117.037036,1154.0,92027 - Escondido,True,4.0,0.1054,1985.0,2.0,Escondido,3.0,True,1.0,One,4593.0,False,2.0,Escondido Union,92027,160.0,4593.0,602.2530329289428,1.5,40.0,0,384.6666666666667,0.2512519050729371,13.45166712454693,13.658839648348096,13.471163302344499,708682.7912338937
False,False,2025-12-10,300000.0,33.698253,-117.19911,1308.0,SRCAR - Southwest Riverside County,True,1.0,0.17,1964.0,2.0,Menifee,3.0,False,1.0,One,7405.0,False,1.0,Menifee Union,92586,435.0,7405.0,229.3577981651376,1.5,61.0,0,436.0,0.17663740715732612,12.611537753638338,12.89921982609012,12.817001189123145,368428.22264292574
False,False,2025-12-17,1199000.0,32.7622335,-116.97542932,2320.0,91941 - La Mesa,True,10.0,0.58,1961.0,3.0,La Mesa,4.0,True,1.0,One,25265.0,False,2.0,Los Angeles Unified,91941,0.0,25265.0,516.8103448275862,1.3333333333333333,64.0,0,580.0,0.09182663764100535,13.996998434009651,13.903955641362648,14.08672811791489,1311560.3823592481
True,False,2025-12-12,1750000.0,33.773359,-118.130365,2615.0,"2 - Belmont Heights, Alamitos Heights",True,2.0,0.1484,1951.0,3.0,Long Beach,3.0,True,1.0,One,6463.0,False,2.0,Long Beach Unified,90814,0.0,6463.0,669.2160611854684,1.0,74.0,0,871.6666666666666,0.404610861828872,14.375126345899696,14.053739746696525,14.303460922357706,1628973.992853676
False,False,2025-12-11,830000.0,33.861577000000004,-118.137699,1015.0,23 - Lakewood Park,False,2.0,0.1234,1944.0,1.0,Lakewood,3.0,False,1.0,One,5376.0,False,2.0,Bellflower Unified,90712,0.0,5376.0,817.7339901477833,3.0,81.0,0,338.3333333333333,0.18880208333333334,13.62918097977278,13.671639520838347,13.529629846672693,751352.238439395
False,True,2025-12-08,800000.0,37.33619907,-121.83792809,1210.0,699 - Not Defined,False,2.0,0.1148,1959.0,1.0,San Jose,3.0,False,1.0,One,5000.0,False,0.0,Other,95122,0.0,5000.0,661.1570247933885,3.0,66.0,0,403.3333333333333,0.242,13.592367006650065,13.798339043753,13.612233411835918,816052.0444175979
False,False,2025-12-29,771735.0,34.178723,-118.849951,1349.0,TOE - Thousand Oaks East,False,2.0,0.12,1956.0,2.0,Thousand Oaks,2.0,True,1.0,One,5227.0,False,0.0,Conejo Valley Unified,91362,400.0,5227.0,572.0793180133433,1.0,69.0,0,674.5,0.2580830304189784,13.55639650582955,14.119312012295937,13.923951861823834,1114539.487452096
True,False,2025-12-15,315000.0,34.917442,-117.017015,1253.0,BSTW - Barstow,True,2.0,1.0,1985.0,2.0,Barstow,3.0,True,1.0,One,1.0,False,2.0,Barstow Unified,92311,0.0,43560.0,251.3966480446927,1.5,40.0,0,417.6666666666667,0.02876492194674013,12.66032791780777,12.556723317938081,12.479663408403058,262935.3355258621
True,False,2025-12-23,1300000.0,33.989567,-117.751206,2373.0,682 - Chino Hills,True,3.0,0.1157,1989.0,3.0,Chino Hills,4.0,True,2.0,Two,5040.0,False,3.0,Chino Valley Unified,91709,0.0,5040.0,547.8297513695744,1.3333333333333333,36.0,0,593.25,0.4708333333333333,14.077874822431765,13.901688254205327,13.949748735204365,1143665.1822247654
False,False,2025-12-22,1535000.0,33.17320937,-117.33229626,2248.0,92008 - Carlsbad,True,4.0,0.25,1985.0,3.0,Carlsbad,4.0,False,2.0,MultiSplit,5499.0,False,2.0,Lucia Mar Unified,92008,180.0,7841.0,682.829181494662,1.3333333333333333,40.0,0,562.0,0.2866981252391277,14.244040939003435,14.403297222866392,14.37105891867644,1742896.4587212808
False,False,2025-12-15,1150000.0,32.767771999999994,-117.191276,1080.0,92110 - Old Town Sd,False,2.0,0.1148,1956.0,2.0,San Diego,3.0,False,1.0,One,5000.0,False,2.0,San Diego Unified,92110,0.0,5000.0,1064.8148148148148,1.5,69.0,0,360.0,0.216,13.955272500339433,14.226957737749986,13.975975215293985,1174056.27812341
True,False,2025-12-10,1779000.0,35.144736,-120.628013,2079.0,PSMO - Pismo Beach,True,2.0,0.1365,2015.0,3.0,Pismo Beach,3.0,True,2.0,Two,5948.0,False,2.0,Lucia Mar Unified,93449,130.0,5948.0,855.6998556998557,1.0,10.0,0,693.0,0.3495292535305985,14.391561966647972,14.164329100880673,14.30953675754771,1638901.4987678367
False,False,2025-12-08,625000.0,33.615195,-117.108094,2307.0,SRCAR - Southwest Riverside County,True,6.0,0.18,2007.0,2.0,Winchester,4.0,True,1.0,One,7841.0,False,3.0,Perris Union High,92596,39.0,7841.0,270.914607715648,2.0,18.0,0,576.75,0.2942226756791226,13.345506928718539,13.337474757021274,13.324701553594343,612130.9771786673
True,True,2025-12-02,650000.0,36.847447,-119.703045,2258.0,153 - N Redondo Bch/El Nido,True,3.0,0.2237,1991.0,3.0,Clovis,4.0,True,1.0,One,9744.0,False,3.0,Clovis Unified,93611,0.0,9744.0,287.8653675819309,1.3333333333333333,34.0,0,564.5,0.23173234811165846,13.38472764187182,13.10910924746393,13.21321726333077,547554.4913667607
False,False,2025-12-23,870000.0,34.16788,-118.609067,1332.0,WHLL - Woodland Hills,True,5.0,0.1431,1950.0,2.0,Woodland Hills,3.0,True,1.0,One,6234.0,False,0.0,Los Angeles Unified,91364,0.0,6234.0,653.1531531531532,1.5,75.0,0,444.0,0.2136669874879692,13.676248490630767,14.15910026235435,13.946963172214234,1140483.863758632
True,False,2025-12-10,950000.0,35.373909000000005,-120.848537,1673.0,MRBY - Morro Bay,True,4.0,0.0918,1999.0,3.0,Morro Bay,3.0,True,2.0,Two,4000.0,False,2.0,San Luis Coastal Unified,93442,0.0,4000.0,567.8421996413629,1.0,26.0,0,557.6666666666666,0.41825,13.764217263576723,13.883057393779731,13.846704493678704,1031685.5651635294
True,False,2025-12-03,680000.0,32.704014,-117.049986,1572.0,92114 - Encanto,True,2.0,0.2456,1974.0,3.0,San Diego,4.0,False,2.0,Two,10700.0,False,2.0,San Diego Unified,92114,0.0,10700.0,432.56997455470736,1.3333333333333333,51.0,0,393.0,0.1469158878504673,13.42984807715229,13.547631112808673,13.556346847647909,771696.6779946991
True,True,2025-12-04,1150000.0,32.62141013,-116.95538447,2678.0,91915 - Chula Vista,True,4.0,0.1537,2007.0,3.0,Chula Vista,4.0,True,2.0,Two,6695.0,False,2.0,Los Angeles Unified,91915,125.0,6695.0,429.4249439880507,1.3333333333333333,18.0,0,669.5,0.4,13.955272500339433,13.72940414664144,13.923434027764424,1113962.4903522045
True,False,2025-12-19,1950000.0,37.8889293,-122.0294525,2592.0,RES - Reseda,True,4.0,0.2479,2015.0,3.0,Walnut Creek,4.0,True,1.0,One,10800.0,False,2.0,Walnut Creek,94596-6121,0.0,10800.0,752.3148148148148,1.3333333333333333,10.0,0,648.0,0.24,14.48333993053993,13.698976741708323,13.919272907642922,1109336.7893422444
False,False,2025-12-05,765000.0,34.19031,-118.395994,1453.0,NHO - North Hollywood,False,4.0,0.1402,1952.0,2.0,North Hollywood,3.0,False,1.0,One,6108.0,False,2.0,Los Angeles Unified,91606,0.0,6108.0,526.4969029593943,1.5,73.0,0,484.3333333333333,0.23788474132285528,13.547631112808673,13.741864017795976,13.69132639765191,883217.1723543208
True,True,2025-12-03,855000.0,33.92773,-118.033689,1176.0,670 - Whittier,True,3.0,0.2802,1953.0,2.0,Whittier,3.0,True,1.0,One,12204.0,False,1.0,Whittier Union High,90604,0.0,12204.0,727.0408163265306,1.5,72.0,0,392.0,0.09636184857423795,13.658856747918897,13.636672835828117,13.567972587701895,780720.5760830018
False,False,2025-12-17,1460000.0,32.76350864,-117.09578347,1864.0,92115 - San Diego,True,2.0,0.3053,1933.0,2.0,San Diego,3.0,True,2.0,Two,13300.0,False,1.0,Other,92115,0.0,13300.0,783.2618025751073,1.5,92.0,0,621.3333333333334,0.14015037593984964,14.19394699368452,13.748301808270824,13.84672898358026,1031710.8313508385
True,False,2025-12-02,510000.0,34.030339,-117.032492,1013.0,269 - Yucaipa/Calimesa/Oak Glen,False,2.0,0.2068,1948.0,1.0,Yucaipa,2.0,True,1.0,One,9010.0,False,2.0,Yucaipa/Calimesa Unified,92399,0.0,9010.0,503.45508390918064,2.0,77.0,0,506.5,0.11243063263041066,13.142166004700508,13.274219822166483,13.100763279414359,489315.75675940386
True,False,2025-12-05,314200.0,35.412505,-119.018675,1321.0,BKSF - Bakersfield,True,2.0,0.1668,2004.0,2.0,Bakersfield,3.0,False,1.0,One,7265.0,False,2.0,Standard,93308,0.0,7265.0,237.85011355034064,1.5,21.0,0,440.3333333333333,0.18183069511355815,12.657785004803658,12.736406735684207,12.685712706111886,323098.56359729555
False,True,2025-12-12,1269619.0,34.27261,-118.475635,1850.0,GH - Granada Hills,True,2.0,0.1663,1962.0,3.0,Granada Hills,4.0,True,1.0,One,7246.0,False,0.0,Los Angeles Unified,91344,0.0,7246.0,686.2805405405405,1.3333333333333333,63.0,0,462.5,0.2553132762903671,14.054227413425773,13.892471599100402,13.862543370174748,1048156.400843852
False,False,2025-12-16,602500.0,37.72772829,-122.18389729,1050.0,VIC - Victorville,False,2.0,0.1242,1943.0,2.0,Oakland,3.0,False,1.0,One,5408.0,False,0.0,Durham Unified,94603,103.0,5408.0,573.8095238095239,1.5,82.0,0,350.0,0.19415680473372782,13.308842944346948,13.146062737589267,13.097706562426406,487822.34061131283
True,True,2025-12-30,2790000.0,33.849517,-117.807767,5340.0,77 - Anaheim Hills,True,3.0,1.0,1991.0,6.0,Anaheim Hills,5.0,True,2.0,"Two,MultiSplit",43560.0,False,3.0,Orange Unified,92807,0.0,43560.0,522.4719101123595,0.8333333333333334,34.0,0,1068.0,0.12258953168044077,14.841552153797549,13.997832114758229,14.91188693681364,2993299.7638969864
True,False,2025-12-30,950000.0,33.851675,-117.992934,1286.0,82 - Buena Park,False,2.0,0.1377,1966.0,2.0,Buena Park,3.0,True,1.0,One,6000.0,False,2.0,Anaheim Union High,90620,0.0,6000.0,738.7247278382582,1.5,59.0,0,428.6666666666667,0.21433333333333332,13.764217263576723,13.741593969296583,13.613699253442888,817249.1246083874
False,False,2025-12-18,535000.0,33.897955,-118.224788,880.0,"RP - Compton S of Rosecrans, E of Central,W of Ala",False,1.0,0.1513,1900.0,1.0,Compton,2.0,False,1.0,One,6591.0,False,1.0,Compton Unified,90220,0.0,6591.0,607.9545454545455,2.0,125.0,0,440.0,0.13351539978758914,13.190022025878143,13.386264921190707,13.08653641040775,482403.6112660128
True,False,2025-12-19,750000.0,34.025901,-117.715783,1621.0,681 - Chino,True,2.0,0.1969999999999999,1984.0,2.0,Chino,4.0,True,1.0,One,8580.0,False,2.0,Chino Valley Unified,91710,0.0,8580.0,462.6773596545343,2.0,41.0,0,405.25,0.18892773892773893,13.527828485512494,13.567049198665774,13.520990406019012,744888.9352293033
False,False,2025-12-11,461000.0,34.520352,-117.355108,2502.0,VIC - Victorville,True,3.0,0.1997,2003.0,2.0,Victorville,4.0,True,1.0,One,8700.0,False,3.0,Victor Valley Unified,92394,0.0,8700.0,184.25259792166267,2.0,22.0,0,625.5,0.28758620689655173,13.041153321978786,12.948009990259552,13.124654050542151,501146.6493669731
False,False,2025-12-15,846900.0,33.493131,-117.094761,2437.0,SRCAR - Southwest Riverside County,True,3.0,0.16,1999.0,3.0,Temecula,4.0,True,2.0,Two,6969.0,False,3.0,Temecula Unified,92592,120.0,6969.0,347.51743947476405,1.3333333333333333,26.0,0,609.25,0.34969149088821927,13.649337902909691,13.580420735596498,13.611237671696552,815239.8730640733
False,True,2025-12-01,1230000.0,33.900705,-117.923277,2373.0,83 - Fullerton,True,2.0,0.1079,1979.0,3.0,Fullerton,4.0,True,2.0,Two,4700.0,False,2.0,Fullerton Joint Union High,92835,627.27,4700.0,518.3312262958281,1.3333333333333333,46.0,0,593.25,0.5048936170212766,14.0225247273486,14.145874202616191,14.173145679936136,1429943.7702166147
False,False,2025-12-11,1330000.0,33.679777,-117.62466,2283.0,PH - Portola Hills,True,6.0,0.1653,1987.0,3.0,Lake Forest,4.0,True,2.0,Two,7200.0,False,3.0,Saddleback Valley Unified,92679,148.0,7200.0,582.5667980727113,1.3333333333333333,38.0,0,570.75,0.31708333333333333,14.100689500197937,14.357834848789636,14.26658104982566,1569991.949847475
True,False,2025-12-08,720000.0,33.978039,-118.094282,851.0,649 - Pico Rivera,True,1.0,0.1376,1949.0,1.0,Pico Rivera,2.0,False,1.0,One,5992.0,False,1.0,El Rancho Unified,90660,0.0,5992.0,846.0634547591069,2.0,76.0,0,425.5,0.142022696929239,13.487006490992238,13.527828485512494,13.328494175404108,614456.966483951
False,False,2025-12-23,970000.0,37.65102283,-121.87788832,1485.0,C36 - Metropolitan Southwest,True,2.0,0.1314,1978.0,2.0,Pleasanton,3.0,True,1.0,One,5725.0,False,2.0,Simi Valley Unified,94566,110.0,5725.0,653.1986531986532,1.5,47.0,0,495.0,0.2593886462882096,13.785051350479566,14.430696197054507,14.112470759129954,1345761.738633805
True,False,2025-12-11,720000.0,34.008015,-118.104269,1068.0,674 - Montebello,False,2.0,0.2065,1950.0,1.0,Montebello,2.0,True,1.0,One,8994.0,False,2.0,Montebello Unified,90640,0.0,8994.0,674.1573033707865,2.0,75.0,0,534.0,0.11874583055370247,13.487006490992238,13.66988634579858,13.499143038928757,728791.5561727504
False,True,2025-12-02,644900.0,33.666912,-117.232517,1906.0,SRCAR - Southwest Riverside County,True,3.0,0.21,2014.0,2.0,Lake Elsinore,4.0,True,1.0,One,9148.0,False,3.0,Lake Elsinore Unified,92532,170.0,9148.0,338.3525708289612,2.0,11.0,0,476.5,0.20835155225185834,13.376850544998469,13.353475098367715,13.319468717103355,608936.1621266019
True,False,2025-12-03,859999.0,34.231818,-118.443599,1365.0,699 - Not Defined,True,0.0,0.1671,1949.0,2.0,Panorama City,4.0,False,1.0,One,7278.0,False,0.0,Los Angeles Unified,91402,0.0,7278.0,630.0358974358975,2.0,76.0,0,341.25,0.1875515251442704,13.664686505438317,13.554145793829866,13.550724278248099,767369.9349720725
False,False,2025-12-24,805365.0,33.8728,-118.32703899999998,1166.0,132 - N Torrance - West,False,2.0,0.1492,1953.0,2.0,Torrance,3.0,False,1.0,One,6500.0,False,2.0,Torrance Unified,90504,0.0,6500.0,690.7075471698113,1.5,72.0,0,388.6666666666667,0.1793846153846154,13.599050869787728,13.822979494146377,13.703074676755953,893654.6453275868
True,False,2025-12-03,495000.0,33.720079,-117.025049,2368.0,SRCAR - Southwest Riverside County,True,2.0,0.14,2011.0,2.0,Hemet,3.0,True,1.0,One,6098.0,False,2.0,Hemet Unified,92545,255.0,6098.0,209.03716216216216,1.5,14.0,0,789.3333333333334,0.38832404066907183,13.112313041550827,12.990536830078119,13.113930979742877,495801.5276413078
True,False,2025-12-22,665000.0,34.00862,-117.315124,2035.0,252 - Riverside,True,2.0,0.15,2022.0,2.0,Riverside,4.0,False,1.0,One,6534.0,False,2.0,Riverside Unified,92507,110.0,6534.0,326.78132678132675,2.0,3.0,0,508.75,0.3114478114478115,13.407542319637992,13.38472764187182,13.397271825065447,658205.0744612141
True,True,2025-12-02,940000.0,34.462502,-118.49127,3146.0,BOUQ - Bouquet Canyon,True,3.0,0.4298,1998.0,3.0,Saugus,5.0,True,2.0,Two,18720.0,False,3.0,William S. Hart Union,91390,0.0,18720.0,298.79211697393515,1.6666666666666667,27.0,0,629.2,0.16805555555555557,13.753635154246187,13.751477381367541,14.076876814026644,1298703.2362715262
False,False,2025-12-16,1199000.0,32.62045703,-117.01440995,2207.0,91913 - Chula Vista,True,5.0,0.2472,2003.0,3.0,Chula Vista,3.0,True,2.0,Two,10768.0,False,3.0,Paradise Unified,91913,137.0,10768.0,543.2714091526959,1.0,22.0,0,735.6666666666666,0.2049591381872214,13.996998434009651,13.764217263576723,13.807002051287046,991527.588221936
False,False,2025-12-19,1270000.0,37.64393806,-122.45601452,1840.0,699 - Not Defined,False,2.0,0.0562,1970.0,3.0,South San Francisco,4.0,False,1.0,Two,2450.0,False,2.0,South San Francisco Unified,94080,225.0,2450.0,690.2173913043479,1.3333333333333333,55.0,0,460.0,0.7510204081632653,14.054527458434775,14.045827997585093,13.945104928756189,1138366.5349452777
False,True,2025-12-17,1460000.0,34.152414,-118.838689,2002.0,WV - Westlake Village,False,2.0,0.17,1969.0,2.0,Westlake Village,4.0,True,1.0,One,7405.0,False,2.0,Conejo Valley Unified,91361,260.0,7405.0,729.2707292707292,2.0,56.0,0,500.5,0.2703578663065496,14.19394699368452,14.450755865652397,14.282622808852718,1595380.476242135
True,False,2025-12-05,525000.0,39.363673,-121.71213,2756.0,TSRO - Tesoro de Valle,True,5.0,0.21,2006.0,3.0,Gridley,5.0,True,2.0,Two,9148.0,False,3.0,Gridley Unified,95948,0.0,9148.0,190.4934687953556,1.6666666666666667,19.0,0,551.2,0.30126803672933977,13.17115354157376,12.805499381970666,13.083147976902428,480771.7849353329
True,False,2025-12-12,890000.0,34.218614,-118.567172,2140.0,WIN - Winnetka,True,2.0,0.14,1971.0,3.0,Winnetka,4.0,True,2.0,Two,6098.0,False,2.0,Los Angeles Unified,91306,0.0,6098.0,415.8878504672897,1.3333333333333333,54.0,0,535.0,0.35093473269924563,13.698976741708323,13.65680576350189,13.792078154526727,976840.00346346
True,False,2025-12-22,700000.0,32.79148591,-116.9433581,1330.0,92019 - El Cajon,True,4.0,0.1584,1959.0,2.0,El Cajon,4.0,False,1.0,One,6900.0,False,2.0,Beaumont,92019,0.0,6900.0,526.3157894736842,2.0,66.0,0,332.5,0.1927536231884058,13.458835614025542,13.773646353865574,13.669651850640678,864279.8109656251
True,False,2025-12-22,1323000.0,33.538882,-117.597419,2264.0,ESEN - Esencia,True,2.0,0.084,2016.0,3.0,Rancho Mission Viejo,4.0,False,2.0,Two,3661.0,False,2.0,Capistrano Unified,92694,349.0,3661.0,584.3639575971731,1.3333333333333333,9.0,0,566.0,0.6184102704179186,14.095412443097093,14.232573444874031,14.284867318726214,1598965.3451048264
False,False,2025-12-01,558000.0,33.734842,-117.135024,1798.0,SRCAR - Southwest Riverside County,True,2.0,0.12,2006.0,3.0,Menifee,4.0,True,1.0,One,5227.0,False,2.0,Perris Union High,92585,0.0,5227.0,310.3448275862069,1.3333333333333333,19.0,0,449.5,0.343983164339009,13.232114241363448,13.304684934198283,13.211792129713716,546774.7088330747
True,False,2025-12-02,1080000.0,34.213019,-118.428173,1238.0,PC - Panorama City,False,1.0,0.4758,1947.0,1.0,Panorama City,2.0,False,1.0,One,20726.0,False,1.0,Los Angeles Unified,91402,0.0,20726.0,872.3747980613894,2.0,78.0,0,619.0,0.05973173791373154,13.892471599100402,13.554145793829866,13.438364610783356,685815.9736835384
False,False,2025-12-02,395000.0,33.760974,-116.990803,1420.0,SRCAR - Southwest Riverside County,True,2.0,0.15,1979.0,2.0,Hemet,3.0,True,1.0,One,6534.0,False,2.0,Hemet Unified,92545,0.0,6534.0,278.16901408450707,1.5,46.0,0,473.3333333333333,0.21732476277930823,12.886641043883259,12.990536830078119,12.91983298920191,408330.8326705211
True,False,2025-12-11,890000.0,32.82357438,-117.10262688,1532.0,92124 - Tierrasanta,True,3.0,0.0712,1972.0,2.0,San Diego,3.0,True,2.0,Two,3100.0,False,2.0,Capistrano Unified,92124,190.0,3100.0,580.9399477806788,1.5,53.0,0,510.6666666666667,0.4941935483870968,13.698976741708323,13.981024996441848,13.794268612021778,978982.0751725364
False,False,2025-12-01,858888.0,33.719604,-117.922051,1200.0,16 - Fountain Valley / Northeast HB,True,4.0,0.0781,1973.0,2.0,Fountain Valley,3.0,False,1.0,One,3400.0,False,2.0,Garden Grove Unified,92708,270.0,3400.0,715.74,1.5,52.0,0,400.0,0.35294117647058826,13.663393808298002,14.22097566607244,13.864266875198702,1049964.4613196864
True,False,2025-12-11,369900.0,33.977437,-116.507314,1248.0,340 - Desert Hot Springs,True,6.0,0.17,1979.0,2.0,Desert Hot Springs,4.0,False,1.0,One,7405.0,False,2.0,Palm Springs Unified,92240,0.0,7405.0,296.3942307692308,2.0,46.0,0,312.0,0.1685347738014855,12.820987977820545,12.911642346088676,12.797305663234303,361242.8273894274
True,False,2025-12-10,500000.0,38.291638,-122.03895,1901.0,BKSF - Bakersfield,True,0.0,0.1864,1989.0,3.0,Fairfield,4.0,False,2.0,Two,8120.0,False,2.0,Saddleback Valley Unified,94534,0.0,8120.0,263.0194634402946,1.3333333333333333,36.0,0,475.25,0.23411330049261084,13.122363377404328,13.53579665516167,13.537319905435487,757152.4547226554
True,False,2025-12-22,1100000.0,34.297217,-118.460745,1599.0,SYL - Sylmar,True,2.0,0.5054,1972.0,2.0,Sylmar,4.0,False,1.0,One,22017.0,False,2.0,Los Angeles Unified,91342,0.0,22017.0,687.9299562226391,2.0,53.0,0,399.75,0.07262569832402235,13.9108207377686,13.667586227071855,13.687840738927067,880143.9379463388
True,True,2025-12-05,3700000.0,34.117536,-118.348814,4190.0,C03 - Sunset Strip - Hollywood Hills West,True,3.0,0.336,1949.0,6.0,Los Angeles,5.0,True,2.0,Two,14634.0,False,2.0,Victor Valley Unified,90068,0.0,14634.0,883.054892601432,0.8333333333333334,76.0,0,838.0,0.2863195298619653,15.123843377614453,14.457364444136669,15.083669994538067,3554304.6151677123
True,False,2025-12-10,605000.0,34.163145,-117.251369,2221.0,274 - San Bernardino,False,2.0,0.1894,1962.0,3.0,San Bernardino,4.0,True,1.0,One,8250.0,False,2.0,San Bernardino City Unified,92404,0.0,8250.0,272.39981990094554,1.3333333333333333,63.0,0,555.25,0.26921212121212124,13.312983737012978,13.142166004700508,13.287894554002998,590009.8755740954
True,False,2025-12-19,806000.0,34.102247,-117.916135,1144.0,614 - Covina,True,2.0,0.1381,1954.0,2.0,Covina,4.0,False,1.0,One,6016.0,False,2.0,Azusa Unified,91722,0.0,6016.0,704.5454545454545,2.0,71.0,0,286.0,0.1901595744680851,13.599839021488766,13.592367006650065,13.54177491139734,760533.0982246321
True,False,2025-12-12,680000.0,34.113273,-117.565329,1420.0,688 - Rancho Cucamonga,True,2.0,0.1167,1988.0,2.0,Rancho Cucamonga,3.0,True,2.0,Two,5085.0,False,2.0,Central,91730,0.0,5085.0,478.8732394366197,1.5,37.0,0,473.3333333333333,0.27925270403146507,13.42984807715229,13.500799813124575,13.386710824267691,651290.3476317576
True,False,2025-12-04,618220.0,33.620214000000004,-117.07955,2466.0,SRCAR - Southwest Riverside County,True,2.0,0.1092,2025.0,3.0,French Valley,4.0,False,2.0,Two,4756.0,True,2.0,Temecula Unified,92596,152.0,4756.0,250.69748580697487,1.3333333333333333,0.0,0,616.5,0.5185029436501262,13.334599660146486,13.337474757021274,13.359160062232682,633591.7269806201
True,True,2025-12-05,715000.0,33.573564000000005,-117.245688,1872.0,SRCAR - Southwest Riverside County,True,3.0,0.15,2000.0,2.0,Murrieta,4.0,True,1.0,One,6534.0,False,3.0,Murrieta,92562,0.0,6534.0,381.94444444444446,2.0,25.0,0,468.0,0.2865013774104683,13.480037821676145,13.487006490992238,13.429910349902329,680042.3467885386
True,True,2025-12-23,1400000.0,33.892727,-117.965648,1920.0,83 - Fullerton,True,2.0,0.4217,1964.0,3.0,Fullerton,4.0,True,1.0,One,18370.0,False,2.0,Fullerton Joint Union High,92833,0.0,18370.0,729.1666666666666,1.3333333333333333,61.0,0,480.0,0.1045182362547632,14.151982794585487,13.87377946608825,13.969365938420232,1166322.2015961453
False,True,2025-12-30,1550000.0,33.897408,-117.859942,3817.0,84 - Placentia,True,2.0,0.1722,1971.0,4.0,Placentia,4.0,True,2.0,Two,7500.0,False,2.0,Placentia-Yorba Linda Unified,92870,0.0,7500.0,406.07807178412367,1.0,54.0,0,954.25,0.5089333333333333,14.253765488895429,13.980176819817759,14.415787462538228,1822623.423283594
True,False,2025-12-05,525000.0,34.060109999999995,-117.643809,738.0,686 - Ontario,True,0.0,0.142,1905.0,1.0,Ontario,2.0,False,1.0,One,6185.0,False,0.0,Chaffey Joint Union High,91761,0.0,6185.0,711.3821138211382,2.0,120.0,0,369.0,0.11932093775262732,13.17115354157376,13.532323657186438,13.166742139654701,522689.1148616349
True,False,2025-12-11,890000.0,37.69661152,-121.45956286,3514.0,605 - Arcadia,True,2.0,0.1461,2018.0,4.0,Tracy,4.0,False,2.0,Two,6366.0,False,2.0,Irvine Unified,95377,42.0,6366.0,253.27262379055207,1.0,7.0,0,878.5,0.5519949732956331,13.698976741708323,13.569648381962956,13.853565349829253,1038788.1484592004
True,False,2025-12-29,880000.0,37.79135764,-122.18220128,1825.0,RES - Reseda,True,2.0,0.2738,1969.0,3.0,Oakland,3.0,True,1.0,One,11925.0,False,2.0,Los Angeles Unified,94619,202.0,11925.0,482.1917808219178,1.0,56.0,0,608.3333333333334,0.1530398322851153,13.687677186454389,13.80285165397213,13.819280472687014,1003777.0297895035
False,False,2025-12-25,565000.0,34.12888,-117.364878,1944.0,272 - Rialto,True,2.0,0.1928,1980.0,2.0,Rialto,4.0,False,1.0,One,8400.0,False,2.0,Rialto Unified,92376,0.0,8400.0,290.63786008230454,2.0,45.0,0,486.0,0.23142857142857143,13.244581010128577,13.253391639810733,13.277766743579463,584064.5249175014
False,True,2025-12-10,340000.0,35.401963,-118.992303,1234.0,BKSF - Bakersfield,True,1.0,0.26,1936.0,2.0,Bakersfield,2.0,True,2.0,Two,11325.0,False,1.0,Other,93305,0.0,11325.0,275.5267423014587,1.0,89.0,0,617.0,0.10896247240618101,12.736700896592344,12.524526376648708,12.5025703419711,269027.8922770944
False,False,2025-12-08,2335000.0,34.157771999999994,-118.503676,3268.0,ENC - Encino,True,6.0,0.1478,1971.0,5.0,Encino,4.0,True,2.0,Two,6438.0,False,2.0,Moreno Valley Unified,91316,80.0,6438.0,714.5042839657283,0.8,54.0,0,817.0,0.5076110593351972,14.663522449085134,14.300596894375873,14.68310712262023,2381180.956093066
False,False,2025-12-19,1800000.0,33.952973,-118.106884,3922.0,"D1 - Northeast Downey, N of Firestone, E of Downey",True,4.0,0.1866,1951.0,6.0,Downey,5.0,True,1.0,One,8128.0,False,4.0,Downey Unified,90240,0.0,8128.0,458.94951555328913,0.8333333333333334,74.0,0,784.4,0.4825295275590551,14.403297222866392,13.835929041168361,14.490184802879188,1963393.2864373645
True,False,2025-12-02,2447000.0,33.643778000000005,-117.907851,2518.0,C5 - East Costa Mesa,True,2.0,0.0925,1993.0,3.0,Costa Mesa,4.0,True,2.0,Two,4028.0,False,2.0,Newport Mesa Unified,92627,125.0,4028.0,971.803018268467,1.3333333333333333,32.0,0,629.5,0.625124131082423,14.710373342424809,14.375126345899696,14.388457608624297,1773485.9103583829
True,False,2025-12-17,390000.0,39.582789,-122.086219,1544.0,SMNE - SM Northeast,False,0.0,1.5,1969.0,2.0,Glenn,4.0,True,1.0,One,65340.0,False,0.0,Willows Unified,95943,0.0,65340.0,252.59067357512956,2.0,56.0,0,386.0,0.023630241812059995,12.873902018105829,13.698976741708323,13.661145687542769,856959.2848653606
True,False,2025-12-17,1430000.0,33.701583,-117.764055,1688.0,NW - Northwood,True,2.0,0.1186,1979.0,2.0,Irvine,3.0,True,1.0,One,5166.0,False,2.0,Irvine Unified,92620,0.0,5166.0,847.1563981042653,1.5,46.0,0,562.6666666666666,0.3267518389469609,14.17318500223609,14.503142431449666,14.32796919052486,1669390.5714659137
False,False,2025-12-09,630000.0,32.70799671,-117.04015065,1769.0,92114 - Encanto,True,4.0,0.19,1971.0,2.0,San Diego,4.0,False,1.0,One,10268.0,False,2.0,Los Angeles Unified,92114,0.0,6129.0,356.1334087054833,2.0,54.0,0,442.25,0.2886278348833415,13.353475098367715,13.547631112808673,13.577862387957891,788480.0532308454
False,True,2025-12-19,980000.0,34.196263,-118.410604,2433.0,NHO - North Hollywood,True,2.0,0.2079,1960.0,3.0,North Hollywood,4.0,True,1.0,One,9057.0,False,2.0,Los Angeles Unified,91605,0.0,9057.0,402.7949034114262,1.3333333333333333,65.0,0,608.25,0.26863199735011595,13.795307850646754,13.670484785914017,13.922984032499267,1113461.3252753962
True,True,2025-12-29,695000.0,33.595367,-117.189751,2209.0,SRCAR - Southwest Riverside County,True,3.0,0.18,1989.0,3.0,Murrieta,4.0,True,2.0,Two,7840.0,False,3.0,Murrieta,92562,0.0,7840.0,314.62200090538704,1.3333333333333333,36.0,0,552.25,0.28176020408163266,13.45166712454693,13.487006490992238,13.510711215083182,737271.2982847077
True,False,2025-12-15,890000.0,32.81803,-116.859014,2200.0,92021 - El Cajon,True,2.0,1.6,1965.0,3.0,El Cajon,3.0,True,1.0,One,1.6,False,2.0,Grossmont Union,92021,0.0,69696.0,404.54545454545456,1.0,60.0,0,733.3333333333334,0.03156565656565657,13.698976741708323,13.612780503903942,13.825937387564188,1010481.3784132109
True,False,2025-12-08,487000.0,39.779787,-121.876166,1479.0,92009 - Carlsbad,True,4.0,0.1,2023.0,2.0,Chico,3.0,False,1.0,One,4356.0,False,2.0,Chico Unified,95973,0.0,4356.0,329.2765382014875,1.5,2.0,0,493.0,0.33953168044077137,13.096019402064726,13.151922179645874,13.094370265380565,486197.53230613854
True,False,2025-12-23,1150000.0,33.449966,-117.651331,1352.0,SN - San Clemente North,False,2.0,0.0613,1978.0,2.0,San Clemente,2.0,True,1.0,One,2670.0,False,6.0,Newport Mesa Unified,92672,475.0,2670.0,850.5917159763313,1.0,47.0,0,676.0,0.5063670411985018,13.955272500339433,14.43202387032261,13.963592550833422,1159607.9720498715
True,True,2025-12-17,740000.0,34.318059000000005,-118.41958,957.0,SYL - Sylmar,False,2.0,0.1359,1947.0,1.0,Sylmar,2.0,False,1.0,One,5921.0,False,2.0,Los Angeles Unified,91342,0.0,5921.0,773.2497387669802,2.0,78.0,0,478.5,0.16162810336091876,13.514405465180353,13.667586227071855,13.465244351580273,704500.5222174414
True,True,2025-12-01,790000.0,39.816797,-121.915139,3127.0,BBC - Big Bear City,True,4.0,1.2,1982.0,3.0,Chico,4.0,True,2.0,Two,1.2,False,4.0,Chico Unified,95973,0.0,52272.0,252.6383114806524,1.3333333333333333,43.0,0,781.75,0.059821701867156414,13.579788224443204,13.151922179645874,13.562136270136792,776177.3137285829
True,False,2025-12-30,1185000.0,33.863571,-118.356388,1450.0,132 - N Torrance - West,False,3.0,0.1377,1952.0,2.0,Redondo Beach,4.0,True,1.0,One,6000.0,False,2.0,Torrance Unified,90278,0.0,6000.0,817.2413793103449,2.0,73.0,0,362.5,0.24166666666666667,13.985253332551368,14.253765488895429,14.1347059568535,1376020.1714520797
True,True,2025-12-11,2140000.0,33.624598,-116.24903,3177.0,313 - La Quinta South of HWY 111,True,2.0,0.23,2006.0,5.0,La Quinta,4.0,True,1.0,One,10019.0,False,2.0,Long Beach Unified,92253,1222.0,10019.0,673.5914384639597,0.8,19.0,0,794.25,0.31709751472202813,14.576316386998034,13.545013310266594,14.144470946484887,1389522.8134431848
True,False,2025-12-08,535000.0,33.906377,-117.170746,1443.0,259 - Moreno Valley,True,2.0,0.14,2002.0,2.0,Moreno Valley,3.0,False,1.0,One,6098.0,False,2.0,Moreno Valley Unified,92555,0.0,6098.0,370.75537075537073,1.5,23.0,0,481.0,0.23663496228271563,13.190022025878143,13.304684934198283,13.208798607460302,545140.3740038825
True,False,2025-12-26,625000.0,34.113135,-117.426501,1316.0,264 - Fontana,True,2.0,0.1646,1978.0,2.0,Fontana,4.0,False,1.0,One,7171.0,False,2.0,Fontana Unified,92336,0.0,7171.0,474.9240121580547,2.0,47.0,0,329.0,0.18351694324362014,13.345506928718539,13.487006490992238,13.340097639638886,621628.3217378053
True,False,2025-12-18,560000.0,37.274572,-119.754881,1460.0,YG20 - Coarsegold,True,2.0,10.15,2009.0,3.0,Coarsegold,4.0,True,1.0,One,442134.0,False,2.0,Yosemite Unified,93614,0.0,442134.0,383.5616438356165,1.3333333333333333,16.0,0,365.0,0.0033021663115707003,13.235692062711331,12.837330275499196,13.09173551439543,484918.2089682159
True,True,2025-12-05,1100000.0,33.873928,-117.706654,1523.0,85 - Yorba Linda,True,2.0,0.1136,1987.0,3.0,Yorba Linda,3.0,True,2.0,Two,4950.0,False,2.0,Placentia-Yorba Linda Unified,92887,46.0,4950.0,722.2586999343401,1.0,38.0,0,507.6666666666667,0.30767676767676766,13.9108207377686,14.31598272370925,14.107380642284157,1338929.058460268
False,False,2025-12-10,350000.0,34.431842,-117.320466,900.0,HSP - Hesperia,True,6.0,0.4821,1975.0,1.0,Hesperia,2.0,False,1.0,One,21000.0,False,2.0,Hesperia Unified,92345,0.0,21000.0,388.8888888888889,2.0,50.0,0,450.0,0.04285714285714286,12.765688433465597,13.064514272196533,12.699712041233862,327653.537579549
True,False,2025-12-24,975000.0,32.76518994,-117.01539475,1210.0,91941 - La Mesa,False,6.0,0.1688,1933.0,2.0,La Mesa,3.0,True,1.0,One,7351.0,False,2.0,Snowline Joint Unified,91941,0.0,7351.0,805.7851239669421,1.5,92.0,0,403.3333333333333,0.1646034553122024,13.790192749979985,13.903955641362648,13.741036517489174,928231.5701967797
True,False,2025-12-05,860000.0,33.18078753,-117.21538175,1831.0,92084 - Vista,True,8.0,0.75,1959.0,3.0,Vista,4.0,False,2.0,Two,32670.0,False,0.0,Other,92084,0.0,32670.0,469.68869470234847,1.3333333333333333,66.0,0,457.75,0.056045301499846954,13.664687668229691,13.773646353865574,13.834438091427462,1019107.7947289499
False,True,2025-12-11,749000.0,36.69937547,-121.66143494,1487.0,699 - Not Defined,True,1.0,0.1699,1950.0,2.0,Salinas,3.0,True,1.0,Two,7400.0,False,1.0,Other,93906,294.0,7400.0,503.6987222595831,1.5,75.0,0,495.6666666666667,0.20094594594594595,13.526494262499357,13.472921052508891,13.459465673818011,700441.1808252833
False,False,2025-12-12,785100.0,34.207628,-119.180592,2453.0,VC31 - Oxnard - Northwest,True,2.0,0.13,1951.0,2.0,Oxnard,3.0,True,2.0,Two,5662.0,False,2.0,Long Beach Unified,93030,0.0,5662.0,320.05707297187115,1.5,74.0,0,817.6666666666666,0.4332391381137407,13.573566377186348,13.617059619240436,13.732436931902608,920283.3878842624
False,False,2025-12-24,1250000.0,33.783659,-118.031285,1985.0,699 - Not Defined,True,2.0,0.1377,1963.0,2.0,Garden Grove,4.0,True,1.0,One,6000.0,False,2.0,Garden Grove Unified,92845,0.0,6000.0,629.7229219143577,2.0,62.0,0,496.25,0.3308333333333333,14.038654109278484,13.955272500339433,13.96903925151687,1165941.2416384863
False,False,2025-12-02,1170000.0,37.69372274,-121.78544131,1573.0,SE - San Clemente Southeast,True,2.0,0.1962,1970.0,2.0,Livermore,4.0,True,1.0,One,8546.0,False,2.0,Livermore Valley,94551,0.0,8546.0,743.801652892562,2.0,55.0,0,393.25,0.1840627194008893,13.972514306773938,13.87377946608825,13.827579845466387,1012142.4152563439
False,True,2025-12-11,1245000.0,33.87457,-117.954655,1874.0,83 - Fullerton,True,6.0,0.2019999999999999,1959.0,2.0,Fullerton,4.0,True,1.0,One,8800.0,False,2.0,Fullerton Joint Union High,92833,0.0,8800.0,664.3543223052294,2.0,66.0,0,468.5,0.21295454545454545,14.034646087880946,13.87377946608825,13.914953970331943,1104555.9647646144
False,False,2025-12-09,665000.0,33.980426,-118.056247,1173.0,670 - Whittier,False,2.0,0.13,1938.0,1.0,Whittier,2.0,True,1.0,One,0.13,False,2.0,Whittier Union High,90606,0.0,5662.8,566.92242114237,2.0,87.0,0,586.5,0.20714134350497987,13.407542319637992,13.595482281525381,13.486131645400734,719370.3866215178
True,False,2025-12-19,460000.0,38.55080915,-121.34741909,1200.0,92111 - Linda Vista,True,2.0,0.1469,1977.0,2.0,Sacramento,3.0,True,1.0,One,6400.0,False,2.0,Long Beach Unified,95826,0.0,6400.0,383.3333333333333,1.5,48.0,0,400.0,0.1875,13.038981768465277,13.097032420003215,12.9669642482803,428036.7127250758
False,True,2025-12-23,460000.0,33.755389,-116.957741,1372.0,SRCAR - Southwest Riverside County,True,2.0,0.2,1973.0,2.0,Hemet,3.0,False,1.0,One,8712.0,False,2.0,Hemet Unified,92543,0.0,8712.0,335.2769679300292,1.5,52.0,0,457.3333333333333,0.15748393021120294,13.038981768465277,12.919503857231216,12.846770082262987,379560.80321634375
True,True,2025-12-04,3250000.0,34.098226000000004,-118.392414,2300.0,C03 - Sunset Strip - Hollywood Hills West,True,4.0,0.1936,1957.0,4.0,Los Angeles,3.0,True,1.0,One,8432.0,False,0.0,Los Angeles Unified,90069,0.0,8432.0,1413.0434782608695,0.75,68.0,0,766.6666666666666,0.27277039848197343,14.994165554305921,14.827111469642754,14.814597372346089,2715800.6656406457
False,False,2025-12-01,1170000.0,33.709505,-117.984849,1592.0,16 - Fountain Valley / Northeast HB,True,2.0,0.1377,1963.0,3.0,Huntington Beach,4.0,True,1.0,One,6000.0,False,2.0,Huntington Beach Union High,92647,0.0,6000.0,734.9246231155779,1.3333333333333333,62.0,0,398.0,0.2653333333333333,13.972514306773938,14.080942316715522,14.002945155734837,1206151.3618531937
True,True,2025-12-08,995000.0,33.78836,-116.390067,2210.0,321 - Rancho Mirage,True,2.0,0.2,2004.0,3.0,Rancho Mirage,3.0,True,1.0,One,8712.0,False,2.0,Fremont Unified,92270,270.0,8712.0,450.2262443438914,1.0,21.0,0,736.6666666666666,0.2536730945821855,13.81049801614073,13.9108207377686,13.799709461964403,984323.0863845876
False,False,2025-12-24,750000.0,32.70831794,-116.99348208,1314.0,91977 - Spring Valley,True,5.0,0.1722,1955.0,2.0,Spring Valley,3.0,False,1.0,One,8024.0,False,2.0,Other,91977,415.0,8103.0,570.7762557077625,1.5,70.0,0,438.0,0.16216216216216217,13.527828485512494,13.592367006650065,13.554782265066923,770490.2388474464
False,True,2025-12-17,3076000.0,34.161863000000004,-118.456072,3138.0,SO - Sherman Oaks,True,2.0,0.155,2021.0,5.0,Sherman Oaks,4.0,True,2.0,Two,6750.0,False,2.0,Los Angeles Unified,91403,0.0,6750.0,980.242192479286,0.8,4.0,0,784.5,0.4648888888888889,14.939140609607671,14.557447902693651,14.833111692867389,2766550.2167107714
True,False,2025-12-19,800000.0,34.02933,-117.816614,1449.0,616 - Diamond Bar,True,2.0,0.3098,1976.0,2.0,Diamond Bar,3.0,True,1.0,One,13497.0,False,2.0,Other,91765,0.0,13497.0,552.1048999309869,1.5,49.0,0,483.0,0.10735719048677483,13.592367006650065,13.957010120237973,13.783703123237903,968693.1007721218
False,False,2025-12-11,755000.0,34.083478,-118.135253,908.0,601 - Alhambra,True,0.0,0.0716,1923.0,2.0,Alhambra,3.0,False,1.0,One,3120.0,False,0.0,Alhambra,91803,0.0,3120.0,831.4977973568282,1.5,102.0,0,302.6666666666667,0.29102564102564105,13.534473028231162,13.768418401049605,13.55242161132993,768673.523347577
True,False,2025-12-04,625000.0,34.103812,-117.644184,1011.0,690 - Upland,False,2.0,0.1257,1947.0,2.0,Upland,2.0,False,1.0,One,5474.0,False,2.0,Upland,91786,0.0,5474.0,618.1998021760633,1.0,78.0,0,505.5,0.1846912678114724,13.345506928718539,13.554145793829866,13.420643349363564,673769.5041039033
True,False,2025-12-19,1775000.0,37.82437182,-121.97961829,2243.0,126 - Central Torrance,True,6.0,0.3533,1985.0,3.0,Danville,4.0,True,1.0,One,15390.0,False,3.0,Merced Union,94526,0.0,15390.0,791.3508693713776,1.3333333333333333,40.0,0,560.75,0.1457439896036387,14.389310980891652,14.430696197054507,14.373493261323695,1747144.4343167746
True,False,2025-12-17,1300000.0,34.140471999999995,-118.087447,1800.0,648 - Pasadena (SE),False,2.0,0.1632,1927.0,3.0,Pasadena,5.0,True,1.0,One,7109.0,False,2.0,Pasadena Unified,91107,0.0,7109.0,722.2222222222222,1.6666666666666667,98.0,0,360.0,0.25320016880011254,14.077874822431765,14.263026495559501,14.253475071301008,1549549.918087663
False,False,2025-12-09,590000.0,35.379135,-119.15009,3166.0,BKSF - Bakersfield,True,3.0,0.33,1996.0,3.0,Bakersfield,4.0,True,1.0,One,14374.0,True,3.0,Long Beach Unified,93314,0.0,14374.0,186.35502210991788,1.3333333333333333,29.0,0,791.5,0.2202588006122165,13.287877815881902,13.399995114002609,13.68858664729544,880800.6895828461
True,True,2025-12-22,2850000.0,34.123126,-118.323304,3427.0,C30 - Hollywood Hills East,True,2.0,0.1491,1993.0,4.0,Los Angeles,3.0,False,1.0,MultiSplit,6495.0,False,2.0,Fontana Unified,90068,335.0,6495.0,831.63116428363,0.75,32.0,0,1142.3333333333333,0.5276366435719785,14.862829552244833,14.457364444136669,14.603935563769285,2199928.821121117
True,True,2025-12-05,417000.0,33.731165999999995,-116.95918,1112.0,SRCAR - Southwest Riverside County,True,1.0,0.16,1963.0,1.0,Hemet,2.0,True,1.0,One,6970.0,False,1.0,Hemet Unified,92543,0.0,6970.0,375.0,2.0,62.0,0,556.0,0.15954088952654233,12.94084150078094,12.919503857231216,12.637380185614168,307853.77280946914
False,False,2025-12-26,1015000.0,36.96841233,-121.88424377,1304.0,699 - Not Defined,False,0.0,0.113,1964.0,2.0,Aptos,3.0,True,1.0,One,4922.0,False,0.0,Other,95003,50.0,4922.0,778.3742331288344,1.5,61.0,0,434.6666666666667,0.2649329540837058,13.830399170458024,14.188463383490559,14.013964767742157,1219516.1842187745
True,False,2025-12-12,745000.0,34.162942,-117.252022,2654.0,274 - San Bernardino,True,3.0,0.2479,2006.0,3.0,San Bernardino,3.0,True,1.0,One,10800.0,False,3.0,Los Alamitos Unified,92404,0.0,10800.0,280.70836473247925,1.0,19.0,0,884.6666666666666,0.24574074074074073,13.521139497361697,13.142166004700508,13.368831388704226,639749.126538528
False,False,2025-12-11,815000.0,32.71982866,-116.97461779,1232.0,91977 - Spring Valley,True,7.0,0.2066,1962.0,2.0,Spring Valley,3.0,True,1.0,One,9000.0,False,2.0,Saddleback Valley Unified,91977,650.0,9000.0,661.525974025974,1.5,63.0,0,410.6666666666667,0.1368888888888889,13.610943392223,13.592367006650065,13.524777510719355,747715.2560255685
True,True,2025-12-22,590000.0,33.730296,-116.31372,1494.0,324 - East Palm Desert,True,2.0,0.14,1986.0,2.0,Palm Desert,3.0,True,1.0,One,6098.0,False,2.0,Jefferson Union,92211,33.0,6098.0,394.91298527443104,1.5,39.0,0,498.0,0.2449983601180715,13.287877815881902,13.226723392728571,13.161565184576606,519990.16898281063
False,False,2025-12-17,465000.0,34.126215,-117.241499,817.0,276 - Highland,False,2.0,0.5465,1946.0,1.0,Highland,2.0,False,1.0,One,23805.0,False,2.0,San Bernardino City Unified,92404,0.0,23805.0,569.1554467564259,2.0,79.0,0,408.5,0.03432052089897081,13.049792684569493,13.142166004700508,12.867292739730154,387430.8807976162
True,False,2025-12-11,2550000.0,33.753286,-117.761347,2695.0,OH - Orchard Hills,True,2.0,0.0999,2019.0,3.0,Irvine,4.0,True,2.0,Two,4351.0,False,2.0,Tustin Unified,92602,350.0,4351.0,946.1966604823748,1.3333333333333333,6.0,0,673.75,0.6193978395771087,14.75160391713461,14.808762330974558,14.812523903163255,2710175.370607058
True,False,2025-12-19,2050000.0,34.173159000000005,-118.184704,1931.0,645 - Pasadena (NW),False,2.0,0.2392,1950.0,2.0,Pasadena,3.0,True,1.0,One,10420.0,False,2.0,Garden Grove Unified,91103,374.0,10420.0,1061.6261004660798,1.5,75.0,0,643.6666666666666,0.18531669865642994,14.53335035111459,14.182799053125816,14.28027737249912,1591642.9975978215
False,False,2025-12-22,855000.0,33.813445,-118.296339,1738.0,123 - County Strip,True,4.0,0.1735,1956.0,3.0,Torrance,5.0,False,1.0,One,7557.0,False,2.0,Los Angeles Unified,90502,0.0,7557.0,491.9447640966628,1.6666666666666667,69.0,0,347.6,0.22998544395924309,13.658856747918897,13.68426227135432,13.748463093435605,935150.813790757
True,False,2025-12-15,460000.0,33.735285,-117.003746,1856.0,SRCAR - Southwest Riverside County,True,3.0,0.19,1989.0,2.0,Hemet,3.0,True,1.0,One,8276.0,False,3.0,Hemet Unified,92545,0.0,8276.0,247.8448275862069,1.5,36.0,0,618.6666666666666,0.22426292895118416,13.038981768465277,12.990536830078119,13.051631097701794,465855.6483831411
False,False,2025-12-19,1200000.0,35.626799,-120.693955,2139.0,PRIC - PR Inside City Limit,False,9.0,0.16,1925.0,3.0,Paso Robles,4.0,True,1.0,One,6970.0,False,3.0,Paso Robles Joint Unified,93446,0.0,6970.0,561.0098176718093,1.3333333333333333,100.0,0,534.75,0.30688665710186513,13.997832114758229,13.591116224748411,13.76328531257179,949115.0589702046
True,True,2025-12-29,1600000.0,34.223423,-118.56083,2345.0,NR - Northridge,False,5.0,0.9093,1943.0,3.0,Northridge,3.0,True,1.0,One,39611.0,False,2.0,Escondido Union,91324,0.0,39611.0,682.3027718550106,1.0,82.0,0,781.6666666666666,0.059200727070763175,14.28551418721001,13.767367980495198,14.067443937298313,1286510.326255108
False,False,2025-12-09,630000.0,34.067499,-117.76302,1363.0,687 - Pomona,False,2.0,0.1801,1922.0,2.0,Pomona,3.0,True,1.0,One,7843.0,False,2.0,Pomona Unified,91768,0.0,7843.0,462.2157006603082,1.5,103.0,0,454.3333333333333,0.17378554124697182,13.353475098367715,13.373053959873324,13.374341561926398,643283.9849417682
True,True,2025-12-30,1950000.0,34.146097,-118.476521,3570.0,ENC - Encino,True,2.0,0.3681,1961.0,3.0,Encino,4.0,True,1.0,One,16034.0,False,2.0,Los Angeles Unified,91436,0.0,16034.0,546.218487394958,1.3333333333333333,64.0,0,892.5,0.22265186478732693,14.48333993053993,14.68050799545088,14.723152235957514,2478470.6039616293
True,True,2025-12-05,1740000.0,34.243642,-118.617564,3483.0,CHT - Chatsworth,True,4.0,0.409,1979.0,4.0,Chatsworth,5.0,True,1.0,One,17814.0,False,4.0,Los Angeles Unified,91311,0.0,17814.0,499.5693367786391,1.25,46.0,0,696.6,0.19552037723139104,14.369395671190711,13.944283046980045,14.372232100452448,1744942.3929758533
True,False,2025-12-08,580000.0,34.98303,-120.441941,1294.0,SMNW - SM Northwest,True,2.0,0.1,1995.0,2.0,Santa Maria,3.0,True,1.0,One,4356.0,False,2.0,Santa Maria Joint Union,93458,185.0,4356.0,448.2225656877898,1.5,30.0,0,431.3333333333333,0.2970615243342516,13.270783382522602,13.357427688121273,13.240635657863331,562775.2675325873
True,False,2025-12-23,380000.0,33.73755,-116.96568,1175.0,SRCAR - Southwest Riverside County,True,2.0,0.14,1969.0,2.0,Hemet,2.0,True,1.0,One,6098.0,False,2.0,Hemet Unified,92543,0.0,6098.0,323.40425531914894,1.0,56.0,0,587.5,0.19268612659888487,12.84792653170257,12.919503857231216,12.733445869355545,338895.0899711694
True,True,2025-12-02,6420000.0,34.13514,-118.679166,5181.0,CLB - Calabasas,True,3.0,0.409,2006.0,6.0,Calabasas,5.0,True,1.0,MultiSplit,17816.0,False,3.0,Escondido Union,91302,422.0,17816.0,1239.1430225825131,0.8333333333333334,19.0,0,1036.2,0.2908060170633139,15.674928675666145,14.473030560881067,15.151221993900714,3802700.3619890227
True,False,2025-12-17,1775000.0,37.65532972,-122.01744371,3045.0,S2 - Laguna Hills,True,3.0,0.2217,1996.0,3.0,Hayward,4.0,True,2.0,Two,9658.0,False,3.0,Capistrano Unified,94542,0.0,9658.0,582.9228243021347,1.3333333333333333,29.0,0,761.25,0.31528266721888587,14.389310980891652,14.155547860749984,14.313281188841978,1645049.7565087874
True,False,2025-12-15,1206000.0,34.176693,-118.43042,1855.0,VG - Valley Glen,True,2.0,0.1396,1951.0,2.0,Valley Glen,3.0,True,1.0,One,6083.0,False,3.0,Menifee Union,91401,96.0,6083.0,650.1347708894879,1.5,74.0,0,618.3333333333334,0.3049482163406214,14.002819656269267,14.070122729163781,14.085890490674737,1310462.2436355401
True,False,2025-12-23,2025000.0,37.12067877,-121.66576193,3448.0,699 - Not Defined,False,4.0,0.205,1988.0,3.0,Morgan Hill,4.0,True,2.0,Two,8930.0,False,4.0,Other,95037,333.0,8930.0,587.2969837587007,1.3333333333333333,37.0,0,862.0,0.3861142217245241,14.521080258522776,14.187074114396758,14.464010241790152,1912669.066940162
False,False,2025-12-03,685000.0,36.67996342,-121.66846666,1116.0,699 - Not Defined,True,4.0,0.1377,1954.0,1.0,Salinas,3.0,True,1.0,Two,6000.0,False,2.0,Other,93901,0.0,6000.0,613.7992831541219,3.0,71.0,0,372.0,0.186,13.437174117244362,13.573438996764546,13.480448952749393,715294.0191534362
False,False,2025-12-24,860000.0,32.737165000000005,-117.09636299999998,1785.0,92105 - East San Diego,False,2.0,0.28,1955.0,4.0,San Diego,5.0,True,1.0,One,0.28,False,0.0,San Diego Unified,92105,0.0,12196.8,481.7927170868347,1.25,70.0,0,357.0,0.1463498622589532,13.664687668229691,13.422467969854667,13.548674091183054,765798.294686083
True,False,2025-12-08,4400000.0,33.889496,-118.392728,3425.0,146 - Manhattan Bch Heights/Lib Vlg,True,2.0,0.1127,2025.0,6.0,Manhattan Beach,5.0,True,2.0,Two,4909.0,False,2.0,Manhattan Unified,90266,0.0,4909.0,1284.6715328467153,0.8333333333333334,0.0,0,685.0,0.6976981055204726,15.29711509888849,15.040754419423045,15.42559474151343,5003232.399966139
True,False,2025-12-10,850331.0,33.994045,-118.332509,1292.0,PHHT - Park Hills Heights,True,1.0,0.1608,1923.0,1.0,Los Angeles,2.0,True,1.0,One,7003.0,False,2.0,Irvine Unified,90043,0.0,7003.0,658.1509287925696,2.0,102.0,0,646.0,0.18449236041696415,13.653380964430122,13.652991628466498,13.538394420210455,757966.4634760548
False,False,2025-12-23,662000.0,33.669196,-117.11188,2311.0,SRCAR - Southwest Riverside County,True,4.0,0.1148,2024.0,3.0,Winchester,5.0,False,2.0,Two,5000.0,True,2.0,Perris Union High,92596,0.0,5000.0,286.45607961921246,1.6666666666666667,1.0,0,462.2,0.4622,13.403020834919145,13.337474757021274,13.359985290090684,634114.800321986
True,True,2025-12-01,1490000.0,33.673944,-116.278663,3102.0,313 - La Quinta South of HWY 111,True,2.0,0.22,2000.0,3.0,La Quinta,3.0,True,1.0,One,9583.0,False,2.0,William S. Hart Union,92253,615.0,9583.0,480.3352675693101,1.0,25.0,0,1034.0,0.3236982155901075,14.214286677921642,13.545013310266594,13.892340405302903,1079858.3199926731
True,False,2025-12-15,875000.0,33.117573,-117.215611,1456.0,92078 - San Marcos,True,2.0,0.09,1990.0,2.0,San Marcos,2.0,True,1.0,One,3920.0,False,2.0,San Marcos Unified,92078,241.0,3920.0,600.9615384615385,1.0,35.0,0,728.0,0.37142857142857144,13.681979165339751,14.075178214680975,13.81598638627358,1000475.9415335543
False,False,2025-12-17,775000.0,32.83182924,-117.00653865,1333.0,92071 - Santee,True,4.0,0.16,1953.0,2.0,Santee,3.0,False,1.0,One,0.16,False,1.0,Long Beach Unified,92071,121.0,6969.6,581.3953488372093,1.5,72.0,0,444.3333333333333,0.19125918273645545,13.560618308335483,13.652403046879991,13.62262519932089,824576.4992892708
True,True,2025-12-19,965000.0,32.855807,-116.899909,1951.0,92040 - Lakeside,True,9.0,1.14,1978.0,3.0,Lakeside,3.0,True,2.0,Two,1.14,False,2.0,Grossmont Union,92040,0.0,49658.4,494.6181445412609,1.0,47.0,0,650.3333333333334,0.03928841847502135,13.779883380321124,13.623138665316818,13.659473298222135,855527.3130500747
False,False,2025-12-10,1963000.0,34.005336,-118.395461,1627.0,C28 - Culver City,False,2.0,0.1148,1939.0,2.0,Culver City,3.0,True,1.0,One,4999.0,False,2.0,Los Angeles Unified,90230,0.0,4999.0,1206.5150583896743,1.5,86.0,0,542.3333333333334,0.3254650930186037,14.489984473258598,14.22097566607244,14.195328656921962,1462018.6225338113
True,False,2025-12-03,865000.0,33.989183000000004,-117.662069,2472.0,681 - Chino,True,4.0,0.1377,2012.0,3.0,Chino,3.0,True,1.0,One,6000.0,False,2.0,Chino Valley Unified,91710,215.0,6000.0,349.9190938511327,1.0,13.0,0,824.0,0.412,13.670484785914017,13.567049198665774,13.663297738965158,858805.4911662004
True,False,2025-12-19,725000.0,34.615682,-118.28881,2396.0,PLM - Palmdale,True,4.0,1.0265,2000.0,2.0,Leona Valley,3.0,True,1.0,One,44713.0,False,4.0,Palmdale,93551,0.0,44713.0,302.58764607679467,1.5,25.0,0,798.6666666666666,0.05358620535414756,13.493926933836812,13.345506928718539,13.539829792800589,759055.2089527483
False,True,2025-12-30,600000.0,33.736959000000006,-116.206575,2811.0,309 - Indio North of East Valley,True,2.0,0.17,2017.0,3.0,Indio,4.0,False,1.0,One,7405.0,False,2.0,Riverside Unified,92203,125.0,7405.0,213.4471718249733,1.3333333333333333,8.0,0,702.75,0.37960837272113435,13.304684934198283,13.255142955086335,13.38593583225606,650785.7983511743
False,False,2025-12-08,1260000.0,34.249171000000004,-118.725152,3481.0,SVC - Central Simi,True,2.0,0.16,2016.0,4.0,Simi Valley,5.0,True,2.0,Two,6969.0,False,2.0,Hemet Unified,93065,263.0,6969.0,361.96495259982765,1.25,9.0,0,696.2,0.49949777586454297,14.04662227892766,13.676248490630767,13.934128918102246,1125940.1326450282
True,False,2025-12-15,1225000.0,34.266207,-118.888854,3192.0,SMP - South Moorpark,True,3.0,0.15,1986.0,4.0,Moorpark,4.0,True,2.0,Two,6534.0,False,3.0,Moorpark Unified,93021,180.0,6534.0,383.7719298245614,1.0,39.0,0,798.0,0.4885215794306703,14.018451401960965,13.8878312195439,14.08365898364461,1307541.1983048897
False,False,2025-12-09,700000.0,34.183153999999995,-118.381212,1273.0,NHO - North Hollywood,True,2.0,0.1545,1941.0,2.0,North Hollywood,3.0,False,1.0,One,6730.0,False,2.0,Los Angeles Unified,91606,0.0,6730.0,549.8821681068342,1.5,84.0,0,424.3333333333333,0.18915304606240713,13.458835614025542,13.741864017795976,13.669968689004046,864553.6913520389
True,False,2025-12-01,2895000.0,32.75511546,-117.19130168,3419.0,92103 - Mission Hills,False,4.0,0.1651,1927.0,4.0,San Diego,4.0,True,2.0,Two,7191.0,False,2.0,Bonsall Unified,92103,0.0,7191.0,846.7388125182802,1.0,98.0,0,854.75,0.47545543039911,14.878495668989233,14.346138809026444,14.841213706799632,2789055.892649974
False,False,2025-12-02,1155000.0,34.140966,-118.205822,2434.0,618 - Eagle Rock,True,2.0,0.1363,2002.0,3.0,Los Angeles,3.0,False,1.0,One,5937.0,False,2.0,Corona-Norco Unified,90041,0.0,5937.0,474.5275267050123,1.0,23.0,0,811.3333333333334,0.40997136600976924,13.959610901938031,14.115615150414612,14.243933546288423,1534835.1610338672
True,False,2025-12-05,975000.0,34.504904,-118.617707,3381.0,NLAK - Northlake,True,3.0,0.1688,1999.0,4.0,Castaic,5.0,True,2.0,Two,7354.0,False,3.0,William S. Hart Union,91384,226.0,7354.0,288.3762200532387,1.25,26.0,0,676.2,0.45974979602937177,13.790192749979985,13.602317337503232,13.821407367360923,1005914.2298019491
True,False,2025-12-10,1050000.0,33.914216,-118.028542,2348.0,M3 - La Mirada,True,2.0,0.1518,1957.0,2.0,La Mirada,4.0,False,1.0,One,6611.0,False,2.0,Norwalk - La Mirada,90638,0.0,6611.0,447.18909710391824,2.0,68.0,0,587.0,0.35516563303584936,13.864300722133706,13.709037694795391,13.84501209235551,1029941.0158031479
False,False,2025-12-10,900000.0,34.203173,-118.542724,1663.0,RESR - Reseda Ranch,True,2.0,0.1729,1951.0,2.0,Reseda Ranch,4.0,True,1.0,One,7533.0,False,2.0,Los Angeles Unified,91335,0.0,7533.0,541.1906193625977,2.0,74.0,0,415.75,0.22076198061861144,13.710150042306449,13.652991628466498,13.697734241573604,888894.8615895893
False,False,2025-12-23,530000.0,34.128636,-117.208937,1328.0,276 - Highland,False,2.0,0.1663,1960.0,2.0,Highland,4.0,True,1.0,One,7245.0,False,2.0,San Bernardino City Unified,92346,0.0,7245.0,399.0963855421687,2.0,65.0,0,332.0,0.18329882677708764,13.180632285528304,13.28681753563043,13.227231647992065,555282.1533681322
False,False,2025-12-01,1510000.0,33.02599992,-117.08627671,2160.0,92127 - Rancho Bernardo,True,4.0,0.2019999999999999,1970.0,3.0,San Diego,5.0,True,2.0,Two,8800.0,False,2.0,Oceanside Unified,92127,560.0,8800.0,699.074074074074,1.6666666666666667,55.0,0,432.0,0.24545454545454545,14.227620208791107,14.53335035111459,14.466655341669378,1917734.9646071268
True,True,2025-12-02,1438000.0,34.098393,-117.789293,2404.0,684 - La Verne,True,5.0,0.1311,2002.0,3.0,La Verne,4.0,True,2.0,Two,5709.0,False,2.0,Bonita Unified,91750,350.0,5709.0,598.1697171381031,1.3333333333333333,23.0,0,601.0,0.4210895077947101,14.178763817263128,13.758940206475879,13.825790068385704,1010332.5260913391
False,False,2025-12-26,730000.0,34.020011,-117.949508,1112.0,633 - Industry/La Puente/Valinda,False,2.0,0.143,1956.0,2.0,La Puente,3.0,True,1.0,One,6228.0,False,2.0,Hacienda La Puente Unified,91746,0.0,6228.0,656.4748201438849,1.5,69.0,0,370.6666666666667,0.178548490687219,13.500799813124575,13.541073712262515,13.465162739846443,704443.0290544296
False,False,2025-12-29,620000.0,34.450078000000005,-118.533385,1765.0,BOUQ - Bouquet Canyon,True,2.0,0.2583,1960.0,2.0,Saugus,4.0,True,1.0,One,11253.0,False,2.0,William S. Hart Union,91350,0.0,11253.0,351.2747875354108,2.0,65.0,0,441.25,0.15684706300542078,13.337474757021274,13.652991628466498,13.731312496954931,919249.1706451304
True,False,2025-12-26,725000.0,33.971503000000006,-117.434481,1867.0,252 - Riverside,False,2.0,0.5,1988.0,2.0,Riverside,3.0,True,1.0,One,21780.0,False,2.0,Jurupa Unified,92509,0.0,21780.0,388.3235136582753,1.5,37.0,0,622.3333333333334,0.0857208448117539,13.493926933836812,13.422467969854667,13.444758034036806,690214.7320557291
False,True,2025-12-02,952000.0,33.951334,-117.591923,2600.0,249 - Eastvale,True,3.0,0.18,2001.0,3.0,Eastvale,4.0,True,2.0,Two,7841.0,False,3.0,Corona-Norco Unified,92880,0.0,7841.0,366.1538461538461,1.3333333333333333,24.0,0,650.0,0.33159035837265655,13.766320313773502,13.764217263576723,13.874460719923638,1060722.3750979763
False,False,2025-12-18,332000.0,39.160016,-121.572563,1250.0,15 - West Huntington Beach,True,2.0,0.1271,1959.0,2.0,Marysville,3.0,False,1.0,One,5536.0,False,2.0,Marysville Joint Unified,95901,0.0,5536.0,265.6,1.5,66.0,0,416.6666666666667,0.22579479768786126,12.712890247898626,13.02595920164526,12.902856546484411,401457.33651423303
False,False,2025-12-17,795000.0,33.942547,-118.013958,1297.0,670 - Whittier,False,2.0,0.1329,1961.0,2.0,Whittier,3.0,True,1.0,One,5789.0,False,2.0,Whittier Union High,90604,0.0,5789.0,612.952968388589,1.5,64.0,0,432.3333333333333,0.22404560373121438,13.58609739363647,13.636672835828117,13.55670906168031,771976.2479892573
True,False,2025-12-22,1450500.0,34.164572,-118.004586,2532.0,639 - Monrovia,True,2.0,0.4749,1986.0,3.0,Monrovia,3.0,True,2.0,Two,20688.0,False,2.0,Antelope Valley Union,91016,0.0,20688.0,572.8672985781991,1.0,39.0,0,844.0,0.12238979118329467,14.187418882543597,13.819990428650009,14.121012341724903,1357305.9062207965
True,False,2025-12-31,1500000.0,32.798473,-117.068173,2600.0,92120 - Del Cerro,False,4.0,0.163,1990.0,4.0,San Diego,5.0,True,1.0,MultiSplit,7100.0,False,0.0,San Diego Unified,92120,0.0,7100.0,576.9230769230769,1.25,35.0,0,520.0,0.36619718309859156,14.22097566607244,13.996998434009651,14.199833952860196,1468620.3092050282
False,False,2025-12-12,457500.0,33.670389,-116.306826,1403.0,313 - La Quinta South of HWY 111,True,10.0,0.11,1979.0,2.0,La Quinta,3.0,True,1.0,One,4792.0,False,2.0,Huntington Beach Union High,92253,0.0,4792.0,326.0869565217391,1.5,46.0,0,467.6666666666667,0.292779632721202,13.033532163697712,13.545013310266594,13.30969467454727,603013.3860478591
False,False,2025-12-12,940000.0,34.029059000000004,-117.681003,2692.0,681 - Chino,True,2.0,0.1311,2015.0,5.0,Chino,4.0,True,2.0,Two,5712.0,False,2.0,Chino Valley Unified,91710,114.0,5712.0,349.1827637444279,0.8,10.0,0,673.0,0.47128851540616246,13.753635154246187,13.567049198665774,13.87324780608109,1059436.590176918
True,True,2025-12-26,725000.0,34.022089,-117.271029,1554.0,285 - Reche Canyon,True,2.0,2.1757,1958.0,2.0,Colton,3.0,True,1.0,One,94772.0,False,2.0,Colton Unified,92324,0.0,94772.0,466.53796653796655,1.5,67.0,0,518.0,0.01639724813235977,13.493926933836812,13.142166004700508,13.152978133726787,515544.10357530793
False,False,2025-12-08,1000000.0,33.828069,-118.016472,1677.0,82 - Buena Park,True,2.0,0.1578,1956.0,2.0,Buena Park,4.0,True,1.0,One,6875.0,False,2.0,ABC Unified,90620,0.0,6875.0,596.3029218843172,2.0,69.0,0,419.25,0.24392727272727271,13.815510557964274,13.741593969296583,13.731215204989912,919159.7394375154
True,False,2025-12-31,1489000.0,36.98297009,-121.90976637,1890.0,699 - Not Defined,False,2.0,0.266,1984.0,2.0,Aptos,3.0,True,1.0,One,11587.0,False,2.0,Other,95003,52.0,11587.0,787.8306878306878,1.5,41.0,0,630.0,0.1631138344696643,14.213615311666146,14.188463383490559,14.137925563891093,1380457.5551627576
True,False,2025-12-10,625000.0,39.755927,-121.838926,2033.0,91913 - Chula Vista,True,5.0,0.68,1950.0,2.0,Chico,4.0,True,1.0,One,0.68,False,2.0,Chico Unified,95926,0.0,29620.8,307.4274471224791,2.0,75.0,0,508.25,0.06863420299249176,13.345506928718539,13.060487973686241,13.0942600251627,486143.93673849973
True,True,2025-12-23,1265000.0,34.009446000000004,-118.046657,3073.0,670 - Whittier,True,3.0,0.6479,1980.0,3.0,Whittier,4.0,True,2.0,Two,28224.0,False,3.0,Whittier Union High,90601,90.0,28224.0,411.6498535632932,1.3333333333333333,45.0,0,768.25,0.10887896825396826,14.050582680143757,13.721199878493033,14.137091409434145,1379306.5204775897
False,False,2025-12-10,667000.0,34.267062,-118.296671,667.0,659 - Sunland/Tujunga,False,2.0,0.1198,1955.0,1.0,Tujunga,2.0,True,1.0,One,5218.0,False,2.0,Los Angeles Unified,91042,0.0,5218.0,1000.0,2.0,70.0,0,333.5,0.1278267535454197,13.410545324897761,13.684633332743342,13.314381215734608,605846.0656682766
True,False,2025-12-01,1240000.0,34.148812,-118.594621,2200.0,WHLL - Woodland Hills,True,2.0,0.16,1978.0,3.0,Woodland Hills,3.0,True,2.0,Two,6968.0,False,2.0,Los Angeles Unified,91364,0.0,6968.0,563.6363636363636,1.0,47.0,0,733.3333333333334,0.3157290470723307,14.03062193758122,14.15910026235435,14.123632737005963,1360867.2482364972
True,False,2025-12-23,600000.0,33.893812,-118.240202,1157.0,"RN - Compton N of Rosecrans, E of Central",True,4.0,0.1424,1947.0,1.0,Compton,3.0,False,1.0,One,6203.0,False,2.0,Los Angeles Unified,90220,0.0,6203.0,518.5825410544512,3.0,78.0,0,385.6666666666667,0.18652265033048526,13.304684934198283,13.386264921190707,13.326729293628746,613373.4789769748
False,False,2025-12-15,1020000.0,33.83296,-118.301353,1586.0,122 - Harbor Gateway,True,2.0,0.1554,1951.0,2.0,Torrance,4.0,False,1.0,One,6769.0,False,2.0,Los Angeles Unified,90501,0.0,6769.0,643.1273644388399,2.0,74.0,0,396.5,0.234303442162801,13.835313185260453,13.9016461684345,13.794843642909795,979545.1819909662
True,False,2025-12-09,1000000.0,33.594781,-117.710208,1092.0,S2 - Laguna Hills,False,2.0,0.0918,1985.0,2.0,Laguna Hills,2.0,True,1.0,One,4000.0,False,2.0,Saddleback Valley Unified,92653,195.0,4000.0,915.7509157509156,1.0,40.0,0,546.0,0.273,13.815510557964274,14.226450581665564,13.777115734728755,962332.9144795657
True,False,2025-12-10,1180000.0,34.023342,-118.112147,2435.0,674 - Montebello,True,3.0,0.1565,1975.0,3.0,Montebello,4.0,True,2.0,Two,6817.0,False,3.0,Montebello Unified,90640,725.0,6817.0,484.5995893223819,1.3333333333333333,50.0,0,608.75,0.3571952471761772,13.981024996441848,13.66988634579858,13.861441290137948,1047001.8849003791
True,True,2025-12-29,1700000.0,33.692296,-117.973516,2526.0,16 - Fountain Valley / Northeast HB,True,2.0,0.1643,1971.0,4.0,Fountain Valley,4.0,True,2.0,Two,7156.0,False,2.0,Fountain Valley,92708,0.0,7156.0,673.0007917656374,1.0,54.0,0,631.5,0.3529904974846283,14.346138809026444,14.22097566607244,14.355475996150732,1715947.55490054
True,False,2025-12-18,339000.0,34.925275,-116.707979,1391.0,NBS - Newberry Springs,True,2.0,0.89,1991.0,2.0,Newberry Springs,3.0,True,1.0,One,0.89,False,2.0,Other,92365,465.0,38768.4,243.7095614665708,1.5,34.0,0,463.6666666666667,0.035879737105477656,12.733755386362587,12.2783933071098,12.577367434954306,289922.06804081716
True,False,2025-12-24,1200000.0,37.34346925,-121.86604871,1220.0,699 - Not Defined,False,2.0,0.1152,1930.0,2.0,San Jose,4.0,True,1.0,Two,5016.0,False,2.0,San Jose Unified,95116,0.0,5016.0,983.6065573770492,2.0,95.0,0,305.0,0.24322169059011164,13.997832114758229,13.845069360205818,13.710355719128966,900185.1281779015
True,False,2025-12-18,730000.0,33.868866,-117.996701,900.0,82 - Buena Park,False,4.0,0.155,1926.0,1.0,Buena Park,2.0,False,1.0,One,6750.0,False,2.0,Fullerton Joint Union High,90621,0.0,6750.0,811.1111111111111,2.0,99.0,0,450.0,0.13333333333333333,13.500799813124575,13.87377946608825,13.616455743361584,819504.9712623418
False,False,2025-12-29,1500000.0,34.146303,-118.614435,2401.0,CLB - Calabasas,True,1.0,0.2049,1964.0,3.0,Calabasas,4.0,True,1.0,One,8926.0,False,1.0,Saddleback Valley Unified,91302,0.0,8926.0,624.7396917950854,1.3333333333333333,61.0,0,600.25,0.2689894689670625,14.22097566607244,14.473030560881067,14.426110238441929,1841535.4005530197
False,False,2025-12-23,624000.0,37.81464192,-121.20541424,2507.0,674 - Montebello,True,2.0,0.14,2022.0,3.0,Manteca,3.0,False,1.0,One,6098.0,False,2.0,San Francisco Unified,95336,295.0,6098.0,248.90307140007977,1.0,3.0,0,835.6666666666666,0.41111839947523776,13.343905647351566,13.180632285528304,13.349694597719816,627622.7809621837
False,True,2025-12-16,2610000.0,33.471914,-117.714684,1758.0,MB - Monarch Beach,True,2.0,0.093,1971.0,2.0,Dana Point,3.0,True,1.0,One,4050.0,False,2.0,Capistrano Unified,92629,1159.0,4050.0,1484.641638225256,1.5,54.0,0,586.0,0.43407407407407406,14.774860779298876,14.716674768252918,14.472897858450958,1929743.9013027227
True,False,2025-12-03,910000.0,32.77128484,-117.00049185,2032.0,91941 - La Mesa,True,3.0,0.2407,1947.0,3.0,La Mesa,3.0,True,1.0,One,10483.0,False,0.0,Fontana Unified,91941,0.0,10483.0,447.8346456692913,1.0,78.0,0,677.3333333333334,0.1938376418964037,13.721199878493033,13.903955641362648,14.026829148036372,1235305.8485558599
True,False,2025-12-05,778000.0,33.865661,-117.788329,1531.0,85 - Yorba Linda,True,2.0,0.0482,1964.0,3.0,Yorba Linda,4.0,True,2.0,Two,2100.0,False,2.0,Placentia-Yorba Linda Unified,92886,450.0,2100.0,508.16459830176353,1.3333333333333333,61.0,0,382.75,0.729047619047619,13.564481803160529,14.20888790014483,13.938095843323095,1130415.5238566063
False,True,2025-12-04,2650000.0,33.87983,-117.783505,4261.0,85 - Yorba Linda,True,3.0,0.4039999999999999,2004.0,5.0,Yorba Linda,5.0,True,2.0,Two,17600.0,False,3.0,Placentia-Yorba Linda Unified,92887,124.0,17600.0,621.9197371509035,1.0,21.0,0,852.2,0.24210227272727272,14.790070197962406,14.31598272370925,14.84080588548149,2787918.6881033536
True,False,2025-12-16,1180000.0,37.62834347,-122.05718973,1823.0,259 - Moreno Valley,True,2.0,0.1053,1994.0,3.0,Hayward,4.0,True,2.0,Two,4587.0,False,2.0,Hayward,94544,345.0,4587.0,647.2846955567745,1.3333333333333333,31.0,0,455.75,0.3974275125354262,13.981024996441848,13.732128949025222,13.729363303414724,917459.1212429862
True,False,2025-12-12,707000.0,33.746835,-117.622673,1034.0,SI - Silverado Canyon,True,2.0,0.1148,1955.0,2.0,Silverado Canyon,3.0,True,2.0,Two,5000.0,False,0.0,Orange Unified,92676,0.0,5000.0,683.7524177949709,1.5,70.0,0,344.6666666666667,0.2068,13.468785944878709,14.23919520116814,13.97323420840791,1170842.588165654
False,False,2025-12-19,680000.0,34.052995,-118.106921,616.0,651 - Rosemead/S. San Gabriel,True,4.0,0.1413,1942.0,1.0,Rosemead,2.0,False,1.0,One,6154.0,False,0.0,Alhambra,91770,0.0,6154.0,1103.8961038961038,2.0,83.0,0,308.0,0.10009749756256094,13.42984807715229,13.726664413759128,13.295364905467922,594433.9608742164
True,False,2025-12-19,544000.0,34.013657,-117.425695,1344.0,251 - Jurupa Valley,True,4.0,0.18,1989.0,2.0,Jurupa Valley,3.0,False,1.0,One,7841.0,False,2.0,Jurupa Unified,92509,0.0,7841.0,404.7619047619048,1.5,36.0,0,448.0,0.17140670832801938,13.206704525838079,13.422467969854667,13.322422346433273,610737.392609215
True,False,2025-12-08,900000.0,37.71985448,-121.74581982,1334.0,OSOS - Los Osos,True,2.0,0.1672,1971.0,2.0,Livermore,3.0,True,1.0,One,7285.0,False,2.0,Antelope Valley Union,94551,0.0,7285.0,674.6626686656672,1.5,54.0,0,444.6666666666667,0.18311599176389842,13.710150042306449,13.87377946608825,13.782717726262685,967739.0236702537
False,False,2025-12-11,1600000.0,37.92959644,-121.97790082,3645.0,699 - Not Defined,False,2.0,0.196,2002.0,4.0,Concord,5.0,True,2.0,Two,8538.0,False,2.0,Mount Diablo,94521,123.0,8538.0,438.957475994513,1.25,23.0,0,729.0,0.42691496837666904,14.28551418721001,13.656514826473817,13.908461451103607,1097407.8436907944
True,False,2025-12-09,1395000.0,37.90432971,-122.27228366,1430.0,WEH - West Hills,False,2.0,0.1148,1949.0,3.0,Berkeley,3.0,True,2.0,Two,5000.0,False,0.0,Paso Robles Joint Unified,94708,0.0,5000.0,975.5244755244756,1.0,76.0,0,476.6666666666667,0.286,14.148404973237604,14.300900016543387,14.181177198458213,1441474.6332793657
True,False,2025-12-10,1750000.0,34.181702,-118.201543,1948.0,624 - Glendale-Chevy Chase/E. Glenoaks,True,2.0,0.3604,1975.0,2.0,Glendale,3.0,True,1.0,One,15698.0,False,1.0,Jurupa Unified,91206,0.0,15698.0,898.3572895277207,1.5,50.0,0,649.3333333333334,0.12409224104981527,14.375126345899696,14.269765830241871,14.218028143032202,1495585.2249614734
False,False,2025-12-19,540000.0,34.572140999999995,-118.081306,1508.0,PLM - Palmdale,True,2.0,0.1623,1965.0,2.0,Palmdale,3.0,False,1.0,One,7069.0,False,2.0,Antelope Valley Union,93550,0.0,7069.0,358.0901856763926,1.5,60.0,0,502.6666666666667,0.21332578865468949,13.199324418540456,13.049792684569493,12.95204238901666,421697.0267227047
False,True,2025-12-12,2800000.0,33.882053000000006,-117.770256,4826.0,85 - Yorba Linda,True,3.0,0.4293,1983.0,6.0,Yorba Linda,7.0,True,2.0,Two,18700.0,False,3.0,Placentia-Yorba Linda Unified,92887,0.0,18700.0,580.1906340654787,1.1666666666666667,42.0,0,689.4285714285714,0.2580748663101604,14.845129975145433,14.31598272370925,14.849097263525397,2811130.471760655
True,False,2025-12-08,650000.0,37.96809113,-122.30535106,1435.0,NPMO - Nipomo,True,2.0,0.1515,1965.0,2.0,El Sobrante,3.0,False,1.0,"Two,One",6600.0,False,2.0,Visalia Unified,94803,245.0,6600.0,452.9616724738676,1.5,60.0,0,478.3333333333333,0.21742424242424244,13.38472764187182,13.560618308335483,13.526067125839582,748680.1429580259
True,False,2025-12-12,475000.0,38.2467149,-122.0455077,1420.0,C16 - Mid Los Angeles,False,0.0,0.17,1915.0,1.0,Fairfield,2.0,False,1.0,One,7405.0,False,0.0,Victor Valley Unified,94533,0.0,7405.0,334.50704225352115,2.0,110.0,0,710.0,0.19176232275489535,13.071070083016778,13.127239523125667,13.023928604327843,453127.40144958574
True,False,2025-12-18,1425000.0,32.73453563,-117.22758467,2061.0,92106 - Point Loma,True,4.0,0.1148,1960.0,2.0,San Diego,3.0,True,2.0,Two,5000.0,False,2.0,Other,92106,0.0,5000.0,691.4119359534207,1.5,65.0,0,687.0,0.4122,14.169682371684887,14.53335035111459,14.417155685896208,1825118.8860100287
True,True,2025-12-04,1800000.0,34.206789,-118.647309,2874.0,WEH - West Hills,True,5.0,0.3345,1978.0,3.0,West Hills,4.0,True,1.0,One,14572.0,False,3.0,Los Angeles Unified,91307,0.0,14572.0,626.3048016701462,1.3333333333333333,47.0,0,718.5,0.19722755970354103,14.403297222866392,13.849911984681606,14.075460765968622,1296865.5115362105
True,False,2025-12-16,1375000.0,33.769356,-118.155989,1344.0,"2 - Belmont Heights, Alamitos Heights",False,3.0,0.1452,1919.0,2.0,Long Beach,3.0,True,1.0,One,6325.0,False,2.0,Long Beach Unified,90814,0.0,6325.0,1023.065476190476,1.5,106.0,0,448.0,0.2124901185770751,14.133964289082808,14.053739746696525,13.955057501404886,1149752.7778024776
True,False,2025-12-26,705000.0,32.708108,-116.990243,1472.0,91977 - Spring Valley,True,4.0,0.1745,1964.0,2.0,Spring Valley,4.0,False,1.0,One,7600.0,False,0.0,La Mesa-Spring Valley,91977,0.0,7600.0,478.9402173913044,2.0,61.0,0,368.0,0.1936842105263158,13.465953081794405,13.592367006650065,13.568436322921494,781082.707670893
True,False,2025-12-01,465000.0,33.908802,-116.948421,1600.0,263 - Banning/Beaumont/Cherry Valley,True,3.0,0.11,2018.0,2.0,Beaumont,2.0,False,1.0,One,4791.0,False,3.0,Beaumont,92223,298.0,4791.0,290.625,1.0,7.0,0,800.0,0.3339595074097266,13.049792684569493,13.197470849891134,13.062591851304935,470989.8633913841
True,True,2025-12-02,2250000.0,33.640125,-117.629344,3307.0,MN - Mission Viejo North,True,8.0,0.1837,1986.0,3.0,Mission Viejo,5.0,True,2.0,Two,8000.0,False,4.0,Capistrano Unified,92692,253.0,8000.0,680.374962201391,1.6666666666666667,39.0,0,661.4,0.413375,14.626440774180603,14.006130917572923,14.309251662242342,1638434.3222426604
True,False,2025-12-12,1260000.0,34.300549,-118.503869,2084.0,GH - Granada Hills,True,2.0,0.26,1964.0,2.0,Granada Hills,4.0,True,1.0,One,11325.6,False,2.0,Los Angeles Unified,91344,0.0,11325.6,604.6065259117082,2.0,61.0,0,521.0,0.18400791128063854,14.04662227892766,13.892471599100402,13.927916720467376,1118967.2509001717
True,False,2025-12-26,940000.0,34.437316,-118.383497,3255.0,CAN2 - Canyon Country 2,True,3.0,0.1372,1998.0,4.0,Canyon Country,6.0,True,2.0,Two,5975.0,False,3.0,William S. Hart Union,91387,0.0,5975.0,288.78648233486945,1.5,27.0,0,542.5,0.5447698744769874,13.753635154246187,13.737549016494562,13.983254715695296,1182634.004172699
True,False,2025-12-01,405000.0,33.818049,-116.395701,1394.0,320 - Thousand Palms,True,6.0,0.16,1998.0,2.0,Thousand Palms,2.0,True,2.0,Two,6970.0,False,2.0,Antelope Valley Union,92276,0.0,6970.0,290.5308464849354,1.0,27.0,0,697.0,0.2,12.911642346088676,13.107132773660975,12.916273793676982,406880.0866740082
True,False,2025-12-16,875000.0,33.679846000000005,-117.26517,2779.0,SRCAR - Southwest Riverside County,True,6.0,0.36,1984.0,2.0,Canyon Lake,3.0,True,1.0,One,15682.0,False,2.0,Lake Elsinore Unified,92587,303.0,15682.0,314.86146095717885,1.5,41.0,0,926.3333333333334,0.1772095395995409,13.681979165339751,13.407542319637992,13.594311802962402,801557.3509241818
True,False,2025-12-26,375000.0,34.042995,-117.320996,1152.0,273 - Colton,True,2.0,0.0918,1981.0,2.0,Colton,2.0,False,1.0,One,4000.0,False,2.0,Colton Unified,92324,214.0,4000.0,325.5208333333333,1.0,44.0,0,576.0,0.288,12.834681304952548,13.142166004700508,12.848259032361808,380126.37125861016
True,False,2025-12-08,600000.0,37.7544695,-122.158366,905.0,273 - Colton,True,1.0,0.1435,1938.0,1.0,Oakland,2.0,True,1.0,One,6250.0,False,1.0,Other,94605,0.0,6250.0,662.9834254143647,2.0,87.0,0,452.5,0.1448,13.304684934198283,13.527828485512494,13.36202900578475,635412.0758709076
True,False,2025-12-11,1150000.0,34.28027,-118.503262,2136.0,GH - Granada Hills,True,5.0,0.3422,1964.0,2.0,Granada Hills,4.0,True,1.0,One,14907.0,False,2.0,Los Angeles Unified,91344,0.0,14907.0,538.3895131086142,2.0,61.0,0,534.0,0.14328838800563493,13.955272500339433,13.892471599100402,13.935908919286735,1127946.0921903425
False,True,2025-12-09,530000.0,34.123036,-117.362658,1466.0,272 - Rialto,True,2.0,0.2645,1961.0,2.0,Rialto,3.0,True,1.0,One,11520.0,False,2.0,Rialto Unified,92376,0.0,11520.0,361.52796725784447,1.5,64.0,0,488.6666666666667,0.12725694444444444,13.180632285528304,13.253391639810733,13.181837670767461,530639.2393642011
True,False,2025-12-29,680000.0,33.472333,-117.127098,1884.0,699 - Not Defined,True,3.0,0.25,1985.0,4.0,Temecula,4.0,True,1.0,One,10890.0,False,3.0,Temple City Unified,92592,42.0,10890.0,360.9341825902336,1.0,40.0,0,471.0,0.17300275482093663,13.42984807715229,13.580420735596498,13.646216083709914,844260.253868647
True,True,2025-12-16,1349000.0,34.289109,-118.55267,3047.0,PORA - Porter Ranch,True,3.0,0.297,1976.0,3.0,Porter Ranch,3.0,True,2.0,Two,12939.0,False,3.0,Los Angeles Unified,91326,0.0,12939.0,442.73055464391206,1.0,49.0,0,1015.6666666666666,0.23548960506994357,14.114874135189893,14.126664986601197,14.292469883225941,1611167.908888332
True,False,2025-12-09,670000.0,34.111592,-117.167975,1793.0,276 - Highland,True,2.0,0.1263,1993.0,3.0,Highland,4.0,True,2.0,Two,5500.0,False,2.0,Redlands Unified,92346,158.0,5500.0,373.675404350251,1.3333333333333333,32.0,0,448.25,0.326,13.415032991367148,13.28681753563043,13.262000938275804,574928.4850830408
True,False,2025-12-05,1540000.0,33.171982,-117.311962,1562.0,92010 - Carlsbad,True,3.0,0.2153,1986.0,2.0,Carlsbad,3.0,True,1.0,One,9379.0,False,3.0,Carlsbad Unified,92010,0.0,9379.0,985.9154929577464,1.5,39.0,0,520.6666666666666,0.16654227529587376,14.247292974389811,14.187074114396758,14.0343726181676,1244659.5767567304
True,True,2025-12-19,1662500.0,33.654455,-117.97254,1960.0,14 - South Huntington Beach,True,2.0,0.1492,1973.0,2.0,Huntington Beach,4.0,True,1.0,One,6500.0,False,2.0,Huntington Beach Union High,92646,0.0,6500.0,848.2142857142857,2.0,52.0,0,490.0,0.30153846153846153,14.323833051512146,14.19394699368452,14.183909576147721,1445418.6722555703
True,False,2025-12-18,1850000.0,34.055541,-118.31576499999998,3456.0,C18 - Hancock Park-Wilshire,False,5.0,0.1643,1916.0,4.0,Los Angeles,4.0,True,2.0,Two,7157.0,False,3.0,Antelope Valley Union,90019,0.0,7157.0,535.300925925926,1.0,109.0,0,864.0,0.48288388989800196,14.430696197054507,14.151982794585487,14.687130627154072,2390780.9483210756
False,False,2025-12-09,1260000.0,33.878683,-117.823693,1877.0,85 - Yorba Linda,False,4.0,0.1745,1963.0,2.0,Yorba Linda,4.0,True,1.0,One,7600.0,False,2.0,Placentia-Yorba Linda Unified,92886,0.0,7600.0,671.2839637719766,2.0,62.0,0,469.25,0.24697368421052632,14.04662227892766,14.20888790014483,14.165322389425235,1418800.5498470103
False,False,2025-12-22,740000.0,32.70016324,-117.09770159,1744.0,92113 - Logan Heights,False,4.0,0.186,1960.0,3.0,San Diego,4.0,False,2.0,Two,6380.0,False,0.0,Oakland,92113,0.0,6588.0,424.3119266055046,1.3333333333333333,65.0,0,436.0,0.2647237401335762,13.514405465180353,13.442452134775017,13.454939024470828,697277.6946095644
False,True,2025-12-01,530000.0,34.218258,-118.994514,1228.0,VC45 - Mission Oaks,True,1.0,0.06,1977.0,2.0,Camarillo,2.0,False,1.0,One,2613.0,False,1.0,Whittier Union High,93012,698.0,2613.0,431.5960912052117,1.0,48.0,0,614.0,0.4699579027937237,13.180632285528304,13.710150042306449,13.30999064291268,603191.8853478184
True,True,2025-12-19,835000.0,33.83282,-117.97962,1184.0,79 - Anaheim West of Harbor,True,2.0,0.1379,1955.0,2.0,Anaheim,3.0,False,1.0,One,6005.0,False,2.0,Anaheim Union High,92801,0.0,6005.0,705.2364864864865,1.5,70.0,0,394.6666666666667,0.19716902581182347,13.635187003832993,13.664687668229691,13.620832516427596,823099.6192890609
True,False,2025-12-19,730000.0,34.068709000000005,-117.70515,1328.0,685 - Montclair,True,2.0,0.2704,1963.0,2.0,Montclair,4.0,False,1.0,One,11780.0,False,2.0,Ontario-Montclair,91763,0.0,11780.0,549.6987951807229,2.0,62.0,0,332.0,0.11273344651952462,13.500799813124575,13.458835614025542,13.407912303616982,665246.0848669508
True,False,2025-12-30,1855000.0,33.453696,-117.619866,2885.0,MH - Marblehead,True,4.0,0.1167,1995.0,4.0,San Clemente,4.0,True,2.0,Two,5084.0,False,2.0,Capistrano Unified,92673,214.0,5084.0,642.9809358752167,1.0,30.0,0,721.25,0.5674665617623919,14.433395254023672,14.446782334806132,14.550753700854443,2085989.1242743246
True,False,2025-12-23,515000.0,34.608327,-118.188587,1960.0,PLM - Palmdale,True,3.0,0.1617,1996.0,2.0,Palmdale,4.0,False,1.0,One,7044.0,False,3.0,Palmdale,93551,0.0,7044.0,262.7551020408163,2.0,29.0,0,490.0,0.2782509937535491,13.151922179645874,13.345506928718539,13.299707003084569,597020.6629513459
False,False,2025-12-22,537000.0,33.767663,-116.937356,2541.0,SRCAR - Southwest Riverside County,True,3.0,0.14,2004.0,3.0,San Jacinto,5.0,True,2.0,Two,6098.0,False,3.0,San Jacinto Unified,92583,0.0,6098.0,211.3341204250295,1.6666666666666667,21.0,0,508.2,0.4166939980321417,13.193753373491,13.064725287181727,13.152946982746979,515528.04412148247
True,False,2025-12-15,660000.0,33.958159,-116.97271,2100.0,263 - Banning/Beaumont/Cherry Valley,True,3.0,0.91,1987.0,3.0,Cherry Valley,3.0,True,1.0,One,39640.0,False,3.0,Beaumont,92223,0.0,39640.0,314.2857142857143,1.0,38.0,0,700.0,0.052976791120080725,13.399995114002609,13.197470849891134,13.334193008802908,617968.6511155175
True,False,2025-12-23,399000.0,34.254036,-116.42811100000002,1061.0,DC582 - East Flamingo Heights,False,2.0,5.0,1963.0,1.0,Yucca Valley,3.0,False,1.0,One,5.0,False,1.0,Morongo Unified,92284,0.0,217800.0,376.0603204524034,3.0,62.0,0,353.6666666666667,0.004871441689623507,12.896716695872,12.86876061860541,12.737550078861082,340288.8445948676
False,False,2025-12-23,567000.0,34.168595,-117.290169,1983.0,274 - San Bernardino,True,2.0,0.3444,1954.0,2.0,San Bernardino,3.0,True,1.0,One,15000.0,False,2.0,San Bernardino City Unified,92407,0.0,15000.0,285.9304084720121,1.5,71.0,0,661.0,0.1322,13.248114582709889,13.304684934198283,13.378686274092114,646084.9489823894
False,False,2025-12-04,920000.0,37.42705234,-121.97219133,1272.0,699 - Not Defined,False,0.0,0.1377,1941.0,1.0,Alviso,3.0,True,1.0,One,6000.0,False,0.0,Other,95002,0.0,6000.0,723.2704402515724,3.0,84.0,0,424.0,0.212,13.732128949025222,14.000947389633547,13.82507168004603,1009606.9756301007
False,False,2025-12-12,1310000.0,33.789851,-118.128256,1766.0,"34 - Los Altos, X-100",True,1.0,0.1321,1947.0,2.0,Long Beach,3.0,True,1.0,One,5753.0,False,1.0,San Luis Coastal Unified,90815,0.0,5753.0,741.7893544733862,1.5,78.0,0,588.6666666666666,0.30697027637754215,14.085537695177335,13.937728190688523,13.9641362088796,1160238.5736545746
True,True,2025-12-05,2075000.0,33.093774,-117.098415,4278.0,92029 - Escondido,True,6.0,0.46,2000.0,5.0,Escondido,5.0,True,1.0,One,0.46,False,3.0,Escondido Union,92029,0.0,20037.6,485.0397381954184,1.0,25.0,0,855.6,0.2134986225895317,14.545471711646936,14.163297674406381,14.658800393795177,2323999.992659038
True,False,2025-12-16,865000.0,34.250446000000004,-117.179646,2224.0,287A - Arrowhead Woods,True,0.0,0.235,1982.0,4.0,Lake Arrowhead,4.0,True,2.0,ThreeOrMore,0.235,False,0.0,Rim of the World,92352,0.0,10236.6,388.93884892086334,1.0,43.0,0,556.0,0.21725963698884396,13.670484785914017,13.412043452518782,13.583367649252304,792832.8124942845
True,False,2025-12-04,310000.0,33.956246,-116.493504,1204.0,340 - Desert Hot Springs,True,2.0,0.16,1965.0,2.0,Desert Hot Springs,2.0,False,2.0,Two,6970.0,False,2.0,Temecula Unified,92240,126.0,6970.0,257.4750830564784,1.0,60.0,0,602.0,0.1727403156384505,12.644327576461329,12.911642346088676,12.73235839012117,338526.74891611876
True,False,2025-12-08,1850000.0,33.084219,-117.289558,1861.0,92024 - Encinitas,True,4.0,0.0,1989.0,2.0,Encinitas,2.0,True,1.0,One,0.22,False,2.0,San Dieguito Union,92024,360.0,0.22,994.0891993551854,1.0,36.0,0,930.5,8459.09090909091,14.430696197054507,14.603967918328545,14.209914891578922,1483500.2564465976
False,False,2025-12-30,589990.0,34.592785,-118.161859,1760.0,PLM - Palmdale,True,2.0,0.1834,2025.0,2.0,Palmdale,3.0,False,1.0,One,7989.0,True,2.0,Antelope Valley Union,93551,0.0,7989.0,335.22159090909093,1.5,0.0,0,586.6666666666666,0.22030291651020154,13.28786086658572,13.345506928718539,13.307392628734714,601626.8181912898
True,False,2025-12-02,296500.0,37.349165,-120.614345,820.0,669 - West Covina,True,0.0,0.1435,1941.0,1.0,Atwater,2.0,False,1.0,One,6250.0,False,0.0,Atwater,95301,0.0,6250.0,361.5853658536585,2.0,84.0,0,410.0,0.1312,12.599802497419917,13.038981768465277,12.747053499155351,343538.1678938129
False,False,2025-12-30,647000.0,34.592785,-118.161859,1760.0,PLM - Palmdale,True,2.0,0.1932,2025.0,2.0,Palmdale,3.0,False,1.0,One,8415.0,True,2.0,Antelope Valley Union,93551,0.0,8415.0,367.6136363636364,1.5,0.0,0,586.6666666666666,0.20915032679738563,13.380101573483037,13.345506928718539,13.307392628734714,601626.8181912898
True,False,2025-12-04,580000.0,39.78105,-122.252618,1404.0,699 - Not Defined,False,4.0,20.3,1992.0,2.0,Orland,3.0,True,1.0,One,884268.0,False,4.0,Orland Joint Unified,95963,0.0,884268.0,413.1054131054131,1.5,33.0,0,468.0,0.0015877539388511176,13.270783382522602,12.834681304952548,12.917245913964889,407275.8153777958
False,False,2025-12-10,890000.0,37.02843195,-121.59478488,1504.0,699 - Not Defined,True,2.0,0.0721,1998.0,3.0,Gilroy,4.0,False,2.0,One,3139.0,False,2.0,Gilroy Unified,95020,97.0,3139.0,591.7553191489362,1.3333333333333333,27.0,0,376.0,0.47913348200063716,13.698976741708323,13.965653216393994,13.800907963613774,985503.5064535367
True,True,2025-12-02,1225000.0,33.967086,-117.745222,2268.0,682 - Chino Hills,True,3.0,0.1882,1989.0,3.0,Chino Hills,4.0,True,2.0,Two,8200.0,False,3.0,Chino Valley Unified,91709,0.0,8200.0,540.1234567901234,1.3333333333333333,36.0,0,567.0,0.27658536585365856,14.018451401960965,13.901688254205327,13.95378213410854,1148287.355385332
False,True,2025-12-10,960000.0,34.194889,-118.871716,1745.0,TOE - Thousand Oaks East,True,5.0,0.22,1977.0,3.0,Thousand Oaks,4.0,True,2.0,Two,9583.0,False,2.0,Conejo Valley Unified,91360,0.0,9583.0,550.1432664756447,1.3333333333333333,48.0,0,436.25,0.1820932902013983,13.77468856344402,13.909911233385758,13.820096993797971,1004596.9696285601
False,False,2025-12-15,467970.0,33.944016,-116.934253,1530.0,263 - Banning/Beaumont/Cherry Valley,True,2.0,0.1381,2025.0,2.0,Banning,2.0,False,1.0,One,6016.0,True,2.0,Beaumont,92220,202.0,6016.0,305.8627450980392,1.0,0.0,0,765.0,0.2543218085106383,13.056159470281024,12.994530005894443,13.021595185620177,452071.2981388914
False,False,2025-12-05,675000.0,37.78009739,-121.27602761,2996.0,699 - Not Defined,True,3.0,0.1426,2025.0,3.0,Manteca,4.0,False,1.0,Two,6210.0,False,3.0,Manteca Unified,95337,224.0,6210.0,225.3004005340454,1.3333333333333333,0.0,0,749.0,0.4824476650563607,13.422467969854667,13.415032991367148,13.526802909166458,749231.212033235
False,False,2025-12-12,672638.0,33.691362,-117.10169,2532.0,699 - Not Defined,True,2.0,0.17,2025.0,3.0,Winchester,5.0,False,2.0,Two,7404.0,True,2.0,Hemet Unified,92596,40.0,7404.0,265.65481832543446,1.6666666666666667,0.0,0,506.4,0.3419773095623987,13.418962573867542,13.337474757021274,13.383532770808543,649223.7976320941
True,False,2025-12-02,499900.0,34.122796,-117.209463,1178.0,276 - Highland,False,0.0,0.1768,1955.0,2.0,Highland,3.0,False,1.0,One,7700.0,False,0.0,San Bernardino City Unified,92346,0.0,7700.0,424.36332767402376,1.5,70.0,0,392.6666666666667,0.15298701298701298,13.122163357401663,13.28681753563043,13.192828820751782,536503.7446215234
True,False,2025-12-15,1010000.0,33.123963,-117.182384,1983.0,92078 - San Marcos,True,2.0,0.1231,1999.0,3.0,San Marcos,4.0,True,2.0,Two,5361.0,False,2.0,San Marcos Unified,92078,0.0,5361.0,509.3292990418558,1.3333333333333333,26.0,0,495.75,0.3698936765528819,13.825460888817442,14.075178214680975,14.032266590668314,1242041.0477756935
False,True,2025-12-02,780000.0,36.67017051,-121.78426651,1120.0,699 - Not Defined,True,2.0,0.1653,1964.0,2.0,Marina,3.0,True,1.0,One,7201.0,False,2.0,Other,93933,0.0,7201.0,696.4285714285714,1.5,61.0,0,373.3333333333333,0.15553395361755312,13.567049198665774,13.795307850646754,13.62368575048917,825451.4687518595
True,False,2025-12-01,660000.0,33.981833,-117.58016200000002,1638.0,686 - Ontario,True,2.0,0.0689,2023.0,3.0,Ontario,3.0,False,2.0,Two,3000.0,False,2.0,Chaffey Joint Union High,91762,221.0,3000.0,402.9304029304029,1.0,2.0,0,546.0,0.546,13.399995114002609,13.530491602931978,13.418662825658018,672436.4081787451
True,True,2025-12-18,505000.0,34.488989000000004,-117.201733,2570.0,APPV - Apple Valley,True,3.0,0.42,2006.0,3.0,Apple Valley,5.0,True,1.0,One,18295.0,False,3.0,Apple Valley Unified,92308,0.0,18295.0,196.49805447470817,1.6666666666666667,19.0,0,514.0,0.1404755397649631,13.132313708257497,12.936033799212835,13.22206063677293,552418.1942872487
True,False,2025-12-31,1480000.0,37.80366098,-122.19340823,2334.0,SYL - Sylmar,True,1.0,0.1687,1951.0,3.0,Oakland,4.0,True,2.0,One,7348.0,False,1.0,Oakland,94602,100.0,7348.0,634.1045415595544,1.3333333333333333,74.0,0,583.5,0.3176374523679913,14.207552645740298,13.92839261528267,14.14956357874098,1396617.1913396977
True,False,2025-12-10,2400000.0,32.739108,-117.171925,3200.0,92103 - Mission Hills,True,4.0,0.12,1941.0,4.0,San Diego,4.0,True,2.0,ThreeOrMore,0.12,False,2.0,Other,92103,0.0,5227.2,750.0,1.0,84.0,0,800.0,0.6121824303642486,14.690979295318174,14.346138809026444,14.795695115373254,2664948.032450165
False,False,2025-12-02,730000.0,33.934484000000005,-118.017057,1188.0,670 - Whittier,False,2.0,0.1369999999999999,1954.0,2.0,Whittier,3.0,False,1.0,One,5967.0,False,2.0,Whittier Union High,90604,0.0,5967.0,614.4781144781144,1.5,71.0,0,396.0,0.19909502262443438,13.500799813124575,13.636672835828117,13.562886533416878,776759.8695737122
False,False,2025-12-30,885500.0,33.877967,-118.327985,1328.0,132 - N Torrance - West,True,2.0,0.1244,1954.0,2.0,Torrance,3.0,True,1.0,One,5421.0,False,2.0,Torrance Unified,90504,0.0,5421.0,666.7921686746988,1.5,71.0,0,442.6666666666667,0.24497325216749677,13.693907736205025,13.822979494146377,13.77508352823005,960379.2410830967
True,False,2025-12-19,780000.0,33.890601000000004,-118.263356,1157.0,RQ - Compton West of Central,True,2.0,0.1841,1953.0,2.0,Compton,3.0,False,1.0,One,8019.0,False,2.0,Compton Unified,90220,0.0,8019.0,674.1573033707865,1.5,72.0,0,385.6666666666667,0.14428232946751465,13.567049198665774,13.386264921190707,13.332071689867153,616659.1319591637
True,False,2025-12-15,240000.0,33.984833,-116.537516,1749.0,340 - Desert Hot Springs,True,2.0,0.19,1988.0,2.0,Desert Hot Springs,3.0,True,1.0,One,8276.0,False,2.0,Palm Springs Unified,92240,465.0,8276.0,137.221269296741,1.5,37.0,0,583.0,0.21133397776703722,12.388394202324129,12.911642346088676,12.944798650888064,418653.40081472206
True,True,2025-12-17,1675000.0,34.154018,-118.23113700000002,1880.0,624 - Glendale-Chevy Chase/E. Glenoaks,False,2.0,0.2341,1956.0,2.0,Glendale,4.0,True,1.0,One,10199.0,False,2.0,Glendale Unified,91206,0.0,10199.0,890.9574468085107,2.0,69.0,0,470.0,0.18433179723502305,14.331323723241304,14.269765830241871,14.21885897350393,1496828.319068164
False,False,2025-12-03,630000.0,37.98234378,-121.69199302,1954.0,C06 - Brentwood,True,2.0,0.1433,1991.0,3.0,Oakley,4.0,True,2.0,Two,6240.0,False,2.0,Los Angeles Unified,94561,190.0,6240.0,322.4155578300921,1.3333333333333333,34.0,0,488.5,0.31314102564102564,13.353475098367715,13.415032991367148,13.382860083474366,648787.2198630115
False,False,2025-12-26,815000.0,33.946475,-118.31673899999998,1344.0,699 - Not Defined,False,1.0,0.1069,1929.0,2.0,Los Angeles,3.0,True,1.0,One,4655.0,False,1.0,Los Angeles Unified,90047,0.0,4655.0,606.3988095238095,1.5,96.0,0,448.0,0.2887218045112782,13.610943392223,13.493926933836812,13.486491609975905,719629.3810887489
False,False,2025-12-09,380000.0,34.46475,-117.242267,1092.0,APPV - Apple Valley,True,1.0,0.5005,1950.0,2.0,Apple Valley,3.0,True,1.0,One,21800.0,False,1.0,Apple Valley Unified,92308,0.0,21800.0,347.985347985348,1.5,75.0,0,364.0,0.050091743119266056,12.84792653170257,12.936033799212835,12.750270423922212,344645.0838125031
True,False,2025-12-29,720000.0,33.905163,-118.200894,1928.0,"RN - Compton N of Rosecrans, E of Central",True,4.0,0.0934,2005.0,3.0,Compton,3.0,True,2.0,Two,4068.0,False,2.0,Compton Unified,90221,242.0,4068.0,373.4439834024896,1.0,20.0,0,642.6666666666666,0.47394296951819076,13.487006490992238,13.353475098367715,13.243870542340101,564598.7282617118
True,True,2025-12-03,1390000.0,33.882353,-117.908895,1886.0,83 - Fullerton,True,2.0,0.2303,1959.0,3.0,Fullerton,3.0,True,1.0,One,10030.0,False,2.0,Fullerton Joint Union High,92831,0.0,10030.0,737.0095440084835,1.0,66.0,0,628.6666666666666,0.18803589232303092,14.144814305106875,13.966081104032241,14.034949502378687,1245377.808363058
True,False,2025-12-05,740000.0,33.801099,-118.003938,1348.0,"61 - N of Gar Grv, S Of Ball, E of Knott, W of Dal",True,2.0,0.0334,1964.0,2.0,Stanton,4.0,False,2.0,Two,1453.0,False,2.0,Garden Grove Unified,90680,423.0,1453.0,548.9614243323442,2.0,61.0,0,337.0,0.9277357192016518,13.514405465180353,13.652991628466498,13.489512545585834,721806.622108694
False,False,2025-12-02,665000.0,34.0808,-117.753705,1300.0,687 - Pomona,False,2.0,0.2461,1947.0,2.0,Pomona,2.0,True,1.0,One,10721.0,False,2.0,Pomona Unified,91768,0.0,10721.0,511.5384615384616,1.0,78.0,0,650.0,0.12125734539688462,13.407542319637992,13.373053959873324,13.27418361342644,581975.4905829767
False,False,2025-12-01,1260000.0,34.01285,-117.727509,1657.0,681 - Chino,True,2.0,0.993,1963.0,2.0,Chino,3.0,True,1.0,One,43255.0,False,2.0,Chino Valley Unified,91710,0.0,43255.0,760.4103802051901,1.5,62.0,0,552.3333333333334,0.03830771009131892,14.04662227892766,13.567049198665774,13.554388988968217,770187.2830287678
True,False,2025-12-01,1750000.0,37.328018,-121.80343700000002,2946.0,SJOS - San Jose,True,3.0,0.165,1987.0,3.0,San Jose,4.0,True,2.0,Two,7187.0,False,3.0,East Side Union,95148,0.0,7187.0,594.0257976917854,1.3333333333333333,38.0,0,736.5,0.4099067761235564,14.375126345899696,14.239034472530271,14.39635022763751,1787538.7428507458
False,False,2025-12-02,802000.0,34.195083000000004,-119.202202,1720.0,VC33 - Oxnard - Southwest / Port Huenem,True,3.0,0.1369999999999999,1996.0,2.0,Oxnard,4.0,True,1.0,One,5967.0,False,3.0,William S. Hart Union,93035,0.0,5967.0,466.27906976744185,2.0,29.0,0,430.0,0.2882520529579353,13.594863886848652,14.077874822431765,13.987714184406043,1187919.7004494974
True,False,2025-12-08,515000.0,37.78016166,-121.19334744,1384.0,CHT - Chatsworth,True,2.0,0.163,2010.0,2.0,Manteca,3.0,False,1.0,One,7100.0,False,2.0,Fontana Unified,95337,0.0,7100.0,372.1098265895954,1.5,15.0,0,461.3333333333333,0.19492957746478873,13.151922179645874,13.415032991367148,13.303999881935015,599589.1093988762
False,False,2025-12-04,715000.0,32.84249356,-116.5261618,1650.0,91962 - Pine Valley,True,5.0,0.2468,1971.0,2.0,Pine Valley,4.0,False,2.0,Two,10750.0,False,0.0,Long Beach Unified,91962,249.0,10750.0,433.3333333333333,2.0,54.0,0,412.5,0.15348837209302327,13.480037821676145,13.415032991367148,13.372088932523383,641836.5354185479
False,False,2025-12-29,439500.0,38.13986509,-121.27750538,1168.0,315 - Coachella,True,2.0,0.1245,1958.0,2.0,Lodi,3.0,True,1.0,One,5424.0,False,2.0,William S. Hart Union,95240,0.0,5424.0,376.2842465753425,1.5,67.0,0,389.3333333333333,0.2153392330383481,12.993392996107369,13.028052697933088,12.899586265484873,400146.602616748
False,False,2025-12-09,940000.0,33.905497,-117.940878,2847.0,83 - Fullerton,True,2.0,0.1162,1965.0,3.0,Fullerton,5.0,True,2.0,Two,5063.0,False,2.0,Fullerton Joint Union High,92835,735.0,5063.0,330.1721109940288,1.6666666666666667,60.0,0,569.4,0.5623148331029034,13.753635154246187,14.145874202616191,14.296431545611611,1617563.4723568494
True,True,2025-12-03,560000.0,33.85153,-116.477388,1718.0,335 - Cathedral City North,True,4.0,0.18,2000.0,2.0,Cathedral City,3.0,True,1.0,One,7841.0,False,2.0,Apple Valley Unified,92234,0.0,7841.0,325.9604190919674,1.5,25.0,0,572.6666666666666,0.21910470603239382,13.235692062711331,13.224919965729422,13.192153762284246,536141.695441783
True,False,2025-12-30,3450000.0,33.903905,-118.4189,2143.0,142 - Manhattan Bch Sand,True,2.0,0.031,1991.0,4.0,Manhattan Beach,3.0,True,2.0,ThreeOrMore,1349.0,False,2.0,Manhattan Unified,90266,0.0,1349.0,1609.8926738217451,0.75,34.0,0,714.3333333333334,1.5885841363973314,15.053884789007542,15.040754419423045,14.80574514573251,2691865.877094951
True,False,2025-12-19,935000.0,32.577052,-117.018192,1923.0,92154 - Otay Mesa,True,2.0,0.1263,2005.0,3.0,San Diego,3.0,True,2.0,Two,5503.0,False,2.0,Sweetwater Union,92154,90.0,5503.0,486.21944877795113,1.0,20.0,0,641.0,0.3494457568598946,13.748301808270824,13.579788224443204,13.517237917502962,742098.9859542424
False,False,2025-12-23,810000.0,34.098355,-117.891658,1554.0,614 - Covina,True,1.0,0.1803,1954.0,2.0,Covina,3.0,False,1.0,One,7852.0,False,1.0,Covina Valley Unified,91722,0.0,7852.0,521.2355212355212,1.5,71.0,0,518.0,0.1979113601630158,13.604789526648622,13.592367006650065,13.599331965194633,805591.4162231713
False,False,2025-12-30,753750.0,34.01595,-118.141169,1593.0,699 - Not Defined,False,1.0,0.0885,1928.0,1.0,Los Angeles,3.0,True,1.0,One,3856.0,False,1.0,Los Angeles Unified,90022,0.0,3856.0,473.1638418079096,3.0,97.0,0,531.0,0.4131224066390041,13.532816027023532,13.4034268364651,13.37570007499992,644158.4885230769
True,False,2025-12-02,980000.0,34.261123,-118.469704,1438.0,MHL - Mission Hills,False,2.0,0.1723,1953.0,2.0,San Fernando,4.0,False,1.0,One,7505.0,False,2.0,Los Angeles Unified,91345,0.0,7505.0,681.5020862308762,2.0,72.0,0,359.5,0.1916055962691539,13.795307850646754,13.620099142278626,13.561831277020556,775940.6210875649
True,False,2025-12-04,2950000.0,33.777301,-118.330145,4306.0,165 - PV Dr North,True,3.0,1.1326,1947.0,5.0,Rolling Hills Estates,5.0,True,1.0,"Two,One",49337.0,False,3.0,Palos Verdes Peninsula Unified,90274,0.0,49337.0,685.0905712958662,1.0,78.0,0,861.2,0.08727729695765855,14.897315728316002,14.735791327008538,15.234894874170122,4134574.0662029283
True,False,2025-12-11,1060000.0,33.622365,-117.65801299999998,1463.0,MC - Mission Viejo Central,True,2.0,0.1465,1973.0,2.0,Mission Viejo,4.0,True,2.0,Two,6380.0,False,2.0,Capistrano Unified,92691,29.0,6380.0,724.5386192754614,2.0,52.0,0,365.75,0.2293103448275862,13.87377946608825,14.092573789669016,13.926416158522786,1117289.4303778678
False,False,2025-12-19,995000.0,34.041233,-118.083369,2140.0,651 - Rosemead/S. San Gabriel,True,2.0,0.1367,1968.0,3.0,Rosemead,4.0,True,2.0,Two,5954.0,False,2.0,Montebello Unified,91770,0.0,5954.0,464.95327102803736,1.3333333333333333,57.0,0,535.0,0.3594222371514948,13.81049801614073,13.726664413759128,13.856259736991309,1041590.8199560031
True,True,2025-12-05,950000.0,34.147558000000004,-117.63296,1862.0,688 - Rancho Cucamonga,True,7.0,0.46,1976.0,2.0,Alta Loma,4.0,True,1.0,One,20038.0,False,3.0,Chaffey Joint Union High,91701,0.0,20038.0,510.2040816326531,2.0,49.0,0,465.5,0.09292344545363809,13.764217263576723,13.654166717138976,13.741276866900206,928454.6969210915
True,False,2025-12-19,1065000.0,34.482812,-118.5682,3421.0,TSRO - Tesoro de Valle,True,2.0,0.1648,2025.0,4.0,Valencia,4.0,False,2.0,Two,7177.0,True,2.0,William S. Hart Union,91354,338.0,7177.0,311.3124817304882,1.0,0.0,0,855.25,0.4766615577539362,13.878485357125662,13.710150042306449,14.00656425344505,1210524.450028572
True,False,2025-12-04,375000.0,34.207499,-117.114929,1561.0,288 - Running Springs,True,4.0,0.1405,1974.0,2.0,Running Springs,3.0,True,2.0,Two,6120.0,False,0.0,Rim of the World,92382,0.0,6120.0,240.23062139654067,1.5,51.0,0,520.3333333333334,0.25506535947712417,12.834681304952548,12.793859310432293,12.807202469354465,364835.7274058035
True,False,2025-12-04,1155000.0,33.945526,-117.947438,2201.0,88 - La Habra Heights,True,2.0,0.5231,1959.0,2.0,La Habra,3.0,True,1.0,One,22785.0,False,2.0,Fullerton Joint Union High,90631,0.0,22785.0,524.7614720581554,1.5,66.0,0,733.6666666666666,0.09659863945578231,13.959610901938031,13.792724135316895,13.974943876173889,1172846.0521385598
False,False,2025-12-10,650000.0,34.141163,-117.908364,1048.0,607 - Azusa,True,0.0,0.1586,1924.0,1.0,Azusa,2.0,True,1.0,One,6910.0,False,0.0,Azusa Unified,91702,0.0,6910.0,620.2290076335878,2.0,101.0,0,524.0,0.1516642547033285,13.38472764187182,13.534473028231162,13.345283504259863,624860.3753116935
True,False,2025-12-01,312800.0,37.309144,-120.488861,1104.0,84 - Placentia,True,0.0,0.1722,1920.0,1.0,Merced,2.0,False,1.0,One,7500.0,False,0.0,Merced Union,95340,0.0,7500.0,283.3333333333333,2.0,105.0,0,552.0,0.1472,12.653319287653293,12.934827526010142,12.642782548920534,309521.41127393855
True,True,2025-12-17,535000.0,33.67699,-116.30895,1673.0,313 - La Quinta South of HWY 111,True,4.0,0.12,1988.0,2.0,La Quinta,3.0,True,1.0,One,5227.0,False,2.0,Desert Sands Unified,92253,0.0,5227.0,319.7848176927675,1.5,37.0,0,557.6666666666666,0.32006887315859955,13.190022025878143,13.545013310266594,13.358263183882983,633023.7270296462
False,True,2025-12-30,5995000.0,33.772852,-116.425981,6760.0,321 - Rancho Mirage,True,3.0,0.65,2023.0,8.0,Rancho Mirage,6.0,True,1.0,One,28314.0,False,3.0,Palm Springs Unified,92270,0.0,28314.0,886.8343195266273,0.75,2.0,0,1126.6666666666667,0.23875114784205692,15.606436346443752,13.9108207377686,15.351198460455121,4644519.40775915
True,False,2025-12-05,785000.0,33.835146,-117.541255,2229.0,248 - Corona,True,3.0,0.18,1995.0,3.0,Corona,4.0,True,1.0,One,7841.0,False,3.0,Corona-Norco Unified,92881,0.0,7841.0,352.1758636159713,1.3333333333333333,30.0,0,557.25,0.28427496492794285,13.573438996764546,13.6909268947726,13.785107156525488,970054.1333750152
True,False,2025-12-29,1095000.0,37.9627909,-122.00090565,2296.0,651 - Rosemead/S. San Gabriel,True,2.0,0.2388,1968.0,3.0,Concord,4.0,True,1.0,One,10403.0,False,2.0,Mount Diablo,94521,0.0,10403.0,476.9163763066202,1.3333333333333333,57.0,0,574.0,0.2207055657022013,13.906264921232738,13.656514826473817,13.844759300214399,1029680.6877143782
True,True,2025-12-11,940000.0,33.800247,-117.962816,1400.0,"72 - Orange & Garden Grove, E of Harbor, N of 22 F",True,2.0,0.1713,1955.0,2.0,Garden Grove,4.0,True,1.0,One,7462.0,False,2.0,Garden Grove Unified,92841,0.0,7462.0,671.4285714285714,2.0,70.0,0,350.0,0.18761726078799248,13.753635154246187,13.866678844538674,13.750356305614602,936922.9296669951
True,False,2025-12-10,480000.0,38.00295161,-121.79914921,998.0,VC33 - Oxnard - Southwest / Port Huenem,True,1.0,0.1162,1952.0,1.0,Antioch,3.0,True,1.0,One,5060.0,False,1.0,Los Angeles Unified,94509,195.0,5060.0,480.9619238476954,3.0,73.0,0,332.6666666666667,0.19723320158102767,13.081541382884074,13.199324418540456,13.038746010235535,459891.5639971605
True,False,2025-12-05,838000.0,33.919441,-118.244005,1198.0,"RN - Compton N of Rosecrans, E of Central",False,2.0,0.2564,1916.0,2.0,Compton,4.0,False,1.0,One,11167.0,False,2.0,Compton Unified,90222,0.0,11167.0,699.4991652754591,2.0,109.0,0,299.5,0.10728037969015851,13.63877337946422,13.304684934198283,13.243604510891483,564448.54722147
True,False,2025-12-15,1740000.0,37.23531501,-121.81537563,2360.0,RES - Reseda,True,2.0,0.1377,1968.0,3.0,San Jose,4.0,True,2.0,Two,6000.0,False,2.0,Rialto Unified,95123,0.0,6000.0,737.2881355932203,1.3333333333333333,57.0,0,590.0,0.3933333333333333,14.369395671190711,14.209238987979617,14.31735575732755,1651766.2986168629
True,False,2025-12-17,615000.0,37.93110073,-121.68944187,1801.0,ARL - Arleta,True,2.0,0.0715,2004.0,3.0,Brentwood,3.0,True,2.0,Two,3114.0,False,2.0,ABC Unified,94513-5504,115.0,3114.0,341.47695724597446,1.0,21.0,0,600.3333333333334,0.5783558124598587,13.329377546788654,13.698976741708323,13.643581840970178,842039.1941140832
True,False,2025-12-24,590000.0,33.771843,-116.465732,1879.0,336 - Cathedral City South,False,4.0,0.27,1963.0,3.0,Cathedral City,4.0,False,1.0,One,11761.0,False,2.0,Other,92234,0.0,11761.0,313.99680681213414,1.3333333333333333,62.0,0,469.75,0.1597653260777145,13.287877815881902,13.224919965729422,13.323958606455426,611676.3651178058
True,False,2025-12-05,1048000.0,32.99066209,-117.05697024,1152.0,92064 - Poway,True,5.0,0.1169,1972.0,2.0,Poway,4.0,False,1.0,One,5227.0,False,2.0,Ontario-Montclair,92064,0.0,971.0,909.7222222222222,2.0,53.0,0,288.0,1.1864057672502575,13.862394143863124,14.042638194103073,13.571317293506716,783336.2285813632
True,False,2025-12-03,735000.0,37.97898764,-122.01456304,1539.0,92069 - San Marcos,True,2.0,0.24,1947.0,2.0,Concord,3.0,True,1.0,One,10454.0,False,2.0,Livermore Valley,94519,155.0,10454.0,477.5828460038986,1.5,78.0,0,513.0,0.14721637650660035,13.507625778194974,13.514405465180353,13.54805120021194,765321.4343740384
False,False,2025-12-19,320000.0,39.768941,-121.591494,1138.0,MTW - Mendocino Town West,True,2.0,0.26,2025.0,2.0,Paradise,2.0,False,1.0,One,0.26,True,2.0,Paradise Unified,95969,0.0,11325.6,281.195079086116,1.0,0.0,0,569.0,0.10048032775305503,12.676076274775909,12.89921982609012,12.763495855022901,349233.4382255649
True,False,2025-12-11,1300000.0,34.125098,-118.321808,1272.0,C30 - Hollywood Hills East,True,2.0,0.1638,1961.0,2.0,Los Angeles,2.0,False,1.0,MultiSplit,7137.0,False,3.0,Beaumont,90068,109.0,7137.0,1022.0125786163522,1.0,64.0,0,636.0,0.1782261454392602,14.077874822431765,14.457364444136669,14.131994124862521,1372293.6910090644
True,False,2025-12-23,520990.0,34.390645,-117.354148,1760.0,HSP - Hesperia,True,2.0,0.1733,2025.0,2.0,Hesperia,3.0,False,1.0,One,7551.0,True,2.0,Hesperia Unified,92344,0.0,7551.0,296.01704545454544,1.5,0.0,0,586.6666666666666,0.23308171103165143,13.163486126693334,13.180613417425775,13.167400450928165,523033.3202831889
True,False,2025-12-09,410000.0,33.741426000000004,-116.931534,1853.0,SRCAR - Southwest Riverside County,True,3.0,0.21,1986.0,2.0,Hemet,3.0,True,1.0,One,9148.0,False,3.0,Hemet Unified,92544,0.0,9148.0,221.2628170534269,1.5,39.0,0,617.6666666666666,0.2025579361609095,12.92391243868049,13.081541382884074,13.086982278927321,482618.74780774576
True,False,2025-12-23,575000.0,37.72843724,-122.17244042,1620.0,LCKEL - Kelseyville,False,0.0,0.091,1944.0,2.0,Oakland,4.0,True,1.0,One,3963.0,False,0.0,Mount Diablo,94603,0.0,3963.0,354.9382716049383,2.0,81.0,0,405.0,0.408781226343679,13.262125319779487,13.146062737589267,13.1612546738299,519828.7315124918
True,False,2025-12-29,549990.0,34.390875,-117.354824,2127.0,HSP - Hesperia,True,2.0,0.1674,2025.0,2.0,Hesperia,3.0,False,1.0,One,7290.0,True,2.0,Hesperia Unified,92344,0.0,7290.0,258.57545839210155,1.5,0.0,0,709.0,0.2917695473251029,13.217655375225181,13.180613417425775,13.252061939413332,569242.5744596033
True,False,2025-12-12,390000.0,34.110495,-116.331871,1370.0,DC615 - Upper Friendly Hills,True,2.0,0.47,2019.0,2.0,Joshua Tree,2.0,False,1.0,One,0.47,False,2.0,Morongo Unified,92252,0.0,20473.2,284.6715328467153,1.0,6.0,0,685.0,0.0669167497020495,12.873902018105829,12.871334622600584,13.028720294713164,455303.8579509442
True,False,2025-12-05,665000.0,33.907225,-117.187119,2821.0,259 - Moreno Valley,True,3.0,0.21,2005.0,4.0,Moreno Valley,4.0,True,2.0,Two,9148.0,False,3.0,Moreno Valley Unified,92555,30.0,9148.0,235.73200992555832,1.0,20.0,0,705.25,0.3083734149540883,13.407542319637992,13.304684934198283,13.466905613987638,705671.855127249
True,True,2025-12-22,599000.0,39.74979,-121.834449,1809.0,LKIS - Lake Isabella,False,2.0,0.28,1959.0,2.0,Chico,3.0,True,1.0,One,0.28,False,2.0,Chico Unified,95926,0.0,12196.8,331.12216694306244,1.5,66.0,0,603.0,0.14831759149940968,13.303016877097587,13.060487973686241,13.066110987826614,472650.26089014974
False,False,2025-12-18,1125000.0,34.2355,-118.815143,3153.0,SWR - Simi Wood Ranch,True,3.0,0.191,1990.0,3.0,Simi Valley,5.0,True,2.0,Two,8319.0,False,3.0,Simi Valley Unified,93065,130.0,8319.0,356.8030447193149,1.6666666666666667,35.0,0,630.6,0.37901190046880634,13.933293593620657,13.676248490630767,13.883283668897127,1070122.481840823
True,False,2025-12-19,910000.0,34.123954,-117.6699,2086.0,690 - Upland,True,2.0,0.2286,1978.0,2.0,Upland,4.0,False,1.0,One,9956.0,False,2.0,Upland,91784,0.0,9956.0,436.241610738255,2.0,47.0,0,521.5,0.20952189634391322,13.721199878493033,13.815510557964274,13.85969283497717,1045172.8485113995
True,False,2025-12-15,1235000.0,34.112206,-118.385041,1415.0,C03 - Sunset Strip - Hollywood Hills West,True,0.0,0.0686,1990.0,3.0,Los Angeles,2.0,True,2.0,MultiSplit,2989.0,False,2.0,Los Angeles Unified,90046,294.0,2989.0,872.791519434629,0.6666666666666666,35.0,0,707.5,0.47340247574439615,14.026581528044215,14.637490610367188,14.05598537818164,1271852.9084462258
False,False,2025-12-30,515000.0,34.586398,-118.175853,1494.0,PLM - Palmdale,True,2.0,0.17,1991.0,2.0,Palmdale,3.0,True,1.0,One,7405.0,False,2.0,Palmdale,93551,0.0,7405.0,344.71218206157965,1.5,34.0,0,498.0,0.20175557056043214,13.151922179645874,13.345506928718539,13.258578440768964,572964.1571473916
False,False,2025-12-08,865000.0,33.541691,-117.165461,2837.0,SRCAR - Southwest Riverside County,True,2.0,0.15,2012.0,3.0,Temecula,5.0,False,2.0,Two,6534.0,False,2.0,Temple City Unified,92591,137.0,6534.0,304.8995417694748,1.6666666666666667,13.0,0,567.4,0.43419038873584326,13.670484785914017,13.514405465180353,13.599283419927701,805552.3095220631
True,False,2025-12-23,1580000.0,34.173642,-118.082921,1375.0,646 - Pasadena (NE),False,2.0,0.5334,1950.0,2.0,Pasadena,2.0,True,1.0,One,23237.0,False,2.0,Palm Springs Unified,91107,0.0,23237.0,1149.090909090909,1.0,75.0,0,687.5,0.05917287085251969,14.27293540500315,14.263026495559501,14.058985662659271,1275674.5591381104
True,False,2025-12-01,1210000.0,35.276502,-120.647959,1725.0,SLO - San Luis Obispo,True,4.0,0.1591,2014.0,3.0,San Luis Obispo,3.0,True,2.0,Two,6929.0,False,2.0,San Luis Coastal Unified,93401,0.0,6929.0,701.4492753623189,1.0,11.0,0,575.0,0.24895367296868234,14.006130917572923,13.997832114758229,13.976365342640715,1174514.398941025
True,False,2025-12-26,2395000.0,34.028352000000005,-118.098271,4310.0,674 - Montebello,True,2.0,0.1119999999999999,2023.0,7.0,Montebello,5.0,True,1.0,ThreeOrMore,4880.0,False,2.0,Montebello Unified,90640,299.0,4880.0,555.6844547563805,0.7142857142857143,2.0,0,862.0,0.8831967213114754,14.688893788827153,13.66988634579858,14.33305186954527,1677897.147685652
False,False,2025-12-12,680000.0,33.896319,-118.257416,1381.0,RQ - Compton West of Central,False,2.0,0.1843,1942.0,2.0,Compton,2.0,False,1.0,One,8029.0,False,2.0,Anaheim Union High,90220,0.0,8029.0,492.39681390296886,1.0,83.0,0,690.5,0.17200149458213973,13.42984807715229,13.386264921190707,13.312902315377665,604950.7419159992
True,False,2025-12-30,637000.0,39.763955,-121.876418,1960.0,92117 - Clairemont Mesa,True,3.0,0.2,2005.0,2.0,Chico,3.0,True,1.0,One,8712.0,False,3.0,Chico Unified,95973,0.0,8712.0,325.0,1.5,20.0,0,653.3333333333334,0.22497704315886133,13.3645249345543,13.151922179645874,13.212699271444304,547270.9360288568
False,False,2025-12-08,690000.0,34.154468,-119.182601,1540.0,VC34 - Oxnard - Southeast,True,2.0,0.0955,1990.0,3.0,Oxnard,3.0,True,2.0,Two,4159.0,False,2.0,Hemet Unified,93033,185.0,4159.0,448.0519480519481,1.0,35.0,0,513.3333333333334,0.37028131762442895,13.444446876573442,13.459566775233457,13.368300043732736,639409.2893505124
True,True,2025-12-04,760000.0,33.832924,-116.459482,2029.0,335 - Cathedral City North,True,4.0,0.23,2017.0,2.0,Cathedral City,4.0,False,1.0,One,10019.0,False,2.0,Hacienda La Puente Unified,92234,0.0,10019.0,374.5687530803351,2.0,8.0,0,507.25,0.2025152210799481,13.541073712262515,13.224919965729422,13.306736286805114,601232.0748420153
True,False,2025-12-01,1265000.0,32.83113,-117.225186,1596.0,92117 - Clairemont Mesa,True,4.0,0.1446,1975.0,2.0,San Diego,3.0,True,1.0,One,6300.0,False,2.0,San Diego Unified,92117,0.0,6300.0,792.6065162907269,1.5,50.0,0,532.0,0.25333333333333335,14.050582680143757,13.964016766263498,13.854006807887059,1039246.831094814
True,True,2025-12-05,799000.0,33.758613000000004,-116.324535,2793.0,324 - East Palm Desert,True,6.0,0.28,1989.0,4.0,Palm Desert,5.0,True,2.0,Two,12197.0,False,2.0,Sweetwater Union,92211,278.0,12197.0,286.07232366630865,1.25,36.0,0,558.6,0.22899073542674428,13.591116224748411,13.226723392728571,13.50880215019026,735865.1421812831
True,False,2025-12-18,560000.0,34.038844,-117.06557,1904.0,269 - Yucaipa/Calimesa/Oak Glen,True,2.0,0.0708,2015.0,3.0,Yucaipa,3.0,False,2.0,Two,3084.0,False,2.0,Yucaipa/Calimesa Unified,92399,83.0,3084.0,294.11764705882354,1.0,10.0,0,634.6666666666666,0.6173800259403373,13.235692062711331,13.274219822166483,13.28715724389721,589575.0156633239
True,False,2025-12-12,1565000.0,34.173553000000005,-118.212255,1968.0,624 - Glendale-Chevy Chase/E. Glenoaks,True,2.0,0.3377,1956.0,4.0,Glendale,3.0,True,1.0,One,14710.0,False,2.0,Glendale Unified,91206,0.0,14710.0,795.2235772357724,0.75,69.0,0,656.0,0.1337865397688647,14.26339638195639,14.269765830241871,14.381669013792312,1761487.2063228365
True,True,2025-12-29,3000000.0,33.904274,-117.99367,5903.0,M3 - La Mirada,True,6.0,0.2992,1986.0,7.0,La Mirada,6.0,True,2.0,Two,13033.0,False,3.0,Norwalk - La Mirada,90638,118.0,13033.0,508.2161612739285,0.8571428571428571,39.0,0,983.8333333333334,0.45292718483848693,14.914122846632385,13.709037694795391,14.443205149887934,1873286.9065007325
False,False,2025-12-15,2650000.0,37.53439229,-122.24369638,1990.0,699 - Not Defined,True,2.0,0.1437,1979.0,3.0,Redwood City,4.0,True,1.0,Two,6261.0,False,2.0,Other,94065,0.0,6261.0,1331.6582914572864,1.3333333333333333,46.0,0,497.5,0.31784060054304425,14.790070197962406,14.748131680958203,14.623530972187938,2243462.4616003837
False,False,2025-12-19,820000.0,32.563618,-117.058749,1687.0,92173 - San Ysidro,True,2.0,0.4934,1979.0,2.0,San Ysidro,4.0,True,2.0,Two,21493.0,False,2.0,South Bay Union,92173,0.0,21493.0,486.0699466508595,2.0,46.0,0,421.75,0.07849067138137998,13.617059619240436,13.500799813124575,13.53519975420192,755548.8775255415
True,False,2025-12-02,880000.0,33.938846000000005,-117.986157,1329.0,670 - Whittier,True,5.0,0.14,1953.0,2.0,Whittier,3.0,True,1.0,One,0.14,False,2.0,Whittier Union High,90603,0.0,6098.4,662.1519939804364,1.5,72.0,0,443.0,0.21792601338055884,13.687677186454389,13.711260536590475,13.68602195691738,878544.602847898
True,False,2025-12-03,1675000.0,34.048637,-117.88308899999998,3632.0,669 - West Covina,True,3.0,0.59,1982.0,3.0,West Covina,4.0,True,2.0,Two,0.59,False,3.0,West Covina,91791,0.0,25700.4,461.1784140969163,1.3333333333333333,43.0,0,908.0,0.14132075765357738,14.331323723241304,13.785051350479566,14.269165811547547,1574055.2540174094
False,True,2025-12-03,1511000.0,34.22263,-118.595672,1913.0,CP - Canoga Park,False,2.0,0.7165,1956.0,2.0,Canoga Park,3.0,True,1.0,One,31209.0,False,2.0,Mount Diablo,91304,0.0,31209.0,789.8588604286462,1.5,69.0,0,637.6666666666666,0.061296420904226344,14.228282241254878,13.846039762999096,13.859214196690228,1044672.7084722632
True,False,2025-12-19,355000.0,34.469569,-117.194999,1562.0,APPV - Apple Valley,True,0.0,0.4132,1983.0,2.0,Apple Valley,3.0,True,1.0,One,18000.0,False,0.0,Apple Valley Unified,92308,0.0,18000.0,227.27272727272728,1.5,42.0,0,520.6666666666666,0.08677777777777777,12.779873068457553,12.936033799212835,12.915125478345754,406413.1281916132
True,False,2025-12-30,495000.0,34.060027000000005,-117.323929,940.0,273 - Colton,False,2.0,0.1722,1905.0,2.0,Colton,3.0,False,1.0,One,7500.0,False,2.0,Colton Unified,92324,0.0,7500.0,526.5957446808511,1.5,120.0,0,313.3333333333333,0.12533333333333332,13.112313041550827,13.142166004700508,13.070947250114362,474941.6579545868
True,False,2025-12-19,1200000.0,35.312857,-120.859373,2016.0,OSOS - Los Osos,True,2.0,0.1607,1972.0,2.0,Los Osos,3.0,True,1.0,One,7000.0,False,2.0,San Luis Coastal Unified,93402,0.0,7000.0,595.2380952380952,1.5,53.0,0,672.0,0.288,13.997832114758229,13.687677186454389,13.768041599716074,953640.0753316971
True,False,2025-12-26,371000.0,34.223662,-116.397127,804.0,DC571 - Yucca Mesa,False,2.0,2.5,1957.0,1.0,Yucca Valley,2.0,True,1.0,One,2.5,False,2.0,Hesperia Unified,92284,0.0,108900.0,461.4427860696518,2.0,68.0,0,402.0,0.007382920110192838,12.823957341589573,12.86876061860541,12.572744441819594,288584.8536587024
True,False,2025-12-10,1125000.0,32.77577523,-116.92298747,2636.0,92019 - El Cajon,True,9.0,0.2622,1980.0,3.0,El Cajon,4.0,True,2.0,Two,11421.0,False,3.0,Chino Valley Unified,92019,380.0,11421.0,426.78300455235205,1.3333333333333333,45.0,0,659.0,0.23080290692583838,13.933293593620657,13.773646353865574,13.954005538150344,1148543.916078959
True,False,2025-12-11,875000.0,37.93412459,-121.94056011,1408.0,HNDL - Helendale,True,2.0,0.3207,1962.0,2.0,Clayton,3.0,True,1.0,One,13968.0,False,2.0,Banning Unified,94517,0.0,13968.0,621.4488636363636,1.5,63.0,0,469.3333333333333,0.10080183276059565,13.681979165339751,13.946538820370678,13.795128207151349,979823.96518673
True,False,2025-12-09,796483.0,33.024498,-116.878919,1555.0,92065 - Ramona,False,17.0,0.5,2025.0,2.0,Ramona,3.0,False,1.0,One,0.5,False,1.0,Ramona Unified,92065,0.0,21780.0,512.2077170418006,1.5,0.0,0,518.3333333333334,0.07139577594123049,13.587961064727192,13.623138665316818,13.55581477936311,771286.1918798595
True,False,2025-12-15,1000000.0,33.031423,-117.074524,1760.0,92128 - Rancho Bernardo,True,2.0,0.9545,1986.0,2.0,San Diego,3.0,True,1.0,One,41579.0,False,2.0,Poway Unified,92128,405.0,41579.0,568.1818181818181,1.5,39.0,0,586.6666666666666,0.04232906034296159,13.815510557964274,13.983960916083914,13.937683893608932,1129949.9454087066
False,False,2025-12-16,1300000.0,32.82566735,-117.17469435,2176.0,92117 - Clairemont Mesa,True,4.0,0.1423,1982.0,3.0,San Diego,4.0,False,1.0,One,6200.0,False,2.0,West Covina,92117,90.0,6200.0,597.4264705882352,1.3333333333333333,43.0,0,544.0,0.35096774193548386,14.077874822431765,13.964016766263498,14.002908772752274,1206107.4792675218
False,False,2025-12-19,612000.0,33.905455,-118.22695,952.0,"RP - Compton S of Rosecrans, E of Central,W of Ala",False,1.0,0.1724,1940.0,1.0,Compton,2.0,False,1.0,One,7510.0,False,1.0,Compton Unified,90222,0.0,7510.0,642.8571428571429,2.0,85.0,0,476.0,0.12676431424766976,13.324487561494463,13.304684934198283,13.111729494269504,494711.2283598922
True,True,2025-12-02,2450000.0,34.175290999999994,-118.262377,2268.0,626 - Glendale-Northwest,True,2.0,0.4784,1961.0,3.0,Glendale,3.0,True,1.0,One,20837.0,False,2.0,Glendale Unified,91202,0.0,20837.0,1080.2469135802469,1.0,64.0,0,756.0,0.10884484330757786,14.71159858252091,14.383661248349535,14.387654004751553,1772061.3026993442
True,False,2025-12-16,725000.0,33.881139000000005,-118.076909,984.0,M1 - Norwalk,True,2.0,0.1023,1949.0,1.0,Norwalk,3.0,False,1.0,One,4458.0,False,2.0,Norwalk - La Mirada,90650,0.0,4458.0,736.7886178861788,3.0,76.0,0,328.0,0.22072678331090176,13.493926933836812,13.541073712262515,13.407599599958214,665038.0925039132
True,True,2025-12-30,915000.0,34.05249,-117.03142,3050.0,269 - Yucaipa/Calimesa/Oak Glen,True,13.0,0.523,1999.0,3.0,Yucaipa,4.0,True,2.0,Two,22780.0,False,3.0,Yucaipa/Calimesa Unified,92399,0.0,22780.0,300.0,1.3333333333333333,26.0,0,762.5,0.13388937664618086,13.726679344257658,13.274219822166483,13.6423607778248,841011.6385699625
True,False,2025-12-15,670000.0,34.124157000000004,-117.57336399999998,1263.0,688 - Rancho Cucamonga,True,4.0,0.1047,1985.0,2.0,Rancho Cucamonga,2.0,True,1.0,One,4560.0,False,2.0,Chaffey Joint Union High,91701,0.0,4560.0,530.4829770387965,1.0,40.0,0,631.5,0.2769736842105263,13.415032991367148,13.654166717138976,13.344943882822712,624648.19536548
True,False,2025-12-12,850000.0,34.186885,-118.51849,1880.0,RES - Reseda,False,2.0,0.1263,1952.0,2.0,Reseda,5.0,False,1.0,One,5500.0,False,2.0,Other,91335,0.0,5500.0,452.1276595744681,2.5,73.0,0,376.0,0.3418181818181818,13.652991628466498,13.652991628466498,13.73813659956723,925543.6740534113
True,False,2025-12-22,672500.0,33.513029,-117.142159,1668.0,SRCAR - Southwest Riverside County,True,2.0,0.19,1986.0,3.0,Temecula,3.0,True,2.0,Two,8276.0,False,2.0,Temecula Unified,92591,0.0,8276.0,403.1774580335732,1.0,39.0,0,556.0,0.2015466408893185,13.418757390458131,13.514405465180353,13.476040537967904,712147.6467791112
True,False,2025-12-18,620000.0,33.914774,-116.861902,2378.0,263 - Banning/Beaumont/Cherry Valley,True,3.0,0.47,2004.0,2.0,Banning,4.0,True,1.0,One,20473.0,False,3.0,Banning Unified,92220,0.0,20473.0,260.7232968881413,2.0,21.0,0,594.5,0.11615298197626142,13.337474757021274,12.994530005894443,13.20796309759063,544685.0940629726
True,False,2025-12-26,1630000.0,33.773088,-118.361263,2001.0,175 - Peninsula Center,True,2.0,0.5334,1965.0,2.0,Rancho Palos Verdes,4.0,True,1.0,One,23234.0,False,2.0,Palos Verdes Peninsula Unified,90275,0.0,23234.0,814.5927036481759,2.0,60.0,0,500.25,0.0861237841094947,14.304090572782945,14.438232971730155,14.342674759749022,1694121.3041529488
True,False,2025-12-18,315000.0,35.628376,-118.41631,1500.0,LKIS - Lake Isabella,True,2.0,0.32,1998.0,2.0,Lake Isabella,3.0,False,1.0,One,13939.0,False,2.0,Kernville Union,93240,0.0,13939.0,210.0,1.5,27.0,0,500.0,0.10761173685343281,12.66032791780777,12.487485104968359,12.611353686728036,299944.78500869154
True,False,2025-12-18,1700000.0,34.162185,-118.033301,2890.0,605 - Arcadia,True,2.0,0.2555,1950.0,3.0,Arcadia,4.0,True,1.0,One,11129.0,False,2.0,Arcadia Unified,91006,0.0,11129.0,588.2352941176471,1.3333333333333333,75.0,0,722.5,0.2596819121214844,14.346138809026444,14.32771348302841,14.665751066356808,2340209.6243024725
True,False,2025-12-26,1000000.0,33.167771,-117.254558,2585.0,92056 - Oceanside,True,2.0,0.11,1991.0,4.0,Oceanside,4.0,True,2.0,Two,0.11,False,2.0,Vista Unified,92056,216.0,4791.6,386.8471953578336,1.0,34.0,0,646.25,0.539485766758494,13.815510557964274,13.732128949025222,13.98057521064327,1179469.3721010708
True,True,2025-12-05,589500.0,33.847284,-116.471472,1865.0,335 - Cathedral City North,True,6.0,0.22,1997.0,2.0,Cathedral City,3.0,False,1.0,One,9583.0,False,3.0,Palm Springs Unified,92234,49.0,9583.0,316.0857908847185,1.5,28.0,0,621.6666666666666,0.19461546488573517,13.287029998959563,13.224919965729422,13.252315781242366,569387.0903771844
True,True,2025-12-11,1250000.0,34.161901,-117.595019,2387.0,688 - Rancho Cucamonga,True,3.0,0.4454,1979.0,3.0,Rancho Cucamonga,4.0,True,2.0,Two,19402.0,False,3.0,Chaffey Joint Union High,91737,0.0,19402.0,523.6698785085882,1.3333333333333333,46.0,0,596.75,0.1230285537573446,14.038654109278484,13.75893124807979,13.930724413308067,1122113.3818573912
True,False,2025-12-29,607250.0,37.97040870000001,-121.79926979,1979.0,MS - Mission Viejo South,True,3.0,0.1569,1991.0,3.0,Antioch,3.0,True,2.0,Two,6834.0,False,3.0,Saddleback Valley Unified,94531,225.0,6834.0,306.8468923698838,1.0,34.0,0,659.6666666666666,0.28958150424348844,13.31669584686442,13.415032991367148,13.370847970426174,641040.5346110584
False,False,2025-12-05,553000.0,34.055103,-117.749991,910.0,687 - Pomona,False,1.0,0.1783,1924.0,1.0,Pomona,2.0,False,1.0,One,7768.0,False,1.0,Pomona Unified,91766,0.0,7768.0,607.6923076923077,2.0,101.0,0,455.0,0.11714727085478888,13.223113280504473,13.449504179573367,13.250058208732582,568103.1076219412
True,False,2025-12-30,530000.0,33.953435,-117.291049,2052.0,259 - Moreno Valley,True,3.0,0.16,1991.0,3.0,Moreno Valley,4.0,True,2.0,Two,6970.0,False,3.0,Moreno Valley Unified,92557,0.0,6970.0,258.2846003898636,1.3333333333333333,34.0,0,513.0,0.2944045911047346,13.180632285528304,13.262125319779487,13.311559381435744,604138.8782931124
True,False,2025-12-11,275000.0,34.213417,-117.075015,1254.0,288 - Running Springs,True,0.0,4120.0,1991.0,2.0,Running Springs,2.0,True,2.0,Two,4120.0,False,0.0,Rim of the World,92382,0.0,179467200.0,219.2982456140351,1.0,34.0,0,627.0,6.987349220358929e-06,12.524526376648708,12.793859310432293,12.870102077385193,388520.8352679729
True,False,2025-12-26,600000.0,34.045311,-117.463366,1725.0,264 - Fontana,True,2.0,0.0819999999999999,1991.0,3.0,Fontana,4.0,True,2.0,Two,3571.0,False,2.0,Fontana Unified,92337,0.0,3571.0,347.8260869565217,1.3333333333333333,34.0,0,431.25,0.4830579669560347,13.304684934198283,13.304684934198283,13.261907092489023,574874.532998643
True,False,2025-12-12,347000.0,33.749514000000005,-116.975802,1096.0,SRCAR - Southwest Riverside County,True,0.0,0.15,1930.0,2.0,Hemet,2.0,False,1.0,One,6534.0,False,0.0,Hemet Unified,92543,0.0,6534.0,316.6058394160584,1.0,95.0,0,548.0,0.1677379859198041,12.757080058928997,12.919503857231216,12.71152480793622,331546.9832864282
True,False,2025-12-11,615000.0,33.972818,-117.52356100000002,1404.0,251 - Jurupa Valley,True,0.0,0.18,1963.0,2.0,Jurupa Valley,4.0,True,1.0,One,7840.0,False,0.0,Corona-Norco Unified,91752,0.0,7840.0,438.0341880341881,2.0,62.0,0,351.0,0.17908163265306123,13.329377546788654,13.683120718347036,13.623254215721948,825095.3345921015
True,False,2025-12-23,758000.0,34.008278999999995,-118.063639,1703.0,649 - Pico Rivera,True,2.0,0.0369,1989.0,3.0,Pico Rivera,4.0,True,2.0,Two,1606.0,False,2.0,Whittier Union High,90660,260.0,1606.0,445.09688784497945,1.3333333333333333,36.0,0,425.75,1.060398505603985,13.53843866462451,13.527828485512494,13.470676376683807,708337.7993970568
True,False,2025-12-18,2500000.0,33.640316,-117.882501,2000.0,NV - East Bluff - Harbor View,True,4.0,0.0335,1968.0,3.0,Newport Beach,3.0,True,2.0,Two,1459.0,True,2.0,Newport Mesa Unified,92660,595.0,1459.0,1250.0,1.0,57.0,0,666.6666666666666,1.3708019191226868,14.73180128983843,15.133214468519324,14.672897610017664,2356993.9380380707
False,False,2025-12-22,1149000.0,33.5898,-117.593859,1840.0,WW - Wagon Wheel,True,2.0,0.0859,1997.0,3.0,Trabuco Canyon,3.0,True,2.0,Two,3740.0,False,2.0,Capistrano Unified,92679,101.0,3740.0,624.4565217391304,1.0,28.0,0,613.3333333333334,0.4919786096256685,13.954402556830892,14.357834848789636,14.162750880049941,1415156.7779361408
True,False,2025-12-16,795000.0,34.144196,-117.44795,2992.0,264 - Fontana,True,3.0,0.1423,2004.0,3.0,Fontana,4.0,True,2.0,Two,6197.0,False,3.0,Fontana Unified,92336,0.0,6197.0,265.7085561497326,1.3333333333333333,21.0,0,748.0,0.4828142649669195,13.58609739363647,13.487006490992238,13.540676623683082,759698.2725898505
False,False,2025-12-18,860000.0,34.15663,-118.272259,954.0,626 - Glendale-Northwest,False,1.0,0.1358,1937.0,1.0,Glendale,2.0,True,1.0,One,5917.0,False,1.0,Glendale Unified,91202,0.0,5917.0,901.4675052410902,2.0,88.0,0,477.0,0.16123035321953694,13.664687668229691,14.383661248349535,13.960039347871161,1155494.9610772242
True,False,2025-12-22,856000.0,32.656802,-116.98498,1996.0,91910 - Chula Vista,True,2.0,0.1471,1988.0,3.0,Chula Vista,4.0,True,2.0,Two,6406.0,False,2.0,Sweetwater Union,91913,265.0,6406.0,428.8577154308618,1.3333333333333333,37.0,0,499.0,0.3115828910396503,13.66002565512388,13.764217263576723,13.734465367674979,922152.0181865256
True,False,2025-12-22,880000.0,37.8746485,-122.29483673,755.0,1A - Seal Beach,True,2.0,0.1155,1924.0,1.0,Berkeley,2.0,True,1.0,One,5031.0,False,1.0,San Diego Unified,94710,205.0,5031.0,1165.5629139072848,2.0,101.0,0,377.5,0.15006956867421983,13.687677186454389,14.037853468594996,13.597242473184899,803909.8967683846
True,False,2025-12-11,1920000.0,37.09028506,-122.00396307,2583.0,699 - Not Defined,True,4.0,13.431,2008.0,3.0,Scotts Valley,3.0,True,2.0,One,585054.0,False,2.0,Other,95066,0.0,585054.0,743.3217189314751,1.0,17.0,0,861.0,0.0044149770790388575,14.467835744003965,14.187074114396758,14.361104626118328,1725633.221676675
True,False,2025-12-04,410000.0,34.536275,-117.214089,1156.0,APPV - Apple Valley,True,4.0,1.0,1983.0,2.0,Apple Valley,3.0,False,1.0,One,43560.0,False,2.0,Apple Valley Unified,92307,0.0,43560.0,354.6712802768166,1.5,42.0,0,385.3333333333333,0.026538108356290176,12.92391243868049,13.049792684569493,12.856299277951694,383195.00037349196
True,False,2025-12-18,539900.0,33.948158,-117.029849,2065.0,263 - Banning/Beaumont/Cherry Valley,True,2.0,0.1096,2023.0,3.0,Beaumont,4.0,False,2.0,Two,4774.0,False,2.0,Beaumont,92223,155.0,4774.0,261.452784503632,1.3333333333333333,2.0,0,516.25,0.43255131964809385,13.199139216206378,13.197470849891134,13.245921636762217,565757.9620065104
True,False,2025-12-17,620000.0,37.80954154,-122.29757522,816.0,324 - East Palm Desert,False,1.0,0.066,1906.0,2.0,Oakland,2.0,False,1.0,One,2875.0,False,0.0,Hemet Unified,94607,0.0,2875.0,759.8039215686274,1.0,119.0,0,408.0,0.28382608695652173,13.337474757021274,13.428376406540833,13.252218817604321,569331.8832100327
False,False,2025-12-04,1000000.0,32.73894487,-117.12228527,865.0,92104 - North Park,True,1.0,0.059,1935.0,1.0,San Diego,2.0,True,1.0,One,2571.0,False,0.0,Other,92104,0.0,2571.0,1156.0693641618498,2.0,90.0,0,432.5,0.33644496304939714,13.815510557964274,13.980515688011007,13.654730942026058,851479.7029863244
True,False,2025-12-12,1350000.0,34.118007,-118.207305,1270.0,632 - Highland Park,True,2.0,0.1298,1921.0,2.0,Los Angeles,2.0,False,1.0,One,5656.0,False,2.0,William S. Hart Union,90042,0.0,5656.0,1062.992125984252,1.0,104.0,0,635.0,0.22454031117397455,14.115615150414612,14.018451401960965,13.969636120406868,1166637.3634192368
False,False,2025-12-19,599999.0,33.738685,-116.204462,2804.0,309 - Indio North of East Valley,False,6.0,0.19,2016.0,3.0,Indio,4.0,False,1.0,One,8276.0,False,2.0,Hemet Unified,92203,101.0,8276.0,213.9796718972896,1.3333333333333333,9.0,0,701.0,0.3388110198163364,13.304683267530228,13.255142955086335,13.386526488284247,651170.3024496823
False,False,2025-12-02,1178000.0,33.798265,-118.021824,1792.0,"57 - Cypress N of Orangewood, S Of Katella",True,2.0,0.1194,1972.0,2.0,Cypress,4.0,True,1.0,One,5200.0,False,2.0,Anaheim Union High,90630,0.0,5200.0,657.3660714285714,2.0,53.0,0,448.0,0.3446153846153846,13.97932864319367,13.933293593620657,13.897703016318342,1085664.7349721722
False,True,2025-12-03,800000.0,33.455998,-117.090437,2916.0,SRCAR - Southwest Riverside County,True,2.0,0.16,2003.0,3.0,Temecula,5.0,True,2.0,Two,6970.0,False,2.0,Temecula Unified,92592,40.0,6970.0,274.34842249657066,1.6666666666666667,22.0,0,583.2,0.418364418938307,13.592367006650065,13.580420735596498,13.66948253701214,864133.4890022593
False,False,2025-12-12,840000.0,34.057863,-117.932207,1563.0,669 - West Covina,True,2.0,0.1673,1950.0,2.0,West Covina,3.0,True,1.0,One,7289.0,False,2.0,West Covina,91790,0.0,7289.0,537.4280230326295,1.5,75.0,0,521.0,0.2144327068184936,13.641157170819497,13.652991628466498,13.703136615453943,893709.9988470152
True,False,2025-12-29,430000.0,34.429864,-117.274359,1053.0,HSP - Hesperia,False,12.0,1.2397,1956.0,1.0,Hesperia,3.0,False,1.0,One,54000.0,False,2.0,Hesperia Unified,92345,0.0,54000.0,408.3570750237417,3.0,69.0,0,351.0,0.0195,12.971540487669746,13.064514272196533,12.796786980625026,361055.5056016109
True,False,2025-12-02,595000.0,33.584105,-117.203146,2100.0,SRCAR - Southwest Riverside County,True,2.0,0.1,2001.0,2.0,Murrieta,3.0,True,1.0,One,4356.0,False,2.0,Murrieta,92562,348.0,4356.0,283.3333333333333,1.5,24.0,0,700.0,0.4820936639118457,13.296316684527767,13.487006490992238,13.415382014400963,670233.886246125
False,True,2025-12-29,1150000.0,34.259552,-118.791585,2883.0,SVW - West Simi,True,0.0,0.37,1991.0,4.0,Simi Valley,4.0,True,2.0,Two,16117.0,False,0.0,Simi Valley Unified,93065,0.0,16117.0,398.8900450919181,1.0,34.0,0,720.75,0.1788794440652727,13.955272500339433,13.676248490630767,14.061269444435927,1278591.2507250553
True,False,2025-12-03,675000.0,34.090575,-118.166401,672.0,621 - El Sereno,True,1.0,0.071,1929.0,1.0,Los Angeles,2.0,False,1.0,One,3092.0,False,2.0,Alameda City Unified,90032,0.0,3092.0,1004.4642857142856,2.0,96.0,0,336.0,0.21733505821474774,13.422467969854667,13.6623593784701,13.343836323889871,623956.7436592601
True,False,2025-12-18,378000.0,34.124731,-116.070089,1125.0,DC726 - Four Corners,True,2.0,1.0,1951.0,2.0,Twentynine Palms,2.0,True,1.0,One,43560.0,False,2.0,Apple Valley Unified,92277,0.0,43560.0,336.0,1.0,74.0,0,562.5,0.025826446280991736,12.842649474601725,12.666637149787377,12.570481964283921,287932.6749581916
False,False,2025-12-01,799000.0,33.91873,-118.046975,1256.0,670 - Whittier,True,2.0,0.1619,1976.0,2.0,Whittier,3.0,False,1.0,One,7053.0,False,2.0,Whittier Union High,90605,0.0,7053.0,636.1464968152866,1.5,49.0,0,418.6666666666667,0.17808024953920318,13.591116224748411,13.602934236950354,13.464083402568283,703683.1076123754
True,True,2025-12-02,1715000.0,33.3177,-117.242919,3250.0,92028 - Fallbrook,True,3.0,2.13,2019.0,3.0,Fallbrook,3.0,True,1.0,One,2.13,False,3.0,Fallbrook Union,92028,0.0,92782.8,527.6923076923077,1.0,6.0,0,1083.3333333333333,0.03502804399091211,14.354923638582177,13.681979165339751,14.188198351861882,1451631.0610025814
False,False,2025-12-22,1415000.0,37.75930074,-122.25873091,2081.0,C28 - Culver City,True,2.0,0.1364,1963.0,2.0,Alameda,4.0,True,1.0,One,5940.0,False,2.0,Temecula Unified,94501,0.0,5940.0,679.961556943777,2.0,62.0,0,520.25,0.35033670033670034,14.162640089059476,14.096915897380246,14.129544446176443,1368936.1265592359
True,False,2025-12-15,885000.0,33.524728,-117.578754,1400.0,RIEN - Rienda,True,2.0,0.0459,2024.0,3.0,Rancho Mission Viejo,2.0,False,2.0,ThreeOrMore,2000.0,False,2.0,Capistrano Unified,92694,304.0,2000.0,632.1428571428571,0.6666666666666666,1.0,0,700.0,0.7,13.693342923990066,14.232573444874031,13.91837363884885,1108339.645802705
True,True,2025-12-23,1660000.0,33.860725,-117.350179,5132.0,252 - Riverside,True,8.0,1.0,2006.0,4.0,Riverside,6.0,True,1.0,One,43560.0,False,4.0,Riverside Unified,92504,90.0,43560.0,323.460639127046,1.5,19.0,0,855.3333333333334,0.11781450872359964,14.322328160332725,13.353475098367715,14.28965529776456,1606639.5148815515
False,False,2025-12-22,472000.0,33.926052,-117.44427,1369.0,252 - Riverside,True,1.0,0.17,1955.0,2.0,Riverside,3.0,False,1.0,One,7405.0,False,1.0,Riverside Unified,92503,0.0,7405.0,344.7772096420745,1.5,70.0,0,456.3333333333333,0.18487508440243078,13.064734264567692,13.399995114002609,13.366524053346833,638274.7123970675
True,False,2025-12-16,332500.0,33.97609,-116.972349,852.0,263 - Banning/Beaumont/Cherry Valley,False,2.0,0.34,1930.0,1.0,Cherry Valley,2.0,False,1.0,One,14810.0,False,2.0,Beaumont,92223,0.0,14810.0,390.2582159624413,2.0,95.0,0,426.0,0.0575286968264686,12.714395139078047,13.197470849891134,12.89182723680838,397053.867478414
True,False,2025-12-19,805000.0,34.109354,-117.584433,1576.0,688 - Rancho Cucamonga,False,2.0,0.1882,1957.0,2.0,Rancho Cucamonga,4.0,True,1.0,One,8200.0,False,2.0,Cucamonga,91730,0.0,8200.0,510.7868020304568,2.0,68.0,0,394.0,0.19219512195121952,13.5985975564007,13.500799813124575,13.524573641053736,747562.8351038736
True,False,2025-12-15,500000.0,34.5196,-117.36371499999998,2816.0,VIC - Victorville,True,3.0,0.1558,2005.0,3.0,Victorville,4.0,True,2.0,Two,6785.0,False,3.0,Victor Valley Unified,92394,0.0,6785.0,177.5568181818182,1.3333333333333333,20.0,0,704.0,0.41503316138540897,13.122363377404328,12.948009990259552,13.11827227901279,497958.62937548576
False,False,2025-12-17,509000.0,34.042567,-117.396946,900.0,265 - Bloomington,False,0.0,0.1814,1956.0,2.0,Bloomington,3.0,False,1.0,One,7900.0,False,0.0,Colton Unified,92316,0.0,7900.0,565.5555555555555,1.5,69.0,0,300.0,0.11392405063291139,13.14020329553266,13.208541073645382,13.043958961224272,462295.21579668485
True,False,2025-12-05,738000.0,34.137941,-117.998126,992.0,639 - Monrovia,False,2.0,0.1513,1951.0,1.0,Monrovia,2.0,True,1.0,One,6590.0,False,2.0,Monrovia Unified,91016,0.0,6590.0,743.9516129032259,2.0,74.0,0,496.0,0.15053110773899847,13.51169910358261,13.819990428650009,13.607144805187346,811910.0240527346
False,False,2025-12-04,950000.0,33.944123,-118.153623,1186.0,"D3 - Southwest Downey, S of Firestone, W of Downey",True,2.0,0.1272,1955.0,2.0,Downey,3.0,True,1.0,One,5543.0,False,2.0,Downey Unified,90241,0.0,5543.0,801.0118043844857,1.5,70.0,0,395.3333333333333,0.213963557640267,13.764217263576723,13.790192749979985,13.688955990595609,881126.0675007065
True,False,2025-12-09,630000.0,34.153960999999995,-117.437502,1916.0,264 - Fontana,True,2.0,0.0719,2021.0,3.0,Fontana,3.0,False,2.0,Two,3134.0,False,2.0,Fontana Unified,92336,165.0,3134.0,328.81002087682674,1.0,4.0,0,638.6666666666666,0.6113592852584556,13.353475098367715,13.487006490992238,13.421144002802597,674106.913578808
True,True,2025-12-05,655000.0,33.463679,-117.114491,1218.0,SRCAR - Southwest Riverside County,True,2.0,0.26,1987.0,2.0,Temecula,3.0,True,1.0,One,11325.0,False,2.0,Temecula Unified,92592,0.0,11325.0,537.7668308702791,1.5,38.0,0,406.0,0.10754966887417218,13.39239051461739,13.580420735596498,13.40594526116209,663938.8037353272
True,True,2025-12-18,495000.0,34.153099,-117.245568,1235.0,274 - San Bernardino,True,2.0,0.1717,1955.0,2.0,San Bernardino,4.0,True,1.0,One,7480.0,False,0.0,San Bernardino City Unified,92404,0.0,7480.0,400.8097165991903,2.0,70.0,0,308.75,0.16510695187165775,13.112313041550827,13.142166004700508,13.05835633554004,468999.1971250387
True,False,2025-12-04,740000.0,34.256075,-117.2067,2230.0,287A - Arrowhead Woods,True,0.0,0.26,1974.0,3.0,Lake Arrowhead,4.0,True,2.0,Two,0.26,False,0.0,Rim of the World,92352,0.0,11325.6,331.8385650224215,1.3333333333333333,51.0,0,557.5,0.19689906053542416,13.514405465180353,13.412043452518782,13.515013232022241,740449.8841614875
True,True,2025-12-08,2600000.0,35.586698,-120.657473,4237.0,TTON - Templeton,True,4.0,1.47,2001.0,5.0,Templeton,4.0,True,1.0,One,1.47,False,4.0,Templeton Unified,93465,200.0,64033.2,613.6417276374793,0.8,24.0,0,1059.25,0.0661687999350337,14.77102200299171,13.974648779302571,14.697351899897017,2415343.0867781085
True,False,2025-12-12,419000.0,34.595048,-118.151929,1141.0,PLM - Palmdale,True,2.0,0.1609,1981.0,2.0,Palmdale,3.0,True,1.0,One,7007.0,False,2.0,Palmdale,93551,0.0,7007.0,367.2217353198948,1.5,44.0,0,380.3333333333333,0.16283716283716285,12.945626198904275,13.345506928718539,13.213884190024583,547919.7918741596
False,True,2025-12-19,2062000.0,37.26360758,-121.99088137,1492.0,699 - Not Defined,True,2.0,0.124,1967.0,2.0,Los Gatos,3.0,True,1.0,One,5400.0,False,2.0,Other,95032,0.0,5400.0,1382.0375335120643,1.5,58.0,0,497.3333333333333,0.2762962962962963,14.539186943559042,14.927301792587102,14.63636627584325,2272443.576365019
False,False,2025-12-16,1549000.0,34.192792,-118.327233,2700.0,610 - Burbank,True,1.0,0.1321,1948.0,5.0,Burbank,5.0,False,1.0,One,5756.0,False,2.0,Capistrano Unified,91504,99.0,5756.0,573.7037037037037,1.0,77.0,0,540.0,0.46907574704656013,14.253120119399005,14.151982794585487,14.47783339998644,1939291.775062371
False,False,2025-12-11,297000.0,36.135138,-120.372059,1387.0,PLUM - Plum Canyon,True,2.0,0.1515,1966.0,2.0,Coalinga,3.0,True,1.0,One,6600.0,False,2.0,Coalinga-Huron Joint Unified,93210,0.0,6600.0,214.13121845710165,1.5,59.0,0,462.3333333333333,0.21015151515151514,12.601487417784837,12.509874099861838,12.532842894364512,277296.5789046296
True,False,2025-12-03,830000.0,37.62518991,-122.0862611,1125.0,335 - Cathedral City North,True,1.0,0.1148,1955.0,2.0,Hayward,3.0,False,1.0,One,5000.0,False,1.0,Paradise Unified,94545,0.0,5000.0,737.7777777777778,1.5,70.0,0,375.0,0.225,13.62918097977278,13.732128949025222,13.657506025246873,853845.9117174882
False,False,2025-12-01,1150000.0,34.176133,-118.148723,2450.0,645 - Pasadena (NW),False,3.0,0.2612,1963.0,2.0,Pasadena,5.0,True,1.0,One,11377.0,False,3.0,San Jacinto Unified,91103,0.0,11377.0,469.3877551020408,2.5,62.0,0,490.0,0.21534675221939,13.955272500339433,14.182799053125816,14.21955859382385,1497875.8969862838
True,True,2025-12-30,775000.0,33.789572,-116.409471,2633.0,321 - Rancho Mirage,True,6.0,0.33,1998.0,3.0,Rancho Mirage,3.0,True,1.0,One,14375.0,False,2.0,Laguna Beach Unified,92270,405.0,14375.0,294.3410558298519,1.0,27.0,0,877.6666666666666,0.18316521739130434,13.560618308335483,13.9108207377686,13.986656233705254,1186663.604530863
True,False,2025-12-22,285000.0,38.94661,-122.613045,1368.0,LCCLE - Clearlake  East,True,2.0,0.12,2007.0,2.0,Clearlake,3.0,False,1.0,One,5227.0,False,2.0,Konocti Unified,95422,0.0,5227.0,208.33333333333337,1.5,18.0,0,456.0,0.2617180026784006,12.560244459250788,12.524526376648708,12.55391421673128,283201.5791076592
True,False,2025-12-03,2350000.0,33.802285999999995,-118.369331,1774.0,164 - Valmonte,False,2.0,0.2007,1954.0,2.0,Palos Verdes Estates,3.0,True,1.0,One,8742.0,False,2.0,Palos Verdes Peninsula Unified,90274,0.0,8742.0,1324.6899661781283,1.5,71.0,0,591.3333333333334,0.2029283916723862,14.669925886120343,14.735791327008538,14.53477159146492,2052915.6141216173
False,False,2025-12-08,498000.0,34.488409999999995,-117.539974,2046.0,PINH - Pinon Hills,True,3.0,2.2,2019.0,3.0,Pinon Hills,4.0,False,1.0,One,2.2,False,3.0,Shoreline Unified,92372,0.0,95832.0,243.4017595307918,1.3333333333333333,6.0,0,511.5,0.02134986225895317,13.11835535600679,13.094474869669831,13.296030686254298,594829.8553589825
True,True,2025-12-16,632000.0,34.860996,-120.434432,1363.0,ORCT - Orcutt,True,2.0,0.17,1962.0,2.0,Santa Maria,3.0,True,1.0,One,0.17,False,2.0,ABC Unified,93455,0.0,7405.2,463.68305209097576,1.5,63.0,0,454.3333333333333,0.18405984983525092,13.356644673128994,13.538369041771391,13.484159116843696,717952.8065590315
True,False,2025-12-26,885000.0,34.253326,-118.469951,2300.0,MHL - Mission Hills,True,4.0,0.1847,1952.0,3.0,San Fernando,3.0,True,1.0,One,8046.0,False,2.0,See Remarks,91345,0.0,8046.0,384.7826086956522,1.0,73.0,0,766.6666666666666,0.2858563261247825,13.693342923990066,13.620099142278626,13.767693607683762,953308.2739192606
False,False,2025-12-19,690000.0,33.933212,-117.495045,1992.0,252 - Riverside,True,2.0,0.35,2007.0,2.0,Riverside,4.0,False,1.0,One,15245.0,False,2.0,Riverside Unified,92505,0.0,15245.0,346.3855421686747,2.0,18.0,0,498.0,0.13066579206297146,13.444446876573442,13.38779984090879,13.367600659529284,638962.2529373249
True,False,2025-12-03,370000.0,34.548539,-117.942578,1050.0,LRK - Littlerock,True,2.0,0.9086,1982.0,2.0,Littlerock,3.0,True,1.0,One,39577.0,False,2.0,Antelope Valley Union,93543,0.0,39577.0,352.3809523809524,1.5,43.0,0,350.0,0.026530560679182354,12.821258284620408,13.17777615494877,13.045786030259677,463140.6331534406
True,False,2025-12-23,745000.0,33.981997,-117.58927,2141.0,686 - Ontario,True,2.0,0.0959,2017.0,3.0,Ontario,3.0,True,2.0,Two,4178.0,False,2.0,Hemet Unified,91762,154.0,4178.0,347.96823914058854,1.0,8.0,0,713.6666666666666,0.5124461464815702,13.521139497361697,13.530491602931978,13.532420195049752,753451.7006918603
True,False,2025-12-05,2625000.0,32.965401,-117.234375,2983.0,92130 - Carmel Valley,True,6.0,0.1889999999999999,1999.0,3.0,San Diego,4.0,True,2.0,Two,8233.0,False,3.0,San Diego Unified,92130,0.0,8233.0,879.9865906805229,1.3333333333333333,26.0,0,745.75,0.3623223612291996,14.780591454007862,14.674172177001793,14.737237364771827,2513627.192996646
True,True,2025-12-05,1230000.0,33.591581,-117.59662,2250.0,WW - Wagon Wheel,True,2.0,0.1102,1996.0,4.0,Trabuco Canyon,4.0,True,2.0,Two,4800.0,False,2.0,Capistrano Unified,92679,101.0,4800.0,546.6666666666666,1.0,29.0,0,562.5,0.46875,14.0225247273486,14.357834848789636,14.30971735742654,1639197.5109090046
False,False,2025-12-12,380000.0,34.697564,-118.113735,1323.0,LAC - Lancaster,True,2.0,0.17,1976.0,2.0,Lancaster,4.0,True,1.0,One,0.17,False,2.0,Other,93535,0.0,7405.2,287.2260015117158,2.0,49.0,0,330.75,0.17865824015556636,12.84792653170257,12.994530005894443,12.906067309475635,402748.39240097406
True,False,2025-12-30,1055000.0,32.999045,-117.061092,1533.0,92128 - Rancho Bernardo,True,2.0,0.2032,1988.0,2.0,San Diego,2.0,True,1.0,One,8851.0,False,2.0,Poway Unified,92128,170.0,8851.0,688.1930854533595,1.0,37.0,0,766.5,0.1732007682747712,13.869051324892304,13.983960916083914,13.807725318403676,992244.9869259008
False,False,2025-12-02,1285700.0,37.68817179,-121.72584232,2136.0,RIEN - Rienda,True,2.0,0.1804,1971.0,2.0,Livermore,4.0,True,1.0,One,7859.0,False,2.0,Azusa Unified,94550,466.0,7859.0,601.9194756554307,2.0,54.0,0,534.0,0.27179030410993765,14.06681387507234,14.077490059042251,14.092745293547985,1319476.0626694767
True,True,2025-12-17,1200000.0,33.779745,-117.794547,2108.0,NTS - North Tustin,True,2.0,0.2824,1961.0,3.0,North Tustin,3.0,True,1.0,One,12300.0,False,2.0,Orange Unified,92705,0.0,12300.0,569.2599620493359,1.0,64.0,0,702.6666666666666,0.17138211382113822,13.997832114758229,14.376839163903371,14.375313951878123,1750328.3412606749
True,False,2025-12-01,435000.0,34.080705,-117.181171,934.0,268 - Redlands,True,0.0,0.172,1953.0,1.0,Redlands,3.0,False,1.0,One,7492.0,False,0.0,Redlands Unified,92374,0.0,7492.0,465.7387580299786,3.0,72.0,0,311.3333333333333,0.12466631073144688,12.983101310070822,13.299666780812677,13.130896777725363,504284.9567841868
True,False,2025-12-15,560000.0,33.934132,-117.023989,1967.0,263 - Banning/Beaumont/Cherry Valley,True,2.0,0.14,2018.0,3.0,Beaumont,4.0,False,2.0,Two,6098.0,False,2.0,Beaumont,92223,181.0,6098.0,284.6975088967972,1.3333333333333333,7.0,0,491.75,0.3225647753361758,13.235692062711331,13.197470849891134,13.232716416492195,558336.1149117044
True,False,2025-12-04,398000.0,33.735001000000004,-116.995489,1346.0,SRCAR - Southwest Riverside County,True,2.0,0.11,1989.0,2.0,Hemet,3.0,True,1.0,One,4792.0,False,2.0,Hemet Unified,92545,0.0,4792.0,295.69093610698366,1.5,36.0,0,448.6666666666667,0.2808848080133556,12.894207284266574,12.990536830078119,12.889061980594752,395957.4284702872
True,True,2025-12-12,1700000.0,33.88389,-117.94637,2283.0,83 - Fullerton,True,8.0,0.5031,1953.0,2.0,Fullerton,3.0,True,1.0,One,21913.0,False,2.0,Fullerton Joint Union High,92833,0.0,21913.0,744.6342531756461,1.5,72.0,0,761.0,0.10418473052525898,14.346138809026444,13.87377946608825,14.069320711606597,1288927.0829268068
True,False,2025-12-23,345000.0,34.202729,-116.29008799999998,2100.0,DC625 - North Central,True,0.0,2.5,1959.0,3.0,Joshua Tree,5.0,False,1.0,One,2.5,False,0.0,Morongo Unified,92252,0.0,108900.0,164.28571428571428,1.6666666666666667,66.0,0,420.0,0.01928374655647383,12.751299696013497,12.871334622600584,13.018430421622332,450642.86069601576
False,False,2025-12-15,580000.0,38.00071893,-121.8282422,1471.0,84 - Placentia,True,2.0,0.1804,1973.0,2.0,Antioch,3.0,True,1.0,One,7860.0,False,2.0,Pomona Unified,94509,0.0,7860.0,394.2895989123045,1.5,52.0,0,490.3333333333333,0.1871501272264631,13.270783382522602,13.199324418540456,13.105772740450755,491773.1148583227
True,False,2025-12-11,500000.0,34.525278,-117.245074,2572.0,APPV - Apple Valley,True,4.0,0.8788,1974.0,4.0,Apple Valley,4.0,True,2.0,Two,38280.0,False,4.0,Apple Valley Unified,92307,0.0,38280.0,194.4012441679627,1.0,51.0,0,643.0,0.06718913270637408,13.122363377404328,13.049792684569493,13.25186097092605,569128.1861351264
True,False,2025-12-15,256000.0,37.76205872,-120.83603055,912.0,678 - N. Whittier,True,1.0,0.66,1940.0,1.0,Oakdale,2.0,False,1.0,One,28749.0,False,1.0,Riverside Unified,95361,350.0,28749.0,280.70175438596493,2.0,85.0,0,456.0,0.031722842533653345,12.4529327234617,13.213106397994984,12.974993537753887,431487.37805373536
True,False,2025-12-19,1275000.0,36.96942674,-122.03578242,1100.0,699 - Not Defined,False,3.0,0.159,1910.0,2.0,Santa Cruz,3.0,False,2.0,"Two,One",6926.0,False,3.0,Other,95060,46.0,6926.0,1159.090909090909,1.5,115.0,0,366.6666666666667,0.1588218307825585,14.058456736574664,14.204168547756057,13.95025914189381,1144249.0655805676
True,False,2025-12-12,891000.0,33.836593,-117.914301,1307.0,79 - Anaheim West of Harbor,True,2.0,0.148,1954.0,2.0,Anaheim,4.0,False,1.0,One,6447.0,False,2.0,Anaheim Union High,92801,0.0,6447.0,681.7138485080337,2.0,71.0,0,326.75,0.20272995191561966,13.700099706452946,13.664687668229691,13.627876003309558,828917.5759580845
False,False,2025-12-19,1898000.0,33.0593169,-117.2987369,1803.0,92024 - Encinitas,True,2.0,0.2228,2025.0,3.0,Encinitas,3.0,False,2.0,Two,5500.0,False,2.0,Merced City,92024,354.0,9222.0,1052.689961175818,1.0,0.0,0,601.0,0.1955107351984385,14.45631125815201,14.603967918328545,14.531304119943687,2045809.5149124032
False,False,2025-12-22,1950000.0,33.33590754,-117.21271211,5323.0,92028 - Fallbrook,False,7.0,1.24,1990.0,5.0,Fallbrook,5.0,True,1.0,ThreeOrMore,54014.0,False,3.0,Victor Valley Unified,92028,376.0,54014.0,366.3347736238963,1.0,35.0,0,1064.6,0.09854852445662236,14.48333993053993,13.681979165339751,14.566505715955332,2119107.814718387
True,False,2025-12-09,8500000.0,34.071501,-118.336814,6210.0,C18 - Hancock Park-Wilshire,True,2.0,0.2516,1928.0,9.0,Los Angeles,7.0,True,2.0,ThreeOrMore,10960.0,False,3.0,Placentia-Yorba Linda Unified,90004,350.0,10960.0,1368.7600644122383,0.7777777777777778,97.0,0,887.1428571428571,0.5666058394160584,15.955576721460545,14.65917278350986,15.422663697722585,4988589.177153064
True,False,2025-12-12,1275000.0,33.856637,-118.038965,2316.0,81 - La Palma,True,2.0,0.1033,1969.0,3.0,La Palma,5.0,True,2.0,Two,4500.0,False,2.0,Fullerton Joint Union High,90623,0.0,4500.0,550.5181347150259,1.6666666666666667,56.0,0,463.2,0.5146666666666667,14.058456736574664,14.01436141670944,14.121630160681704,1358144.734635204
True,True,2025-12-11,1375000.0,33.873471,-117.376288,3964.0,252 - Riverside,True,6.0,0.9,2000.0,5.0,Riverside,4.0,True,1.0,One,39204.0,False,6.0,Riverside Unified,92504,0.0,39204.0,346.87184661957616,0.8,25.0,0,991.0,0.10111213141516172,14.133964289082808,13.353475098367715,14.248633671782603,1542066.058655151
True,False,2025-12-12,750000.0,34.252623,-117.212157,2006.0,287A - Arrowhead Woods,True,2.0,0.2392,1965.0,3.0,Lake Arrowhead,3.0,True,1.0,ThreeOrMore,10420.0,False,2.0,Rim of the World,92352,0.0,10420.0,373.8783649052842,1.0,60.0,0,668.6666666666666,0.1925143953934741,13.527828485512494,13.412043452518782,13.45433879171558,696859.2912800091
True,False,2025-12-05,489000.0,33.216077,-117.324285,1292.0,92057 - Oceanside,True,2.0,2262.0,1970.0,2.0,Oceanside,2.0,False,1.0,One,2262.0,False,2.0,Oceanside Unified,92057,638.0,98532720.0,378.4829721362229,1.0,55.0,0,646.0,1.3112395557536623e-05,13.10011776845701,13.681979165339751,13.577924833025975,788529.2914587781
True,False,2025-12-01,418000.0,34.119968,-117.269261,868.0,274 - San Bernardino,False,1.0,0.1612,1923.0,1.0,San Bernardino,3.0,False,1.0,One,7020.0,False,1.0,San Bernardino City Unified,92410,0.0,7020.0,481.5668202764977,3.0,102.0,0,289.3333333333333,0.12364672364672365,12.943236711506893,12.971540487669746,12.792366707430345,359463.0637353241
True,False,2025-12-24,950000.0,33.791778,-117.948398,1050.0,"62 - Garden Grove N of Chapman, W of Euclid",True,2.0,0.1657,1954.0,2.0,Garden Grove,3.0,False,1.0,One,7217.0,False,2.0,Garden Grove Unified,92840,0.0,7217.0,904.7619047619048,1.5,71.0,0,350.0,0.1454898157129001,13.764217263576723,13.864300722133706,13.69473270361944,886230.8100512562
False,False,2025-12-01,2090000.0,33.71992,-117.777245,2407.0,NK - Northpark,True,2.0,0.094,2006.0,3.0,Irvine,4.0,True,2.0,Two,4095.0,False,2.0,Tustin Unified,92602,112.0,4095.0,868.3007893643539,1.3333333333333333,19.0,0,601.75,0.5877899877899878,14.552674623940995,14.808762330974558,14.680149572364453,2374148.897706206
False,True,2025-12-23,570000.0,33.986542,-117.322725,1420.0,252 - Riverside,False,2.0,0.19,1957.0,2.0,Riverside,3.0,True,1.0,One,8276.0,False,2.0,Riverside Unified,92507,0.0,8276.0,401.4084507042253,1.5,68.0,0,473.3333333333333,0.17158047365877235,13.253391639810733,13.38472764187182,13.353618411568089,630090.2937862265
True,True,2025-12-10,775000.0,34.117564,-116.320535,1274.0,DC615 - Upper Friendly Hills,True,2.0,1.14,1988.0,2.0,Joshua Tree,3.0,True,1.0,One,1.14,False,2.0,Morongo Unified,92252,0.0,49658.4,608.3202511773941,1.5,37.0,0,424.6666666666667,0.0256552768514491,13.560618308335483,12.871334622600584,12.801278915425426,362680.99144713464
True,False,2025-12-01,565000.0,33.683587,-117.217859,1698.0,SRCAR - Southwest Riverside County,True,2.0,0.15,2015.0,2.0,Menifee,3.0,False,1.0,One,6534.0,False,2.0,Menifee Union,92584,130.0,6534.0,332.74440518256773,1.5,10.0,0,566.0,0.2598714416896235,13.244581010128577,13.353475098367715,13.29010120763642,591313.2605404888
True,False,2025-12-02,900000.0,37.82122391,-122.28155295,2840.0,699 - Not Defined,True,0.0,0.102,1920.0,4.0,Oakland,6.0,True,2.0,Two,4445.0,False,0.0,Beaumont,94608,0.0,4445.0,316.90140845070425,1.5,105.0,0,473.3333333333333,0.6389201349831272,13.710150042306449,13.598578266649344,13.787353337330007,972235.4993027418
True,False,2025-12-05,1276880.0,33.179279,-117.356402,1648.0,92054 - Oceanside,True,2.0,0.0904,1984.0,3.0,Oceanside,3.0,True,2.0,Two,3936.0,False,2.0,Oceanside Unified,92054,150.0,3936.0,774.8058252427185,1.0,41.0,0,549.3333333333334,0.4186991869918699,14.05993016035644,14.09692301740246,13.980459546107882,1179332.9572134772
False,False,2025-12-02,585000.0,37.99003305,-121.83335375,1818.0,248 - Corona,True,2.0,0.1772,1990.0,3.0,Antioch,4.0,True,2.0,Two,7720.0,False,2.0,San Diego Unified,94509,0.0,7720.0,321.7821782178218,1.3333333333333333,35.0,0,454.5,0.2354922279792746,13.279367126213993,13.199324418540456,13.237377099050228,560944.415813804
False,False,2025-12-05,1640000.0,33.688498,-117.776366,1800.0,EC - El Camino Real,True,2.0,0.1199,1971.0,3.0,Irvine,4.0,True,2.0,Two,5225.0,False,2.0,Irvine Unified,92604,0.0,5225.0,911.1111111111112,1.3333333333333333,54.0,0,450.0,0.3444976076555024,14.310206799800381,14.271780330445122,14.208040953777324,1480722.87237263
False,True,2025-12-23,1750000.0,34.183188,-118.567901,3382.0,WHLL - Woodland Hills,True,6.0,0.4473,1996.0,4.0,Woodland Hills,5.0,True,1.0,One,19486.0,False,3.0,Los Angeles Unified,91367,240.0,19486.0,517.445298639858,1.25,29.0,0,676.4,0.17356050497793288,14.375126345899696,14.130321297804308,14.424223511627464,1838064.2019644498
True,False,2025-12-08,740000.0,32.744113,-117.064545,1020.0,92115 - San Diego,True,4.0,0.16,1952.0,1.0,San Diego,3.0,False,1.0,One,0.16,False,0.0,San Diego Unified,92115,0.0,6969.6,725.4901960784314,3.0,73.0,0,340.0,0.14634986225895316,13.514405465180353,13.748301808270824,13.534673620163662,755151.4620995678
False,False,2025-12-15,719990.0,33.950022,-117.209124,3267.0,259 - Moreno Valley,True,3.0,0.2538,2025.0,3.0,Moreno Valley,5.0,False,1.0,One,11055.0,True,3.0,Moreno Valley Unified,92557,107.0,11055.0,220.38261401897765,1.6666666666666667,0.0,0,653.4,0.2955223880597015,13.486992602006898,13.262125319779487,13.587649694370594,796235.0374103693
False,False,2025-12-11,775000.0,33.984685,-117.58858700000002,2441.0,686 - Ontario,True,2.0,0.0762,2019.0,3.0,Ontario,4.0,False,2.0,Two,3320.0,False,2.0,Chaffey Joint Union High,91762,154.0,3320.0,317.4928308070463,1.3333333333333333,6.0,0,610.25,0.7352409638554217,13.560618308335483,13.530491602931978,13.59210238494158,799788.3306406011
True,True,2025-12-17,2350000.0,34.141742,-118.556361,3698.0,TAR - Tarzana,False,4.0,0.4132,1966.0,4.0,Tarzana,4.0,True,1.0,One,18000.0,False,2.0,Los Angeles Unified,91356,0.0,18000.0,635.4786371011357,1.0,59.0,0,924.5,0.20544444444444446,14.669925886120343,14.42416726859578,14.78481278110201,2636104.4047948853
True,False,2025-12-19,1760000.0,34.135378,-118.22768899999998,2344.0,623 - Glassel Park,True,2.0,0.1692,1963.0,3.0,Los Angeles,4.0,True,1.0,MultiSplit,7369.0,False,2.0,Capistrano Unified,90065,173.0,7369.0,750.8532423208192,1.3333333333333333,62.0,0,586.0,0.3180892929841227,14.380824367014334,14.050977780915009,14.18299847579674,1444102.35053761
True,False,2025-12-18,300000.0,34.515285,-117.176101,1294.0,APPV - Apple Valley,True,2.0,0.4132,1967.0,2.0,Apple Valley,2.0,True,1.0,One,18000.0,False,2.0,Apple Valley Unified,92307,0.0,18000.0,231.83925811437405,1.0,58.0,0,647.0,0.07188888888888889,12.611537753638338,13.049792684569493,12.807664466736574,365004.3194983188
True,False,2025-12-29,1628000.0,33.891737,-117.945983,2549.0,83 - Fullerton,True,2.0,0.0693,2025.0,4.0,Fullerton,3.0,False,2.0,ThreeOrMore,3019.0,True,2.0,Fullerton Joint Union High,92835,314.0,3019.0,638.6818360141232,0.75,0.0,0,849.6666666666666,0.8443193110301425,14.302862825544622,14.145874202616191,14.350187510172065,1706896.7439541896
True,False,2025-12-29,965000.0,37.73804638,-122.14533809,1249.0,C36 - Metropolitan Southwest,True,2.0,0.1423,1938.0,1.0,San Leandro,2.0,True,1.0,One,6200.0,False,1.0,Morongo Unified,94577,0.0,6200.0,772.6180944755805,2.0,87.0,0,624.5,0.2014516129032258,13.779883380321124,13.667799101765917,13.550321951685474,767061.2637613504
False,False,2025-12-16,1056000.0,37.88331336,-122.25357141,1460.0,"RO - Compton S of Rosecrans, E of Alameda",False,2.0,0.1203,1979.0,3.0,Berkeley,3.0,True,1.0,One,5242.0,False,0.0,Pleasanton,94708,0.0,5242.0,723.2876712328767,1.0,46.0,0,486.6666666666667,0.2785196489889355,13.869998743248344,14.300900016543387,14.050240887923263,1264567.7067225217
True,False,2025-12-19,1821400.0,32.79141373,-117.19940514,3746.0,92117 - Clairemont Mesa,True,5.0,0.1905,1980.0,3.0,San Diego,3.0,True,1.0,ThreeOrMore,8300.0,False,2.0,Long Beach Unified,92117,532.0,8300.0,486.2253069941271,1.0,45.0,0,1248.6666666666667,0.4513253012048193,14.415115994115855,13.964016766263498,14.357787641598351,1719918.805547487
True,False,2025-12-23,331277.0,37.276532,-120.479918,1358.0,RQ - Compton West of Central,True,1.0,0.0379,2025.0,3.0,Merced,3.0,False,2.0,Two,1650.0,True,1.0,Merced Union,95341,0.0,1650.0,243.94477172312224,1.0,0.0,0,452.6666666666667,0.823030303030303,12.710710162394818,12.857087250429316,12.803735312927076,363572.9752132577
True,False,2025-12-18,1268000.0,34.221429,-118.640407,2090.0,WEH - West Hills,True,2.0,0.2526,1963.0,3.0,West Hills,4.0,True,2.0,Two,11005.0,False,2.0,Los Angeles Unified,91304,584.0,11005.0,606.6985645933014,1.3333333333333333,62.0,0,522.5,0.1899136756019991,14.052951413979308,13.846039762999096,13.906530489441922,1095290.8358057186
False,True,2025-12-08,390000.0,34.616019,-117.840359,1134.0,PLM - Palmdale,True,2.0,0.6749,1985.0,2.0,Palmdale,3.0,True,1.0,One,29400.0,False,2.0,Antelope Valley Union,93591,0.0,29400.0,343.9153439153439,1.5,40.0,0,378.0,0.03857142857142857,12.873902018105829,12.911642346088676,12.778863147781811,354641.6591384914
True,True,2025-12-12,750000.0,33.731155,-116.364486,2309.0,322 - North Palm Desert,True,2.0,0.18,1999.0,3.0,Palm Desert,3.0,True,1.0,One,7841.0,False,2.0,Capistrano Unified,92260,150.0,7841.0,324.81593763534,1.0,26.0,0,769.6666666666666,0.2944777451855631,13.527828485512494,13.624349319661324,13.709495128616481,899410.7706472757
True,False,2025-12-08,307500.0,33.932708,-116.984432,1180.0,263 - Banning/Beaumont/Cherry Valley,True,1.0,0.17,1963.0,1.0,Beaumont,3.0,True,1.0,One,7405.0,False,1.0,Beaumont,92223,0.0,7405.0,260.59322033898303,3.0,62.0,0,393.3333333333333,0.15935178933153274,12.636230366228709,13.197470849891134,12.980410208073547,433830.94436069654
True,False,2025-12-30,400000.0,33.717862,-117.031648,1442.0,SRCAR - Southwest Riverside County,True,2.0,0.11,2007.0,2.0,Hemet,2.0,True,1.0,One,4791.0,False,2.0,Hemet Unified,92545,255.0,4791.0,277.3925104022192,1.0,18.0,0,721.0,0.3009810060530161,12.89921982609012,12.990536830078119,12.812314597443669,366705.58979160845
False,False,2025-12-28,1135000.0,34.173983,-118.356428,1402.0,610 - Burbank,True,1.0,0.1377,1941.0,2.0,Burbank,3.0,True,1.0,One,5999.0,False,1.0,Burbank Unified,91505,0.0,5999.0,809.5577746077033,1.5,84.0,0,467.3333333333333,0.23370561760293382,13.94214320889764,13.95440217810054,13.884103280308047,1070999.9259705127
False,False,2025-12-17,2101000.0,37.36695562,-122.01050953,1758.0,699 - Not Defined,True,2.0,0.1322,1976.0,2.0,Sunnyvale,4.0,False,2.0,ThreeOrMore,5757.0,False,2.0,Other,94086,0.0,5757.0,1195.108077360637,2.0,49.0,0,439.5,0.30536737884314746,14.557923979827137,14.669925886120343,14.535348033791733,2054099.342717826
True,True,2025-12-12,2269990.0,33.785709000000004,-116.394867,2525.0,321 - Rancho Mirage,True,2.0,0.2309,2025.0,4.0,Rancho Mirage,3.0,True,1.0,One,10058.0,True,1.0,Rialto Unified,92270,640.0,10058.0,899.0059405940594,0.75,0.0,0,841.6666666666666,0.2510439451183138,14.635285984161538,13.9108207377686,14.056219638902347,1272150.888526342
True,False,2025-12-01,1865000.0,37.91457981,-122.00985035,2195.0,269 - Yucaipa/Calimesa/Oak Glen,True,2.0,0.3444,1972.0,3.0,Walnut Creek,4.0,True,2.0,Two,15000.0,False,2.0,Rim of the World,94598,130.0,15000.0,849.6583143507972,1.3333333333333333,53.0,0,548.75,0.14633333333333334,14.438771611060053,14.240778293368619,14.27394553781768,1581596.816209405
False,True,2025-12-17,1700000.0,34.176621999999995,-118.555074,3207.0,TAR - Tarzana,True,2.0,0.4997,1983.0,3.0,Tarzana,4.0,False,1.0,"Two,One",21765.0,False,2.0,Los Angeles Unified,91356,0.0,21765.0,530.0904271905207,1.3333333333333333,42.0,0,801.75,0.14734665747760164,14.346138809026444,14.42416726859578,14.608548695560286,2210100.827066586
True,False,2025-12-16,760000.0,37.7061335,-122.18445992,1348.0,OR - Ortega/Orange County,True,2.0,0.1148,1950.0,1.0,San Leandro,3.0,True,1.0,One,5000.0,False,1.0,ABC Unified,94577,0.0,5000.0,563.7982195845698,3.0,75.0,0,449.3333333333333,0.2696,13.541073712262515,13.667799101765917,13.529445195183394,751213.5129379084
True,False,2025-12-12,2510000.0,34.190142,-118.229343,3267.0,627 - Rossmoyne & Verdu Woodlands,False,3.0,0.254,1948.0,4.0,Glendale,3.0,True,2.0,Two,11065.0,False,3.0,Glendale Unified,91208,0.0,11065.0,768.2889501071319,0.75,77.0,0,1089.0,0.29525530953456847,14.735793311107967,14.246322223230198,14.796932108419515,2668246.5943634184
True,False,2025-12-19,310000.0,35.051888,-118.169311,1164.0,MOJV - Mojave,True,1.0,0.18,1953.0,2.0,Mojave,3.0,False,1.0,One,7840.0,False,1.0,Kern Union,93501,0.0,7840.0,266.3230240549828,1.5,72.0,0,388.0,0.14846938775510204,12.644327576461329,12.604848765487542,12.487813874410076,265087.1382254629
True,False,2025-12-23,1600000.0,33.597646000000005,-117.725385,2837.0,AV - Aliso Viejo,True,2.0,0.0785,2011.0,3.0,Aliso Viejo,4.0,True,2.0,Two,3420.0,False,2.0,Capistrano Unified,92656,223.0,3420.0,563.9760310186817,1.3333333333333333,14.0,0,709.25,0.82953216374269,14.28551418721001,14.115615150414612,14.351674718524112,1709437.1436314543
True,True,2025-12-01,1890000.0,34.138996,-117.82078,4883.0,629 - Glendora,True,3.0,0.352,1990.0,4.0,Glendora,4.0,True,2.0,Two,15334.0,False,3.0,Glendora Unified,91741,986.0,15334.0,387.05713700593896,1.0,35.0,0,1220.75,0.31844267640537366,14.452087387035824,13.868095806767045,14.437907008113994,1863388.2123841667
True,True,2025-12-19,1650000.0,33.600951,-117.697528,2584.0,S2 - Laguna Hills,True,3.0,0.1474,1989.0,3.0,Laguna Hills,4.0,True,2.0,Two,6421.0,False,3.0,Saddleback Valley Unified,92653,0.0,6421.0,638.5448916408669,1.3333333333333333,36.0,0,646.0,0.40242952811088617,14.316285845876763,14.226450581665564,14.31868912534884,1653970.1799440081
False,False,2025-12-23,1190000.0,33.9519,-117.617531,3346.0,681 - Chino,True,3.0,0.1205,2025.0,5.0,Chino,5.0,False,2.0,Two,5250.0,True,3.0,Chino Valley Unified,91708,156.0,5250.0,355.64853556485355,1.0,0.0,0,669.2,0.6373333333333333,13.989463865087712,13.618800958084467,13.885804209898433,1072823.171602542
False,False,2025-12-01,330000.0,34.113647,-117.31317,1181.0,274 - San Bernardino,False,0.0,0.1444,1955.0,1.0,San Bernardino,3.0,False,1.0,One,6292.0,False,0.0,San Bernardino City Unified,92411,0.0,6292.0,279.424216765453,3.0,70.0,0,393.6666666666667,0.18769866497139223,12.706847933442663,12.994530005894443,12.796065751759732,360795.1958317417
True,False,2025-12-16,1115000.0,34.186612,-118.351649,1625.0,610 - Burbank,True,1.0,0.155,1941.0,2.0,Burbank,4.0,True,1.0,One,6752.0,False,2.0,Vista Unified,91505,87.0,6752.0,686.1538461538462,2.0,84.0,0,406.25,0.24066943127962084,13.924364962876357,13.95440217810054,13.959757225471561,1155169.0160464384
False,False,2025-12-30,470000.0,34.614090000000004,-118.12872,2000.0,PLM - Palmdale,True,2.0,0.2984,2002.0,3.0,Palmdale,4.0,False,2.0,Two,13000.0,False,2.0,Los Angeles Unified,93550,50.12,13000.0,235.0,1.3333333333333333,23.0,0,500.0,0.15384615384615385,13.060487973686241,13.049792684569493,13.159144957299981,518733.1962856252
True,False,2025-12-04,699000.0,33.604417,-116.23699,2536.0,313 - La Quinta South of HWY 111,True,6.0,0.17,2006.0,3.0,La Quinta,3.0,False,1.0,One,7405.0,False,2.0,Capistrano Unified,92253,595.0,7405.0,275.63091482649844,1.0,19.0,0,845.3333333333334,0.3424713031735314,13.457406021215947,13.545013310266594,13.613721561899974,817267.3563787722
True,False,2025-12-23,610000.0,39.721941,-121.577301,2329.0,610 - Burbank,True,3.0,1.43,2003.0,3.0,Paradise,4.0,True,1.0,One,62291.0,False,3.0,Paradise Unified,95969,0.0,62291.0,261.914984972091,1.3333333333333333,22.0,0,582.25,0.037389028912684016,13.321214236149494,12.89921982609012,13.239631536714057,562210.4566009268
False,False,2025-12-08,599000.0,37.97497388,-122.33349087,1719.0,VC28 - Wells Rd. East to City Limit,False,4.0,0.1423,1959.0,2.0,Richmond,3.0,True,1.0,One,6200.0,False,2.0,Paradise Unified,94806,560.0,6200.0,348.4584060500291,1.5,66.0,0,573.0,0.27725806451612905,13.303016877097587,13.321214236149494,13.301307536112814,597976.979344781
True,False,2025-12-18,939000.0,34.171823,-118.041715,1148.0,656 - Sierra Madre,True,2.0,0.0873,1922.0,2.0,Sierra Madre,2.0,False,2.0,Two,3801.0,False,2.0,Morongo Unified,91024,0.0,3801.0,817.9442508710802,1.0,103.0,0,574.0,0.3020257826887661,13.7525707581904,14.28551418721001,13.999620293682929,1202147.734404042
True,False,2025-12-01,550000.0,35.118587,-120.590725,883.0,AG-West of Hwy 101,True,2.0,0.0872,1975.0,1.0,Arroyo Grande,2.0,False,1.0,One,3800.0,False,2.0,Lucia Mar Unified,93420,0.0,3800.0,622.876557191393,2.0,50.0,0,441.5,0.23236842105263159,13.217673557208654,13.953093847654955,13.479933792604498,714925.6230825208
True,False,2025-12-24,729000.0,32.70650361,-117.03108476,1005.0,92114 - Encanto,True,4.0,0.0689,1963.0,2.0,San Diego,3.0,False,1.0,One,46173.0,False,2.0,San Dieguito Union,92114,50.0,7083.0,725.3731343283582,1.5,62.0,0,335.0,0.14188903007200337,13.499429010990795,13.547631112808673,13.430491517313946,680437.680105305
True,False,2025-12-02,4450000.0,37.8518591,-121.95214259,8343.0,682 - Chino Hills,True,5.0,6.58,1990.0,7.0,Diablo,6.0,True,2.0,Two,286625.0,False,5.0,Rowland Unified,94528,0.0,286625.0,533.3812777178473,0.8571428571428571,35.0,0,1390.5,0.029107719145224597,15.308414654142423,14.626193799613961,15.443108318946027,5091628.70635681
False,False,2025-12-19,530000.0,33.97023,-118.26499,1050.0,699 - Not Defined,True,0.0,0.1247,1909.0,2.0,Los Angeles,4.0,False,1.0,One,5430.0,False,0.0,Los Angeles Unified,90001,0.0,5430.0,504.7619047619048,2.0,116.0,0,262.5,0.19337016574585636,13.180632285528304,13.262125319779487,13.213072012030647,547474.9641408575
True,False,2025-12-30,1875000.0,36.58364708,-121.92216826,3600.0,699 - Not Defined,True,3.0,0.345,1965.0,3.0,Pebble Beach,3.0,True,2.0,MultiSplit,15030.0,False,4.0,Other,93953,0.0,15030.0,520.8333333333334,1.0,60.0,0,1200.0,0.23952095808383234,14.444119217386648,14.812459192855883,15.180501629119608,3915688.089265922
False,True,2025-12-16,765000.0,33.979129,-118.062942,1259.0,670 - Whittier,False,2.0,0.1649,1947.0,1.0,Whittier,3.0,True,1.0,One,7184.0,False,2.0,Whittier Union High,90606,0.0,7184.0,607.6250992851469,3.0,78.0,0,419.6666666666667,0.17525055679287305,13.547631112808673,13.595482281525381,13.51432764813667,739942.4176281486
False,False,2025-12-24,1230000.0,33.779919,-117.846502,2011.0,OTO - Old Towne Orange,True,5.0,0.18,1969.0,3.0,Orange,5.0,True,2.0,Two,7840.0,False,2.0,Orange Unified,92866,0.0,7840.0,611.6360019890602,1.6666666666666667,56.0,0,402.2,0.25650510204081634,14.0225247273486,14.018451401960965,14.043245153815027,1255751.9994101773
False,False,2025-12-08,1550000.0,37.66212424,-121.85341022,2050.0,263 - Banning/Beaumont/Cherry Valley,True,2.0,0.1607,1972.0,3.0,Pleasanton,4.0,True,2.0,Two,6999.0,False,2.0,Newport Mesa Unified,94566,0.0,6999.0,756.0975609756098,1.3333333333333333,53.0,0,512.5,0.29289898556936705,14.253765488895429,14.430696197054507,14.328998440044995,1671109.675452228
True,False,2025-12-31,495000.0,37.330137,-120.487919,2241.0,670 - Whittier,True,2.0,0.1577,2004.0,3.0,Merced,5.0,True,2.0,Two,6870.0,False,2.0,Merced Union,95348,0.0,6870.0,220.8835341365462,1.6666666666666667,21.0,0,448.2,0.3262008733624454,13.112313041550827,12.970364687642453,13.070589733317567,474771.88868386165
True,False,2025-12-01,1175000.0,33.646692,-117.58389,1660.0,R2 - Rancho Santa Margarita Central,True,2.0,0.0918,1986.0,3.0,Rancho Santa Margarita,4.0,True,2.0,Two,4000.0,False,2.0,Saddleback Valley Unified,92688,87.0,4000.0,707.8313253012049,1.3333333333333333,39.0,0,415.0,0.415,13.976778705560397,14.041051233878205,13.941052102838139,1133762.269992616
True,False,2025-12-18,1100000.0,34.168415,-118.207143,1455.0,624 - Glendale-Chevy Chase/E. Glenoaks,True,2.0,0.2154,1960.0,2.0,Glendale,2.0,False,1.0,One,9382.0,False,2.0,Glendale Unified,91206,0.0,9382.0,756.0137457044674,1.0,65.0,0,727.5,0.1550842037945001,13.9108207377686,14.269765830241871,14.059685672218487,1276567.8561457004
True,False,2025-12-29,549000.0,37.205729,-119.557975,2406.0,618 - Eagle Rock,True,4.0,4.46,2000.0,3.0,North Fork,4.0,True,2.0,Two,4.46,False,2.0,Chawanakee Unified,93643,0.0,194277.6,228.1795511221945,1.3333333333333333,25.0,0,601.5,0.01238434075776106,13.215853720491667,13.060487973686241,13.295125324523877,594291.5628833012
True,True,2025-12-24,415000.0,36.9751,-120.089685,1942.0,ENC - Encino,True,3.0,0.15,1989.0,3.0,Madera,3.0,True,1.0,One,6534.0,False,3.0,Madera Unified,93637,0.0,6534.0,213.697219361483,1.0,36.0,0,647.3333333333334,0.29721456994184264,12.936033799212835,12.92391243868049,13.015912256610306,449509.49521085096
False,True,2025-12-02,650000.0,34.527937,-117.987738,2520.0,LRK - Littlerock,True,11.0,1.027,1996.0,3.0,Littlerock,4.0,True,1.0,One,44736.0,False,11.0,Palmdale,93543,0.0,44736.0,257.93650793650795,1.3333333333333333,29.0,0,630.0,0.05633047210300429,13.38472764187182,13.17777615494877,13.448700679010171,692941.3752606617
False,False,2025-12-09,1500000.0,37.55817601,-121.99123922,1794.0,BKSF - Bakersfield,True,2.0,0.1377,1963.0,3.0,Fremont,4.0,True,1.0,One,6000.0,False,2.0,Selma Unified,94536,0.0,6000.0,836.1204013377926,1.3333333333333333,62.0,0,448.5,0.299,14.22097566607244,14.316285845876763,14.328460444895336,1670210.8683508972
True,False,2025-12-05,889900.0,33.858592,-117.950908,1092.0,83 - Fullerton,True,2.0,0.1554,1954.0,1.0,Fullerton,3.0,False,1.0,One,6770.0,False,2.0,Fullerton Joint Union High,92833,0.0,6770.0,814.92673992674,3.0,71.0,0,364.0,0.16129985228951255,13.698864375844954,13.87377946608825,13.671095178080904,865528.1503973925
True,True,2025-12-01,1260000.0,37.36072781,-121.88127901,1405.0,699 - Not Defined,True,2.0,0.1343,1977.0,2.0,San Jose,4.0,True,1.0,Two,5850.0,False,2.0,San Jose Unified,95112,160.0,5850.0,896.797153024911,2.0,48.0,0,351.25,0.24017094017094018,14.04662227892766,14.014227026169724,13.879674349936852,1066267.0304396923
True,True,2025-12-01,679000.0,39.75319,-121.838236,2318.0,272 - Rialto,False,6.0,0.34,1951.0,3.0,Chico,4.0,True,1.0,One,0.34,False,2.0,Chico Unified,95926,0.0,14810.4,292.92493528904225,1.3333333333333333,74.0,0,579.5,0.15651164046885974,13.428376406540833,13.060487973686241,13.24456716929434,564992.1799827736
True,False,2025-12-05,485000.0,39.773685,-121.856819,1811.0,686 - Ontario,True,2.0,0.12,2024.0,3.0,Chico,4.0,False,2.0,Two,0.12,False,2.0,Chico Unified,95973,0.0,5227.2,267.80784097183874,1.3333333333333333,1.0,0,452.75,0.3464569941842669,13.091904169919621,13.151922179645874,13.23134062528803,557568.489163298
True,False,2025-12-03,1525000.0,37.78554069,-121.97104615,2045.0,SRCAR - Southwest Riverside County,True,2.0,0.123,1994.0,3.0,Danville,4.0,True,2.0,Two,5360.0,False,2.0,San Ramon Valley,94526,300.0,5360.0,745.7212713936431,1.3333333333333333,31.0,0,511.25,0.38152985074626866,14.237504968023648,14.430696197054507,14.30257240483625,1627527.2637362916
True,False,2025-12-23,715000.0,34.131578000000005,-117.474654,1755.0,264 - Fontana,True,4.0,0.1577,1998.0,2.0,Fontana,4.0,False,1.0,One,6871.0,False,2.0,Etiwanda,92336,0.0,6871.0,407.4074074074074,2.0,27.0,0,438.75,0.2554213360500655,13.480037821676145,13.487006490992238,13.401321643467995,660876.0903985491
True,False,2025-12-26,429500.0,39.735142,-121.809916,1544.0,699 - Not Defined,True,4.0,0.15,2003.0,2.0,Chico,3.0,True,1.0,One,6534.0,False,2.0,Chico Unified,95928,0.0,6534.0,278.1735751295337,1.5,22.0,0,514.6666666666666,0.23630241812059993,12.970377020406447,13.078384738024758,13.056133802463656,467957.98838566267
True,False,2025-12-15,975000.0,35.122715,-120.604289,2154.0,ARRG - Arroyo Grande,True,2.0,0.1851,1994.0,2.0,Arroyo Grande,3.0,True,1.0,One,8061.0,False,2.0,Lucia Mar Unified,93420,0.0,8061.0,452.6462395543176,1.5,31.0,0,718.0,0.2672125046520283,13.790192749979985,13.953093847654955,13.933775188303645,1125541.9245018663
False,False,2025-12-12,1220000.0,37.47337517,-122.14150306,1100.0,699 - Not Defined,True,0.0,0.1414,1956.0,2.0,East Palo Alto,3.0,True,1.0,Two,6160.0,False,2.0,Other,94303,0.0,6160.0,1109.090909090909,1.5,69.0,0,366.6666666666667,0.17857142857142858,14.01436141670944,14.978661367769956,14.545089751804019,2074207.584670999
True,True,2025-12-12,1000000.0,33.811725,-117.843245,1643.0,"72 - Orange & Garden Grove, E of Harbor, N of 22 F",True,2.0,0.1736,1962.0,2.0,Orange,4.0,True,1.0,One,7560.0,False,2.0,Orange Unified,92867,0.0,7560.0,608.6427267194157,2.0,63.0,0,410.75,0.21732804232804231,13.815510557964274,14.026983356405268,13.962109305356744,1157889.263718887
True,False,2025-12-05,2505000.0,33.897092,-118.413804,2449.0,142 - Manhattan Bch Sand,True,2.0,0.0331,1985.0,3.0,Manhattan Beach,3.0,True,1.0,ThreeOrMore,1442.0,False,2.0,Manhattan Unified,90266,0.0,1442.0,1022.866476112699,1.0,40.0,0,816.3333333333334,1.6983356449375866,14.733799292501102,15.040754419423045,14.899327942522818,2955942.008201832
True,False,2025-12-17,920000.0,34.443555,-118.548634,2114.0,NBRG - Valencia Northbridge,True,3.0,0.2048,1993.0,3.0,Valencia,4.0,True,2.0,Two,8920.0,False,3.0,Other,91354,77.0,8920.0,435.19394512772,1.3333333333333333,32.0,0,528.5,0.23699551569506727,13.732128949025222,13.710150042306449,13.78349135694811,968487.9859471929
False,False,2025-12-08,915000.0,33.66012,-117.213493,3867.0,699 - Not Defined,True,3.0,1.0015,2015.0,3.0,Menifee,4.0,True,2.0,Two,43626.0,False,3.0,Menifee Union,92584,118.0,43626.0,236.6175329712956,1.3333333333333333,10.0,0,966.75,0.08863980195296382,13.726679344257658,13.353475098367715,13.990351015095062,1191056.1769331621
False,False,2025-12-23,510000.0,34.105788000000004,-117.26612,1002.0,274 - San Bernardino,True,0.0,0.1538,1937.0,2.0,San Bernardino,3.0,False,1.0,One,6700.0,False,0.0,San Bernardino City Unified,92410,0.0,6700.0,508.9820359281437,1.5,88.0,0,334.0,0.14955223880597016,13.142166004700508,12.971540487669746,12.86065933457525,384869.3998587268
True,True,2025-12-08,2150000.0,33.970425,-117.882451,4824.0,652 - Rowland Heights,True,3.0,0.2617,1998.0,6.0,Rowland Heights,7.0,True,2.0,Two,11401.0,False,3.0,Rowland Unified,91748,219.0,11401.0,445.68822553897184,1.1666666666666667,27.0,0,689.1428571428571,0.4231207788790457,14.580978400103845,13.9016461684345,14.51042554506536,2003538.740064609
True,False,2025-12-05,875000.0,32.805784,-116.866531,2415.0,92021 - El Cajon,True,8.0,0.14,1992.0,3.0,El Cajon,3.0,True,1.0,MultiSplit,0.14,False,3.0,Grossmont Union,92021,0.0,6098.4,362.3188405797101,1.0,33.0,0,805.0,0.3960055096418733,13.681979165339751,13.612780503903942,13.705200178509717,895556.1299320497
True,False,2025-12-04,2650000.0,37.75008076,-121.90319251,4176.0,699 - Not Defined,False,3.0,0.1959,2005.0,4.0,San Ramon,5.0,True,2.0,Two,8533.0,False,3.0,Acalanes,94582,0.0,8533.0,634.5785440613026,1.25,20.0,0,835.2,0.48939411695769364,14.790070197962406,14.516102044771095,14.768268675646516,2592851.1949188956
True,False,2025-12-23,1560000.0,34.052086,-118.353687,1910.0,C16 - Mid Los Angeles,True,1.0,0.1448,1922.0,3.0,Los Angeles,4.0,True,1.0,One,6307.0,False,1.0,Los Angeles Unified,90019,0.0,6307.0,816.7539267015707,1.3333333333333333,103.0,0,477.5,0.3028381163786269,14.26019637922572,14.151982794585487,14.254333979622976,1550881.411140989
False,False,2025-12-17,515000.0,34.075114,-117.418794,1247.0,265 - Bloomington,False,2.0,0.4132,1955.0,2.0,Bloomington,3.0,False,1.0,One,18000.0,False,2.0,Colton Unified,92316,0.0,18000.0,412.99117882919006,1.5,70.0,0,415.6666666666667,0.06927777777777777,13.151922179645874,13.208541073645382,13.101834332645156,489840.12074230274
False,False,2025-12-30,3250000.0,34.042259,-118.471311,2535.0,C06 - Brentwood,True,2.0,0.2062,1936.0,4.0,Los Angeles,4.0,True,2.0,Two,8984.0,False,2.0,Lowell Joint Unified,90049,0.0,8984.0,1282.051282051282,1.0,89.0,0,633.75,0.2821682991985752,14.994165554305921,15.137266397946593,14.983628863738241,3215935.5341806356
True,True,2025-12-29,580000.0,33.93266,-116.937555,1925.0,263 - Banning/Beaumont/Cherry Valley,True,2.0,0.33,1963.0,3.0,Banning,5.0,False,1.0,One,14375.0,False,2.0,Banning Unified,92220,0.0,14375.0,301.2987012987013,1.6666666666666667,62.0,0,385.0,0.13391304347826086,13.270783382522602,12.994530005894443,13.066016405824758,472605.55879633734
False,False,2025-12-23,1340000.0,37.66884535,-122.04285238,2356.0,699 - Not Defined,False,2.0,0.3979999999999999,1952.0,3.0,Hayward,4.0,True,2.0,One,17338.0,False,2.0,Other,94541,0.0,17338.0,568.760611205433,1.3333333333333333,73.0,0,589.0,0.13588649209828124,14.108180171927094,13.647074399642998,13.933651781092857,1125403.0330826163
False,False,2025-12-10,955000.0,33.16146511,-117.08580318,2358.0,92026 - Escondido,True,6.0,0.1272,1990.0,3.0,Escondido,4.0,False,2.0,Two,5542.0,False,3.0,Fullerton Joint Union High,92026,0.0,5542.0,405.0042408821035,1.3333333333333333,35.0,0,589.5,0.42547816672681343,13.769466619462868,13.709594177880103,13.82997413219026,1014568.677828927
True,False,2025-12-15,454000.0,34.474792,-117.365717,1902.0,VIC - Victorville,True,2.0,0.1148,1989.0,3.0,Victorville,4.0,True,2.0,Two,5000.0,False,2.0,Victor Valley Unified,92392,0.0,5000.0,238.6961093585699,1.3333333333333333,36.0,0,475.5,0.3804,13.025852477023484,13.01477816672439,12.999802524626354,442326.0348847517
True,False,2025-12-02,430000.0,33.765116,-116.931693,1290.0,SRCAR - Southwest Riverside County,True,2.0,0.19,1988.0,2.0,San Jacinto,3.0,True,1.0,One,8276.0,False,2.0,San Jacinto Unified,92583,0.0,8276.0,333.3333333333333,1.5,37.0,0,430.0,0.15587240212663123,12.971540487669746,13.064725287181727,12.960464390206555,425263.5571641767
True,False,2025-12-19,865000.0,33.99735,-118.325449,2013.0,C34 - Los Angeles Southwest,False,2.0,0.1486,1921.0,4.0,Los Angeles,4.0,True,1.0,One,6471.0,False,2.0,Los Angeles Unified,90043,0.0,6471.0,429.7069051167411,1.0,104.0,0,503.25,0.311080203987019,13.670484785914017,13.652991628466498,13.940016850312757,1132589.147083425
True,False,2025-12-03,800000.0,38.01290458,-121.96509366,3489.0,85 - Yorba Linda,True,3.0,0.156,2003.0,3.0,Pittsburg,5.0,True,2.0,Two,6797.0,False,3.0,San Diego Unified,94565,0.0,6797.0,229.2920607623961,1.6666666666666667,22.0,0,697.8,0.5133146976607327,13.592367006650065,13.270783382522602,13.560140163966222,774629.5266907439
True,True,2025-12-15,830000.0,33.577492,-117.102,3563.0,SRCAR - Southwest Riverside County,True,3.0,0.25,2012.0,3.0,Murrieta,5.0,False,2.0,Two,10890.0,False,3.0,Temecula Unified,92563,0.0,10890.0,232.9497614369913,1.6666666666666667,13.0,0,712.6,0.3271808999081726,13.62918097977278,13.458835614025542,13.697114012065631,888343.713703705
False,False,2025-12-12,355000.0,39.082089,-121.538557,1080.0,N26 - Newport Coast,True,2.0,0.1407,1978.0,2.0,Olivehurst,3.0,False,1.0,One,6129.0,False,2.0,Marysville Joint Unified,95961,0.0,6129.0,328.7037037037037,1.5,47.0,0,360.0,0.1762114537444934,12.779873068457553,13.17115354157376,13.036476042481251,458848.8089343588
False,True,2025-12-10,875000.0,34.20519,-118.529504,1540.0,RES - Reseda,True,2.0,0.1377,1955.0,2.0,Reseda,4.0,True,1.0,One,6000.0,False,2.0,Los Angeles Unified,91335,0.0,6000.0,568.1818181818181,2.0,70.0,0,385.0,0.25666666666666665,13.681979165339751,13.652991628466498,13.67908741003669,872473.3690697097
False,False,2025-12-10,925000.0,33.934781,-117.96233,1264.0,87 - La Habra,True,2.0,0.1439,1956.0,2.0,La Habra,3.0,False,1.0,One,6270.0,False,2.0,Fullerton Joint Union High,90631,0.0,6270.0,731.8037974683544,1.5,69.0,0,421.3333333333333,0.20159489633173844,13.737549016494562,13.792724135316895,13.704077140342038,894550.9507497766
True,False,2025-12-02,369000.0,34.122923,-116.390565,1197.0,DC531 - Central East,True,2.0,0.44,1965.0,2.0,Yucca Valley,3.0,True,1.0,One,0.44,False,2.0,Morongo Unified,92284,0.0,19166.4,308.2706766917293,1.5,60.0,0,399.0,0.06245304282494365,12.818551923022664,12.86876061860541,12.744583119466434,342690.5455870161
False,False,2025-12-26,455000.0,34.554911,-118.070274,1451.0,PLM - Palmdale,True,2.0,0.1208,1983.0,2.0,Palmdale,4.0,True,1.0,One,5263.0,False,2.0,Palmdale,93550,0.0,5263.0,313.57684355616817,2.0,42.0,0,362.75,0.27569827094812843,13.028052697933088,13.049792684569493,12.968173707121132,428554.718701791
True,False,2025-12-02,2300000.0,33.996161,-118.42856,1991.0,C13 - Palms - Mar Vista,False,4.0,0.1961,1947.0,3.0,Los Angeles,3.0,False,1.0,One,8541.0,False,2.0,Los Angeles Unified,90066,0.0,8541.0,1155.1983927674537,1.0,78.0,0,663.6666666666666,0.23311087694649338,14.648419680899378,14.628660530918916,14.589365736680694,2168108.6089817644
False,True,2025-12-12,1850000.0,32.78893615,-117.19299079,2379.0,92110 - Old Town Sd,True,2.0,0.1538,1980.0,3.0,San Diego,5.0,False,2.0,Two,6700.0,False,1.0,Antelope Valley Union,92110,0.0,6700.0,777.6376628835645,1.6666666666666667,45.0,0,475.8,0.35507462686567165,14.430696197054507,14.226957737749986,14.297659500974708,1619550.988138468
True,False,2025-12-16,3750000.0,34.080058,-118.325652,4270.0,C18 - Hancock Park-Wilshire,True,4.0,0.1608,2015.0,5.0,Los Angeles,4.0,True,2.0,Two,7006.0,False,2.0,Glendora Unified,90004,0.0,7006.0,878.2201405152225,0.8,10.0,0,1067.5,0.6094775906365972,15.137266397946593,14.65917278350986,15.164292203543749,3852728.6810445655
False,False,2025-12-01,1035000.0,33.799881,-118.106358,1426.0,"33 - Lakewood Plaza, Rancho",True,4.0,0.125,1952.0,2.0,Long Beach,3.0,True,1.0,One,5446.0,False,2.0,Long Beach Unified,90815,0.0,5446.0,725.8064516129032,1.5,73.0,0,475.3333333333333,0.26184355490268085,13.849911984681606,13.937728190688523,13.818419320354302,1002912.9969441236
True,False,2025-12-16,550000.0,34.05525,-117.295539,1254.0,273 - Colton,True,2.0,0.1263,1984.0,3.0,Colton,3.0,True,2.0,Two,5500.0,False,2.0,Colton Unified,92324,0.0,5500.0,438.5964912280702,1.0,41.0,0,418.0,0.228,13.217673557208654,13.142166004700508,13.079288905488117,478920.02761325246
True,False,2025-12-22,1000000.0,37.72466204,-122.13585214,1731.0,LN - Lake Forest North,True,2.0,0.2617,1955.0,3.0,San Leandro,3.0,True,1.0,One,11400.0,False,2.0,Long Beach Unified,94577,0.0,11400.0,577.7007510109763,1.0,70.0,0,577.0,0.1518421052631579,13.815510557964274,13.667799101765917,13.761469797810857,947393.4898108018
False,True,2025-12-15,605000.0,34.091738,-117.915009,1150.0,614 - Covina,True,2.0,0.1703,1955.0,2.0,Covina,3.0,True,1.0,One,7418.0,False,2.0,Covina Valley Unified,91722,0.0,7418.0,526.0869565217391,1.5,70.0,0,383.3333333333333,0.15502830951739013,13.312983737012978,13.592367006650065,13.542273424937653,760912.3287898852
True,False,2025-12-01,1775000.0,33.52797,-117.700191,2077.0,LNSEA - Sea Country,True,2.0,0.2601,1965.0,2.0,Laguna Niguel,4.0,True,2.0,Two,11328.0,False,2.0,Capistrano Unified,92677,0.0,11328.0,854.5979778526721,2.0,60.0,0,519.25,0.18335098870056496,14.389310980891652,14.349075668699754,14.335208874480106,1681520.286272489
False,False,2025-12-08,750000.0,34.118418,-117.43429,2420.0,264 - Fontana,True,2.0,0.0934,2017.0,3.0,Fontana,5.0,False,2.0,Two,4068.0,False,2.0,Fontana Unified,92336,0.0,4068.0,309.91735537190084,1.6666666666666667,8.0,0,484.0,0.5948869223205506,13.527828485512494,13.487006490992238,13.512896651666948,738884.3198883504
True,False,2025-12-03,875500.0,34.209586,-118.371514,1355.0,SUNV - Sun Valley,True,2.0,0.155,1948.0,2.0,Sun Valley,3.0,True,1.0,One,6751.0,False,2.0,Los Angeles Unified,91352,0.0,6751.0,646.1254612546126,1.5,77.0,0,451.6666666666667,0.20071100577692194,13.682550430708044,13.681979165339751,13.664787421501947,860085.7920930902
True,True,2025-12-29,650000.0,34.642088,-118.244335,2810.0,PLM - Palmdale,True,3.0,0.5804,1990.0,3.0,Palmdale,4.0,True,2.0,Two,25282.0,False,3.0,Palmdale,93551,0.0,25282.0,231.3167259786477,1.3333333333333333,35.0,0,702.5,0.11114627007357013,13.38472764187182,13.345506928718539,13.596901602134729,803635.9138567053
True,True,2025-12-12,515000.0,34.656324,-118.19123700000002,1974.0,LAC - Lancaster,True,2.0,0.48,1952.0,2.0,Lancaster,3.0,True,1.0,One,0.48,False,2.0,Antelope Valley Union,93536,0.0,20908.8,260.89159067882474,1.5,73.0,0,658.0,0.09441000918273645,13.151922179645874,13.224918336616522,13.30358213991934,599338.6881451209
True,False,2025-12-01,1070000.0,33.77388,-118.019265,1286.0,47 - Garden Park,True,2.0,0.1377,1963.0,2.0,Garden Grove,3.0,True,1.0,One,6000.0,False,2.0,Garden Grove Unified,92845,0.0,6000.0,832.0373250388802,1.5,62.0,0,428.6666666666667,0.21433333333333332,13.883169206438088,13.955272500339433,13.792615795477609,977365.3338586933
True,False,2025-12-05,3250000.0,37.29009349,-121.77669005,3155.0,699 - Not Defined,True,3.0,0.2975,1999.0,3.0,San Jose,5.0,True,1.0,Two,12960.0,False,3.0,Other,95138,0.0,12960.0,1030.1109350237718,1.6666666666666667,26.0,0,631.0,0.24344135802469136,14.994165554305921,14.91078394536687,15.108096677916231,3642193.53609278
True,False,2025-12-05,1700000.0,37.58794523,-122.47091223,2241.0,699 - Not Defined,True,3.0,0.2632,1966.0,4.0,Pacifica,4.0,True,1.0,One,11463.0,False,3.0,Other,94044,650.0,11463.0,758.5899152164212,1.0,59.0,0,560.25,0.19549856058623397,14.346138809026444,14.038654109278484,14.178748082567484,1437977.3736856722
True,False,2025-12-19,780000.0,34.443125,-118.526999,1260.0,BOUQ - Bouquet Canyon,True,4.0,0.1602,1972.0,2.0,Saugus,4.0,True,1.0,One,6978.0,False,2.0,William S. Hart Union,91350,0.0,6978.0,619.047619047619,2.0,53.0,0,315.0,0.18056749785038692,13.567049198665774,13.652991628466498,13.549277492344801,766260.5177056898
True,False,2025-12-09,625000.0,33.559637,-117.173743,1760.0,SRCAR - Southwest Riverside County,True,2.0,0.12,1998.0,3.0,Murrieta,4.0,True,2.0,Two,0.12,False,2.0,Murrieta,92563,0.0,5227.2,355.1136363636364,1.3333333333333333,27.0,0,440.0,0.3367003367003367,13.345506928718539,13.458835614025542,13.396031666193176,657389.3015469104
True,False,2025-12-12,750000.0,33.945759,-117.55206,1221.0,250 - Norco,False,11.0,0.29,1956.0,2.0,Norco,3.0,True,1.0,One,12632.0,False,1.0,Corona-Norco Unified,92860,0.0,12632.0,614.2506142506143,1.5,69.0,0,407.0,0.09665927802406586,13.527828485512494,13.753635154246187,13.619823902883331,822269.8483941923
False,False,2025-12-01,340000.0,37.36109548,-120.62055087,1728.0,699 - Not Defined,True,2.0,0.1584,1977.0,2.0,Atwater,3.0,True,2.0,Two,6900.0,False,2.0,Other,95301,92.0,6900.0,196.75925925925927,1.5,48.0,0,576.0,0.25043478260869567,12.736700896592344,13.038981768465277,13.000105804291415,442460.20372077095
False,False,2025-12-30,1800000.0,33.766242,-117.790403,2784.0,NTS - North Tustin,True,2.0,0.1814,1970.0,3.0,North Tustin,4.0,True,2.0,Two,7900.0,False,2.0,Tustin Unified,92705,450.0,7900.0,646.551724137931,1.3333333333333333,55.0,0,696.0,0.35240506329113924,14.403297222866392,14.376839163903371,14.463956840158898,1912566.930019102
True,False,2025-12-01,720000.0,37.64256847,-122.09145402,1077.0,ROSA - Rosamond,True,2.0,0.1263,1954.0,1.0,Hayward,3.0,True,1.0,One,5500.0,False,2.0,Other,94544,49.0,5500.0,668.5236768802229,3.0,71.0,0,359.0,0.1958181818181818,13.487006490992238,13.732128949025222,13.560663992385003,775035.4059471142
True,False,2025-12-30,1625000.0,37.72076521,-121.91909934,2036.0,83 - Fullerton,True,2.0,0.1378,1988.0,3.0,Dublin,4.0,True,2.0,Two,6001.0,False,2.0,Dublin,94568,0.0,6001.0,798.1335952848723,1.3333333333333333,37.0,0,509.0,0.339276787202133,14.301018373745976,14.288629462085328,14.240457971991434,1529509.9867779533
False,False,2025-12-08,1820000.0,37.4490215,-122.1479702,960.0,699 - Not Defined,False,2.0,0.0826,1924.0,2.0,Palo Alto,2.0,False,1.0,One,3600.0,False,1.0,Palo Alto Unified,94301,0.0,3600.0,1895.8333333333333,1.0,101.0,0,480.0,0.26666666666666666,14.414347059052979,15.44395894803337,14.79200568384053,2655134.0043708016
False,False,2025-12-03,1300000.0,33.175026,-117.295259,2287.0,92010 - Carlsbad,True,2.0,0.1485,2000.0,3.0,Carlsbad,4.0,True,2.0,Two,6470.0,False,2.0,Carlsbad Unified,92010,130.0,6470.0,568.4302579798863,1.3333333333333333,25.0,0,571.75,0.3534775888717156,14.077874822431765,14.187074114396758,14.269128978710718,1573997.2781647933
True,False,2025-12-15,710000.0,34.680813,-118.190706,3847.0,LAC - Lancaster,True,3.0,0.163,2006.0,5.0,Lancaster,7.0,True,2.0,Two,7101.0,False,3.0,Antelope Valley Union,93536,0.0,7101.0,184.5593969326748,1.4,19.0,0,549.5714285714286,0.5417546824390931,13.473020249017498,13.224918336616522,13.65736400887355,853724.660227782
False,False,2025-12-24,505000.0,33.946087,-117.264953,1080.0,259 - Moreno Valley,True,2.0,0.19,1982.0,2.0,Moreno Valley,3.0,False,1.0,One,8276.0,False,2.0,Moreno Valley Unified,92557,0.0,8276.0,467.5925925925926,1.5,43.0,0,360.0,0.1304978250362494,13.132313708257497,13.262125319779487,13.104126036997007,490963.9767597164
True,False,2025-12-29,930000.0,33.93383,-117.67498,1934.0,682 - Chino Hills,True,2.0,0.0987,1988.0,3.0,Chino Hills,4.0,True,2.0,Two,4300.0,False,2.0,Chino Valley Unified,91709,0.0,4300.0,480.8686659772493,1.3333333333333333,37.0,0,483.5,0.44976744186046513,13.742939865129438,13.901688254205327,13.812840230734972,997333.2349230441
True,False,2025-12-08,1716820.0,33.680276,-117.738951,2323.0,GP - Great Park,True,2.0,0.0643,2025.0,3.0,Irvine,4.0,False,2.0,Two,2800.0,True,2.0,Irvine Unified,92618,260.0,2800.0,739.0529487731382,1.3333333333333333,0.0,0,580.75,0.8296428571428571,14.35598430037133,14.648419680899378,14.46904725381045,1922327.5084434196
True,False,2025-12-02,2860000.0,33.03079633,-117.15380707,4371.0,92127 - Rancho Bernardo,True,7.0,0.2732,2006.0,4.0,San Diego,3.0,False,2.0,Two,11902.0,False,3.0,Other,92127,760.0,11902.0,654.3125142987875,0.75,19.0,0,1457.0,0.367249201814821,14.866332182796036,14.53335035111459,14.892796048985819,2936697.031198046
True,False,2025-12-16,742500.0,33.500988,-117.097082,2143.0,SRCAR - Southwest Riverside County,True,4.0,0.12,1997.0,3.0,Temecula,4.0,False,2.0,Two,5227.0,False,2.0,Temecula Unified,92592,125.0,5227.0,346.4769015398973,1.3333333333333333,28.0,0,535.75,0.409986607996939,13.517778149658993,13.580420735596498,13.576637200963468,787514.6092697248
True,True,2025-12-24,1680000.0,34.230137,-118.238893,2056.0,635 - La Crescenta/Glendale Montrose & Annex,True,2.0,0.1769,1952.0,3.0,La Crescenta,3.0,True,1.0,One,7705.0,False,2.0,Glendale Unified,91214,0.0,7705.0,817.1206225680934,1.0,73.0,0,685.3333333333334,0.26683971447112265,14.334304351379442,14.115615150414612,14.257582940846289,1555928.3589370612
True,False,2025-12-17,1135000.0,33.909837,-118.057085,2271.0,M1 - Norwalk,True,2.0,0.1171,1958.0,3.0,Norwalk,6.0,False,1.0,One,5100.0,False,2.0,Norwalk - La Mirada,90650,0.0,5100.0,499.7798326728313,2.0,67.0,0,378.5,0.44529411764705884,13.94214320889764,13.541073712262515,13.671292671367219,865699.1032766798
True,False,2025-12-05,945000.0,34.05891,-117.903296,1648.0,669 - West Covina,True,2.0,0.2409,1955.0,2.0,West Covina,3.0,True,1.0,One,10495.0,False,2.0,West Covina,91791,0.0,10495.0,573.4223300970874,1.5,70.0,0,549.3333333333334,0.1570271557884707,13.758940206475879,13.785051350479566,13.779531344834355,964660.3455439878
True,True,2025-12-05,1025000.0,33.923663,-117.33211,2650.0,252 - Riverside,True,3.0,0.78,2003.0,3.0,Riverside,5.0,True,2.0,Two,33977.0,False,3.0,Riverside Unified,92506,0.0,33977.0,386.7924528301887,1.6666666666666667,22.0,0,530.0,0.0779939370750802,13.840203170554645,13.493926933836812,13.767509352239948,953132.6378616043
True,True,2025-12-05,4990000.0,34.106987,-118.461319,4307.0,C04 - Bel Air - Holmby Hills,True,6.0,0.6513,1975.0,5.0,Los Angeles,4.0,True,2.0,Two,28370.0,False,3.0,Lucia Mar Unified,90077,0.0,28370.0,1158.5790573485024,0.8,50.0,0,1076.75,0.15181529784984138,15.422946467727702,14.844970510943792,15.376216697974536,4762182.825954405
True,True,2025-12-04,695000.0,34.017184,-117.663469,1658.0,681 - Chino,True,2.0,0.1653,1975.0,2.0,Chino,4.0,True,1.0,One,7200.0,False,2.0,Chino Valley Unified,91710,0.0,7200.0,419.1797346200241,2.0,50.0,0,414.5,0.23027777777777778,13.45166712454693,13.567049198665774,13.553162168922992,769242.9811940183
True,False,2025-12-19,1075000.0,33.965253999999995,-117.366167,2637.0,252 - Riverside,False,8.0,0.25,1925.0,3.0,Riverside,5.0,True,2.0,Two,10890.0,False,2.0,Riverside Unified,92507,0.0,10890.0,407.66021994690936,1.6666666666666667,100.0,0,527.4,0.2421487603305785,13.8878312195439,13.38472764187182,13.643376303351223,841866.1411681128
False,True,2025-12-01,419000.0,33.747357,-116.254734,1463.0,309 - Indio North of East Valley,True,4.0,0.17,2005.0,2.0,Indio,2.0,False,1.0,One,7405.0,False,2.0,Other,92203,369.0,7405.0,286.3978127136022,1.0,20.0,0,731.5,0.1975692099932478,12.945626198904275,13.255142955086335,13.02197993266875,452245.26470100944
True,True,2025-12-30,1140000.0,34.117555,-117.665646,2631.0,690 - Upland,True,9.0,0.2572,2014.0,3.0,Upland,4.0,True,1.0,One,11205.0,False,3.0,Upland,91786,0.0,11205.0,433.29532497149376,1.3333333333333333,11.0,0,657.75,0.23480589022757697,13.946538820370678,13.554145793829866,13.741616946135313,928770.4987800355
False,False,2025-12-18,865000.0,32.71060571,-117.07253853,2300.0,92114 - Encanto,False,5.0,0.3,1956.0,3.0,San Diego,6.0,False,2.0,Two,31363.0,False,0.0,Long Beach Unified,92114,0.0,3920.0,376.0869565217391,2.0,69.0,0,383.3333333333333,0.5867346938775511,13.670484785914017,13.547631112808673,13.658492469085179,854688.5983191347
True,False,2025-12-02,1625000.0,37.53923874,-121.98746425,1719.0,222 - Idyllwild,True,2.0,0.2009,1963.0,3.0,Fremont,4.0,True,1.0,One,8752.0,False,2.0,Other,94538,0.0,8752.0,945.3170447934846,1.3333333333333333,62.0,0,429.75,0.19641224862888482,14.301018373745976,14.191890085177342,14.171646047377974,1427800.987077713
True,True,2025-12-22,2795000.0,33.512974,-117.658568,4039.0,JN - San Juan North,True,4.0,0.225,1990.0,5.0,San Juan Capistrano,4.0,True,2.0,Two,9800.0,False,4.0,Capistrano Unified,92675,320.0,9800.0,692.0029710324337,0.8,35.0,0,1009.75,0.41214285714285714,14.843342664571336,14.32231001513485,14.869417355245478,2868837.218367125
True,False,2025-12-08,2337500.0,37.51285055,-122.28256287,2310.0,699 - Not Defined,True,2.0,0.4012,1965.0,3.0,Belmont,4.0,True,2.0,One,17476.0,False,2.0,Other,94002,132.0,17476.0,1011.904761904762,1.3333333333333333,60.0,0,577.5,0.13218127718013276,14.664592540144978,14.652758082497977,14.669376835808299,2348710.0859129694
True,False,2025-12-11,778550.0,33.806504,-118.191254,1144.0,7 - North Long Beach,True,2.0,0.1377,1930.0,1.0,Long Beach,3.0,False,1.0,One,6000.0,False,2.0,Long Beach Unified,90806,0.0,6000.0,680.5506993006993,3.0,95.0,0,381.3333333333333,0.19066666666666668,13.56518849426957,13.579788224443204,13.532000382614616,753135.458684443
True,True,2025-12-23,2695000.0,33.830075,-118.193933,3407.0,"6 - Bixby, Bixby Knolls, Los Cerritos",True,2.0,0.1779,1946.0,5.0,Long Beach,5.0,True,2.0,Two,7749.0,False,2.0,Long Beach Unified,90807,0.0,7749.0,791.018491341356,1.0,79.0,0,681.4,0.439669634791586,14.806908762325234,13.924364962876357,14.42995357587015,1848626.6608074405
True,False,2025-12-16,342000.0,38.805209000000005,-122.569295,1609.0,LCHVL - Hidden Valley Lake,True,6.0,0.192,2005.0,2.0,Hidden Valley Lake,3.0,False,1.0,One,8364.0,False,2.0,Middletown Unified,95467,309.5,8364.0,212.55438160348044,1.5,20.0,0,536.3333333333334,0.19237207077953133,12.742566016044742,12.818551923022664,12.777245501917456,354068.43828442914
False,False,2025-12-22,459990.0,34.872792,-118.184019,1895.0,ROSA - Rosamond,True,3.0,0.2079,1992.0,3.0,Rosamond,4.0,True,2.0,Two,9056.0,False,3.0,Kern Union,93560,0.0,9056.0,242.73878627968332,1.3333333333333333,33.0,0,473.75,0.20925353356890458,13.038960029098545,13.005829561148378,13.063236910665749,471293.7778224991
True,False,2025-12-22,600000.0,34.129085,-117.429465,1310.0,264 - Fontana,True,4.0,0.1768,1981.0,2.0,Fontana,3.0,True,1.0,One,7700.0,False,2.0,Fontana Unified,92336,0.0,7700.0,458.01526717557255,1.5,44.0,0,436.6666666666667,0.17012987012987013,13.304684934198283,13.487006490992238,13.314185012090206,605727.2081227693
False,False,2025-12-15,940000.0,37.707041,-122.07463363,1314.0,SRCAR - Southwest Riverside County,True,2.0,0.1492,1941.0,3.0,Castro Valley,3.0,True,1.0,One,6500.0,False,2.0,Apple Valley Unified,94546,0.0,6500.0,715.3729071537291,1.0,84.0,0,438.0,0.20215384615384616,13.753635154246187,13.885500212990994,13.91962451634052,1109726.910386899
False,False,2025-12-01,2080000.0,33.08567265,-117.22621468,3683.0,92009 - Carlsbad,True,4.0,0.2175,2005.0,5.0,Carlsbad,4.0,True,2.0,Two,6083.0,False,2.0,Glendora Unified,92009,297.0,11700.0,564.7569915829487,0.8,20.0,0,920.75,0.3147863247863248,14.547878451677501,14.457364444136669,14.84176106036735,2790582.910214514
True,False,2025-12-10,1226000.0,33.878735,-117.856366,2296.0,84 - Placentia,True,2.0,0.1446,1969.0,2.0,Placentia,4.0,True,1.0,One,6300.0,False,2.0,Placentia-Yorba Linda Unified,92870,0.0,6300.0,533.9721254355401,2.0,56.0,0,574.0,0.36444444444444446,14.019267395478293,13.980176819817759,14.057893884389301,1274282.5653874234
False,False,2025-12-31,429990.0,34.591552,-118.116689,1468.0,PLM - Palmdale,False,2.0,0.1725,1955.0,2.0,Palmdale,3.0,True,1.0,One,7516.0,False,2.0,Antelope Valley Union,93550,0.0,7516.0,292.90871934604905,1.5,70.0,0,489.3333333333333,0.19531665779670038,12.971517231585372,13.049792684569493,12.960223724681907,425161.22320170025
True,False,2025-12-09,627000.0,38.00485119,-121.73567238,1835.0,"34 - Los Altos, X-100",True,4.0,0.0838,2022.0,3.0,Oakley,3.0,False,2.0,Two,3650.0,False,2.0,Oakley,94561,118.0,3650.0,341.6893732970027,1.0,3.0,0,611.6666666666666,0.5027397260273972,13.348701819615057,13.415032991367148,13.34439794721808,624307.2707451736
True,False,2025-12-03,1800000.0,37.66920484,-121.87930984,2146.0,C06 - Brentwood,True,2.0,0.1863,1970.0,3.0,Pleasanton,4.0,True,1.0,One,8116.0,False,2.0,Paradise Unified,94566,0.0,8116.0,838.7698042870456,1.3333333333333333,55.0,0,536.5,0.26441596845736814,14.403297222866392,14.430696197054507,14.331379529094468,1675093.4774123188
True,False,2025-12-24,1275000.0,34.032985,-118.38329,2184.0,C09 - Beverlywood Vicinity,True,2.0,0.0274,2017.0,4.0,Los Angeles,3.0,True,1.0,ThreeOrMore,1194.0,False,2.0,Los Angeles Unified,90034,0.0,1194.0,583.7912087912088,0.75,8.0,0,728.0,1.829145728643216,14.058456736574664,14.291744736960645,14.216471795978888,1493259.385679656
True,True,2025-12-22,715000.0,33.890739,-117.539235,2327.0,699 - Not Defined,True,2.0,0.23,1964.0,3.0,Corona,5.0,True,2.0,Two,10018.0,False,2.0,Coronado Unified,92879,0.0,10018.0,307.2625698324022,1.6666666666666667,61.0,0,465.4,0.232281892593332,13.480037821676145,13.500799813124575,13.628354933051211,829314.6643197134
False,False,2025-12-02,845000.0,34.070673,-117.910208,1285.0,669 - West Covina,True,2.0,0.1625,1953.0,2.0,West Covina,3.0,True,1.0,One,7078.0,False,2.0,West Covina,91791,0.0,7078.0,657.5875486381323,1.5,72.0,0,428.3333333333333,0.18154846001695393,13.64709190633931,13.785051350479566,13.724137024333903,912676.7317666715
True,False,2025-12-18,1515000.0,32.83787,-117.204776,2662.0,92117 - Clairemont Mesa,True,2.0,0.1309,2008.0,5.0,San Diego,4.0,True,2.0,Two,5700.0,False,2.0,San Diego Unified,92117,0.0,5700.0,569.1209616829451,0.8,17.0,0,665.5,0.4670175438596491,14.230925996925606,13.964016766263498,14.17737258425422,1436000.7979336018
True,False,2025-12-04,1665000.0,36.56983948,-121.90804209,1492.0,699 - Not Defined,True,4.0,0.64,1962.0,2.0,Carmel,2.0,True,1.0,One,27878.0,False,2.0,Other,93923,0.0,27878.0,1115.9517426273458,1.0,63.0,0,746.0,0.05351890379510725,14.325335681396682,14.65737492047145,14.408596264369761,1809563.5912609021
True,False,2025-12-02,2175000.0,33.512419,-117.638483,3181.0,OR - Ortega/Orange County,True,2.0,0.2403,2001.0,3.0,San Juan Capistrano,5.0,True,2.0,Two,10467.0,False,2.0,Capistrano Unified,92675,0.0,10467.0,683.7472492926753,1.6666666666666667,24.0,0,636.2,0.30390751886882583,14.592539222504922,14.32231001513485,14.510254066095792,2003195.2047613552
True,False,2025-12-01,1775000.0,37.16086554,-121.61537402,4191.0,699 - Not Defined,True,3.0,0.6981,1997.0,4.0,Morgan Hill,4.0,True,1.0,Two,30409.0,False,3.0,Other,95037,100.0,30409.0,423.5266046289668,1.0,28.0,0,1047.75,0.1378210398237364,14.389310980891652,14.187074114396758,14.732495310177612,2501735.653067555
False,False,2025-12-19,560000.0,33.99407,-118.078619,1125.0,649 - Pico Rivera,True,1.0,0.1325,1948.0,2.0,Pico Rivera,3.0,False,1.0,One,5771.0,False,1.0,Los Angeles Unified,90660,0.0,5771.0,497.77777777777777,1.5,77.0,0,375.0,0.19494021833304453,13.235692062711331,13.527828485512494,13.494102157161132,725127.048040697
True,True,2025-12-29,860000.0,35.333179,-119.140434,3605.0,BKSF - Bakersfield,True,3.0,0.2282,2006.0,4.0,Bakersfield,4.0,True,2.0,Two,9940.0,False,3.0,Bakersfield City,93311,161.0,9940.0,238.55755894590845,1.0,19.0,0,901.25,0.3626760563380282,13.664687668229691,13.112313041550827,13.409862860651073,666544.9516422382
False,False,2025-12-16,1580000.0,33.12678517,-117.043238,4831.0,92027 - Escondido,True,6.0,2.2,1950.0,4.0,Escondido,5.0,True,1.0,One,95832.0,False,2.0,William S. Hart Union,92027,0.0,95832.0,327.0544400745187,1.25,75.0,0,966.2,0.05041113615493781,14.27293540500315,13.658839648348096,14.391351393443667,1778625.4297081588
False,False,2025-12-11,1212500.0,33.655476,-117.923415,1910.0,C2 - Southwest Costa Mesa,True,2.0,0.1379,1956.0,2.0,Costa Mesa,4.0,True,1.0,One,6007.0,False,2.0,Newport Mesa Unified,92627,0.0,6007.0,634.8167539267016,2.0,69.0,0,477.5,0.317962377226569,14.008194901793775,14.375126345899696,14.362123484628594,1727392.2937407785
False,False,2025-12-01,2550000.0,37.34071109,-122.01393159,1923.0,699 - Not Defined,True,3.0,0.1386,1957.0,3.0,Sunnyvale,4.0,True,1.0,Two,6039.0,False,2.0,Other,94087,0.0,6039.0,1326.053042121685,1.3333333333333333,68.0,0,480.75,0.3184302036761053,14.75160391713461,14.866332182796036,14.869902483183308,2870229.309094592
False,False,2025-12-29,621900.0,33.807411,-117.019279,2483.0,SRCAR - Southwest Riverside County,True,2.0,0.2856,2025.0,3.0,San Jacinto,5.0,False,1.0,One,12442.0,True,2.0,Hemet Unified,92582,0.0,12442.0,250.46314941602893,1.6666666666666667,0.0,0,496.6,0.19956598617585597,13.34053458709198,13.154789908438397,13.405591483800537,663703.958760976
True,False,2025-12-02,1400000.0,34.190021,-118.28151499999998,1952.0,610 - Burbank,True,2.0,0.2752,1957.0,2.0,Burbank,3.0,True,1.0,One,11986.0,False,2.0,Burbank Unified,91501,0.0,11986.0,717.2131147540983,1.5,68.0,0,650.6666666666666,0.1628566661104622,14.151982794585487,14.202811695444767,14.215145212769306,1491279.7662063541
False,False,2025-12-12,935000.0,34.226428000000006,-118.390922,1412.0,SUNV - Sun Valley,True,0.0,0.1725,1940.0,2.0,Sun Valley,3.0,False,1.0,One,7515.0,False,0.0,Los Angeles Unified,91352,0.0,7515.0,662.1813031161473,1.5,85.0,0,470.6666666666667,0.18789088489687292,13.748301808270824,13.681979165339751,13.686598925744216,879051.6419555402
False,False,2025-12-29,410000.0,34.062725,-117.655899,702.0,686 - Ontario,True,0.0,0.064,1920.0,1.0,Ontario,2.0,False,1.0,One,2790.0,False,0.0,Ontario-Montclair,91762,0.0,2790.0,584.0455840455841,2.0,105.0,0,351.0,0.25161290322580643,12.92391243868049,13.530491602931978,13.103258251105663,490538.10995485337
False,False,2025-12-09,1290000.0,34.110475,-118.107139,1696.0,654 - San Gabriel,False,5.0,0.1649,1939.0,2.0,San Gabriel,3.0,True,1.0,One,7185.0,False,2.0,San Gabriel Unified,91775,0.0,7185.0,760.6132075471698,1.5,86.0,0,565.3333333333334,0.2360473208072373,14.070152776337855,14.157248338395881,14.101457050668152,1331021.2339995683
True,False,2025-12-23,860000.0,38.00615338,-122.29468769,2638.0,CP - Canoga Park,False,7.0,0.2204,1959.0,3.0,Pinole,4.0,True,2.0,Two,9600.0,False,0.0,Victor Valley Union High,94564,0.0,9600.0,326.0045489006823,1.3333333333333333,66.0,0,659.5,0.27479166666666666,13.664687668229691,13.504212795659775,13.72523643915612,913680.6938777565
False,False,2025-12-12,630000.0,33.913059999999994,-117.489899,1418.0,252 - Riverside,True,2.0,0.15,1978.0,2.0,Riverside,4.0,True,1.0,One,6534.0,False,2.0,Riverside Unified,92505,0.0,6534.0,444.2877291960508,2.0,47.0,0,354.5,0.2170186715641261,13.353475098367715,13.38779984090879,13.344110288991413,624127.7094501551
False,False,2025-12-24,475000.0,38.6221,-121.357529,1275.0,SCTO - Sacramento,True,2.0,0.23,1954.0,1.0,Sacramento,2.0,True,1.0,One,10019.0,False,2.0,Sacramento City Unified,95821,0.0,10019.0,372.5490196078431,2.0,71.0,0,637.5,0.12725820940213595,13.071070083016778,13.758057593713595,13.557247566415015,772392.0728056465
True,True,2025-12-15,2075000.0,32.81172,-117.234492,2319.0,92109 - Pacific Beach,True,2.0,0.23,1967.0,3.0,San Diego,4.0,True,1.0,One,0.23,False,2.0,San Diego Unified,92109,0.0,10018.8,894.7822337214317,1.3333333333333333,58.0,0,579.75,0.23146484608935203,14.545471711646936,14.508657738524219,14.53303805713556,2049359.8972982983
True,False,2025-12-15,935000.0,37.9256744,-121.9215757,2032.0,699 - Not Defined,True,2.0,0.2399,1975.0,3.0,Clayton,4.0,True,1.0,One,10450.0,False,2.0,Los Angeles Unified,94517,0.0,10450.0,460.1377952755906,1.3333333333333333,50.0,0,508.0,0.19444976076555023,13.748301808270824,13.946538820370678,13.983659176769084,1183112.4303377839
True,False,2025-12-09,970000.0,37.69381233,-121.72636104,1262.0,GRVC - Grover Beach,True,2.0,0.1828,1982.0,2.0,Livermore,3.0,True,1.0,One,7964.0,False,2.0,El Monte Union High,94550,0.0,7964.0,768.621236133122,1.5,43.0,0,420.6666666666667,0.1584630838774485,13.785051350479566,14.077490059042251,13.822502720425833,1007016.6647040988
False,False,2025-12-01,935000.0,36.82147935,-121.6454326,1810.0,699 - Not Defined,True,2.0,1.0,1993.0,3.0,Salinas,3.0,True,1.0,Two,43560.0,False,2.0,North Monterey County Unified,93907,0.0,43560.0,516.5745856353591,1.0,32.0,0,603.3333333333334,0.04155188246097337,13.748301808270824,13.635187003832993,13.664679340936729,859992.838557871
True,False,2025-12-11,525000.0,33.773571999999994,-116.301344,1576.0,307 - Sun City,True,2.0,0.14,1995.0,2.0,Palm Desert,2.0,True,1.0,"Two,One",6098.0,False,2.0,Newport Mesa Unified,92211,398.0,6098.0,333.1218274111675,1.0,30.0,0,788.0,0.2584453919317809,13.17115354157376,13.226723392728571,13.04735872913123,463869.58696674235
True,True,2025-12-09,540000.0,33.942506,-117.442931,1278.0,252 - Riverside,True,6.0,0.16,1958.0,2.0,Riverside,4.0,False,1.0,One,6969.0,False,2.0,Riverside Unified,92503,0.0,6969.0,422.5352112676056,2.0,67.0,0,319.5,0.18338355574687903,13.199324418540456,13.399995114002609,13.340920041891565,622139.7605453192
False,False,2025-12-30,609000.0,34.98185,-120.438304,1402.0,SMIA - Santa Maria,True,2.0,0.1,1986.0,2.0,Santa Maria,3.0,True,1.0,One,4356.0,False,2.0,Tustin Unified,93458,120.0,4356.0,434.37945791726105,1.5,39.0,0,467.3333333333333,0.3218549127640037,13.319573546692034,13.357427688121273,13.264411225019218,576315.8989499935
True,False,2025-12-09,760000.0,32.699915000000004,-117.027802,1120.0,92114 - Encanto,True,2.0,0.128,1979.0,2.0,San Diego,3.0,True,1.0,One,5575.0,False,2.0,Sweetwater Union,92114,0.0,5575.0,678.5714285714286,1.5,46.0,0,373.3333333333333,0.20089686098654708,13.541073712262515,13.547631112808673,13.394368095171899,656296.5969030516
True,False,2025-12-05,512000.0,33.83445,-117.188779,2010.0,SRCAR - Southwest Riverside County,True,2.0,0.13,2004.0,3.0,Perris,3.0,True,2.0,Two,5663.0,False,2.0,Perris Union High,92571,80.0,5663.0,254.726368159204,1.0,21.0,0,670.0,0.3549355465301077,13.146079904021645,13.214938819306386,13.209858205928636,545718.3100452032
True,True,2025-12-01,660000.0,33.144159,-117.033109,1056.0,92027 - Escondido,True,2.0,0.1309,1974.0,2.0,Escondido,3.0,False,1.0,One,5700.0,False,2.0,Escondido Union,92027,0.0,5700.0,625.0,1.5,51.0,0,352.0,0.18526315789473685,13.399995114002609,13.658839648348096,13.42080116934285,673875.8467843636
True,False,2025-12-23,425000.0,34.658066,-118.227075,1010.0,LAC - Lancaster,False,2.0,0.2859,1956.0,1.0,Lancaster,3.0,False,1.0,One,12453.0,False,2.0,Lancaster,93536,0.0,12453.0,420.7920792079208,3.0,69.0,0,336.6666666666667,0.08110495462940658,12.959844447906553,13.224918336616522,13.015128406576494,449157.28523576516
False,False,2025-12-04,750000.0,34.19381,-118.564039,1420.0,WIN - Winnetka,False,4.0,0.1659,1953.0,2.0,Winnetka,3.0,True,1.0,One,7225.0,False,2.0,Los Angeles Unified,91306,0.0,7225.0,528.169014084507,1.5,72.0,0,473.3333333333333,0.19653979238754327,13.527828485512494,13.65680576350189,13.644951424534028,843193.2272464739
True,False,2025-12-09,439500.0,34.418738,-117.182802,1624.0,APPV - Apple Valley,True,2.0,0.9423,2007.0,2.0,Apple Valley,3.0,True,1.0,One,41048.0,False,2.0,Apple Valley Unified,92308,0.0,41048.0,270.628078817734,1.5,18.0,0,541.3333333333334,0.03956343792633015,12.993392996107369,12.936033799212835,12.972548819089672,430433.8011814943
False,True,2025-12-02,900000.0,34.124569,-117.815357,1463.0,629 - Glendora,True,2.0,0.2179,1957.0,2.0,Glendora,3.0,True,1.0,One,9490.0,False,2.0,Glendora Unified,91740,0.0,9490.0,615.1742993848256,1.5,68.0,0,487.6666666666667,0.1541622760800843,13.710150042306449,13.635169075296139,13.55002669783148,766834.8193979065
True,False,2025-12-29,1900000.0,37.64876528,-121.90313525,2520.0,SRCAR - Southwest Riverside County,True,2.0,0.1607,1994.0,3.0,Pleasanton,3.0,True,1.0,One,7000.0,False,2.0,Pleasanton,94588,420.0,7000.0,753.968253968254,1.0,31.0,0,840.0,0.36,14.457364444136669,14.25858093542591,14.361838396295276,1726899.9045413136
True,False,2025-12-19,1015000.0,32.75659064,-116.90894207,1980.0,92019 - El Cajon,True,5.0,0.1651,1985.0,3.0,El Cajon,4.0,True,2.0,Two,7192.0,False,3.0,Adelanto,92019,0.0,7192.0,512.6262626262626,1.3333333333333333,40.0,0,495.0,0.2753058954393771,13.830399170458024,13.773646353865574,13.77211165341359,957529.351057997
True,False,2025-12-24,4560000.0,34.142674,-118.547159,6500.0,TAR - Tarzana,True,0.0,2.6757,2000.0,8.0,Tarzana,6.0,True,2.0,"Two,MultiSplit",116554.0,False,2.0,Los Angeles Unified,91356,650.0,116554.0,701.5384615384615,0.75,25.0,0,1083.3333333333333,0.05576814180551504,15.33283318149057,14.42416726859578,15.592442095506517,5911688.764427915
False,True,2025-12-09,1260000.0,34.183445,-118.557571,1584.0,TAR - Tarzana,False,8.0,0.2164,1956.0,2.0,Tarzana,4.0,False,1.0,One,9428.0,False,2.0,Los Angeles Unified,91335,0.0,9428.0,795.4545454545455,2.0,69.0,0,396.0,0.1680101824352991,14.04662227892766,13.652991628466498,13.670699925031087,865186.1153558951
True,True,2025-12-19,460000.0,36.812437,-119.690618,1594.0,699 - Not Defined,True,2.0,0.2089,1975.0,2.0,Clovis,3.0,True,1.0,One,9100.0,False,2.0,Clovis Unified,93611,0.0,9100.0,288.58218318695106,1.5,50.0,0,531.3333333333334,0.17516483516483516,13.038981768465277,13.10910924746393,13.060127730144995,469830.7160291734
True,False,2025-12-05,798500.0,33.014295000000004,-116.800402,2111.0,92065 - Ramona,True,2.0,0.61,1995.0,2.0,Ramona,3.0,True,1.0,One,0.61,False,2.0,Ramona Unified,92065,175.0,26571.6,378.2567503552818,1.5,30.0,0,703.6666666666666,0.07944572400608169,13.590490246637204,13.623138665316818,13.70272242853177,893339.9125010305
True,False,2025-12-04,700000.0,34.592403000000004,-118.169056,3001.0,PLM - Palmdale,True,2.0,0.1741,2021.0,4.0,Palmdale,4.0,True,1.0,One,7584.0,False,2.0,Palmdale,93551,0.0,7584.0,233.2555814728424,1.0,4.0,0,750.25,0.39570147679324896,13.458835614025542,13.345506928718539,13.523933905306471,747084.7453767804
False,False,2025-12-12,647000.0,34.875156,-120.40646,1440.0,OREA - SM/Orcutt East,True,2.0,0.14,1987.0,2.0,Santa Maria,3.0,True,1.0,One,6098.0,False,2.0,Orcutt Union,93455,69.0,6098.0,449.30555555555554,1.5,38.0,0,480.0,0.2361429977041653,13.380101573483037,13.538369041771391,13.407005964251335,664643.4193034105
True,False,2025-12-09,1650000.0,33.09286098,-117.24853276,2598.0,92009 - Carlsbad,True,5.0,0.128,1987.0,3.0,Carlsbad,3.0,True,2.0,Two,5577.0,False,3.0,Other,92009,350.0,5577.0,635.1039260969977,1.0,38.0,0,866.0,0.4658418504572351,14.316285845876763,14.457364444136669,14.263119488545723,1564566.721801012
True,True,2025-12-03,522000.0,33.745173,-116.224983,1915.0,309 - Indio North of East Valley,True,3.0,0.19,2004.0,2.0,Indio,5.0,True,1.0,One,8276.0,False,2.0,Lucia Mar Unified,92203,185.0,8276.0,272.5848563968668,2.5,21.0,0,383.0,0.23139197680038667,13.165422866864775,13.255142955086335,13.242402158065289,563770.2887501826
True,True,2025-12-04,1100000.0,34.148998,-117.615763,2667.0,688 - Rancho Cucamonga,True,3.0,0.48,1976.0,3.0,Rancho Cucamonga,4.0,True,2.0,Two,0.48,False,3.0,Alta Loma,91701,0.0,20908.8,412.44844394450695,1.3333333333333333,49.0,0,666.75,0.12755394857667585,13.9108207377686,13.654166717138976,13.940040563062622,1132616.0042049966
False,False,2025-12-16,415000.0,33.78211,-116.947259,1104.0,SRCAR - Southwest Riverside County,True,2.0,0.27,1963.0,1.0,San Jacinto,3.0,False,1.0,One,11761.0,False,2.0,San Jacinto Unified,92583,0.0,11761.0,375.90579710144925,3.0,62.0,0,368.0,0.09386956891420797,12.936033799212835,13.064725287181727,12.862089617062177,385420.26567405387
False,False,2025-12-03,905000.0,34.187119,-119.21865,2155.0,VC33 - Oxnard - Southwest / Port Huenem,True,2.0,0.13,1969.0,3.0,Oxnard,5.0,True,2.0,Two,5662.0,False,2.0,Temecula Unified,93035,0.0,5662.0,419.953596287703,1.6666666666666667,56.0,0,431.0,0.3806075591663723,13.715690222682063,14.077874822431765,14.107760786996971,1339438.1420192558
True,True,2025-12-17,970000.0,33.70247,-116.388619,2904.0,323 - South Palm Desert,True,2.0,0.27,1977.0,4.0,Palm Desert,5.0,True,1.0,One,11761.0,False,2.0,Conejo Valley Unified,92260,0.0,11761.0,334.0220385674931,1.25,48.0,0,580.8,0.24691777910041662,13.785051350479566,13.624349319661324,13.956212961666182,1151082.0392540456
False,False,2025-12-05,760000.0,34.203512,-118.526967,1453.0,RES - Reseda,True,1.0,0.1492,1947.0,2.0,Reseda,3.0,True,1.0,One,6501.0,False,1.0,Los Angeles Unified,91335,0.0,6501.0,523.0557467309015,1.5,78.0,0,484.3333333333333,0.22350407629595448,13.541073712262515,13.652991628466498,13.656737930452687,853190.3289247575
True,True,2025-12-04,1395000.0,33.710803000000006,-116.375669,2950.0,323 - South Palm Desert,True,4.0,0.27,1977.0,3.0,Palm Desert,3.0,True,1.0,One,11761.0,False,2.0,Parlier Unified,92260,0.0,11761.0,472.8813559322034,1.0,48.0,0,983.3333333333334,0.25082901113850864,14.148404973237604,13.624349319661324,13.880406095085286,1067047.5517026475
True,False,2025-12-10,965000.0,34.23346,-118.609623,1884.0,WEH - West Hills,True,3.0,0.2928,1970.0,3.0,West Hills,4.0,True,2.0,Two,12756.0,False,3.0,Los Angeles Unified,91304,0.0,12756.0,512.208067940552,1.3333333333333333,55.0,0,471.0,0.14769520225776106,13.779883380321124,13.846039762999096,13.84621725880711,1031183.0144197273
False,True,2025-12-19,1749000.0,33.709837,-116.391826,2327.0,323 - South Palm Desert,True,0.0,0.31,1964.0,4.0,Palm Desert,4.0,False,1.0,One,13504.0,False,0.0,Desert Sands Unified,92260,0.0,13504.0,751.6115169746455,1.0,61.0,0,581.75,0.17231931279620852,14.374554754000739,13.624349319661324,13.847153114156976,1032148.5042694164
False,False,2025-12-01,967000.0,32.91809123,-117.12757121,1008.0,92126 - Mira Mesa,True,6.0,0.1217,1976.0,2.0,San Diego,2.0,True,1.0,One,5300.0,False,2.0,Chino Valley Unified,92126,52.0,5300.0,959.3253968253968,1.0,49.0,0,504.0,0.19018867924528302,13.781953774435431,13.885500212990994,13.598950754039304,805284.3743162883
True,True,2025-12-19,1600000.0,33.733061,-117.942418,2574.0,699 - Not Defined,True,2.0,0.1866,1965.0,3.0,Fountain Valley,5.0,True,2.0,Two,8127.0,False,2.0,See Remarks,92708,0.0,8127.0,621.6006216006216,1.6666666666666667,60.0,0,514.8,0.3167220376522702,14.28551418721001,14.22097566607244,14.333601030507559,1678818.8363524498
False,False,2025-12-11,499000.0,33.74601,-117.93879,1372.0,70 - Santa Ana North of First,True,0.0,0.14,1920.0,2.0,Santa Ana,4.0,False,1.0,One,6100.0,False,0.0,Santa Ana Unified,92703,0.0,6100.0,363.7026239067055,2.0,105.0,0,343.0,0.22491803278688524,13.120361374733656,13.597966781776865,13.604306666454164,809608.9776546498
True,False,2025-12-19,895000.0,33.320621,-117.227982,2544.0,92028 - Fallbrook,True,8.0,1.01,1984.0,2.0,Fallbrook,3.0,True,2.0,Two,1.01,False,2.0,Fallbrook Union,92028,0.0,43995.6,351.80817610062894,1.5,41.0,0,848.0,0.05782396421460328,13.704578997256993,13.681979165339751,13.896102372333543,1083928.3622726128
False,False,2025-12-22,1740000.0,34.228688,-118.480873,3514.0,NOH - North Hills,True,10.0,0.2081,2005.0,5.0,North Hills,7.0,True,2.0,Two,9066.0,False,2.0,Palos Verdes Peninsula Unified,91343,0.0,9066.0,495.1622083096187,1.4,20.0,0,502.0,0.38760202956099715,14.369395671190711,13.715690222682063,14.104499134097543,1335076.4767056447
False,False,2025-12-30,785000.0,33.856672,-118.124601,952.0,23 - Lakewood Park,False,2.0,0.1148,1951.0,1.0,Lakewood,2.0,False,1.0,One,5001.0,False,2.0,Long Beach Unified,90713,0.0,5001.0,824.5798319327731,2.0,74.0,0,476.0,0.1903619276144771,13.573438996764546,13.721199878493033,13.495959236894496,726474.9179493012
True,False,2025-12-19,975000.0,34.032566,-117.700502,3279.0,681 - Chino,True,3.0,0.1653,2002.0,4.0,Chino,5.0,True,2.0,Two,7200.0,False,3.0,Chino Valley Unified,91710,0.0,7200.0,297.34675205855444,1.25,23.0,0,655.8,0.4554166666666667,13.790192749979985,13.567049198665774,13.735702027364107,923293.1118415024
True,False,2025-12-03,720000.0,34.137649,-117.674699,1120.0,690 - Upland,True,2.0,0.132,1986.0,2.0,Upland,2.0,True,1.0,One,5750.0,False,2.0,Upland,91784,165.0,5750.0,642.8571428571429,1.0,39.0,0,560.0,0.19478260869565217,13.487006490992238,13.815510557964274,13.507033119157136,734564.5246641323
False,True,2025-12-23,3248000.0,34.078627000000004,-118.367651,4171.0,C19 - Beverly Center-Miracle Mile,False,2.0,0.1511,1927.0,5.0,Los Angeles,4.0,True,2.0,Two,6582.0,False,2.0,Huntington Beach Union High,90048,0.0,6582.0,778.710141452889,0.8,98.0,0,1042.75,0.6336979641446369,14.993549980263706,14.718711430946737,15.250412924571783,4199235.003213903
True,False,2025-12-08,930000.0,34.193118,-118.12976,1910.0,604 - Altadena,False,2.0,0.154,1948.0,2.0,Altadena,3.0,True,1.0,One,6710.0,False,2.0,Rim of the World,91001,168.0,6710.0,486.9109947643979,1.5,77.0,0,636.6666666666666,0.2846497764530551,13.742939865129438,13.926582083454587,13.983415065059388,1182823.6539879297
True,False,2025-12-26,810000.0,37.74822617,-122.15570191,2005.0,92119 - San Carlos,True,2.0,0.1487,1952.0,2.0,Oakland,4.0,True,1.0,ThreeOrMore,6477.0,False,2.0,Acalanes,94605,0.0,6477.0,403.9900249376559,2.0,73.0,0,501.25,0.3095568936235912,13.604789526648622,13.527828485512494,13.59510197974034,802190.9732329167
False,False,2025-12-05,464500.0,33.911826,-116.930296,1785.0,263 - Banning/Beaumont/Cherry Valley,True,4.0,0.13,1998.0,2.0,Banning,2.0,True,1.0,One,5663.0,False,2.0,Banning Unified,92220,378.0,5663.0,260.22408963585434,1.0,27.0,0,892.5,0.315203955500618,13.04871683723603,12.994530005894443,12.90696793834879,403111.2826219636
False,False,2025-12-29,768000.0,37.94373129,-122.32048291,1781.0,WN - Walnut (Irvine),True,2.0,0.124,1954.0,2.0,Richmond,4.0,True,2.0,Two,5400.0,False,2.0,Yosemite Unified,94805,398.0,5400.0,431.2184166198765,2.0,71.0,0,445.25,0.32981481481481484,13.551545012129809,13.458835614025542,13.471928507770972,709225.2866851548
True,False,2025-12-22,565313.0,33.685595,-117.161025,1867.0,SRCAR - Southwest Riverside County,True,2.0,0.11,1991.0,3.0,Menifee,3.0,True,2.0,Two,4792.0,False,2.0,Perris Union High,92584,100.0,4792.0,302.79217996786286,1.0,34.0,0,622.3333333333334,0.3896076794657763,13.245134839037917,13.353475098367715,13.292907155731069,592974.7848425716
False,False,2025-12-04,720000.0,36.82737403,-121.38040736,1080.0,699 - Not Defined,True,2.0,0.2495,1996.0,2.0,Hollister,3.0,True,2.0,One,10868.0,False,2.0,Other,95023,0.0,10868.0,666.6666666666666,1.5,29.0,0,360.0,0.09937430990062569,13.487006490992238,13.527828485512494,13.335317460165218,618663.9176305619
True,False,2025-12-29,689000.0,37.90328179999999,-121.6192202,2091.0,684 - La Verne,True,2.0,0.1366,2025.0,2.0,Discovery Bay,3.0,False,1.0,One,5950.0,False,2.0,Fullerton Joint Union High,94505,197.0,5950.0,329.50741272118603,1.5,0.0,0,697.0,0.3514285714285714,13.442996549995796,13.589232200143268,13.607527552981807,812220.8403020642
False,False,2025-12-11,1040000.0,34.005948,-117.752674,1746.0,682 - Chino Hills,True,3.0,0.1397,1987.0,3.0,Chino Hills,4.0,True,2.0,Two,6084.0,False,3.0,Other,91709,0.0,6084.0,595.647193585338,1.3333333333333333,38.0,0,436.5,0.2869822485207101,13.854731271117556,13.901688254205327,13.783131922021882,968139.9400930763
True,False,2025-12-03,940000.0,33.517436,-117.348912,3776.0,SRCAR - Southwest Riverside County,False,3.0,4.81,2006.0,5.0,Murrieta,5.0,True,2.0,Two,209524.0,False,3.0,Murrieta,92562,182.0,209524.0,248.9406779661017,1.0,19.0,0,755.2,0.018021801798362002,13.753635154246187,13.487006490992238,14.181701368628863,1442230.409344209
True,False,2025-12-22,1745000.0,37.68432685,-121.93465654,2056.0,WHLL - Woodland Hills,True,2.0,0.161,1997.0,3.0,Pleasanton,3.0,True,2.0,Two,7011.0,False,2.0,Los Angeles Unified,94588,94.0,7011.0,848.7354085603113,1.0,28.0,0,685.3333333333334,0.29325345885037796,14.372265113618665,14.25858093542591,14.228642879311511,1511545.0223755732
True,False,2025-12-23,475000.0,34.494389,-117.404526,2156.0,VIC - Victorville,True,3.0,0.147,2003.0,2.0,Victorville,4.0,True,1.0,One,6405.0,False,3.0,Snowline Joint Unified,92392,0.0,6405.0,220.31539888682747,2.0,22.0,0,539.0,0.3366120218579235,13.071070083016778,13.01477816672439,13.034940850380877,458144.92830185336
False,False,2025-12-05,910000.0,37.93008911,-121.68463048,2574.0,OR - Ortega/Orange County,True,3.0,0.1584,1997.0,3.0,Brentwood,4.0,True,2.0,Two,6900.0,False,3.0,Newport Mesa Unified,94513,0.0,6900.0,353.5353535353535,1.3333333333333333,28.0,0,643.5,0.3730434782608696,13.721199878493033,13.591116224748411,13.66704425486668,862029.0543900117
True,False,2025-12-23,999999.0,34.388718,-118.449815,2404.0,ALIE - Aliento,True,4.0,0.1772,2018.0,3.0,Canyon Country,3.0,False,1.0,One,7721.0,False,2.0,William S. Hart Union,91387,229.67,7721.0,415.9729617304493,1.0,7.0,0,801.3333333333334,0.31135863230151534,13.815509557963773,13.737549016494562,13.894303341187438,1081980.094411486
True,False,2025-12-12,1168000.0,34.126666,-117.539903,2896.0,688 - Rancho Cucamonga,True,3.0,0.3784,2001.0,3.0,Rancho Cucamonga,5.0,True,2.0,Two,16485.0,False,0.0,Los Angeles Unified,91739,0.0,16485.0,403.3149171270719,1.6666666666666667,24.0,0,579.2,0.175674855929633,13.97080344237031,13.862273807960708,14.083670269106266,1307555.954594211
False,False,2025-12-17,225000.0,34.9982,-117.650533,1075.0,BORN - Boron,True,0.0,0.1928,1954.0,2.0,Boron,4.0,True,1.0,One,8400.0,False,0.0,Kern Union,93516,0.0,8400.0,209.30232558139537,2.0,71.0,0,268.75,0.12797619047619047,12.323855681186558,12.206067645517674,12.455303398597852,256607.6127765356
True,False,2025-12-19,439900.0,34.52833,-117.251295,1672.0,APPV - Apple Valley,True,2.0,0.753,1983.0,2.0,Apple Valley,3.0,True,1.0,One,32800.0,False,2.0,Apple Valley Unified,92307,0.0,32800.0,263.0980861244019,1.5,42.0,0,557.3333333333334,0.05097560975609756,12.99430270733681,13.049792684569493,12.96410269094133,426813.611949543
True,False,2025-12-04,850000.0,33.115689,-117.314096,969.0,92011 - Carlsbad,True,1.0,0.07,1973.0,2.0,Carlsbad,2.0,True,1.0,One,3051.0,False,1.0,Carlsbad Unified,92011,325.0,3051.0,877.1929824561404,1.0,52.0,0,484.5,0.3176007866273353,13.652991628466498,14.406071149749119,13.86186012192608,1047440.4944174014
True,False,2025-12-12,3000000.0,37.84773258,-121.98984935,3818.0,C16 - Mid Los Angeles,True,3.0,0.46,2001.0,4.0,Alamo,4.0,True,2.0,Two,20037.0,False,3.0,San Ramon Valley,94507,240.0,20037.0,785.751702462022,1.0,24.0,0,954.5,0.19054748714877476,14.914122846632385,14.721750953984929,14.96306934200826,3150492.481794435
False,False,2025-12-01,1150000.0,35.292462,-120.659553,1202.0,SLO - San Luis Obispo,False,2.0,0.18,1926.0,2.0,San Luis Obispo,3.0,False,1.0,One,7841.0,False,2.0,San Luis Coastal Unified,93405,0.0,7841.0,956.738768718802,1.5,99.0,0,400.6666666666667,0.15329677337074352,13.955272500339433,13.928829278248507,13.778940095265003,964090.1591079668
True,False,2025-12-24,889000.0,37.63391214,-122.08348725,1473.0,655 - San Marino,True,2.0,0.1396,1955.0,2.0,Hayward,3.0,True,1.0,One,6080.0,False,2.0,Oxnard Union,94544,0.0,6080.0,603.530210454854,1.5,70.0,0,491.0,0.24226973684210526,13.697852514496041,13.732128949025222,13.713662062276027,903166.3749039884
True,False,2025-12-12,2200000.0,37.84037063,-122.22725473,3056.0,PLM - Palmdale,True,2.0,0.09,1996.0,3.0,Oakland,4.0,True,2.0,Two,3920.0,False,2.0,Los Angeles Unified,94618,0.0,3920.0,719.8952879581152,1.3333333333333333,29.0,0,764.0,0.7795918367346939,14.603967918328545,14.478185245710499,14.552673738744836,2089998.14994085
True,False,2025-12-12,1245000.0,33.961928,-117.916761,2732.0,652 - Rowland Heights,True,3.0,0.6625,1993.0,3.0,Rowland Heights,5.0,True,2.0,Two,28858.0,False,3.0,Rowland Unified,91748,129.0,28858.0,455.7101024890191,1.6666666666666667,32.0,0,546.4,0.09467045533300991,14.034646087880946,13.9016461684345,14.124027071635222,1361403.9911395034
True,False,2025-12-19,655000.0,34.124158,-117.429662,1601.0,264 - Fontana,True,2.0,0.124,1988.0,3.0,Fontana,4.0,True,2.0,Two,5400.0,False,2.0,Fontana Unified,92336,0.0,5400.0,409.11930043722674,1.3333333333333333,37.0,0,400.25,0.29648148148148146,13.39239051461739,13.487006490992238,13.385679317635459,650618.883687959
False,True,2025-12-11,922500.0,34.465293,-118.548082,2620.0,NPRK - Valencia Northpark,True,2.0,0.1349,1998.0,3.0,Valencia,4.0,True,2.0,Two,5875.0,False,2.0,William S. Hart Union,91354,59.0,5875.0,352.0992366412213,1.3333333333333333,27.0,0,655.0,0.4459574468085106,13.73484265489682,13.710150042306449,13.87141949323151,1057501.3782712524
False,False,2025-12-04,785000.0,37.77882003,-121.27714727,3551.0,699 - Not Defined,True,3.0,0.158,2025.0,4.0,Manteca,6.0,False,1.0,One,6883.0,False,3.0,Manteca Unified,95337,0.0,6883.0,221.06448887637285,1.5,0.0,0,591.8333333333334,0.5159087607148046,13.573438996764546,13.415032991367148,13.698673032800142,889729.7401139645
True,True,2025-12-09,720000.0,35.402765,-119.098971,3022.0,BKSF - Bakersfield,True,3.0,0.44,2002.0,3.0,Bakersfield,4.0,True,1.0,One,19166.0,False,3.0,Kern Union,93312,155.0,19166.0,238.25281270681668,1.3333333333333333,23.0,0,755.5,0.15767504956694145,13.487006490992238,13.06577902835151,13.398934521202,659300.3798232406
True,True,2025-12-23,1160000.0,34.393111,-118.590754,3032.0,STEV - Stevenson Ranch,True,2.0,0.1821,2001.0,4.0,Stevenson Ranch,5.0,True,2.0,Two,7934.0,False,2.0,William S. Hart Union,91381,117.0,7934.0,382.58575197889184,1.25,24.0,0,606.4,0.38215276027224604,13.963930563082547,14.038654109278484,14.209588664137149,1483016.3768847543
False,True,2025-12-24,1945000.0,34.170034,-118.428084,2864.0,SO - Sherman Oaks,True,2.0,0.155,1980.0,3.0,Sherman Oaks,5.0,True,2.0,Two,6752.0,False,2.0,Los Angeles Unified,91401,0.0,6752.0,679.1201117318436,1.6666666666666667,45.0,0,572.8,0.42417061611374407,14.480772535034683,14.070122729163781,14.222472845142121,1502247.450602712
True,True,2025-12-18,1565000.0,33.641355,-117.572073,2640.0,DC - Dove Canyon,True,2.0,0.2066,1990.0,3.0,Rancho Santa Margarita,4.0,True,2.0,Two,9000.0,False,2.0,Saddleback Valley Unified,92679,320.0,9000.0,592.8030303030303,1.3333333333333333,35.0,0,660.0,0.29333333333333333,14.26339638195639,14.357834848789636,14.363621926760938,1729982.631383658
False,False,2025-12-01,1340000.0,32.671677,-116.970477,3682.0,91914 - Chula Vista,True,3.0,0.1699,2003.0,4.0,Chula Vista,5.0,True,2.0,Two,7400.0,False,3.0,San Diego Unified,91914,202.0,7400.0,363.9326453014666,1.25,22.0,0,736.4,0.4975675675675676,14.108180171927094,14.0623706358958,14.430390808122677,1849435.1167350526
True,True,2025-12-18,2300000.0,34.049712,-117.893018,4799.0,669 - West Covina,True,3.0,0.4565,1994.0,6.0,West Covina,5.0,True,2.0,Two,19883.0,False,3.0,West Covina,91791,0.0,19883.0,479.2665138570535,0.8333333333333334,31.0,0,959.8,0.2413619675099331,14.648419680899378,13.785051350479566,14.615578833777782,2225692.88429725
True,False,2025-12-18,676000.0,33.677722,-117.227038,2164.0,SRCAR - Southwest Riverside County,True,4.0,0.14,2017.0,3.0,Menifee,3.0,False,1.0,One,6098.0,False,2.0,Perris Union High,92584,130.0,6098.0,312.38447319778186,1.0,8.0,0,721.3333333333334,0.3548704493276484,13.423948355025102,13.353475098367715,13.350413039553722,628073.8534392058
False,False,2025-12-18,800000.0,33.723264,-118.298476,1584.0,183 - Vista Del Oro,False,7.0,0.1149,1923.0,2.0,San Pedro,4.0,False,1.0,One,5003.0,False,2.0,Los Angeles Unified,90731,0.0,5003.0,505.050505050505,2.0,102.0,0,396.0,0.31661003397961224,13.592367006650065,13.693342923990066,13.711028501304176,900790.960460257
True,True,2025-12-01,770000.0,32.85085309,-116.9878381,1177.0,92071 - Santee,True,4.0,0.186,1960.0,2.0,Santee,3.0,True,1.0,One,8100.0,False,2.0,Anaheim Union High,92071,0.0,8100.0,654.2056074766355,1.5,65.0,0,392.3333333333333,0.14530864197530866,13.554145793829866,13.652403046879991,13.576501256280547,787407.5581225543
False,False,2025-12-05,810000.0,32.5713178,-117.11795191,1787.0,91932 - Imperial Beach,True,3.0,0.4009,1959.0,2.0,Imperial Beach,3.0,False,1.0,One,20800.0,False,1.0,Rialto Unified,91932,0.0,7025.0,453.2736429770565,1.5,66.0,0,595.6666666666666,0.25437722419928827,13.604789526648622,13.667485396903125,13.76688490734644,952537.6448425668
True,False,2025-12-01,898000.0,33.946374,-117.776553,1774.0,682 - Chino Hills,True,2.0,0.1837,1991.0,3.0,Chino Hills,2.0,True,2.0,ThreeOrMore,8000.0,False,2.0,Chino Valley Unified,91709,0.0,8000.0,506.2006764374296,0.6666666666666666,34.0,0,887.0,0.22175,13.707925347284336,13.901688254205327,13.668869159771626,863603.6117112878
True,False,2025-12-05,3560000.0,37.88348138,-122.10765665,2620.0,699 - Not Defined,True,2.0,0.3972,1954.0,3.0,Lafayette,4.0,True,1.0,One,17300.0,False,2.0,Acalanes,94549,380.0,17300.0,1358.7786259541986,1.3333333333333333,71.0,0,655.0,0.15144508670520232,15.085271102828214,14.527484500631974,14.624459525354098,2245546.6032406758
True,False,2025-12-04,1925000.0,37.72157672,-122.08669653,2176.0,645 - Pasadena (NW),True,2.0,1.405,1950.0,2.0,Castro Valley,3.0,True,1.0,One,61200.0,False,2.0,Westminster Unified,94546,0.0,61200.0,884.6507352941177,1.5,75.0,0,725.3333333333334,0.035555555555555556,14.470436525704022,13.885500212990994,14.054580041531992,1270066.7822892608
True,False,2025-12-24,782000.0,37.67895431,-121.77411516,824.0,652 - Rowland Heights,True,1.0,0.1148,1950.0,1.0,Livermore,2.0,True,1.0,One,5000.0,False,1.0,Other,94550,0.0,5000.0,949.0291262135922,2.0,75.0,0,412.0,0.1648,13.569610019527449,14.077490059042251,13.630324174392136,830949.394101783
True,False,2025-12-23,1160000.0,33.822731,-118.123535,1516.0,31 - South of Conant,False,5.0,0.132,1949.0,2.0,Long Beach,4.0,True,1.0,One,5748.0,False,2.0,Long Beach Unified,90808,0.0,5748.0,765.1715039577837,2.0,76.0,0,379.0,0.26374391092553934,13.963930563082547,13.869051324892304,13.872407316382182,1058546.5187365625
False,False,2025-12-02,1050000.0,33.836938,-117.881355,1878.0,78 - Anaheim East of Harbor,True,2.0,0.1646,1963.0,2.0,Anaheim,4.0,True,1.0,One,7171.0,False,2.0,Anaheim Union High,92806,0.0,7171.0,559.1054313099041,2.0,62.0,0,469.5,0.2618881606470506,13.864300722133706,13.825460888817442,13.829303973382197,1013888.983470114
False,False,2025-12-02,875000.0,34.230932,-118.365485,1529.0,SUNV - Sun Valley,False,2.0,0.2038,1955.0,2.0,Sun Valley,3.0,True,1.0,One,8879.0,False,2.0,Los Angeles Unified,91352,0.0,8879.0,572.2694571615435,1.5,70.0,0,509.6666666666667,0.17220407703570223,13.681979165339751,13.681979165339751,13.6981471268828,889261.948996643
False,False,2025-12-19,600000.0,38.11665735,-122.2263621,1803.0,252 - Riverside,True,2.0,0.14,1977.0,2.0,Vallejo,3.0,True,2.0,ThreeOrMore,6098.0,False,2.0,Fallbrook Union,94591,56.0,6098.0,332.77870216306155,1.5,48.0,0,601.0,0.295670711708757,13.304684934198283,13.304684934198283,13.273584251671608,581626.7812436317
True,False,2025-12-05,191000.0,40.021357,-122.093109,908.0,5 - Wrigley Area,False,2.0,3.78,1953.0,1.0,Los Molinos,2.0,True,1.0,One,3.78,False,2.0,Los Molinos Unified,96055,0.0,164656.8,210.352422907489,2.0,72.0,0,454.0,0.005514500463995414,12.160028707028767,12.892801858329566,12.739557130734074,340972.50780203263
False,False,2025-12-01,1010000.0,33.80704,-118.20316,1487.0,5 - Wrigley Area,False,2.0,0.1492,1940.0,3.0,Long Beach,4.0,True,1.0,One,6500.0,False,2.0,Long Beach Unified,90806,0.0,6500.0,679.2199058507061,1.3333333333333333,85.0,0,371.75,0.22876923076923078,13.825460888817442,13.579788224443204,13.671945538002046,866264.4738727261
True,True,2025-12-05,635000.0,34.139448,-116.108903,2022.0,DC723 - Harmony Acres,True,4.0,1.15,2003.0,2.0,29 Palms,4.0,True,1.0,One,1.15,False,4.0,Morongo Unified,92277,0.0,50094.0,314.04549950544015,2.0,22.0,0,505.5,0.040364115462929694,13.36138027787483,12.666637149787377,13.02284843755574,452638.212537379
False,False,2025-12-26,620000.0,33.846222999999995,-118.196058,775.0,7 - North Long Beach,True,1.0,0.0591,1947.0,1.0,Long Beach,2.0,False,1.0,One,2576.0,False,1.0,Long Beach Unified,90805,0.0,2576.0,800.0,2.0,78.0,0,387.5,0.30085403726708076,13.337474757021274,13.526494262499357,13.301041410814088,597817.8637158078
False,False,2025-12-18,6195000.0,34.042266999999995,-118.478799,5018.0,C14 - Santa Monica,False,2.0,0.1837,2026.0,7.0,Santa Monica,6.0,True,2.0,Two,8004.0,False,2.0,Santa Monica-Malibu Unified,90403,0.0,8004.0,1234.555599840574,0.8571428571428571,-1.0,0,836.3333333333334,0.6269365317341329,15.63925307304538,15.095054549137284,15.721998076949546,6729410.311797714
True,True,2025-12-19,657200.0,33.727709999999995,-117.151284,2437.0,SRCAR - Southwest Riverside County,True,3.0,0.16,2009.0,3.0,Menifee,5.0,True,2.0,Two,6970.0,False,3.0,Menifee Union,92585,96.0,6970.0,269.67583093967994,1.6666666666666667,16.0,0,487.4,0.3496413199426112,13.39574366514525,13.304684934198283,13.326937766548289,613501.3640667328
True,False,2025-12-11,755000.0,33.935654,-117.954202,1114.0,87 - La Habra,True,1.0,0.1289,1951.0,1.0,La Habra,2.0,True,1.0,One,5616.0,False,1.0,Fullerton Joint Union High,90631,0.0,5616.0,677.737881508079,2.0,74.0,0,557.0,0.19836182336182337,13.534473028231162,13.792724135316895,13.617156879162478,820079.7570145918
True,False,2025-12-19,1050000.0,34.250559,-118.897102,5254.0,SRA - Santa Rosa Valley,False,7.0,1.0,1990.0,5.0,Santa Rosa,7.0,True,2.0,Two,43560.0,False,3.0,Redlands Unified,93012,0.0,43560.0,199.84773505900267,1.4,35.0,0,750.5714285714286,0.12061524334251607,13.864300722133706,13.710150042306449,14.443123379560568,1873133.7334797266
True,False,2025-12-12,885000.0,34.05903,-117.13768799999998,3167.0,268 - Redlands,True,2.0,0.1662,2019.0,5.0,Redlands,5.0,True,2.0,Two,7241.0,False,2.0,Redlands Unified,92374,0.0,7241.0,279.44426902431326,1.0,6.0,0,633.4,0.4373705289324679,13.693342923990066,13.299666780812677,13.609783837093856,814055.5102695309
False,False,2025-12-08,825000.0,37.86509033,-120.18324896,1695.0,699 - Not Defined,True,1.0,0.718,2003.0,2.0,Groveland,3.0,True,2.0,Two,31277.0,False,1.0,Big Oak Flat-Groveland Unified,95321,264.0,31277.0,486.72566371681415,1.5,22.0,0,565.0,0.05419317709498993,13.623138665316818,14.389310980891652,14.166072296820115,1419864.917910061
False,False,2025-12-08,1125000.0,33.68049432,-117.98346215,1137.0,WEH - West Hills,True,6.0,0.1377,1960.0,2.0,Huntington Beach,4.0,False,1.0,One,6000.0,False,2.0,Oceanside Unified,92646,81.0,6000.0,989.4459102902376,2.0,65.0,0,284.25,0.1895,13.933293593620657,14.19394699368452,13.975400048323598,1173381.1938925444
True,False,2025-12-06,1350000.0,34.162921000000004,-118.076346,2132.0,646 - Pasadena (NE),True,2.0,0.1654,1953.0,3.0,Pasadena,3.0,True,1.0,One,7205.0,False,4.0,Hemet Unified,91107,0.0,7205.0,633.2082551594747,1.0,72.0,0,710.6666666666666,0.2959056210964608,14.115615150414612,14.263026495559501,14.375604839402543,1750837.5639984664
True,False,2025-12-29,420000.0,34.111129,-117.313714,1902.0,274 - San Bernardino,True,2.0,0.1607,1910.0,4.0,San Bernardino,5.0,True,1.0,One,7000.0,False,2.0,See Remarks,92411,0.0,7000.0,220.820189274448,1.25,115.0,0,380.4,0.27171428571428574,12.948009990259552,12.994530005894443,13.104950958979034,491369.1508320514
False,False,2025-12-08,1316000.0,33.019508,-117.05548,1905.0,92128 - Rancho Bernardo,True,4.0,0.1745,1971.0,2.0,San Diego,3.0,True,1.0,One,7600.0,False,2.0,Poway Unified,92128,486.0,7600.0,690.8136482939633,1.5,54.0,0,635.0,0.2506578947368421,14.0901073908674,13.983960916083914,13.967324347866523,1163943.478222598
False,False,2025-12-22,650000.0,33.943527,-117.250329,1590.0,259 - Moreno Valley,True,2.0,0.31,2025.0,2.0,Moreno Valley,3.0,False,1.0,One,13503.0,False,2.0,Moreno Valley Unified,92557,0.0,13503.0,408.8050314465409,1.5,0.0,0,530.0,0.11775161075316597,13.38472764187182,13.262125319779487,13.229898538415938,556765.0064499641
True,False,2025-12-05,710000.0,37.9913445,-121.693427,2735.0,LAC - Lancaster,True,2.0,0.139,2005.0,4.0,Oakley,4.0,True,2.0,Two,6056.0,False,2.0,Kelseyville Unified,94561-1785,410.0,6056.0,259.59780621572213,1.0,20.0,0,683.75,0.4516182298546896,13.473020249017498,13.698976741708323,13.884050210228644,1070943.089427574
False,False,2025-12-29,643384.0,33.690263,-117.13973500000002,2654.0,SRCAR - Southwest Riverside County,True,2.0,0.1452,2025.0,3.0,Menifee,5.0,False,2.0,Two,6325.0,True,2.0,Menifee Union,92584,79.0,6325.0,242.42049736247176,1.6666666666666667,0.0,0,530.8,0.41960474308300394,13.374497025588514,13.353475098367715,13.43661369875912,684616.2208861079
False,False,2025-12-12,550000.0,34.09117,-117.357809,1189.0,272 - Rialto,True,2.0,0.1676,1958.0,2.0,Rialto,4.0,False,1.0,One,7300.0,False,2.0,Rialto Unified,92376,0.0,7300.0,462.5735912531539,2.0,67.0,0,297.25,0.16287671232876713,13.217673557208654,13.253391639810733,13.144619777112743,511252.9605415719
False,False,2025-12-16,1100000.0,33.622834999999995,-117.700399,1934.0,LN - Lake Forest North,True,2.0,0.1653,1964.0,2.0,Lake Forest,4.0,False,2.0,Two,7200.0,False,2.0,Saddleback Valley Unified,92630,0.0,7200.0,568.7693898655637,2.0,61.0,0,483.5,0.26861111111111113,13.9108207377686,14.077874822431765,14.040869596131932,1252772.428572326
False,False,2025-12-03,472000.0,33.760299,-116.99337,1668.0,SRCAR - Southwest Riverside County,True,7.0,0.26,1985.0,3.0,Hemet,4.0,True,1.0,One,11325.0,False,2.0,Hemet Unified,92545,0.0,11325.0,282.9736211031175,1.3333333333333333,40.0,0,417.0,0.14728476821192052,13.064734264567692,12.990536830078119,13.01862861539238,450732.18415490654
True,False,2025-12-01,775000.0,38.02770946,-122.26368347,2044.0,276 - Highland,True,2.0,0.1727,1971.0,3.0,Rodeo,4.0,True,1.0,One,7521.0,False,2.0,Glendale Unified,94572,0.0,7521.0,379.1585127201566,1.3333333333333333,54.0,0,511.0,0.27177237069538623,13.560618308335483,13.353475098367715,13.361522109740804,635090.0696221145
True,False,2025-12-08,1700000.0,33.08135353,-117.29107301,1779.0,92024 - Encinitas,True,4.0,0.0,1975.0,2.0,Encinitas,3.0,False,1.0,One,20909.0,False,2.0,Victor Valley Unified,92024,374.0,11326.0,955.593029792018,1.5,50.0,0,593.0,0.15707222320324915,14.346138809026444,14.603967918328545,14.405923752963837,1804733.9684091487
True,False,2025-12-30,530000.0,33.731658,-117.17272,1389.0,SRCAR - Southwest Riverside County,True,1.0,0.17,2019.0,2.0,Menifee,3.0,True,1.0,One,7405.0,False,1.0,Perris Union High,92585,45.0,7405.0,381.5694744420446,1.5,6.0,0,463.0,0.187575962187711,13.180632285528304,13.304684934198283,13.212600790010603,547217.0426562454
True,False,2025-12-10,579000.0,33.186107,-117.303582,827.0,92056 - Oceanside,True,1.0,0.0803,1972.0,1.0,Oceanside,2.0,False,1.0,One,3500.0,False,1.0,Oceanside Unified,92056,0.0,3500.0,700.1209189842805,2.0,53.0,0,413.5,0.2362857142857143,13.269057756555132,13.732128949025222,13.251894668400617,569147.3646408359
False,False,2025-12-12,2300000.0,33.635465,-117.903023,1650.0,C5 - East Costa Mesa,True,2.0,0.1829,1950.0,2.0,Costa Mesa,4.0,True,1.0,"One,ThreeOrMore",7965.0,False,2.0,Newport Mesa Unified,92627,0.0,7965.0,1393.939393939394,2.0,75.0,0,412.5,0.2071563088512241,14.648419680899378,14.375126345899696,14.265140527161197,1567731.9690282985
False,False,2025-12-09,973500.0,34.100327,-118.233676,1440.0,CYPK - Cypress Park,True,0.0,0.1261,1911.0,3.0,Los Angeles,4.0,False,1.0,One,5495.0,False,0.0,Los Angeles Unified,90065,0.0,5495.0,676.0416666666666,1.3333333333333333,114.0,0,360.0,0.26205641492265697,13.788653103794392,14.050977780915009,14.058037228574856,1274465.2394762463
True,True,2025-12-30,806500.0,33.563083,-117.140397,2328.0,SRCAR - Southwest Riverside County,True,6.0,0.14,1998.0,3.0,Murrieta,4.0,True,1.0,One,6098.0,False,3.0,Murrieta,92563,0.0,6098.0,346.43470790378007,1.3333333333333333,27.0,0,582.0,0.38176451295506725,13.600459176547401,13.458835614025542,13.508686762774861,735780.2375030048
False,False,2025-12-03,1575000.0,33.558537,-117.641506,2918.0,LD - Ladera Ranch,True,2.0,0.1095,2002.0,3.0,Ladera Ranch,5.0,True,2.0,Two,4771.0,False,2.0,Capistrano Unified,92694,287.0,4771.0,539.753255654558,1.6666666666666667,23.0,0,583.6,0.6116118214210857,14.269765830241871,14.232573444874031,14.359671852037303,1723162.5495034861
True,False,2025-12-02,553000.0,33.782542,-116.992803,2240.0,SRCAR - Southwest Riverside County,True,3.0,0.21,2023.0,3.0,San Jacinto,4.0,False,2.0,Two,9148.0,False,3.0,San Jacinto Unified,92582,0.0,9148.0,246.875,1.3333333333333333,2.0,0,560.0,0.24486226497595104,13.223113280504473,13.154789908438397,13.311772439715037,604267.6087960382
True,True,2025-12-03,1685000.0,33.448255,-117.63521,2562.0,CD - Coast District,True,4.0,0.1632,1983.0,3.0,San Clemente,4.0,True,2.0,Two,7107.0,False,2.0,Capistrano Unified,92673,259.0,7107.0,657.6893052302888,1.3333333333333333,42.0,0,640.5,0.3604896580835796,14.3372761217686,14.446782334806132,14.44146950373283,1870038.36326036
False,False,2025-12-26,540000.0,33.791759000000006,-116.983549,2778.0,SRCAR - Southwest Riverside County,True,3.0,0.23,2006.0,3.0,San Jacinto,4.0,True,2.0,Two,10019.0,False,3.0,San Jacinto Unified,92582,0.0,10019.0,194.38444924406048,1.3333333333333333,19.0,0,694.5,0.27727318095618325,13.199324418540456,13.154789908438397,13.305431773225573,600448.2707885976
True,True,2025-12-29,1260000.0,33.672019,-116.972873,4945.0,SRCAR - Southwest Riverside County,False,3.0,9.38,1980.0,6.0,Hemet,7.0,True,1.0,One,9.38,False,3.0,Hemet Unified,92543,0.0,408592.8,254.80283114256824,1.1666666666666667,45.0,0,706.4285714285714,0.012102513798578927,14.04662227892766,12.919503857231216,13.703532584236912,894063.9501798009
True,True,2025-12-04,800000.0,33.76116,-116.42428,2950.0,321 - Rancho Mirage,True,3.0,0.11,1980.0,3.0,Rancho Mirage,3.0,True,1.0,One,4791.0,False,3.0,Murrieta,92270,1826.0,4791.0,271.1864406779661,1.0,45.0,0,983.3333333333334,0.6157378417866833,13.592367006650065,13.9108207377686,13.941728595175952,1134529.5109682286
True,False,2025-12-26,425000.0,34.689437,-118.158466,1492.0,LAC - Lancaster,False,2.0,0.22,1955.0,2.0,Lancaster,4.0,True,1.0,One,9583.0,False,2.0,Antelope Valley Union,93534,0.0,9583.0,284.8525469168901,2.0,70.0,0,373.0,0.15569237190858812,12.959844447906553,12.971540487669746,12.947648605017653,419848.2456209509
False,True,2025-12-04,350000.0,33.967599,-116.965267,792.0,263 - Banning/Beaumont/Cherry Valley,True,0.0,0.35,1954.0,1.0,Cherry Valley,2.0,True,1.0,One,15246.0,False,0.0,Beaumont,92223,0.0,15246.0,441.9191919191919,2.0,71.0,0,396.0,0.05194805194805195,12.765688433465597,13.197470849891134,12.85273986158706,381833.4743747581
True,False,2025-12-10,840000.0,34.182785,-118.355584,910.0,610 - Burbank,True,1.0,0.1377,1941.0,1.0,Burbank,2.0,False,1.0,One,5999.0,False,1.0,Burbank Unified,91505,0.0,5999.0,923.0769230769232,2.0,84.0,0,455.0,0.1516919486581097,13.641157170819497,13.95440217810054,13.659220489594077,855311.0557008097
True,False,2025-12-12,600000.0,33.706542,-117.151488,1768.0,SRCAR - Southwest Riverside County,True,2.0,0.18,2018.0,2.0,Menifee,3.0,True,1.0,One,7841.0,False,2.0,Perris Union High,92584,0.0,7841.0,339.3665158371041,1.5,7.0,0,589.3333333333334,0.22548144369340645,13.304684934198283,13.353475098367715,13.323031135240619,611109.315897944
False,False,2025-12-22,630490.0,33.690615,-117.140068,2391.0,SRCAR - Southwest Riverside County,True,2.0,0.1452,2025.0,3.0,Menifee,5.0,False,2.0,Two,6325.0,True,2.0,Menifee Union,92584,79.0,6325.0,263.6930154746968,1.6666666666666667,0.0,0,478.2,0.3780237154150198,13.354252573833103,13.353475098367715,13.399403732506148,659609.8036011731
True,False,2025-12-11,800000.0,33.10807575,-117.04562644,1832.0,92027 - Escondido,True,4.0,0.4247,1974.0,2.0,Escondido,4.0,False,2.0,Two,18500.0,False,2.0,Chino Valley Unified,92027,320.0,18500.0,436.6812227074235,2.0,51.0,0,458.0,0.09902702702702702,13.592367006650065,13.658839648348096,13.727025485318487,915316.7738917208
True,True,2025-12-04,3900000.0,33.506065,-117.631697,5475.0,OR - Ortega/Orange County,True,3.0,0.4339,1999.0,5.0,San Juan Capistrano,5.0,True,2.0,Two,18900.0,False,3.0,Capistrano Unified,92675,320.0,18900.0,712.3287671232877,1.0,26.0,0,1095.0,0.2896825396825397,15.176487111099874,14.32231001513485,15.131813952197255,3729608.969451236
True,True,2025-12-29,3675000.0,33.833822999999995,-116.557917,3386.0,332 - Central Palm Springs,True,4.0,0.37,1958.0,4.0,Palm Springs,5.0,True,1.0,One,16117.0,False,2.0,San Diego Unified,92262,964.0,16117.0,1085.3514471352628,1.25,67.0,0,677.2,0.21008872618973753,15.117063690629074,13.737549016494562,14.150855902865068,1398423.2401770668
True,True,2025-12-09,1300000.0,33.723935,-116.344482,2910.0,325 - Indian Wells,True,2.5,0.13,1985.0,4.0,Indian Wells,3.0,True,1.0,One,5662.0,False,2.5,Moreno Valley Unified,92210,1298.0,5662.0,446.7353951890034,0.75,40.0,0,970.0,0.5139526669021547,14.077874822431765,14.452073389471401,14.3229414716433,1661018.4090445237
True,False,2025-12-16,270000.0,34.877545,-117.061785,1400.0,BSTW - Barstow,True,6.0,0.1967,1955.0,2.0,Barstow,3.0,False,1.0,One,8568.0,False,2.0,Barstow Unified,92311,0.0,8568.0,192.8571428571429,1.5,70.0,0,466.6666666666667,0.16339869281045752,12.506177237980511,12.556723317938081,12.516722328857778,272862.23930051416
True,False,2025-12-05,490000.0,40.164615000000005,-122.338868,1930.0,PL01 - Tehama County,True,3.0,15.91,1972.0,4.0,Red Bluff,4.0,True,1.0,One,15.91,False,3.0,Red Bluff Joint Union,96080,0.0,693039.6,253.8860103626943,1.0,53.0,0,482.5,0.0027848336516412627,13.102160670086809,12.730801174465157,12.972628864911524,430468.25698786596
True,False,2025-12-05,1050000.0,35.308598,-120.827449,1427.0,OSOS - Los Osos,True,3.0,0.2369,1976.0,2.0,Los Osos,3.0,True,1.0,One,10320.0,False,3.0,San Luis Coastal Unified,93402,0.0,10320.0,735.8093903293623,1.5,49.0,0,475.6666666666667,0.1382751937984496,13.864300722133706,13.687677186454389,13.579658286701322,789897.3558527322
False,False,2025-12-02,1335000.0,34.1106,-118.101267,1632.0,654 - San Gabriel,False,2.0,0.2029,1937.0,2.0,San Gabriel,2.0,True,1.0,One,8840.0,False,2.0,Garden Grove Unified,91775,0.0,8840.0,818.0147058823529,1.0,88.0,0,816.0,0.18461538461538463,14.104441849816487,14.157248338395881,14.102432856014934,1332320.685539154
True,True,2025-12-01,1806000.0,34.230023,-118.794815,3405.0,SWR - Simi Wood Ranch,True,4.0,0.2812,2000.0,5.0,Simi Valley,5.0,True,2.0,Two,12250.0,False,4.0,William S. Hart Union,93065,190.0,12250.0,530.3964757709251,1.0,25.0,0,681.0,0.2779591836734694,14.406625012959068,13.676248490630767,14.126551041420015,1364844.4736885915
False,False,2025-12-08,970000.0,33.781572,-117.848535,858.0,OTO - Old Towne Orange,False,4.0,0.1331,1923.0,2.0,Orange,2.0,False,1.0,One,5800.0,False,1.0,Orange Unified,92866,0.0,5800.0,1130.5361305361305,1.0,102.0,0,429.0,0.14793103448275863,13.785051350479566,14.018451401960965,13.752433071992193,938870.7215600167
False,False,2025-12-23,1700000.0,33.629329,-117.922139,1877.0,C5 - East Costa Mesa,True,2.0,0.0679,1989.0,3.0,Costa Mesa,3.0,True,2.0,Two,2958.0,False,2.0,Newport Mesa Unified,92627,300.0,2958.0,905.7005860415557,1.0,36.0,0,625.6666666666666,0.6345503718728871,14.346138809026444,14.375126345899696,14.186136691456095,1448641.373639292
True,False,2025-12-01,349900.0,33.966367,-116.947278,1471.0,263 - Banning/Beaumont/Cherry Valley,True,4.0,0.1,1990.0,2.0,Cherry Valley,2.0,True,1.0,One,4356.0,False,2.0,Beaumont,92223,245.0,4356.0,237.8653976886472,1.0,35.0,0,735.5,0.3376951331496786,12.765402678355779,13.197470849891134,12.895112247916115,398360.33855457196
True,False,2025-12-31,1228160.0,39.306623,-123.79567,1380.0,MTW - Mendocino Town West,True,3.0,0.29,1880.0,1.0,Mendocino,2.0,False,2.0,Two,0.29,False,0.0,Placentia-Yorba Linda Unified,95460,70.0,12632.4,889.9710144927536,2.0,145.0,0,690.0,0.10924289921155125,14.021027672361418,13.795307850646754,13.609484359631741,813811.755492648
True,False,2025-12-16,795000.0,36.70316836,-121.60799499,1666.0,699 - Not Defined,True,2.0,0.1804,1995.0,2.0,Salinas,3.0,True,2.0,One,7857.0,False,2.0,Other,93906,33.0,7857.0,477.1908763505402,1.5,30.0,0,555.3333333333334,0.21204021891307115,13.58609739363647,13.472921052508891,13.382628550611983,648637.0216894967
False,False,2025-12-17,440000.0,34.178662,-119.196453,1481.0,VC33 - Oxnard - Southwest / Port Huenem,True,2.0,0.09,1970.0,3.0,Port Hueneme,3.0,True,1.0,One,3920.0,False,2.0,Perris Union High,93041,338.0,3920.0,297.09655638082376,1.0,55.0,0,493.6666666666667,0.3778061224489796,12.994530005894443,13.458835614025542,13.37369965917937,642871.191685452
True,False,2025-12-11,820000.0,32.85168,-116.86786200000002,1471.0,92021 - El Cajon,True,6.0,0.4353,1978.0,2.0,El Cajon,4.0,False,1.0,One,18963.0,False,2.0,San Diego Unified,92021,0.0,18963.0,557.443915703603,2.0,47.0,0,367.75,0.07757211411696462,13.617059619240436,13.612780503903942,13.554266019844096,770092.5795960833
False,False,2025-12-01,775000.0,32.784643,-117.012554,1096.0,91942 - La Mesa,True,2.0,0.2502,1953.0,1.0,La Mesa,3.0,False,1.0,One,10900.0,False,0.0,La Mesa-Spring Valley,91942,0.0,10900.0,707.1167883211679,3.0,72.0,0,365.3333333333333,0.10055045871559633,13.560618308335483,13.683121369918528,13.535295129604659,755620.9417405474
True,True,2025-12-15,1185000.0,36.95868408,-121.81576464,1488.0,699 - Not Defined,False,10.0,10.045,1975.0,2.0,Watsonville,3.0,True,2.0,One,437560.0,False,2.0,Other,95076,0.0,437560.0,796.3709677419355,1.5,50.0,0,496.0,0.0034006764786543558,13.985253332551368,13.723849529400505,13.671050676790797,865489.6341350938
False,False,2025-12-05,795000.0,34.046875,-118.022951,1232.0,619 - El Monte,True,2.0,0.1772,1961.0,2.0,El Monte,4.0,False,1.0,One,7717.0,False,2.0,El Monte Union High,91732,0.0,7717.0,645.2922077922078,2.0,64.0,0,308.0,0.15964753142412855,13.58609739363647,13.635115285828064,13.518854356776743,743299.5139290526
True,True,2025-12-02,1285000.0,33.798497,-116.514794,2268.0,334 - South End Palm Springs,True,8.0,0.21,2006.0,3.0,Palm Springs,2.0,True,1.0,One,9148.0,False,2.0,Temecula Unified,92264,200.0,9148.0,566.5784832451499,0.6666666666666666,19.0,0,1134.0,0.2479230432881504,14.066269276311457,14.077874822431765,14.169984863068933,1425431.1154233275
True,False,2025-12-15,560000.0,33.659917,-117.382379,1835.0,SRCAR - Southwest Riverside County,True,2.0,0.17,2024.0,2.0,Lake Elsinore,3.0,False,1.0,One,7405.0,True,2.0,Lake Elsinore Unified,92530,0.0,7405.0,305.17711171662125,1.5,1.0,0,611.6666666666666,0.24780553679945982,13.235692062711331,13.270783382522602,13.27315889675823,581379.4360429557
False,False,2025-12-30,765000.0,34.442453,-118.516987,1752.0,BOUQ - Bouquet Canyon,True,4.0,0.0915,1979.0,3.0,Saugus,4.0,True,2.0,Two,3987.0,False,2.0,William S. Hart Union,91350,89.0,3987.0,436.6438356164384,1.3333333333333333,46.0,0,438.0,0.4394281414597442,13.547631112808673,13.652991628466498,13.662377420678801,858015.4803547158
True,True,2025-12-18,830000.0,34.207693,-118.564512,1327.0,WIN - Winnetka,False,2.0,0.1474,1954.0,2.0,Winnetka,3.0,False,1.0,One,6419.0,False,2.0,Los Angeles Unified,91306,0.0,6419.0,625.4709871891484,1.5,71.0,0,442.3333333333333,0.20673002025237575,13.62918097977278,13.65680576350189,13.619475704844445,821983.5854865304
True,False,2025-12-02,730000.0,37.67170429,-122.11712099,1156.0,618 - Eagle Rock,True,2.0,0.1331,1951.0,2.0,Hayward,3.0,True,1.0,One,5800.0,False,2.0,Acalanes,94541,209.0,5800.0,631.4878892733564,1.5,74.0,0,385.3333333333333,0.1993103448275862,13.500799813124575,13.647074399642998,13.568457021016565,781098.874762348
True,False,2025-12-08,280000.0,39.740359000000005,-122.190836,1860.0,COPN - Copper Hill North,True,2.0,0.18,1967.0,3.0,Orland,3.0,True,1.0,One,0.18,False,2.0,Orland Joint Unified,95963,0.0,7840.8,150.53763440860214,1.0,58.0,0,620.0,0.2372206917661463,12.542544882151386,12.834681304952548,12.894408001843912,398079.8936135383
True,False,2025-12-29,1113000.0,34.170227000000004,-118.38304,1217.0,NHO - North Hollywood,False,4.0,0.1354,1951.0,2.0,North Hollywood,2.0,True,1.0,One,5897.0,False,2.0,Los Angeles Unified,91601,0.0,5897.0,914.543960558751,1.0,74.0,0,608.5,0.206376123452603,13.922569630257682,13.878386160617055,13.764236095696361,950017.8906821151
True,False,2025-12-15,869900.0,33.133475,-117.137054,1871.0,92078 - San Marcos,True,4.0,0.09,1990.0,3.0,San Marcos,3.0,True,2.0,Two,0.09,False,2.0,San Marcos Unified,92078,310.0,3920.4,464.9385355424906,1.0,35.0,0,623.6666666666666,0.4772472196714621,13.676133541495632,14.075178214680975,13.95005505837398,1144015.567031116
False,False,2025-12-30,1500000.0,32.743975,-117.17465438,1300.0,92103 - Mission Hills,False,1.0,2.5,1927.0,2.0,San Diego,3.0,False,1.0,One,3772.0,False,0.0,Perris Union High,92103,0.0,62290.8,1153.8461538461538,1.5,98.0,0,433.3333333333333,0.02086985558059938,14.22097566607244,14.346138809026444,14.247506181894172,1540328.3745614314
True,False,2025-12-05,880000.0,35.102432,-120.620247,2235.0,OCNO - Oceano,True,2.0,0.1607,1988.0,4.0,Oceano,5.0,True,1.0,"One,Two",0.1607,False,2.0,Lucia Mar Unified,93445,0.0,7000.09,393.7360178970917,1.25,37.0,0,447.0,0.31928160923645266,13.687677186454389,13.575530058102434,13.689500037682336,881605.571995454
True,True,2025-12-08,2750000.0,32.99704412,-117.03064756,4949.0,92064 - Poway,True,10.0,1.09,1993.0,4.0,Poway,4.0,True,2.0,Two,47480.0,False,6.0,Victor Valley Unified,92064,0.0,47480.0,555.6678116791271,1.0,32.0,0,1237.25,0.10423336141533276,14.827111469642754,14.042638194103073,14.74574807868409,2535111.247561313
False,False,2025-12-04,980000.0,34.029955,-118.35286200000002,1182.0,C16 - Mid Los Angeles,True,0.0,0.1102,1924.0,1.0,Los Angeles,2.0,True,1.0,One,4801.0,False,0.0,Other,90016,0.0,4801.0,829.103214890017,2.0,101.0,0,591.0,0.2461987086023745,13.795307850646754,13.849900315661687,13.63666758581322,836237.2016166911
False,True,2025-12-23,1570000.0,34.185958,-118.295852,1739.0,610 - Burbank,False,2.0,0.2167,1938.0,2.0,Burbank,3.0,True,1.0,One,9440.0,False,2.0,Burbank Unified,91501,0.0,9440.0,902.8177113283496,1.5,87.0,0,579.6666666666666,0.18421610169491526,14.266586177324491,14.202811695444767,14.214575226060568,1490429.998761687
True,False,2025-12-17,551000.0,34.054908000000005,-118.242643,1120.0,C34 - Los Angeles Southwest,True,0.0,0.1009999999999999,1914.0,1.0,Los Angeles,3.0,False,1.0,One,4400.0,False,0.0,Los Angeles Unified,90011,0.0,4400.0,491.9642857142857,3.0,111.0,0,373.3333333333333,0.2545454545454545,13.219490088135052,13.174002552131078,13.037037401672597,459106.4602413911
True,False,2025-12-09,1310000.0,32.652759,-116.947077,3739.0,91914 - Chula Vista,True,2.0,0.2248,2005.0,3.0,Chula Vista,4.0,False,2.0,Two,9791.0,False,2.0,Chula Vista Elementary,91914,127.5,9791.0,350.361059106713,1.3333333333333333,20.0,0,934.75,0.3818813195792054,14.085537695177335,14.0623706358958,14.375891670501597,1751339.8306906223
False,False,2025-12-01,2355000.0,33.685922,-118.018727,2569.0,15 - West Huntington Beach,True,2.0,0.1418,1998.0,3.0,Huntington Beach,3.0,True,2.0,Two,6175.0,False,2.0,Huntington Beach Union High,92648,285.0,6175.0,916.699104710004,1.0,27.0,0,856.3333333333334,0.41603238866396763,14.672051285432655,14.580978400103845,14.601548642440983,2194684.026043991
True,False,2025-12-15,910000.0,32.86112493,-116.97807061,1625.0,92071 - Santee,True,4.0,0.1377,1972.0,2.0,Santee,4.0,True,1.0,One,6000.0,False,2.0,William S. Hart Union,92071,0.0,6000.0,560.0,2.0,53.0,0,406.25,0.2708333333333333,13.721199878493033,13.652403046879991,13.657133018753782,853527.4810403662
True,True,2025-12-08,2595000.0,33.652073,-116.244477,4154.0,313 - La Quinta South of HWY 111,True,4.0,0.48,2021.0,5.0,La Quinta,4.0,True,1.0,One,20909.0,False,4.0,Tustin Unified,92253,590.0,20909.0,624.699085219066,0.8,4.0,0,1038.5,0.1986704290018652,14.769097074582126,13.545013310266594,14.930387448811526,3049192.772536368
True,True,2025-12-12,3175000.0,33.75399,-116.428661,4388.0,321 - Rancho Mirage,True,4.0,0.47,1953.0,5.0,Rancho Mirage,4.0,True,1.0,One,20473.0,False,2.0,Merced Union,92270,6721.0,20473.0,723.5642661804923,0.8,72.0,0,1097.0,0.21433107019000636,14.970818190308929,13.9108207377686,14.673654789978608,2358779.2824442256
False,True,2025-12-02,1725000.0,34.125471999999995,-117.711811,2721.0,683 - Claremont,False,3.0,0.4591,1936.0,3.0,Claremont,5.0,True,1.0,One,19997.0,False,3.0,Claremont Unified,91711,0.0,19997.0,633.9581036383682,1.6666666666666667,89.0,0,544.2,0.13607041056158423,14.360737608447597,13.9108207377686,14.188665981461796,1452310.0453990882
False,False,2025-12-23,1360000.0,37.2454286,-121.85361916,1543.0,699 - Not Defined,False,2.0,0.1398,1972.0,2.0,San Jose,3.0,True,1.0,One,6090.0,False,2.0,San Jose Unified,95123,0.0,6090.0,881.399870382372,1.5,53.0,0,514.3333333333334,0.25336617405582923,14.122995257712235,14.209238987979617,14.087672202427832,1312799.1908819813
True,False,2025-12-29,930000.0,34.00697,-117.57851200000002,3237.0,686 - Ontario,True,3.0,0.1058,2021.0,4.0,Ontario,5.0,False,2.0,Two,4608.0,False,3.0,Ontario-Montclair,91761,102.0,4608.0,287.3030583873957,1.25,4.0,0,647.4,0.7024739583333334,13.742939865129438,13.532323657186438,13.742075537261865,929196.5223672317
False,False,2025-12-01,1500000.0,32.87990711,-116.97712483,3068.0,92071 - Santee,True,6.0,2.45,1982.0,3.0,Santee,4.0,False,1.0,One,106722.0,False,2.0,Tustin Unified,92071,0.0,106722.0,488.91786179921775,1.3333333333333333,43.0,0,767.0,0.02874758718914563,14.22097566607244,13.652403046879991,14.044639252992182,1257503.8630913931
False,True,2025-12-09,1862000.0,33.790065000000006,-116.412727,4403.0,321 - Rancho Mirage,True,6.0,0.39,2000.0,5.0,Rancho Mirage,5.0,True,1.0,One,16988.0,False,3.0,Los Angeles Unified,92270,380.0,16988.0,422.8934817170111,1.0,25.0,0,880.6,0.2591829526724747,14.43716173681915,13.9108207377686,14.439305148053572,1865995.3119871852
True,False,2025-12-03,591500.0,34.227118,-118.981189,1064.0,VC45 - Mission Oaks,True,1.0,0.06,1980.0,2.0,Camarillo,2.0,False,1.0,One,2613.0,False,1.0,Conejo Valley Unified,93012,705.0,2613.0,555.921052631579,1.0,45.0,0,532.0,0.40719479525449676,13.29041696240058,13.710150042306449,13.227093349804036,555205.3641625032
True,False,2025-12-23,750000.0,33.04174977,-116.59649828,2640.0,92036 - Julian,True,6.0,0.7756,1997.0,3.0,Julian,3.0,True,2.0,Two,33783.0,False,2.0,Other,92036,0.0,33783.0,284.09090909090907,1.0,28.0,0,880.0,0.0781458129828612,13.527828485512494,13.303016877097587,13.584254800978208,793536.4875793732
False,False,2025-12-02,875000.0,34.03878,-117.924433,2379.0,669 - West Covina,True,2.0,0.1281,1971.0,2.0,West Covina,5.0,True,1.0,One,5580.0,False,2.0,Hacienda La Puente Unified,91792,0.0,5580.0,367.801597309794,2.5,54.0,0,475.8,0.42634408602150536,13.681979165339751,13.636980191648608,13.782439737197793,967470.0401929683
True,True,2025-12-04,870000.0,33.168056,-117.257877,1963.0,92056 - Oceanside,True,2.0,0.1143,1989.0,3.0,Oceanside,4.0,True,2.0,Two,4980.0,False,2.0,Vista Unified,92056,75.0,4980.0,443.1991849210392,1.3333333333333333,36.0,0,490.75,0.39417670682730926,13.676248490630767,13.732128949025222,13.764443710202018,950215.1486529536
False,False,2025-12-10,1120000.0,34.097691,-118.136202,1525.0,601 - Alhambra,False,2.0,0.183,1927.0,2.0,Alhambra,3.0,True,1.0,One,7971.0,False,2.0,Alhambra,91801,0.0,7971.0,734.4262295081967,1.5,98.0,0,508.3333333333333,0.19131852967005394,13.928839243271277,13.91065542118584,13.876034007077575,1062392.5094405669
True,True,2025-12-05,850000.0,34.13774,-117.18153999999998,3837.0,276 - Highland,True,4.0,0.4416,2001.0,5.0,Highland,5.0,True,2.0,Two,19237.0,False,4.0,Orange Unified,92346,0.0,19237.0,221.5272348188689,1.0,24.0,0,767.4,0.19945937516244736,13.652991628466498,13.28681753563043,13.89156630006533,1079022.7194744258
False,False,2025-12-04,2801000.0,34.160832,-118.07996,3543.0,646 - Pasadena (NE),True,2.0,0.1657,2009.0,5.0,Pasadena,4.0,True,2.0,Two,7217.0,False,2.0,Glendora Unified,91107,140.0,7217.0,790.5729607677109,0.8,16.0,0,885.75,0.49092420673410003,14.845487054242245,14.263026495559501,14.753779072729937,2555552.6835541534
True,False,2025-12-05,665000.0,34.106116,-117.644818,1274.0,690 - Upland,False,7.0,0.171,1933.0,2.0,Upland,4.0,True,2.0,Two,7448.0,False,2.0,Upland,91786,0.0,7448.0,521.978021978022,2.0,92.0,0,318.5,0.17105263157894737,13.407542319637992,13.554145793829866,13.551913581231574,768283.1132403467
False,False,2025-12-10,860000.0,37.6296011,-122.08566425,1497.0,263 - Banning/Beaumont/Cherry Valley,True,2.0,0.124,1955.0,2.0,Hayward,3.0,True,1.0,One,5400.0,False,2.0,Fullerton Joint Union High,94545,6721.0,5400.0,574.4822979291918,1.5,70.0,0,499.0,0.2772222222222222,13.664687668229691,13.732128949025222,13.710902158383037,900677.1590881277
False,False,2025-12-30,1200000.0,37.91656497,-122.29977087,1959.0,92154 - Otay Mesa,False,3.0,0.1951,1939.0,3.0,El Cerrito,4.0,False,1.0,One,8500.0,False,0.0,Orange Unified,94530,465.0,8500.0,612.5574272588055,1.3333333333333333,86.0,0,489.75,0.23047058823529412,13.997832114758229,14.137594057133388,14.280547128281686,1592072.4104158964
True,False,2025-12-10,550000.0,37.81698373,-121.21684137,1678.0,LNSLT - Salt Creek,True,2.0,0.0799,2022.0,3.0,Manteca,4.0,False,2.0,Two,3480.0,False,2.0,Grossmont Union,95336,699.75,3480.0,327.7711561382598,1.3333333333333333,3.0,0,419.5,0.482183908045977,13.217673557208654,13.180632285528304,13.145520646989743,511713.7404534595
True,False,2025-12-05,774888.0,34.150809,-118.001039,840.0,639 - Monrovia,True,2.0,0.1225,1949.0,1.0,Monrovia,3.0,False,1.0,One,5336.0,False,0.0,Monrovia Unified,91016,0.0,5336.0,922.4857142857144,3.0,76.0,0,280.0,0.15742128935532235,13.56047378176299,13.819990428650009,13.51836129225212,742933.1096454652
False,False,2025-12-04,405000.0,34.584842,-118.073714,1056.0,PLM - Palmdale,True,2.0,0.2046,1956.0,2.0,Palmdale,3.0,False,1.0,One,8911.0,False,2.0,Palmdale,93550,0.0,8911.0,383.52272727272725,1.5,69.0,0,352.0,0.11850521826955449,12.911642346088676,13.049792684569493,12.851937246867196,381527.1321615186
True,False,2025-12-18,485000.0,33.722866,-117.030629,2030.0,SRCAR - Southwest Riverside County,True,2.0,0.18,2014.0,2.0,Hemet,3.0,False,1.0,One,7841.0,False,2.0,Hemet Unified,92545,255.0,7841.0,238.91625615763547,1.5,11.0,0,676.6666666666666,0.2588955490371126,13.091904169919621,12.990536830078119,13.094365171098083,486195.0554848757
True,True,2025-12-19,1950000.0,32.771814,-116.94881200000002,4536.0,92020 - El Cajon,True,8.0,0.8,1964.0,4.0,El Cajon,5.0,True,2.0,Two,0.8,False,4.0,Grossmont Union,92020,0.0,34848.0,429.8941798941799,1.25,61.0,0,907.2,0.13016528925619836,14.48333993053993,13.7694117933985,14.375874761249891,1751310.217094976
True,False,2025-12-23,1440000.0,33.544165,-117.646359,2416.0,LD - Ladera Ranch,True,2.0,0.0859,2004.0,3.0,Ladera Ranch,4.0,True,2.0,Two,3740.0,False,2.0,Capistrano Unified,92694,376.0,3740.0,596.0264900662252,1.3333333333333333,21.0,0,604.0,0.6459893048128342,14.180153671552183,14.232573444874031,14.298775244044219,1621358.9993796446
False,False,2025-12-15,3925000.0,33.815647,-118.382249,3750.0,128 - Hollywood Riviera,True,3.0,0.1694,2020.0,4.0,Redondo Beach,5.0,True,2.0,Two,7379.0,False,3.0,Torrance Unified,90277,0.0,7379.0,1046.6666666666667,1.25,5.0,0,750.0,0.5081989429461987,15.182876909198646,14.508657738524219,14.929471313877565,3046400.579725046
False,False,2025-12-30,375000.0,34.132057,-117.33267,769.0,274 - San Bernardino,False,0.0,0.1818,1953.0,1.0,San Bernardino,2.0,False,1.0,One,7920.0,False,0.0,San Bernardino City Unified,92411,0.0,7920.0,487.6462938881664,2.0,72.0,0,384.5,0.0970959595959596,12.834681304952548,12.994530005894443,12.677448422510983,320439.3886593607
True,False,2025-12-04,770000.0,33.577998,-117.66584,1678.0,MS - Mission Viejo South,True,2.0,0.0702,1976.0,3.0,Mission Viejo,3.0,True,2.0,Two,3060.0,False,2.0,Saddleback Valley Unified,92691,600.0,3060.0,458.87961859356375,1.0,49.0,0,559.3333333333334,0.5483660130718955,13.554145793829866,14.092573789669016,13.90410558375552,1092638.0764751912
False,False,2025-12-03,559000.0,33.959203,-117.468604,1123.0,252 - Riverside,True,2.0,0.12,1986.0,2.0,Riverside,3.0,True,1.0,One,5227.0,False,2.0,Alvord Unified,92503,0.0,5227.0,497.7738201246661,1.5,39.0,0,374.3333333333333,0.21484599196479817,13.233904752137237,13.399995114002609,13.271428050198297,580374.027800766
False,False,2025-12-02,785000.0,33.22242286,-117.30252329,1481.0,92057 - Oceanside,True,4.0,0.0642,1997.0,3.0,Oceanside,3.0,True,2.0,Two,2795.0,False,2.0,Fullerton Joint Union High,92057,260.0,2795.0,530.0472653612424,1.0,28.0,0,493.6666666666667,0.5298747763864043,13.573438996764546,13.681979165339751,13.514029898383631,739722.1327525484
True,True,2025-12-16,930000.0,36.81544583,-121.37926698,3200.0,699 - Not Defined,True,3.0,0.5124,1995.0,3.0,Hollister,4.0,True,1.0,Two,22320.0,False,3.0,Other,95023,324.0,22320.0,290.625,1.3333333333333333,30.0,0,800.0,0.14336917562724014,13.742939865129438,13.527828485512494,14.002317534718804,1205394.5934167067
False,False,2025-12-17,450000.0,34.063747,-117.769215,748.0,687 - Pomona,False,1.0,0.094,1948.0,1.0,Pomona,2.0,True,1.0,One,4096.0,False,1.0,Pomona Unified,91768,0.0,4096.0,601.6042780748663,2.0,77.0,0,374.0,0.1826171875,13.017002861746503,13.373053959873324,13.125713579969528,501677.91038304893
False,True,2025-12-09,885000.0,34.179442,-118.960548,1348.0,NBPK - Newbury Park,True,2.0,0.15,1979.0,2.0,Newbury Park,3.0,True,1.0,One,6534.0,False,2.0,Conejo Valley Unified,91320,115.0,6534.0,656.5281899109792,1.5,46.0,0,449.3333333333333,0.20630547903275176,13.693342923990066,13.933293593620657,13.724443819904451,912956.779901887
True,False,2025-12-12,665000.0,34.659632,-120.464663,2267.0,LOMP - Lompoc,True,2.0,0.14,1996.0,3.0,Lompoc,4.0,True,2.0,Two,6098.0,False,2.0,Lompoc Unified,93436,162.0,6098.0,293.3392148213498,1.3333333333333333,29.0,0,566.75,0.37176123319121024,13.407542319637992,13.315443355929407,13.371242078942497,641293.2239352935
True,False,2025-12-05,525000.0,39.078448,-122.943767,2280.0,LCLPS - Lakeport South,True,12.0,9.61,1977.0,2.0,Lakeport,2.0,True,1.0,One,9.61,False,2.0,Lakeport Unified,95453,0.0,418611.6,230.26315789473685,1.0,48.0,0,1140.0,0.005446576253500859,13.17115354157376,12.89167886987763,13.184631413410548,532123.7815841902
True,False,2025-12-04,1130500.0,33.787209999999995,-117.82093799999998,2205.0,"75 - Orange, Orange Park Acres E of 55",True,2.0,0.27,1962.0,4.0,Orange,4.0,True,1.0,"One,Two",11761.0,False,2.0,Orange Unified,92869,0.0,11761.0,512.6984126984127,1.0,63.0,0,551.25,0.1874840574781056,13.938170570700162,14.115985383678474,14.292213213103635,1610754.423291071
False,False,2025-12-04,770000.0,33.83078,-118.061265,1056.0,80 - Cypress North of Katella,False,2.0,0.05,1959.0,2.0,Cypress,3.0,False,1.0,One,2178.0,False,2.0,Cypress School District,90630,280.0,2178.0,729.1666666666666,1.5,66.0,0,352.0,0.48484848484848486,13.554145793829866,13.933293593620657,13.663067042662426,858607.3907660167
True,True,2025-12-30,1295000.0,34.246532,-118.258085,1454.0,635 - La Crescenta/Glendale Montrose & Annex,False,2.0,0.1916,1958.0,2.0,Glendale,3.0,True,1.0,One,8345.0,False,2.0,Glendale Unified,91214,0.0,8345.0,890.646492434663,1.5,67.0,0,484.6666666666667,0.1742360695026962,14.074021253115776,14.115615150414612,14.01298193565115,1218318.1933857724
False,True,2025-12-05,800000.0,34.253964,-119.20002,1794.0,92065 - Ramona,True,3.0,0.1377,1978.0,3.0,Ventura,3.0,True,2.0,Two,6000.0,False,3.0,Desert Sands Unified,93003,0.0,6000.0,445.9308807134894,1.0,47.0,0,598.0,0.299,13.592367006650065,13.825460888817442,13.769727134157263,955248.823942887
True,False,2025-12-08,470000.0,34.452239,-117.352199,1806.0,HSP - Hesperia,True,2.0,0.71,1980.0,2.0,Hesperia,5.0,True,1.0,One,0.71,False,2.0,Hesperia Unified,92345,0.0,30927.6,260.2436323366556,2.5,45.0,0,361.2,0.058394443797772866,13.060487973686241,13.064514272196533,13.049885303279067,465043.0696944509
True,False,2025-12-03,570000.0,34.115142,-117.455636,1169.0,264 - Fontana,True,2.0,0.1653,1979.0,2.0,Fontana,3.0,True,1.0,One,7200.0,False,2.0,Fontana Unified,92336,0.0,7200.0,487.5962360992301,1.5,46.0,0,389.6666666666667,0.16236111111111112,13.253391639810733,13.487006490992238,13.309629537905776,602974.1090603155
True,False,2025-12-29,2150000.0,34.045593,-118.772727,2744.0,C33 - Malibu,True,2.0,0.534,1984.0,3.0,Malibu,5.0,True,1.0,MultiSplit,23260.0,False,2.0,Santa Monica-Malibu Unified,90265,0.0,23260.0,783.5276967930029,1.6666666666666667,41.0,0,548.8,0.1179707652622528,14.580978400103845,15.02369061159072,15.022517731866072,3343463.2597839995
True,True,2025-12-09,1000000.0,34.465748,-118.517893,2550.0,COPN - Copper Hill North,True,3.0,0.1723,2003.0,3.0,Saugus,4.0,True,2.0,Two,7507.0,False,3.0,William S. Hart Union,91390,103.0,7507.0,392.15686274509807,1.3333333333333333,22.0,0,637.5,0.33968296256826963,13.815510557964274,13.751477381367541,13.858837346892006,1044279.0979435496
True,True,2025-12-08,670000.0,34.138455,-117.965406,1180.0,617 - Duarte,True,1.0,0.1412,1957.0,2.0,Duarte,2.0,False,1.0,One,6151.0,False,1.0,Duarte Unified,91010,0.0,6151.0,567.7966101694915,1.0,68.0,0,590.0,0.19183872541050237,13.415032991367148,13.655924188192698,13.52338775920739,746676.8393556899
False,False,2025-12-09,1372000.0,37.73658461,-122.41763399,1000.0,616 - Diamond Bar,True,2.0,0.0573,1909.0,2.0,San Francisco,3.0,True,2.0,Two,2495.0,False,2.0,San Francisco Unified,94110,0.0,2495.0,1372.0,1.5,116.0,0,333.3333333333333,0.40080160320641284,14.131780087267968,14.352003928478842,14.021809048041929,1229120.0293787362
False,True,2025-12-11,780000.0,34.19885,-118.454229,1623.0,VN - Van Nuys,False,2.0,0.155,1948.0,3.0,Van Nuys,4.0,False,1.0,One,6753.0,False,2.0,Los Angeles Unified,91405,0.0,6753.0,480.5914972273568,1.3333333333333333,77.0,0,405.75,0.2403376277210129,13.567049198665774,13.68482817589707,13.774029239362786,959367.257496123
False,False,2025-12-22,1265000.0,37.02275752,-121.88045584,1385.0,699 - Not Defined,False,4.0,11.973,1978.0,2.0,Aptos,2.0,True,1.0,One,521544.0,False,4.0,Other,95003,100.0,521544.0,913.3574007220216,1.0,47.0,0,692.5,0.002655576518951421,14.050582680143757,14.188463383490559,13.96859407422714,1165422.3065941671
True,False,2025-12-03,354500.0,33.921164000000005,-116.930113,1312.0,263 - Banning/Beaumont/Cherry Valley,True,2.0,0.1,2000.0,2.0,Banning,2.0,True,1.0,One,4356.0,False,2.0,Banning Unified,92220,385.0,4356.0,270.1981707317073,1.0,25.0,0,656.0,0.3011937557392103,12.77846362495432,12.994530005894443,12.765523342916843,349942.2230772796
True,False,2025-12-19,560000.0,33.949208,-117.036478,2022.0,263 - Banning/Beaumont/Cherry Valley,True,2.0,0.1832,2022.0,3.0,Beaumont,4.0,False,2.0,Two,7980.0,False,2.0,Beaumont,92223,155.0,7980.0,276.9535113748764,1.3333333333333333,3.0,0,505.5,0.25338345864661654,13.235692062711331,13.197470849891134,13.279203503186638,584904.2883595247
False,False,2025-12-19,777179.0,37.9528195,-121.77392179999998,2520.0,322 - North Palm Desert,True,2.0,0.1607,2025.0,3.0,Antioch,4.0,False,1.0,One,7000.0,True,2.0,Antioch,94531,202.0,7000.0,308.4043650793651,1.3333333333333333,0.0,0,630.0,0.36,13.56342597604832,13.415032991367148,13.484585711230174,718259.1465328771
False,False,2025-12-10,349900.0,39.052533,-122.916342,2112.0,LCLPN - Lakeport North,False,2.0,0.26,1996.0,3.0,Lakeport,4.0,False,1.0,One,0.26,False,2.0,Lakeport Unified,95453,0.0,11325.6,165.6723484848485,1.3333333333333333,29.0,0,528.0,0.18648018648018647,12.765402678355779,12.89167886987763,13.055971897799637,467882.22993776674
True,False,2025-12-01,760000.0,34.337076,-119.092345,1811.0,SPL - Santa Paula,True,2.0,0.142,1989.0,3.0,Santa Paula,3.0,True,2.0,Two,6185.0,False,2.0,Santa Paula,93060,220.0,6185.0,419.6576477084484,1.0,36.0,0,603.6666666666666,0.292805173807599,13.541073712262515,13.54098713967118,13.463555653201434,703311.8372753302
True,False,2025-12-30,715000.0,37.95397620000001,-121.77477340000002,2098.0,251 - Jurupa Valley,True,2.0,0.1607,2025.0,2.0,Antioch,4.0,False,1.0,One,7000.0,True,2.0,Antioch,94531,202.0,7000.0,340.8007626310772,2.0,0.0,0,524.5,0.2997142857142857,13.480037821676145,13.415032991367148,13.409282120926083,666157.974887591
False,True,2025-12-10,492000.0,36.331989,-119.680522,2090.0,92084 - Vista,True,2.0,0.17,2003.0,2.0,Hanford,5.0,True,1.0,One,0.17,False,2.0,Sierra Unified,93230,0.0,7405.2,235.4066985645933,2.5,22.0,0,418.0,0.28223410576351754,13.106233995474446,12.80765263256463,12.897086138326712,399147.4347720849
True,False,2025-12-10,575000.0,39.310241,-123.778172,1648.0,MTE - Mendocino Town East,False,2.0,1.16,1974.0,2.0,Mendocino,2.0,True,1.0,One,1.16,False,2.0,Irvine Unified,95460,0.0,50529.6,348.90776699029124,1.0,51.0,0,824.0,0.032614546721129796,13.262125319779487,13.795307850646754,13.675067706072825,868973.3236956415
True,False,2025-12-05,585000.0,36.029448,-119.161472,2482.0,LNSLT - Salt Creek,True,2.0,4.94,1969.0,2.0,Porterville,4.0,True,1.0,One,4.94,False,2.0,Porterville Unified,93257,0.0,215186.4,235.6970185334408,2.0,56.0,0,620.5,0.0115341861753345,13.279367126213993,12.974506255329807,13.195628485799245,538007.8799582716
False,True,2025-12-08,370000.0,38.0166,-121.35361,2281.0,683 - Claremont,True,2.0,0.1492,1978.0,3.0,Stockton,4.0,True,2.0,Two,6500.0,False,2.0,See Remarks,95207,0.0,6500.0,162.20955721174923,1.3333333333333333,47.0,0,570.25,0.35092307692307695,12.821258284620408,13.038981768465277,13.09407014128208,486051.6346048725
True,True,2025-12-03,3200000.0,33.734457,-116.338265,4064.0,325 - Indian Wells,True,2.0,0.28,2004.0,5.0,Indian Wells,4.0,True,1.0,One,12197.0,False,2.0,Other,92210,750.0,12197.0,787.4015748031496,0.8,21.0,0,1016.0,0.33319668771009264,14.978661367769956,14.452073389471401,14.901762085533106,2963145.9579448863
False,False,2025-12-03,915000.0,33.84413,-118.162011,1217.0,24 - Lakewood Mutuals,False,2.0,0.1353,1955.0,1.0,Lakewood,3.0,False,1.0,One,5893.0,False,2.0,Long Beach Unified,90712,0.0,5893.0,751.8488085456039,3.0,70.0,0,405.6666666666667,0.2065162056677414,13.726679344257658,13.671639520838347,13.564678114256267,778152.7450247657
False,False,2025-12-02,860000.0,34.253195,-118.487197,1812.0,GH - Granada Hills,False,2.0,0.1721,1956.0,2.0,Granada Hills,3.0,True,1.0,One,7496.0,False,2.0,Los Angeles Unified,91343,0.0,7496.0,474.6136865342163,1.5,69.0,0,604.0,0.2417289220917823,13.664687668229691,13.715690222682063,13.801313875087455,985903.6148329566
False,False,2025-12-18,650000.0,33.899411,-118.078279,735.0,M1 - Norwalk,False,2.0,0.1286,1949.0,1.0,Norwalk,2.0,False,1.0,One,5602.0,False,2.0,Norwalk - La Mirada,90650,0.0,5602.0,884.3537414965987,2.0,76.0,0,367.5,0.13120314173509462,13.38472764187182,13.541073712262515,13.285821229005641,588787.8606052255
False,False,2025-12-24,578205.0,33.916395,-117.186342,1900.0,259 - Moreno Valley,True,2.0,0.0643,2025.0,3.0,Moreno Valley,4.0,False,2.0,Two,2801.0,True,2.0,Moreno Valley Unified,92555,132.0,2801.0,304.3184210526316,1.3333333333333333,0.0,0,475.0,0.6783291681542306,13.2676837560538,13.304684934198283,13.304081644388313,599638.1352796425
False,False,2025-12-16,1190000.0,37.3084214,-121.89341132,1093.0,699 - Not Defined,False,2.0,0.1148,1939.0,1.0,San Jose,2.0,True,1.0,One,5000.0,False,2.0,San Jose Unified,95125,370.0,5000.0,1088.7465690759375,2.0,86.0,0,546.5,0.2186,13.989463865087712,14.462613800022813,14.12605474879747,1364167.2795025178
True,False,2025-12-26,285000.0,35.427068,-119.014376,1100.0,BKSF - Bakersfield,True,0.0,0.2377,2016.0,2.0,Bakersfield,3.0,False,1.0,One,10356.0,False,0.0,Bakersfield City,93308,0.0,10356.0,259.09090909090907,1.5,9.0,0,366.6666666666667,0.10621861722672847,12.560244459250788,12.736406735684207,12.77068851317545,351754.41033908195
True,False,2025-12-10,1150000.0,33.509274,-117.730749,1369.0,LNSMT - Summit,True,2.0,0.0648,1976.0,2.0,Laguna Niguel,2.0,True,1.0,One,2822.0,False,2.0,Capistrano Unified,92677,581.0,2822.0,840.0292184075968,1.0,49.0,0,684.5,0.4851169383416017,13.955272500339433,14.349075668699754,13.94697095758289,1140492.7428805204
True,False,2025-12-05,880000.0,35.523963,-120.714986,2432.0,ATSC - Atascadero,True,2.0,1.43,1968.0,3.0,Atascadero,4.0,True,1.0,One,1.43,False,2.0,Templeton Unified,93422,0.0,62290.8,361.8421052631579,1.3333333333333333,57.0,0,608.0,0.03904268367078284,13.687677186454389,13.64826835113874,13.91046407409544,1099607.7399161446
True,True,2025-12-26,8100000.0,33.590623,-117.86208,3674.0,CS - Corona Del Mar - Spyglass,True,3.0,0.3408,2019.0,5.0,Corona Del Mar,4.0,True,1.0,One,14845.0,False,3.0,Newport Mesa Unified,92625,1050.0,14845.0,2204.681545998911,0.8,6.0,0,918.5,0.24749073762209498,15.907374619642667,15.317162327489429,15.581682358214291,5848421.526180409
True,False,2025-12-01,769000.0,33.544096,-117.161602,2701.0,SRCAR - Southwest Riverside County,True,5.0,0.17,2002.0,3.0,Murrieta,4.0,True,1.0,One,7405.0,False,3.0,Murrieta,92563,18.0,7405.0,284.70936690114775,1.3333333333333333,23.0,0,675.25,0.36475354490209316,13.55284624848778,13.458835614025542,13.537018287356602,756924.1182907684
False,False,2025-12-03,790000.0,34.221215,-118.991116,1498.0,VC45 - Mission Oaks,True,1.0,0.04,1974.0,2.0,Camarillo,3.0,False,1.0,One,1742.0,False,1.0,Pleasant Valley,93012,780.0,1742.0,527.369826435247,1.5,51.0,0,499.3333333333333,0.8599311136624569,13.579788224443204,13.710150042306449,13.504395344459118,732629.4621983077
True,False,2025-12-04,2000000.0,35.43054,-120.77683600000002,1242.0,699 - Not Defined,False,6.0,85.0,2003.0,4.0,Morro Bay,3.0,True,1.0,One,85.0,False,6.0,San Luis Coastal Unified,93442,0.0,3702600.0,1610.3059581320451,0.75,22.0,0,414.0,0.0003354399611084103,14.508657738524219,13.883057393779731,13.752214635324279,938665.6601652759
False,False,2025-12-05,390000.0,37.326104,-120.533205,1309.0,C29 - Westchester,True,1.0,0.141,1993.0,2.0,Merced,3.0,True,1.0,One,6144.0,False,1.0,Merced Union,95348,0.0,6144.0,297.9373567608862,1.5,32.0,0,436.3333333333333,0.21305338541666666,12.873902018105829,12.970364687642453,12.894926898209729,398286.5094250999
True,False,2025-12-12,5695000.0,34.149558,-118.171851,4181.0,645 - Pasadena (NW),True,3.0,0.3707,1973.0,4.0,Pasadena,4.0,True,1.0,MultiSplit,16147.0,False,3.0,Menifee Union,91105,369.0,16147.0,1362.114326716097,1.0,52.0,0,1045.25,0.25893354802749735,15.55509915486342,14.739643644497264,15.151844444183473,3805068.0907248524
True,False,2025-12-01,1250000.0,34.173368,-118.962691,2141.0,NBPK - Newbury Park,True,3.0,0.61,1970.0,3.0,Newbury Park,4.0,True,2.0,Two,26571.0,False,3.0,El Rancho Unified,91320,0.0,26571.0,583.8393274170949,1.3333333333333333,55.0,0,535.25,0.08057656843927591,14.038654109278484,13.933293593620657,14.027545735940476,1236191.3710242568
True,False,2025-12-05,1330000.0,33.599528,-117.643481,1933.0,MS - Mission Viejo South,True,2.0,0.1217,1984.0,2.0,Mission Viejo,4.0,True,1.0,One,5300.0,False,2.0,Capistrano Unified,92692,221.87,5300.0,688.0496637351267,2.0,41.0,0,483.25,0.36471698113207546,14.100689500197937,14.006130917572923,13.964944571776993,1161176.8466510875
True,True,2025-12-03,1800000.0,33.856606,-117.73785,2863.0,77 - Anaheim Hills,True,3.0,0.1568,1990.0,4.0,Anaheim Hills,5.0,True,2.0,Two,6832.0,False,3.0,Orange Unified,92808,115.0,6832.0,628.711142158575,1.25,35.0,0,572.6,0.41905737704918034,14.403297222866392,14.137594057133388,14.33750160159388,1685379.976342488
True,False,2025-12-09,515000.0,38.10227531,-122.21946338,1352.0,LN - Lake Forest North,True,2.0,0.11,1950.0,2.0,Vallejo,4.0,False,1.0,One,4791.0,False,1.0,Other,94591,0.0,4791.0,380.9171597633136,2.0,75.0,0,338.0,0.28219578376121895,13.151922179645874,13.304684934198283,13.266490579357662,577515.510691497
True,False,2025-12-09,603437.0,32.668448,-116.480615,1707.0,91906 - Campo,True,20.0,9.3,2025.0,2.0,Campo,3.0,True,1.0,One,9.3,True,0.0,Mountain Empire Unified,91906,0.0,405108.0,353.50732278851785,1.5,0.0,0,569.0,0.004213691163837792,13.310396923018402,13.112262023745568,13.23877063141996,561726.6549260352
False,False,2025-12-18,800000.0,34.186094,-118.632906,1004.0,WHLL - Woodland Hills,False,3.0,0.177,1945.0,1.0,Woodland Hills,3.0,True,1.0,One,7711.0,False,3.0,Los Angeles Unified,91367,0.0,7711.0,796.8127490039841,3.0,80.0,0,334.6666666666667,0.13020360523926858,13.592367006650065,14.130321297804308,13.705911666002576,896193.5336431453
True,False,2025-12-15,798000.0,33.890043,-118.137983,1613.0,"RG - Bellflower North of 91 Frwy, S of Alondra",False,2.0,0.1275,1952.0,2.0,Bellflower,3.0,True,1.0,One,5556.0,False,2.0,Bellflower Unified,90706,0.0,5556.0,494.73031618102914,1.5,73.0,0,537.6666666666666,0.29031677465802735,13.589863876431945,13.586096602527896,13.574931436299586,786172.4397150765
True,False,2025-12-18,527000.0,33.955046,-117.252896,1516.0,259 - Moreno Valley,True,4.0,0.17,1984.0,2.0,Moreno Valley,3.0,True,1.0,One,7405.0,False,2.0,Moreno Valley Unified,92557,0.0,7405.0,347.6253298153034,1.5,41.0,0,505.3333333333333,0.20472653612424038,13.1749558275235,13.262125319779487,13.191668136864678,535881.3946154509
False,True,2025-12-31,3050000.0,34.151903000000004,-118.442467,3719.0,SO - Sherman Oaks,True,2.0,0.1551,2025.0,7.0,Sherman Oaks,6.0,True,1.0,One,6754.0,True,2.0,Los Angeles Unified,91423,0.0,6754.0,820.1129335842968,0.8571428571428571,0.0,0,619.8333333333334,0.5506366597571809,14.930652148583594,14.49104488660402,15.048892387762555,3432819.1382672805
False,True,2025-12-08,900000.0,34.017967,-117.667852,1658.0,681 - Chino,True,2.0,0.1653,1975.0,2.0,Chino,4.0,True,1.0,One,7200.0,False,2.0,Chino Valley Unified,91710,0.0,7200.0,542.8226779252111,2.0,50.0,0,414.5,0.23027777777777778,13.710150042306449,13.567049198665774,13.553162168922992,769242.9811940183
True,False,2025-12-03,340000.0,34.236475,-117.236495,798.0,287 - Arrowhead Area,True,0.0,0.4577,1953.0,1.0,Twin Peaks,2.0,True,2.0,Two,19936.0,False,0.0,Rim of the World,92391,387.0,19936.0,426.0651629072682,2.0,72.0,0,399.0,0.04002808988764045,12.736700896592344,12.834681304952548,12.547122421799259,281284.6491243576
True,False,2025-12-03,450690.0,33.967427,-116.565402,2409.0,340 - Desert Hot Springs,True,2.0,0.1159,2025.0,3.0,Desert Hot Springs,4.0,False,2.0,Two,5050.0,True,2.0,Palm Springs Unified,92240,228.0,5050.0,187.08592777085929,1.3333333333333333,0.0,0,602.25,0.477029702970297,13.01853502072458,12.911642346088676,13.151401031352174,514731.67855245015
True,False,2025-12-01,675000.0,34.092136,-116.389146,2348.0,DC535 - Sky Harbor,True,4.0,1.405,1982.0,3.0,Yucca Valley,3.0,True,1.0,One,61200.0,False,2.0,Vista Unified,92284,0.0,61200.0,287.4787052810903,1.0,43.0,0,782.6666666666666,0.038366013071895425,13.422467969854667,12.86876061860541,13.140100201822124,508947.5280061499
True,False,2025-12-11,410000.0,33.746983,-117.056345,1532.0,SRCAR - Southwest Riverside County,True,2.0,0.09,2005.0,2.0,Hemet,2.0,False,1.0,One,3920.0,False,2.0,Hemet Unified,92545,232.0,3920.0,267.6240208877285,1.0,20.0,0,766.0,0.39081632653061227,12.92391243868049,12.990536830078119,12.7772229845095,354060.4656707216
False,False,2025-12-16,1190000.0,34.263895,-118.731672,2350.0,SVC - Central Simi,True,2.0,0.23,1961.0,4.0,Simi Valley,6.0,True,1.0,One,10018.0,False,2.0,Marysville Joint Unified,93063,0.0,10018.0,506.3829787234043,1.5,64.0,0,391.6666666666667,0.2345777600319425,13.989463865087712,13.637546696375418,13.855032744550297,1040313.5796356404
False,False,2025-12-12,1518000.0,34.12719,-118.15501,2306.0,647 - Pasadena (SW),False,2.0,0.1674,1920.0,3.0,Pasadena,3.0,True,2.0,Two,7293.0,False,2.0,Atascadero Unified,91105,0.0,7293.0,658.2827406764961,1.0,105.0,0,768.6666666666666,0.31619361031125737,14.232904236937712,14.739643644497264,14.76567824344949,2586143.2816497637
True,False,2025-12-03,725000.0,34.098726,-118.274929,756.0,637 - Los Feliz,True,1.0,0.2199,1924.0,1.0,Los Angeles,2.0,True,1.0,One,9580.0,False,3.0,Placentia-Yorba Linda Unified,90027,190.0,9580.0,958.994708994709,2.0,101.0,0,378.0,0.07891440501043841,13.493926933836812,14.612710764892958,14.013231476536134,1218622.2515218335
True,False,2025-12-10,675000.0,34.445798,-117.459357,2176.0,PHEL - Phelan,True,3.0,4.46,2025.0,4.0,Phelan,4.0,True,1.0,One,4.46,True,3.0,Snowline Joint Unified,92344,0.0,194277.6,310.2022058823529,1.0,0.0,0,544.0,0.011200467784242753,13.422467969854667,13.180613417425775,13.404337938007869,662872.4967026548
False,False,2025-12-29,585000.0,34.10791,-117.645773,804.0,690 - Upland,False,2.0,0.2066,1920.0,1.0,Upland,2.0,False,1.0,One,9000.0,False,2.0,Upland,91786,0.0,9000.0,727.6119402985074,2.0,105.0,0,402.0,0.08933333333333333,13.279367126213993,13.554145793829866,13.32297412898225,611074.479835336
True,False,2025-12-15,510000.0,34.062587,-117.107218,1698.0,284 - Mentone,True,2.0,1.0606,1954.0,2.0,Mentone,3.0,True,1.0,One,46200.0,False,2.0,Redlands Unified,92359,0.0,46200.0,300.35335689045934,1.5,71.0,0,566.0,0.03675324675324675,13.142166004700508,13.147044092173191,13.168589528992516,523655.6176380071
True,False,2025-12-18,277660.0,33.699062,-117.187442,1459.0,SRCAR - Southwest Riverside County,True,2.0,0.25,1966.0,2.0,Menifee,2.0,True,1.0,One,0.25,False,2.0,Murrieta,92586,495.0,10890.0,190.3084304318026,1.0,59.0,0,729.5,0.1339761248852158,12.534152622588794,12.89921982609012,12.804502883476196,363852.1502510494
True,False,2025-12-12,1610000.0,33.829095,-118.181421,1921.0,"6 - Bixby, Bixby Knolls, Los Cerritos",False,3.0,0.1619,1935.0,4.0,Long Beach,4.0,True,1.0,One,7054.0,False,3.0,Long Beach Unified,90807,0.0,7054.0,838.1051535658511,1.0,90.0,0,480.25,0.2723277573008222,14.291744736960645,13.924364962876357,14.091500491122103,1317834.5975276264
False,False,2025-12-26,670000.0,34.002559999999995,-118.111742,748.0,674 - Montebello,True,0.0,0.1749,1937.0,1.0,Montebello,2.0,False,1.0,One,7618.0,False,0.0,Montebello Unified,90640,0.0,7618.0,895.7219251336899,2.0,88.0,0,374.0,0.09818850091887635,13.415032991367148,13.66988634579858,13.386029760435381,650846.9283472114
True,False,2025-12-12,926250.0,33.550815,-117.103738,3167.0,SRCAR - Southwest Riverside County,True,2.0,0.15,2014.0,4.0,Temecula,4.0,True,2.0,Two,6534.0,False,2.0,Temecula Unified,92591,292.0,6534.0,292.4692137669719,1.0,11.0,0,791.75,0.4846954392408938,13.738899455592433,13.514405465180353,13.687229592114972,879606.2051180677
True,False,2025-12-22,610000.0,33.907505,-118.21411299999998,934.0,699 - Not Defined,False,2.0,0.1393,1927.0,1.0,Compton,2.0,True,1.0,One,6068.0,False,2.0,Compton Unified,90221,0.0,6068.0,653.1049250535332,2.0,98.0,0,467.0,0.15392221489782465,13.321214236149494,13.353475098367715,13.1576596554657,517963.2928287299
True,False,2025-12-15,1249500.0,39.764458000000005,-121.764261,3693.0,PLM - Palmdale,False,4.0,1.02,2016.0,4.0,Chico,5.0,True,1.0,One,44431.0,False,4.0,Chico Unified,95928,120.0,44431.0,338.34281072298944,1.25,9.0,0,738.6,0.08311764308703383,14.038254029257144,13.078384738024758,13.674518141325269,868495.8977906108
False,False,2025-12-03,1710000.0,34.13765,-118.15593,2767.0,647 - Pasadena (SW),False,4.0,0.1985,1913.0,3.0,Pasadena,5.0,True,2.0,Two,8646.0,False,2.0,Pasadena Unified,91105,0.0,8646.0,617.9978315865559,1.6666666666666667,112.0,0,553.4,0.3200323849178811,14.352003928478842,14.739643644497264,14.863879266366512,2852993.2560034767
False,False,2025-12-04,750000.0,34.047754,-117.977046,1092.0,633 - Industry/La Puente/Valinda,True,2.0,0.1427,1959.0,2.0,La Puente,3.0,False,1.0,One,6215.0,False,2.0,Hacienda La Puente Unified,91746,0.0,6215.0,686.8131868131868,1.5,66.0,0,364.0,0.17570394207562348,13.527828485512494,13.541073712262515,13.448983801773148,693137.5905125975
False,False,2025-12-03,1435000.0,34.126079,-118.155104,3079.0,647 - Pasadena (SW),False,2.0,0.2688,1903.0,3.0,Pasadena,5.0,True,2.0,Two,11709.0,False,2.0,Lake Elsinore Unified,91105,0.0,11709.0,466.060409223774,1.6666666666666667,122.0,0,615.8,0.2629601161499701,14.176675407175859,14.739643644497264,14.969265732239306,3170074.7697248906
True,False,2025-12-23,480000.0,33.960288,-118.299293,1030.0,699 - Not Defined,False,4.0,0.1033,1913.0,2.0,Los Angeles,2.0,False,1.0,One,4499.0,False,4.0,Los Angeles Unified,90044,0.0,4499.0,466.0194174757282,1.0,112.0,0,515.0,0.22893976439208713,13.081541382884074,13.38472764187182,13.22997283838532,556806.3756097411
True,True,2025-12-15,590000.0,34.149221000000004,-117.269091,1915.0,274 - San Bernardino,True,1.0,0.2205,1956.0,2.0,San Bernardino,3.0,True,1.0,One,9605.0,False,1.0,San Bernardino City Unified,92404,0.0,9605.0,308.0939947780679,1.5,69.0,0,638.3333333333334,0.1993753253513795,13.287877815881902,13.142166004700508,13.221619837871009,552174.7426143623
False,True,2025-12-26,335000.0,35.313471,-119.014428,1455.0,BKSF - Bakersfield,True,2.0,0.17,1967.0,2.0,Bakersfield,3.0,False,1.0,One,7405.0,False,2.0,Kern Union,93307,0.0,7405.0,230.2405498281787,1.5,58.0,0,485.0,0.19648885887913572,12.721885810807203,12.74984936943585,12.69011551131175,324524.2398174844
True,False,2025-12-03,3092935.0,34.115825,-118.286231,2870.0,637 - Los Feliz,False,2.0,0.2704,1921.0,4.0,Los Angeles,4.0,True,1.0,MultiSplit,11778.0,False,3.0,Temecula Unified,90027,106.0,11778.0,1077.6777003484322,1.0,104.0,0,717.5,0.24367464764815758,14.944631036250781,14.612710764892958,14.843438862676903,2795268.886638044
False,False,2025-12-01,1481000.0,34.126603,-118.155004,2356.0,647 - Pasadena (SW),True,2.0,0.2749,1905.0,3.0,Pasadena,4.0,True,1.0,One,11974.0,False,0.0,San Jacinto Unified,91105,0.0,11974.0,628.6078098471986,1.3333333333333333,120.0,0,589.0,0.1967596458994488,14.208228093249936,14.739643644497264,14.692893022239716,2404597.3422374134
True,False,2025-12-23,679900.0,34.067736,-117.771545,1413.0,687 - Pomona,True,2.0,0.1946,1953.0,2.0,Pomona,4.0,True,1.0,One,8475.0,False,2.0,Pomona Unified,91768,0.0,8475.0,481.174805378627,2.0,72.0,0,353.25,0.16672566371681416,13.42970100751455,13.373053959873324,13.370735624299295,640968.5202351657
False,False,2025-12-11,597990.0,33.669174,-117.115665,1705.0,SRCAR - Southwest Riverside County,True,4.0,0.1125,2025.0,3.0,Winchester,3.0,False,2.0,Two,4900.0,True,2.0,Perris Union High,92596,0.0,4900.0,350.72727272727275,1.0,0.0,0,568.3333333333334,0.3479591836734694,13.30132931038492,13.337474757021274,13.28578346068119,588765.6234942047
False,False,2025-12-17,1000000.0,34.225717,-118.46043600000002,1780.0,NOH - North Hills,True,2.0,0.1597,1957.0,3.0,North Hills,4.0,False,1.0,One,6958.0,False,2.0,Los Angeles Unified,91343,0.0,6958.0,561.7977528089888,1.3333333333333333,68.0,0,445.0,0.2558206381144007,13.815510557964274,13.715690222682063,13.837311984648753,1022040.8142857837
False,False,2025-12-18,965000.0,36.65154914,-121.72665320000002,1865.0,699 - Not Defined,True,2.0,0.0603,2019.0,3.0,Marina,3.0,False,2.0,Two,2625.0,False,2.0,Other,93933,162.0,2625.0,517.426273458445,1.0,6.0,0,621.6666666666666,0.7104761904761905,13.779883380321124,13.795307850646754,13.692747568133962,884473.2668797296
True,False,2025-12-11,565000.0,34.094629,-116.285132,1840.0,DC617 - Monument Manor,True,2.0,2.5,1989.0,2.0,Joshua Tree,3.0,True,1.0,One,108900.0,False,2.0,Morongo Unified,92252,0.0,108900.0,307.0652173913044,1.5,36.0,0,613.3333333333334,0.01689623507805326,13.244581010128577,12.871334622600584,13.026380554686831,454239.81057288975
True,False,2025-12-10,620000.0,33.136919,-117.098931,1091.0,92026 - Escondido,True,2.0,0.1,1985.0,2.0,Escondido,2.0,True,1.0,One,0.1,True,1.0,Escondido Union,92026,99.0,4356.0,568.2859761686526,1.0,40.0,0,545.5,0.2504591368227732,13.337474757021274,13.709594177880103,13.365895470749658,637873.630090523
True,False,2025-12-16,1074000.0,34.430003,-118.433802,3660.0,CAN2 - Canyon Country 2,True,3.0,0.1774,2005.0,3.0,Canyon Country,6.0,True,2.0,Two,7729.0,False,3.0,ABC Unified,91387,169.0,7729.0,293.44262295081967,2.0,20.0,0,610.0,0.4735412084357614,13.886900554050946,13.737549016494562,13.804719175811716,989266.6359258607
True,False,2025-12-18,1750000.0,34.106066,-118.218036,2260.0,WLA - West Los Angeles,True,2.0,0.1885,1965.0,3.0,Los Angeles,5.0,True,2.0,Two,8209.0,False,2.0,Los Angeles Unified,90065,0.0,8209.0,774.3362831858407,1.6666666666666667,60.0,0,452.0,0.2753075892313315,14.375126345899696,14.050977780915009,14.133221258922807,1373978.7130005069
False,False,2025-12-30,420000.0,33.92723,-117.223084,1280.0,259 - Moreno Valley,True,1.0,0.2,1958.0,1.0,Moreno Valley,3.0,False,1.0,One,8712.0,False,1.0,Moreno Valley Unified,92553,0.0,8712.0,328.125,3.0,67.0,0,426.6666666666667,0.14692378328741965,12.948009990259552,13.159174447339636,13.010780373480161,447208.5740944644
True,False,2025-12-03,670000.0,34.014636,-117.935061,1444.0,633 - Industry/La Puente/Valinda,False,2.0,0.1748,1956.0,2.0,La Puente,4.0,True,1.0,One,7615.0,False,2.0,Rowland Unified,91744,0.0,7615.0,463.9889196675901,2.0,69.0,0,361.0,0.18962573867367039,13.415032991367148,13.547631112808673,13.544956482886855,762956.6419412332
False,False,2025-12-08,1075000.0,33.840709999999994,-117.863935,2563.0,78 - Anaheim East of Harbor,True,2.0,0.1671,1963.0,3.0,Anaheim,5.0,True,2.0,Two,7280.0,False,2.0,Placentia-Yorba Linda Unified,92806,0.0,7280.0,419.4303550526727,1.6666666666666667,62.0,0,512.6,0.3520604395604396,13.8878312195439,13.825460888817442,14.026431626950824,1234814.8860244032
True,False,2025-12-02,510000.0,34.463379,-117.251816,2209.0,APPV - Apple Valley,True,2.0,0.1251,2016.0,2.0,Apple Valley,3.0,True,1.0,One,5449.0,False,2.0,Apple Valley Unified,92308,262.0,5449.0,230.87369850611137,1.5,9.0,0,736.3333333333334,0.405395485410167,13.142166004700508,12.936033799212835,13.079827262695654,479177.9270767405
False,False,2025-12-10,630000.0,34.051726,-117.783543,774.0,687 - Pomona,False,2.0,0.1456,1948.0,1.0,Pomona,2.0,False,1.0,One,6341.0,False,2.0,Pomona Unified,91766,0.0,6341.0,813.953488372093,2.0,77.0,0,387.0,0.12206276612521684,13.353475098367715,13.449504179573367,13.236791364030307,560615.9472323991
True,False,2025-12-12,1750000.0,34.118477,-117.16417,5675.0,276 - Highland,True,3.0,1.69,2021.0,8.0,Highland,5.0,True,2.0,Two,73616.0,False,3.0,Redlands Unified,92346,0.0,73616.0,308.3700440528634,0.625,4.0,0,1135.0,0.07708921973484026,14.375126345899696,13.28681753563043,14.514262613515474,2011241.2233801875
True,True,2025-12-04,520000.0,34.415129,-117.380992,2779.0,HSP - Hesperia,True,2.0,0.1584,2006.0,4.0,Hesperia,4.0,True,2.0,Two,6900.0,False,2.0,Hesperia Unified,92344,0.0,6900.0,187.11766822598057,1.0,19.0,0,694.75,0.4027536231884058,13.16158409055761,13.180613417425775,13.257668217443573,572442.8690872096
True,False,2025-12-23,1455000.0,34.281764,-119.270796,1066.0,VC29 - Hillside above Poli St./ Foothill Rd,False,2.0,0.16,1958.0,2.0,Ventura,3.0,True,1.0,One,6969.0,False,2.0,Other,93001,0.0,6969.0,1364.9155722326454,1.5,67.0,0,355.3333333333333,0.15296312239919643,14.19051645858773,13.90609809121013,13.684428338506397,877145.6529861247
True,True,2025-12-18,874990.0,33.607355,-117.090579,3369.0,SRCAR - Southwest Riverside County,True,6.0,0.25,2018.0,4.0,Winchester,5.0,True,2.0,Two,10890.0,False,3.0,Temecula Unified,92596,50.0,10890.0,259.718017215791,1.25,7.0,0,673.8,0.309366391184573,13.681967736703017,13.337474757021274,13.6429928628492,841543.3974727632
False,False,2025-12-24,695000.0,33.938957,-118.195353,1009.0,T4 - South Gate E of 710,False,2.0,0.1492,1940.0,1.0,South Gate,3.0,False,1.0,One,6501.0,False,2.0,Los Angeles Unified,90280,0.0,6501.0,688.800792864222,3.0,85.0,0,336.3333333333333,0.1552068912475004,13.45166712454693,13.458120817620745,13.362057101370958,635429.9283964501
False,False,2025-12-22,885000.0,33.62307731,-117.08948749,3847.0,SRCAR - Southwest Riverside County,True,6.0,0.21,2007.0,5.0,Winchester,5.0,True,2.0,Two,9147.0,False,4.0,Morongo Unified,92596,52.0,9147.0,230.0493891343904,1.0,18.0,0,769.4,0.4205750519295944,13.693342923990066,13.337474757021274,13.689032290894614,881193.3002480248
False,False,2025-12-10,897000.0,33.991178999999995,-117.670453,2683.0,681 - Chino,True,2.0,0.0985,2014.0,4.0,Chino,4.0,False,2.0,Two,4292.0,False,2.0,Chino Valley Unified,91710,219.0,4292.0,334.327245620574,1.0,11.0,0,670.75,0.625116495806151,13.706811141040934,13.567049198665774,13.68757701099996,879911.8500154078
False,False,2025-12-05,1787500.0,33.696859,-118.019264,2016.0,15 - West Huntington Beach,True,3.0,0.1343,1980.0,3.0,Huntington Beach,4.0,True,2.0,Two,5850.0,False,3.0,Huntington Beach Union High,92648,0.0,5850.0,886.656746031746,1.3333333333333333,45.0,0,504.0,0.3446153846153846,14.3963285535503,14.580978400103845,14.480316305818722,1944112.836565281
True,True,2025-12-12,2100000.0,33.66858,-116.236042,4960.0,313 - La Quinta South of HWY 111,True,4.0,0.48,2006.0,7.0,La Quinta,6.0,True,1.0,One,20909.0,False,4.0,Coachella Valley Unified,92253,245.0,20909.0,423.3870967741936,0.8571428571428571,19.0,0,826.6666666666666,0.2372184226887943,14.557447902693651,13.545013310266594,14.733020748269423,2503050.5056818924
True,False,2025-12-03,1050000.0,33.892132000000004,-118.338986,2094.0,111 - Bodger Park/El Camino,True,1.0,5259.0,1951.0,2.0,Lawndale,3.0,True,1.0,One,5259.0,False,1.0,Lawndale,90260,0.0,229082040.0,501.43266475644697,1.5,74.0,0,698.0,9.140830071183232e-06,13.864300722133706,13.592367006650065,13.87816412814064,1064657.9460727095
True,False,2025-12-15,1199000.0,35.470551,-120.731214,3505.0,ATSC - Atascadero,True,3.0,2.53,2006.0,3.0,Atascadero,4.0,True,1.0,One,110207.0,False,3.0,Atascadero Unified,93422,0.0,110207.0,342.0827389443652,1.3333333333333333,19.0,0,876.25,0.031803787418222075,13.996998434009651,13.64826835113874,14.08613854668058,1310787.3519863766
True,True,2025-12-02,610000.0,33.695432000000004,-116.220142,2716.0,314 - Indio South of East Valley,True,3.0,0.18,2004.0,3.0,Indio,3.0,True,1.0,One,7841.0,False,3.0,Palm Springs Unified,92201,36.0,7841.0,224.59499263622976,1.0,21.0,0,905.3333333333334,0.34638438974620583,13.321214236149494,13.235692062711331,13.386894127994275,651409.7425219961
True,False,2025-12-16,1088000.0,34.231341,-119.071462,2008.0,VC41 - Camarillo Central,True,6.0,0.2296,1971.0,2.0,Camarillo,4.0,True,1.0,One,10001.0,False,2.0,Capistrano Unified,93010,304.0,10001.0,541.8326693227092,2.0,54.0,0,502.0,0.20077992200779923,13.899851706398024,13.790192749979985,13.85372562100416,1038954.6495985442
True,True,2025-12-16,1900000.0,33.833865,-118.182024,3023.0,"6 - Bixby, Bixby Knolls, Los Cerritos",False,2.0,0.1784,1937.0,4.0,Long Beach,5.0,True,2.0,Two,7772.0,False,2.0,Long Beach Unified,90807,0.0,7772.0,628.514720476348,1.25,88.0,0,604.6,0.38896037056098814,14.457364444136669,13.924364962876357,14.318960825404266,1654419.6247879027
True,False,2025-12-11,1505000.0,34.145211,-118.847109,2510.0,WV - Westlake Village,True,3.0,0.14,1968.0,3.0,Westlake Village,5.0,True,2.0,Two,6098.0,False,3.0,Conejo Valley Unified,91361,240.0,6098.0,599.601593625498,1.6666666666666667,57.0,0,502.0,0.41161036405378815,14.224303456165114,14.450755865652397,14.355902118716756,1716678.914689185
False,False,2025-12-12,1600000.0,34.004213,-118.449028,1144.0,C13 - Palms - Mar Vista,True,2.0,0.1098,1949.0,2.0,Los Angeles,3.0,False,1.0,One,4782.0,False,2.0,Other,90066,0.0,4782.0,1398.6013986013986,1.5,76.0,0,381.3333333333333,0.23923044751150147,14.28551418721001,14.628660530918916,14.299026812719854,1621766.9338254603
True,False,2025-12-01,2825000.0,33.990696,-118.470053,2618.0,C11 - Venice,True,2.0,0.062,1986.0,3.0,Venice,4.0,True,1.0,ThreeOrMore,2701.0,False,2.0,Vista Unified,90291,0.0,2701.0,1079.0679908326968,1.3333333333333333,39.0,0,654.5,0.9692706405035172,14.854018922562679,14.66457824156197,14.629967611625958,2257949.3941225465
True,False,2025-12-23,1170000.0,33.650559,-117.613468,2000.0,R1 - Rancho Santa Margarita North,True,2.0,0.1003,1993.0,3.0,Rancho Santa Margarita,4.0,True,2.0,Two,4370.0,False,2.0,Saddleback Valley Unified,92688,87.0,4370.0,585.0,1.3333333333333333,32.0,0,500.0,0.4576659038901602,13.972514306773938,14.041051233878205,14.013224916318043,1218614.257120315
True,False,2025-12-30,540000.0,33.929461,-116.977248,2200.0,699 - Not Defined,True,2.0,0.12,2023.0,3.0,Beaumont,4.0,False,2.0,Two,5227.0,False,2.0,Beaumont,92223,126.0,5227.0,245.45454545454547,1.3333333333333333,2.0,0,550.0,0.42089152477520564,13.199324418540456,13.197470849891134,13.264539378214149,576389.760406423
True,False,2025-12-05,3200000.0,34.116777,-118.273266,3341.0,637 - Los Feliz,True,2.0,0.1653,1935.0,4.0,Los Angeles,4.0,True,2.0,Two,7202.0,False,1.0,Fullerton Joint Union High,90027,310.0,7202.0,957.7970667464832,1.0,90.0,0,835.25,0.463898916967509,14.978661367769956,14.612710764892958,14.888808918348346,2925011.3481452507
True,False,2025-12-12,475000.0,35.091247,-118.64323,2052.0,THP - Tehachapi,True,2.0,0.53,1999.0,3.0,Tehachapi,3.0,True,2.0,Two,0.53,False,2.0,Kern Union,93561,0.0,23086.8,231.4814814814815,1.0,26.0,0,684.0,0.0888819585217527,13.071070083016778,13.060487973686241,13.177501653777368,528343.3596904208
True,False,2025-12-12,750000.0,33.04884024,-116.62889279,1904.0,92036 - Julian,False,7.0,1.85,1993.0,3.0,Julian,2.0,True,2.0,Two,80586.0,False,2.0,Palmdale,92036,0.0,80586.0,393.9075630252101,0.6666666666666666,32.0,0,952.0,0.02362693271784181,13.527828485512494,13.303016877097587,13.350103310383473,627879.3507688551
True,False,2025-12-01,729000.0,34.400777000000005,-118.491166,2033.0,NEW4 - Newhall 4,True,2.0,0.0689,2008.0,3.0,Newhall,4.0,True,2.0,Two,3000.0,False,2.0,William S. Hart Union,91350,230.0,3000.0,358.5833743236596,1.3333333333333333,17.0,0,508.25,0.6776666666666666,13.499429010990795,13.652991628466498,13.680715779735962,873895.2356153408
False,False,2025-12-05,599900.0,33.948665000000005,-118.298095,1279.0,C34 - Los Angeles Southwest,True,0.0,0.1485,1922.0,1.0,Los Angeles,3.0,False,1.0,One,6470.0,False,0.0,Los Angeles Unified,90044,0.0,6470.0,469.03831118060987,3.0,103.0,0,426.3333333333333,0.19768160741885626,13.304518253641184,13.38472764187182,13.293544491148511,593352.829132313
True,True,2025-12-05,2550000.0,33.005716,-117.071379,4434.0,92128 - Rancho Bernardo,True,8.0,0.59,2002.0,4.0,San Diego,4.0,True,1.0,One,0.59,False,4.0,Poway Unified,92128,217.0,25700.4,575.1014884979702,1.0,23.0,0,1108.5,0.17252649764206004,14.75160391713461,13.983960916083914,14.689899474318786,2397409.8283140385
True,False,2025-12-30,735000.0,35.618261,-120.666751,1489.0,PRSE - PR South 46-East 101,True,2.0,0.1377,1986.0,2.0,Paso Robles,3.0,True,1.0,One,6000.0,False,2.0,Paso Robles Joint Unified,93446,0.0,6000.0,493.619879113499,1.5,39.0,0,496.3333333333333,0.24816666666666667,13.507625778194974,13.591116224748411,13.452825786580355,695805.7368114156
True,True,2025-12-11,3140000.0,33.975994,-117.829063,6013.0,616 - Diamond Bar,True,3.0,1.0596,1977.0,10.0,Diamond Bar,6.0,True,1.0,ThreeOrMore,46157.0,False,3.0,Walnut Valley Unified,91765,294.0,46157.0,522.2018958922334,0.6,48.0,0,1002.1666666666666,0.13027276469441254,14.959733357884437,13.957010120237973,15.19411205689261,3969346.60856428
True,False,2025-12-15,712000.0,33.87037,-117.330719,1561.0,252 - Riverside,True,2.0,0.69,1980.0,2.0,Riverside,3.0,True,1.0,One,30056.0,False,2.0,Riverside Unified,92508,0.0,30056.0,456.11787315823193,1.5,45.0,0,520.3333333333334,0.051936385413894066,13.475833190394113,13.56126305375042,13.533539429968116,754295.4622401878
False,False,2025-12-15,665000.0,34.092605,-117.918966,1080.0,614 - Covina,True,2.0,0.1406,1955.0,2.0,Covina,4.0,False,1.0,One,6124.0,False,2.0,Covina Valley Unified,91722,0.0,6124.0,615.7407407407408,2.0,70.0,0,270.0,0.17635532331809275,13.407542319637992,13.592367006650065,13.497839351362858,727842.0587413138
True,False,2025-12-04,590000.0,33.972643,-116.905439,2120.0,263 - Banning/Beaumont/Cherry Valley,True,2.0,0.91,1991.0,2.0,Banning,3.0,True,2.0,Two,39640.0,False,2.0,Banning Unified,92220,0.0,39640.0,278.3018867924528,1.5,34.0,0,706.6666666666666,0.05348133198789102,13.287877815881902,12.994530005894443,13.099937283800758,488911.7509671308
True,True,2025-12-30,775000.0,33.716959,-116.363476,1518.0,323 - South Palm Desert,False,7.0,0.22,1958.0,2.0,Palm Desert,3.0,True,1.0,One,9583.0,False,0.0,Desert Sands Unified,92260,0.0,9583.0,510.540184453228,1.5,67.0,0,506.0,0.1584055097568611,13.560618308335483,13.624349319661324,13.568995607840492,781519.677633748
True,False,2025-12-31,285000.0,40.191271,-122.243354,1248.0,PL01 - Tehama County,True,2.0,0.14,1980.0,2.0,Red Bluff,3.0,True,1.0,One,0.14,False,2.0,Red Bluff Joint Union,96080,0.0,6098.4,228.3653846153846,1.5,45.0,0,416.0,0.20464384100747737,12.560244459250788,12.730801174465157,12.638912365682895,308325.82176390244
True,False,2025-12-04,725000.0,33.607838,-117.185789,2952.0,SRCAR - Southwest Riverside County,True,3.0,0.16,2004.0,3.0,Murrieta,4.0,True,2.0,Two,6970.0,False,3.0,Murrieta,92562,250.0,6970.0,245.59620596205963,1.3333333333333333,21.0,0,738.0,0.4235294117647059,13.493926933836812,13.487006490992238,13.546277891553554,763965.4858609628
False,True,2025-12-17,490000.0,34.690227,-118.104622,2043.0,LAC - Lancaster,True,2.0,0.1641,1972.0,3.0,Lancaster,4.0,False,2.0,Two,7148.0,False,2.0,Lancaster,93535,0.0,7148.0,239.8433675966716,1.3333333333333333,53.0,0,510.75,0.2858142137660884,13.102160670086809,12.994530005894443,13.04058673561315,460738.8776666045
False,False,2025-12-02,615000.0,38.65339563,-121.73932378,1855.0,92122 - University City,True,2.0,0.14,2025.0,3.0,Woodland,4.0,False,1.0,One,6098.0,True,2.0,Temecula Unified,95776,0.0,6098.0,331.5363881401617,1.3333333333333333,0.0,0,463.75,0.30419809773696294,13.329377546788654,13.336954194767069,13.332226201593182,616754.4203874144
True,True,2025-12-12,1300000.0,34.858826,-120.404927,3000.0,OREA - SM/Orcutt East,True,0.0,4.82,1978.0,3.0,Santa Maria,6.0,True,2.0,Two,4.82,False,0.0,Orange Unified,93455,0.0,209959.2,433.3333333333333,2.0,47.0,0,500.0,0.014288490335265136,14.077874822431765,13.538369041771391,14.020114392207937,1227038.8578830503
True,False,2025-12-04,565000.0,37.99480499,-121.8318581,1707.0,269 - Yucaipa/Calimesa/Oak Glen,True,2.0,0.1791,1970.0,2.0,Antioch,4.0,True,1.0,One,7800.0,False,2.0,Riverside Unified,94509,124.0,7800.0,330.9900410076157,2.0,55.0,0,426.75,0.21884615384615386,13.244581010128577,13.199324418540456,13.177602753854632,528396.777945157
True,False,2025-12-09,1320000.0,34.001006,-118.338278,1924.0,VWPK - View Park,True,1.0,0.1449,1949.0,2.0,View Park,3.0,True,1.0,One,6311.0,False,1.0,Los Angeles Unified,90043,0.0,6311.0,686.0706860706861,1.5,76.0,0,641.3333333333334,0.3048645222627159,14.093142294562554,13.652991628466498,13.78107980524478,966155.2409930828
True,False,2025-12-01,830000.0,34.232191,-119.05826100000002,2024.0,VC42 - Camarillo Heights,True,9.0,0.1896,1989.0,3.0,Camarillo,3.0,True,2.0,Two,8260.0,False,3.0,Oxnard Union,93010,0.0,8260.0,410.0790513833992,1.0,36.0,0,674.6666666666666,0.24503631961259079,13.62918097977278,13.790192749979985,13.817805246604328,1002297.3234530042
True,False,2025-12-26,635000.0,37.91887408,-121.68589825,2016.0,610 - Burbank,True,3.0,0.0705,2017.0,3.0,Brentwood,4.0,True,2.0,Two,3072.0,False,2.0,Los Angeles Unified,94513,100.0,3072.0,314.98015873015873,1.3333333333333333,8.0,0,504.0,0.65625,13.36138027787483,13.591116224748411,13.553259087560393,769317.5387885383
False,False,2025-12-01,760000.0,34.100441,-117.796211,1179.0,684 - La Verne,True,4.0,0.1067,1984.0,2.0,La Verne,3.0,True,1.0,One,4650.0,False,2.0,Bonita Unified,91750,100.0,4650.0,644.6140797285835,1.5,41.0,0,393.0,0.2535483870967742,13.541073712262515,13.758940206475879,13.513544655400702,739363.2748519933
True,False,2025-12-19,655000.0,33.795089000000004,-118.319894,894.0,121 - Lomita,False,1.0,0.1315,1936.0,1.0,Lomita,2.0,False,1.0,One,5726.0,False,1.0,Los Angeles Unified,90717,0.0,5726.0,732.6621923937361,2.0,89.0,0,447.0,0.1561299336360461,13.39239051461739,13.845069360205818,13.586006493288416,794927.7375076903
True,False,2025-12-18,735000.0,33.352234,-117.152628,2156.0,92028 - Fallbrook,True,2.0,18.83,2019.0,3.0,Fallbrook,4.0,False,2.0,Two,18.83,False,2.0,Fallbrook Union,92028,277.0,820234.8,340.90909090909093,1.3333333333333333,6.0,0,539.0,0.002628515639668056,13.507625778194974,13.681979165339751,13.720434350312722,909303.6359330834
False,False,2025-12-23,3035000.0,33.988445,-118.429944,2920.0,C12 - Marina Del Rey,True,3.0,0.1053,2022.0,5.0,Los Angeles,5.0,True,2.0,Two,4586.0,True,1.0,Los Angeles Unified,90066,515.72,4586.0,1039.3835616438355,1.0,3.0,0,584.0,0.6367204535542956,14.925721982475736,14.628660530918916,14.900263668992666,2958709.255873776
False,False,2025-12-02,1715000.0,33.697540999999994,-117.950255,2490.0,16 - Fountain Valley / Northeast HB,True,2.0,0.1664,1969.0,4.0,Fountain Valley,5.0,True,1.0,One,7249.0,False,2.0,Fountain Valley,92708,0.0,7249.0,688.7550200803213,1.25,56.0,0,498.0,0.34349565457304454,14.354923638582177,14.22097566607244,14.352862882055598,1711469.4416169724
False,False,2025-12-19,684990.0,33.700299,-117.12561399999998,2537.0,SRCAR - Southwest Riverside County,True,4.0,0.138,2025.0,3.0,Winchester,5.0,False,2.0,Two,6011.0,True,2.0,Perris Union High,92596,0.0,6011.0,270.0,1.6666666666666667,0.0,0,507.4,0.4220595574779571,13.437159518597657,13.337474757021274,13.383129104719428,648961.7808879387
False,True,2025-12-08,585000.0,34.226349,-118.979209,1123.0,VC45 - Mission Oaks,True,1.0,0.07,1979.0,2.0,Camarillo,2.0,False,1.0,One,3049.0,False,1.0,Apple Valley Unified,93012,720.0,3049.0,520.926090828139,1.0,46.0,0,561.5,0.3683174811413578,13.279367126213993,13.710150042306449,13.305641843110322,600574.4201372659
True,True,2025-12-02,620000.0,33.76863,-117.02746299999998,2470.0,SRCAR - Southwest Riverside County,True,3.0,0.21,2005.0,3.0,Hemet,5.0,True,1.0,One,9148.0,False,3.0,Hemet Unified,92545,0.0,9148.0,251.01214574898785,1.6666666666666667,20.0,0,494.0,0.270004372540446,13.337474757021274,12.990536830078119,13.144410667163825,511146.0636381017
True,False,2025-12-24,688000.0,33.929461,-116.977248,3266.0,263 - Banning/Beaumont/Cherry Valley,True,3.0,0.28,2022.0,3.0,Beaumont,5.0,False,2.0,Two,12197.0,False,3.0,Beaumont,92223,137.0,12197.0,210.65523576240048,1.6666666666666667,3.0,0,653.2,0.2677707633024514,13.44154411691548,13.197470849891134,13.49565657035005,726255.0715680094
False,False,2025-12-19,609990.0,33.702385,-117.121522,2059.0,SRCAR - Southwest Riverside County,True,4.0,0.0963,2023.0,3.0,Winchester,4.0,False,2.0,Two,4197.0,True,2.0,Perris Union High,92596,126.0,4197.0,296.25546381738707,1.3333333333333333,2.0,0,514.75,0.4905885156063855,13.321197842572497,13.337474757021274,13.306203534522501,600911.8523889584
True,False,2025-12-03,800000.0,34.191444,-117.415526,4117.0,274 - San Bernardino,True,3.0,0.1419,2017.0,5.0,San Bernardino,6.0,True,2.0,Two,6180.0,False,3.0,San Bernardino City Unified,92407,121.0,6180.0,194.31624969638085,1.2,8.0,0,686.1666666666666,0.6661812297734628,13.592367006650065,13.304684934198283,13.640674588221698,839594.7284142217
False,False,2025-12-19,639990.0,33.70239,-117.12138,2384.0,SRCAR - Southwest Riverside County,True,4.0,0.0963,2023.0,3.0,Winchester,5.0,False,2.0,Two,4197.0,True,2.0,Perris Union High,92596,126.0,4197.0,268.4521812080537,1.6666666666666667,2.0,0,476.8,0.5680247796044794,13.369207830213783,13.337474757021274,13.353960122911875,630305.6395781774
False,False,2025-12-18,1250000.0,34.037476,-118.33943,1681.0,C16 - Mid Los Angeles,True,0.0,0.1388,1912.0,2.0,Los Angeles,3.0,True,1.0,One,6047.0,False,0.0,Los Angeles Unified,90016,0.0,6047.0,743.60499702558,1.5,113.0,0,560.3333333333334,0.2779890854969406,14.038654109278484,13.849900315661687,13.863972534934415,1049655.4599806492
True,False,2025-12-26,1018678.0,34.432057,-118.451512,2095.0,CAN1 - Canyon Country 1,True,2.0,0.1862,2025.0,3.0,Canyon Country,3.0,False,1.0,One,8113.0,True,2.0,William S. Hart Union,91350,250.0,8113.0,486.24248210023865,1.0,0.0,0,698.3333333333334,0.2582275360532479,13.834016266192998,13.652991628466498,13.777858271234763,963047.7471613369
False,False,2025-12-16,1015000.0,33.17122201,-117.23417547,1984.0,92081 - Vista,True,6.0,0.239,1983.0,2.0,Vista,3.0,True,1.0,One,10411.0,False,3.0,Capistrano Unified,92081,46.0,10411.0,511.59274193548384,1.5,42.0,0,661.3333333333334,0.19056766881183362,13.830399170458024,13.835313185260453,13.831524580013674,1016142.9337126135
True,False,2025-12-26,750000.0,33.91898,-118.293509,1441.0,C36 - Metropolitan Southwest,True,2.0,0.1607,1953.0,2.0,Los Angeles,4.0,True,1.0,One,7002.0,False,2.0,Capistrano Unified,90044,0.0,7002.0,520.471894517696,2.0,72.0,0,360.25,0.205798343330477,13.527828485512494,13.38472764187182,13.373618833691358,642819.2334074596
False,False,2025-12-16,950000.0,34.170012,-118.612785,1458.0,WHLL - Woodland Hills,True,2.0,0.3107,1949.0,2.0,Woodland Hills,3.0,True,1.0,One,13535.0,False,2.0,Los Angeles Unified,91367,0.0,13535.0,651.5775034293553,1.5,76.0,0,486.0,0.10772072404876247,13.764217263576723,14.130321297804308,13.982434065650088,1181663.8736469862
False,False,2025-12-18,1350000.0,33.978931,-118.365636,1746.0,101 - North Inglewood,False,2.0,0.124,1946.0,2.0,Inglewood,3.0,True,1.0,One,5403.0,False,2.0,Los Angeles Unified,90302,196.0,5403.0,773.1958762886597,1.5,79.0,0,582.0,0.3231538034425319,14.115615150414612,13.652991628466498,13.732287536888228,920145.9124036265
True,True,2025-12-05,500000.0,33.986372,-116.538603,2229.0,341 - Mission Lakes,True,3.0,0.22,2004.0,2.0,Desert Hot Springs,3.0,True,2.0,One,9583.0,False,3.0,San Diego Unified,92240,160.0,9583.0,224.31583669807088,1.5,21.0,0,743.0,0.23259939476155692,13.122363377404328,12.911642346088676,13.053765348304722,466850.96282900166
False,False,2025-12-02,2375000.0,37.82291923,-122.21746501,3372.0,FSNO - Fresno,True,2.0,0.2579,1953.0,3.0,Piedmont,6.0,True,2.0,Two,11232.0,False,2.0,Riverside Unified,94611,0.0,11232.0,704.3297746144722,2.0,72.0,0,562.0,0.3002136752136752,14.68050799545088,14.128493142202753,14.468133298783544,1920571.3901825163
True,True,2025-12-03,1495000.0,34.16056,-118.437154,1747.0,SO - Sherman Oaks,True,2.0,0.1742,1949.0,3.0,Sherman Oaks,3.0,True,1.0,One,7589.0,False,2.0,Los Angeles Unified,91423,0.0,7589.0,855.7527189467659,1.0,76.0,0,582.3333333333334,0.2302016075899328,14.217636764806924,14.49104488660402,14.364911422269495,1732214.8751415438
True,False,2025-12-12,3100000.0,34.11057,-118.390022,2341.0,C03 - Sunset Strip - Hollywood Hills West,True,4.0,0.1979,1958.0,3.0,Los Angeles,3.0,True,2.0,Two,8620.0,False,2.0,Long Beach Unified,90046,0.0,8620.0,1324.2204186245194,1.0,67.0,0,780.3333333333334,0.27157772621809745,14.946912669455374,14.637490610367188,14.686655439686795,2389645.1490575885
True,False,2025-12-03,1585000.0,35.026361,-120.543778,2298.0,NPMO - Nipomo,True,7.0,0.2139,2018.0,3.0,Nipomo,3.0,True,1.0,One,9318.0,False,3.0,Lucia Mar Unified,93444,556.0,9318.0,689.7302001740644,1.0,7.0,0,766.0,0.24661944623309723,14.276094965293519,13.855084652589102,13.964212256471912,1160326.8103596608
True,True,2025-12-05,685000.0,34.655415000000005,-118.248102,2638.0,LAC - Lancaster,True,3.0,0.2776,2006.0,4.0,Lancaster,4.0,True,1.0,One,12091.0,False,3.0,Antelope Valley Union,93536,0.0,12091.0,259.6664139499621,1.0,19.0,0,659.5,0.21817881068563394,13.437174117244362,13.224918336616522,13.432244985906106,681631.85287254
True,False,2025-12-12,460000.0,38.16302337,-121.69628298,1255.0,VC36 - El Rio / Nyeland Acres,True,2.0,0.15,1960.0,3.0,Rio Vista,3.0,False,2.0,Two,6534.0,False,2.0,Los Angeles Unified,94571,0.0,6534.0,366.5338645418327,1.0,65.0,0,418.3333333333333,0.19207223752678299,13.038981768465277,13.106132772326639,13.008189136289799,446051.2507027005
False,False,2025-12-03,2375000.0,33.973407,-118.389958,2510.0,C29 - Westchester,False,2.0,0.1475,1948.0,3.0,Los Angeles,4.0,True,2.0,Two,6425.0,False,2.0,Perris Union High,90045,105.0,6425.0,946.215139442231,1.3333333333333333,77.0,0,627.5,0.3906614785992218,14.68050799545088,14.331323723241304,14.518924932314624,2020640.1645500711
False,False,2025-12-15,730000.0,34.104483,-117.67373899999998,1627.0,690 - Upland,False,2.0,0.1837,1966.0,3.0,Upland,3.0,True,1.0,One,8000.0,False,2.0,Upland,91786,0.0,8000.0,448.6785494775661,1.0,59.0,0,542.3333333333334,0.203375,13.500799813124575,13.554145793829866,13.57064344986289,782808.5602456986
False,False,2025-12-05,685000.0,33.12667291,-117.06622208,936.0,92025 - Escondido,True,5.0,0.1377,1934.0,1.0,Escondido,2.0,False,1.0,One,9583.0,False,2.0,Hemet Unified,92025,0.0,6534.0,731.8376068376068,2.0,91.0,0,468.0,0.14325068870523416,13.437174117244362,13.740514638062564,13.487793719644205,720567.0277903945
True,True,2025-12-05,840000.0,32.85668,-116.983244,1986.0,92071 - Santee,True,2.0,0.1717,1979.0,3.0,Santee,5.0,True,2.0,Two,7479.0,False,2.0,Santee,92071,0.0,7479.0,422.9607250755287,1.6666666666666667,46.0,0,397.2,0.2655435218612114,13.641157170819497,13.652403046879991,13.733053853870345,920851.3060853863
True,False,2025-12-11,594000.0,33.69353,-117.104051,1868.0,SRCAR - Southwest Riverside County,True,2.0,0.17,2020.0,3.0,Winchester,3.0,False,2.0,Two,7405.0,False,2.0,Hemet Unified,92596,0.0,7405.0,317.9871520342612,1.0,5.0,0,622.6666666666666,0.2522619851451722,13.294634598344782,13.337474757021274,13.313604754837527,605375.8324711052
False,False,2025-12-12,939000.0,33.01075954,-117.06105375,1314.0,92128 - Rancho Bernardo,True,2.0,0.1692,1965.0,2.0,San Diego,2.0,False,1.0,One,4356.0,False,1.0,Newport Mesa Unified,92128,560.0,153331.2,714.6118721461187,1.0,60.0,0,657.0,0.00856968444778362,13.7525707581904,13.983960916083914,13.774717637254282,960027.911263594
False,False,2025-12-09,1070000.0,33.969159999999995,-117.587105,3849.0,249 - Eastvale,True,3.0,0.15,2004.0,4.0,Eastvale,5.0,True,2.0,Two,6534.0,False,3.0,Corona-Norco Unified,92880,0.0,6534.0,277.99428422967003,1.25,21.0,0,769.8,0.5890725436179982,13.883169206438088,13.764217263576723,14.002960442035123,1206169.7995860232
True,True,2025-12-22,1075000.0,33.781632,-117.103786,3284.0,SRCAR - Southwest Riverside County,True,24.0,5.04,2005.0,5.0,Homeland,5.0,True,1.0,One,219542.0,False,4.0,Perris Union High,92548,260.0,219542.0,327.3447015834348,1.0,20.0,0,656.8,0.01495841342431061,13.8878312195439,13.21676363885016,13.732729403004399,920552.5835447331
True,True,2025-12-05,2650000.0,34.10879,-118.378678,3092.0,C03 - Sunset Strip - Hollywood Hills West,True,6.0,0.5076,1927.0,4.0,Los Angeles,4.0,True,2.0,MultiSplit,22112.0,False,0.0,Jamul-Dulzara Union,90046,0.0,22112.0,857.0504527813713,1.0,98.0,0,773.0,0.13983357452966716,14.790070197962406,14.637490610367188,14.956160005822012,3128799.697753462
True,False,2025-12-15,1250000.0,32.793616,-116.986198,2800.0,92020 - El Cajon,True,6.0,0.62,1974.0,3.0,El Cajon,3.0,True,1.0,One,27007.0,False,3.0,Grossmont Union,92020,0.0,27007.0,446.4285714285714,1.0,51.0,0,933.3333333333334,0.10367682452697449,14.038654109278484,13.7694117933985,14.049563964123834,1263711.9804092825
True,False,2025-12-17,358000.0,36.433395,-119.862694,1632.0,682 - Chino Hills,True,2.0,0.1768,1994.0,2.0,Riverdale,3.0,False,1.0,One,7700.0,False,2.0,Riverdale Joint Unified,93656,0.0,7700.0,219.36274509803923,1.5,31.0,0,544.0,0.21194805194805194,12.788288265382837,13.592367006650065,13.511776829672918,738057.3640839618
False,False,2025-12-01,350000.0,36.2408333,-121.43273909999998,931.0,699 - Not Defined,False,1.0,0.4,1946.0,1.0,Greenfield,2.0,False,2.0,One,17424.0,False,1.0,Other,93927,0.0,17424.0,375.9398496240602,2.0,79.0,0,465.5,0.05343204775022957,12.765688433465597,13.262125319779487,13.052894953813103,466444.7951112627
True,False,2025-12-15,605000.0,33.939533000000004,-117.398284,1151.0,252 - Riverside,False,2.0,0.15,1957.0,2.0,Riverside,3.0,True,1.0,One,6534.0,False,2.0,Ramona Unified,92504,0.0,6534.0,525.629887054735,1.5,68.0,0,383.6666666666667,0.1761554943373125,13.312983737012978,13.353475098367715,13.26836151682676,578597.0174997643
True,True,2025-12-15,2675000.0,33.613799,-117.574854,4370.0,CC - Coto De Caza,True,3.0,0.6887,1988.0,5.0,Coto de Caza,5.0,True,2.0,Two,30000.0,False,3.0,Capistrano Unified,92679,353.0,30000.0,612.1281464530892,1.0,37.0,0,874.0,0.14566666666666667,14.799459938312244,14.357834848789636,14.888617345241551,2924451.04830478
True,False,2025-12-01,619000.0,33.962805,-118.189951,1496.0,"T5 - WalnutPk, HuntPk, Bell N of Florence, and Cud",True,2.0,0.0699,2000.0,3.0,Cudahy,3.0,False,2.0,Two,3046.0,False,2.0,Los Angeles Unified,90201,20.0,3046.0,413.7700534759358,1.0,25.0,0,498.6666666666667,0.4911359159553513,13.335860551666734,13.534473028231162,13.362346678698945,635613.9611418073
False,False,2025-12-11,730000.0,34.131618,-117.861036,1198.0,629 - Glendora,True,7.0,0.1355,1949.0,1.0,Glendora,2.0,False,1.0,One,5903.0,False,2.0,Glendora Unified,91741,0.0,5903.0,609.3489148580968,2.0,76.0,0,599.0,0.20294765373538878,13.500799813124575,13.868095806767045,13.653646641407203,850556.9433822469
True,False,2025-12-12,565000.0,34.063061,-117.177998,1180.0,268 - Redlands,True,2.0,0.1607,1958.0,2.0,Redlands,3.0,False,1.0,One,7000.0,False,2.0,Redlands Unified,92374,0.0,7000.0,478.8135593220339,1.5,67.0,0,393.3333333333333,0.16857142857142857,13.244581010128577,13.299666780812677,13.189025866072136,534467.3198651054
False,True,2025-12-15,630000.0,33.666444,-117.243833,3023.0,SRCAR - Southwest Riverside County,True,3.0,0.13,2005.0,3.0,Lake Elsinore,4.0,True,2.0,Two,5662.0,False,3.0,Lake Elsinore Unified,92532,135.0,5662.0,208.40224942110487,1.3333333333333333,20.0,0,755.75,0.533910279053338,13.353475098367715,13.353475098367715,13.386505952547259,651156.9303249203
True,False,2025-12-05,550000.0,33.806089,-117.218275,2395.0,SRCAR - Southwest Riverside County,True,3.0,0.12,1989.0,4.0,Perris,5.0,True,2.0,Two,5227.0,False,3.0,Perris Union High,92571,0.0,5227.0,229.64509394572025,1.25,36.0,0,479.0,0.45819781901664436,13.217673557208654,13.214938819306386,13.307506853152688,601695.5425893626
True,False,2025-12-17,2930000.0,33.755868,-118.12143,2758.0,"1 - Belmont Shore/Park,Naples,Marina Pac,Bay Hrbr",True,4.0,0.0551,2017.0,3.0,Long Beach,4.0,True,2.0,Two,2399.0,False,2.0,Long Beach Unified,90803,0.0,2399.0,1062.3640319071792,1.3333333333333333,8.0,0,689.5,1.149645685702376,14.89051298099325,14.288556669519746,14.452031514949985,1889894.4047077037
False,False,2025-12-04,790000.0,33.962869,-117.728566,1400.0,682 - Chino Hills,True,2.0,0.1877,1977.0,2.0,Chino Hills,3.0,True,1.0,One,8175.0,False,2.0,Chino Valley Unified,91709,0.0,8175.0,564.2857142857143,1.5,48.0,0,466.6666666666667,0.1712538226299694,13.579788224443204,13.901688254205327,13.691369811416253,883255.5169688414
True,False,2025-12-29,1425000.0,36.99495716,-121.85367005,2715.0,699 - Not Defined,True,5.0,0.351,1989.0,3.0,Aptos,4.0,True,1.0,One,15290.0,False,2.0,Other,95003,560.0,15290.0,524.8618784530387,1.3333333333333333,36.0,0,678.75,0.1775670372792675,14.169682371684887,14.188463383490559,14.396505153094155,1787815.6995600208
True,False,2025-12-23,654639.0,34.11006,-117.44337,1774.0,264 - Fontana,True,2.0,0.2153,1955.0,4.0,Fontana,5.0,True,1.0,One,9380.0,False,2.0,Fontana Unified,92336,0.0,9380.0,369.01860202931226,1.25,70.0,0,354.8,0.18912579957356077,13.391839217642966,13.487006490992238,13.57576161904826,786825.377503354
False,False,2025-12-19,397000.0,34.515995000000004,-117.357744,1689.0,VIC - Victorville,True,2.0,0.1388,2005.0,3.0,Victorville,3.0,False,2.0,Two,6044.0,False,2.0,Victor Valley Unified,92394,0.0,6044.0,235.05032563647129,1.0,20.0,0,563.0,0.27945069490403707,12.891691559669328,12.948009990259552,12.96621588561967,427716.5058622676
True,False,2025-12-15,540000.0,33.955908,-117.230298,1316.0,259 - Moreno Valley,True,2.0,0.26,1965.0,2.0,Moreno Valley,4.0,False,1.0,One,11325.6,False,2.0,Moreno Valley Unified,92557,0.0,11325.6,410.3343465045593,2.0,60.0,0,329.0,0.11619693437875256,13.199324418540456,13.262125319779487,13.206835659799532,544071.3415525781
False,True,2025-12-12,1570000.0,33.60199,-117.680917,3246.0,MC - Mission Viejo Central,True,6.0,0.2191,1972.0,3.0,Mission Viejo,4.0,False,2.0,Two,9545.0,False,3.0,Saddleback Valley Unified,92691,0.0,9545.0,483.67221195317313,1.3333333333333333,53.0,0,811.5,0.3400733368255631,14.266586177324491,14.092573789669016,14.355507898658027,1716002.298803158
True,False,2025-12-16,465000.0,33.754853000000004,-117.010037,1561.0,SRCAR - Southwest Riverside County,True,2.0,0.15,1990.0,2.0,Hemet,3.0,True,1.0,One,6534.0,False,2.0,Hemet Unified,92545,0.0,6534.0,297.8859705317104,1.5,35.0,0,520.3333333333334,0.238904193449648,13.049792684569493,12.990536830078119,12.966337917974643,427768.70429962315
True,True,2025-12-03,695000.0,33.95982,-116.956849,3356.0,263 - Banning/Beaumont/Cherry Valley,True,4.0,0.23,2019.0,3.0,Beaumont,4.0,False,1.0,One,10019.0,False,4.0,Beaumont,92223,161.0,10019.0,207.0917759237187,1.3333333333333333,6.0,0,839.0,0.33496356921848486,13.45166712454693,13.197470849891134,13.483056101441596,717161.3301410013
True,False,2025-12-19,1429000.0,32.80814751,-117.23581284,1193.0,92109 - Pacific Beach,True,2.0,0.1446,1947.0,2.0,San Diego,2.0,True,1.0,One,6300.0,False,1.0,Las Virgenes,92109,0.0,6300.0,1197.8206202849958,1.0,78.0,0,596.5,0.18936507936507938,14.172485456912005,14.508657738524219,14.257590385258016,1555939.9419514972
True,False,2025-12-03,4400000.0,33.623847,-117.85696000000002,2813.0,NV - East Bluff - Harbor View,True,2.0,0.1492,1970.0,3.0,Newport Beach,5.0,True,2.0,Two,6500.0,False,2.0,Newport Mesa Unified,92660,115.0,6500.0,1564.166370423036,1.6666666666666667,55.0,0,562.6,0.4327692307692308,15.29711509888849,15.133214468519324,15.011970680136988,3308384.8916869587
True,False,2025-12-03,1250000.0,35.599408000000004,-120.679818,2328.0,PSOR - Paso Robles,True,2.0,3.73,1989.0,3.0,Paso Robles,3.0,True,1.0,One,3.73,False,2.0,Paso Robles Joint Unified,93446,0.0,162478.8,536.9415807560138,1.0,36.0,0,776.0,0.014328023102090859,14.038654109278484,13.591116224748411,13.804377452025275,988928.6377395315
False,True,2025-12-05,3680000.0,37.56558885,-122.33118337,3030.0,699 - Not Defined,True,2.0,0.1621,1976.0,4.0,San Mateo,5.0,True,1.0,Two,7062.0,False,2.0,Other,94402,310.0,7062.0,1214.5214521452144,1.25,49.0,0,606.0,0.4290569243840272,15.118423310145113,14.777515526790612,14.979722080378153,3203396.081160872
False,False,2025-12-22,619000.0,33.928155,-117.266883,2331.0,259 - Moreno Valley,True,3.0,0.18,1989.0,3.0,Moreno Valley,4.0,True,2.0,Two,7841.0,False,3.0,Moreno Valley Unified,92553,0.0,7841.0,265.55126555126554,1.3333333333333333,36.0,0,582.75,0.2972835097564086,13.335860551666734,13.159174447339636,13.259611319365787,573556.2652973327
True,True,2025-12-04,6300000.0,33.753338,-118.410699,8000.0,170 - West Palos Verdes,True,3.0,0.5596,2015.0,7.0,Rancho Palos Verdes,5.0,True,2.0,Two,24378.0,False,3.0,Palos Verdes Peninsula Unified,90275,600.0,24378.0,787.5,0.7142857142857143,10.0,0,1600.0,0.3281647386988268,15.65606019136176,14.438232971730155,15.686983783473185,6497862.167588327
False,False,2025-12-08,750000.0,33.873837,-118.324085,844.0,133 - N Torrance - East,False,2.0,0.1407,1947.0,1.0,Torrance,2.0,False,1.0,One,6128.0,False,2.0,Torrance Unified,90504,0.0,6128.0,888.6255924170616,2.0,78.0,0,422.0,0.1377284595300261,13.527828485512494,13.822979494146377,13.535278820908024,755608.6186483246
False,False,2025-12-01,660000.0,34.031694,-118.167713,1226.0,ELA - East Los Angeles,False,1.0,0.159,1928.0,1.0,East Los Angeles,3.0,False,1.0,One,6926.0,False,1.0,Los Angeles Unified,90022,0.0,6926.0,538.3360522022839,3.0,97.0,0,408.6666666666667,0.1770141495812879,13.399995114002609,13.4034268364651,13.34791209395226,626505.0374774534
True,False,2025-12-02,475000.0,39.744595,-121.774727,1811.0,248 - Corona,True,2.0,0.09,2022.0,3.0,Chico,4.0,False,2.0,Two,3920.0,False,2.0,Chico Unified,95928,0.0,3920.0,262.2860298177802,1.3333333333333333,3.0,0,452.75,0.46198979591836736,13.071070083016778,13.078384738024758,13.113211780349866,495445.07567895635
False,False,2025-12-05,655000.0,34.208205,-118.842949,1187.0,TOE - Thousand Oaks East,True,2.0,0.06,1981.0,2.0,Thousand Oaks,2.0,True,1.0,One,2613.0,False,2.0,Los Angeles Unified,91362,465.0,2613.0,551.8112889637742,1.0,44.0,0,593.5,0.45426712590891694,13.39239051461739,14.119312012295937,13.587918812502348,796449.3475321509
False,True,2025-12-16,2950000.0,37.27268109,-122.00138566,1908.0,699 - Not Defined,True,3.0,0.2335,1975.0,2.0,Saratoga,4.0,True,2.0,One,10170.0,False,3.0,Other,95070,110.0,10170.0,1546.121593291405,2.0,50.0,0,477.0,0.18761061946902655,14.897315728316002,15.226497531674536,15.02067685573732,3337314.019812795
True,True,2025-12-12,6150000.0,34.138679,-118.417621,5035.0,SO - Sherman Oaks,True,10.0,1.0009,1939.0,5.0,Sherman Oaks,5.0,True,2.0,Two,43601.0,False,2.0,Apple Valley Unified,91423,246.0,43601.0,1221.449851042701,1.0,86.0,0,1007.0,0.1154790027751657,15.631962639782701,14.49104488660402,15.192176658637589,3961671.771393402
False,False,2025-12-03,685000.0,36.82557703,-121.38049249,1304.0,699 - Not Defined,True,2.0,0.1469,1996.0,2.0,Hollister,3.0,False,1.0,"Two,MultiSplit",6399.0,False,2.0,Other,95023,0.0,6399.0,525.3067484662577,1.5,29.0,0,434.6666666666667,0.2037818409126426,13.437174117244362,13.527828485512494,13.370318035967145,640700.915138112
False,False,2025-12-05,353000.0,33.696490999999995,-117.181718,1098.0,SRCAR - Southwest Riverside County,True,1.0,0.15,1964.0,2.0,Menifee,2.0,False,1.0,One,6534.0,False,1.0,Menifee Union,92586,35.0,6534.0,321.4936247723133,1.0,61.0,0,549.0,0.16804407713498623,12.774223335915433,12.89921982609012,12.692153118946393,325186.1670311169
False,False,2025-12-30,485000.0,34.458787,-117.364786,1652.0,VIC - Victorville,True,3.0,1.1367,2020.0,2.0,Victorville,3.0,True,1.0,One,49515.0,False,3.0,Victor Valley Unified,92392,0.0,49515.0,293.5835351089588,1.5,5.0,0,550.6666666666666,0.033363627183681716,13.091904169919621,13.01477816672439,13.101477531047145,489665.3761808752
False,False,2025-12-03,1100000.0,34.154264000000005,-118.440757,1408.0,SO - Sherman Oaks,False,2.0,0.1323,1945.0,2.0,Sherman Oaks,4.0,False,1.0,One,5762.0,False,2.0,Los Angeles Unified,91423,0.0,5762.0,781.25,2.0,80.0,0,352.0,0.2443595973620271,13.9108207377686,14.49104488660402,14.242822507455566,1533130.8465230453
False,False,2025-12-10,985000.0,33.916571999999995,-117.973683,1668.0,87 - La Habra,True,2.0,0.1998,1964.0,2.0,La Habra,4.0,True,1.0,One,8704.0,False,2.0,ABC Unified,90631,0.0,8704.0,590.5275779376499,2.0,61.0,0,417.0,0.19163602941176472,13.800396920154226,13.792724135316895,13.759031670261438,945086.4372302301
False,False,2025-12-19,490000.0,33.751418,-116.259953,1823.0,699 - Not Defined,True,2.0,0.2,2005.0,2.0,Indio,2.0,False,1.0,One,8712.0,False,2.0,Desert Sands Unified,92203,369.0,8712.0,268.7877125617115,1.0,20.0,0,911.5,0.2092516069788797,13.102160670086809,13.255142955086335,13.10021335624086,489046.74466037634
False,False,2025-12-11,930000.0,33.810019,-117.534084,3076.0,248 - Corona,True,3.0,0.16,2000.0,3.0,Corona,5.0,True,2.0,Two,6969.0,False,3.0,Corona-Norco Unified,92883,126.0,6969.0,302.3407022106632,1.6666666666666667,25.0,0,615.2,0.4413832687616588,13.742939865129438,13.547957803444275,13.69378982911054,885395.5994227394
True,True,2025-12-18,760000.0,34.018628,-117.050239,2366.0,269 - Yucaipa/Calimesa/Oak Glen,True,2.0,0.8668,2017.0,3.0,Yucaipa,4.0,True,1.0,One,37757.0,False,2.0,Yucaipa/Calimesa Unified,92399,0.0,37757.0,321.21724429416736,1.3333333333333333,8.0,0,591.5,0.06266387689699923,13.541073712262515,13.274219822166483,13.54689278454924,764435.3873419228
True,False,2025-12-10,699000.0,33.590075,-117.221577,3512.0,SRCAR - Southwest Riverside County,True,7.0,0.18,2003.0,3.0,Murrieta,5.0,True,2.0,Two,7841.0,False,3.0,Murrieta,92562,0.0,7841.0,199.03189066059227,1.6666666666666667,22.0,0,702.4,0.44790205330952687,13.457406021215947,13.487006490992238,13.589591345527337,797782.5499703947
True,True,2025-12-08,1875000.0,33.16478827,-117.33174009,2420.0,92008 - Carlsbad,True,5.0,0.2043,1960.0,4.0,Carlsbad,4.0,True,2.0,Two,8900.0,False,2.0,Los Angeles Unified,92008,0.0,8900.0,774.7933884297521,1.0,65.0,0,605.0,0.27191011235955054,14.444119217386648,14.403297222866392,14.511891831418817,2006478.6564306787
False,False,2025-12-08,950000.0,34.182635999999995,-118.518959,1580.0,ENC - Encino,True,2.0,0.141,1951.0,3.0,Encino,4.0,True,1.0,One,6140.0,False,2.0,Newport Mesa Unified,91316,215.0,6140.0,601.2658227848101,1.3333333333333333,74.0,0,395.0,0.25732899022801303,13.764217263576723,14.300596894375873,14.238627426094405,1526712.7096004381
True,False,2025-12-09,1225000.0,33.18921069,-117.31371067,2819.0,92056 - Oceanside,True,4.0,0.3325,1989.0,3.0,Oceanside,5.0,True,2.0,Two,14485.0,False,2.0,Irvine Unified,92056,0.0,14485.0,434.5512593118127,1.6666666666666667,36.0,0,563.8,0.19461511908871246,14.018451401960965,13.732128949025222,14.006176585525198,1210055.259484036
True,False,2025-12-11,765000.0,34.090107,-117.618568,2157.0,686 - Ontario,True,2.0,0.1702,1964.0,3.0,Ontario,6.0,True,1.0,One,7414.0,False,2.0,Ontario-Montclair,91764,0.0,7414.0,354.65924895688454,2.0,61.0,0,359.5,0.2909360669004586,13.547631112808673,13.414286165238757,13.46411500160474,703705.3436718647
True,False,2025-12-05,795000.0,34.162284,-118.952647,1172.0,NBPK - Newbury Park,True,2.0,0.17,1966.0,2.0,Newbury Park,3.0,True,1.0,One,7405.0,False,2.0,Other,91320,83.0,7405.0,678.3276450511945,1.5,59.0,0,390.6666666666667,0.15827143821742065,13.58609739363647,13.933293593620657,13.712228898097102,901872.9162985291
True,False,2025-12-22,510000.0,33.148327,-117.108795,1425.0,92026 - Escondido,True,2.0,0.0958,1988.0,2.0,Escondido,2.0,False,1.0,One,4171.0,False,2.0,Escondido Union,92026,185.0,4171.0,357.89473684210526,1.0,37.0,0,712.5,0.34164468952289617,13.142166004700508,13.709594177880103,13.435820121321754,684073.140416663
False,False,2025-12-04,720000.0,34.276722,-118.392014,1456.0,SYL - Sylmar,True,2.0,0.1829,1962.0,3.0,Sylmar,3.0,True,1.0,One,7965.0,False,2.0,Los Angeles Unified,91342,0.0,7965.0,494.5054945054945,1.0,63.0,0,485.3333333333333,0.18279974890144382,13.487006490992238,13.667586227071855,13.663545296721507,859018.1214447855
True,False,2025-12-30,499990.0,34.390645,-117.354148,1760.0,HSP - Hesperia,True,2.0,0.1702,2025.0,2.0,Hesperia,3.0,False,1.0,One,7413.0,True,2.0,Hesperia Unified,92344,0.0,7413.0,284.08522727272725,1.5,0.0,0,586.6666666666666,0.2374207473357615,13.122343377204325,13.180613417425775,13.16512888018741,521846.56150995626
False,False,2025-12-09,1925000.0,34.082395,-118.328977,1692.0,C18 - Hancock Park-Wilshire,True,2.0,0.1347,1923.0,2.0,Los Angeles,3.0,True,1.0,One,5866.0,False,2.0,Fullerton Joint Union High,90004,127.5,5866.0,1137.7068557919622,1.5,102.0,0,564.0,0.2884418683941357,14.470436525704022,14.65917278350986,14.478253076545633,1940105.8211678844
False,False,2025-12-22,740000.0,36.81128488,-121.37361032,1990.0,699 - Not Defined,True,2.0,0.2042,1977.0,2.0,Hollister,3.0,True,2.0,One,8895.0,False,2.0,Other,95023,108.0,8895.0,371.8592964824121,1.5,48.0,0,663.3333333333334,0.2237211916807195,13.514405465180353,13.527828485512494,13.55484402625262,770537.8267076927
True,False,2025-12-23,253000.0,35.616946,-117.692898,1331.0,RCR - Ridgecrest,True,2.0,0.15,1995.0,2.0,Ridgecrest,3.0,True,1.0,One,6534.0,False,2.0,Sierra Sands Unified,93555,0.0,6534.0,190.0826446280992,1.5,30.0,0,443.6666666666667,0.2037037037037037,12.441144767709657,12.449018824140563,12.560379212144499,285038.4071623877
False,False,2025-12-01,1850000.0,37.89880138,-121.7283836,4405.0,92102 - San Diego,True,3.0,0.3,2020.0,4.0,Brentwood,4.0,False,2.0,Two,13067.0,False,3.0,Temecula Unified,94513,187.0,13067.0,419.9772985244041,1.0,5.0,0,1101.25,0.33710874722583606,14.430696197054507,13.591116224748411,14.209362970685374,1482681.7075673742
True,False,2025-12-10,780000.0,34.321324,-118.422342,2042.0,SYL - Sylmar,True,2.0,0.1281,1947.0,3.0,Sylmar,4.0,True,2.0,Two,5578.0,False,2.0,Los Angeles Unified,91342,0.0,5578.0,381.9784524975514,1.3333333333333333,78.0,0,510.5,0.36608103262818215,13.567049198665774,13.667586227071855,13.851483772346786,1036628.0793958334
True,False,2025-12-05,510000.0,34.491511,-117.235392,2666.0,APPV - Apple Valley,True,3.0,0.4588,1994.0,3.0,Apple Valley,5.0,True,1.0,One,19987.0,False,3.0,Apple Valley Unified,92308,0.0,19987.0,191.29782445611403,1.6666666666666667,31.0,0,533.2,0.13338670135588132,13.142166004700508,12.936033799212835,13.234257208931785,559197.0580733413
False,False,2025-12-18,1425000.0,32.74304539,-117.21553515,1456.0,92106 - Point Loma,True,2.0,0.1171,1941.0,2.0,San Diego,3.0,True,1.0,One,5099.0,False,0.0,William S. Hart Union,92106,0.0,5099.0,978.7087912087912,1.5,84.0,0,485.3333333333333,0.28554618552657385,14.169682371684887,14.53335035111459,14.291452086968125,1609528.9024487508
False,False,2025-12-10,1100000.0,37.2809785,-121.823759,2046.0,699 - Not Defined,True,2.0,0.1148,1959.0,3.0,San Jose,5.0,True,1.0,One,5000.0,False,2.0,Other,95111,1020.0,5000.0,537.6344086021505,1.6666666666666667,66.0,0,409.2,0.4092,13.9108207377686,13.915345655528558,14.01707259562639,1223312.1261331383
True,False,2025-12-17,785000.0,34.107195000000004,-117.7695,1272.0,684 - La Verne,True,2.0,0.177,1956.0,2.0,La Verne,3.0,False,1.0,One,7711.0,False,2.0,Bonita Unified,91750,0.0,7711.0,617.1383647798742,1.5,69.0,0,424.0,0.1649591492672805,13.573438996764546,13.758940206475879,13.640226578881919,839218.6663802046
True,False,2025-12-22,949000.0,33.925137,-117.582247,2258.0,250 - Norco,True,2.0,0.47,1975.0,3.0,Norco,4.0,True,1.0,One,20473.0,False,2.0,Corona-Norco Unified,92860,0.0,20473.0,420.2834366696191,1.3333333333333333,50.0,0,564.5,0.11029160357544082,13.763164077592064,13.753635154246187,13.922748093907362,1113198.6477672698
True,False,2025-12-05,921500.0,37.83509277,-122.1995957,1892.0,15 - West Huntington Beach,True,2.0,0.149,1976.0,3.0,Oakland,2.0,True,2.0,Two,6490.0,False,2.0,Oroville Union,94611,149.0,6490.0,487.0507399577167,0.6666666666666666,49.0,0,946.0,0.29152542372881357,13.733758056092014,14.128493142202753,13.935878365335807,1127911.6295072802
True,True,2025-12-31,580000.0,33.785964,-116.448372,1630.0,336 - Cathedral City South,True,4.0,0.13,1996.0,2.0,Cathedral City,3.0,True,1.0,One,5663.0,False,2.0,Rim of the World,92234,215.0,5663.0,355.8282208588957,1.5,29.0,0,543.3333333333334,0.28783330390252515,13.270783382522602,13.224919965729422,13.142364766827185,510101.3787594004
True,True,2025-12-05,2975000.0,33.978239,-118.402583,3340.0,C29 - Westchester,True,4.0,0.1911,1993.0,4.0,Los Angeles,5.0,True,2.0,Two,8324.0,False,2.0,Rialto Unified,90045,35.0,8324.0,890.7185628742515,1.25,32.0,0,668.0,0.4012493993272465,14.905754596961867,14.331323723241304,14.634058609572506,2267205.581068711
False,False,2025-12-02,872000.0,33.843474,-118.123485,1478.0,23 - Lakewood Park,False,2.0,0.12,1950.0,2.0,Lakewood,3.0,True,1.0,One,5227.0,False,2.0,Long Beach Unified,90713,0.0,5227.0,589.9864682002707,1.5,75.0,0,492.6666666666667,0.2827625789171609,13.678544702891116,13.721199878493033,13.73936021510305,926676.8768329362
True,False,2025-12-12,550000.0,33.785933,-116.450224,1430.0,336 - Cathedral City South,True,2.0,0.11,1984.0,2.0,Cathedral City,2.0,True,1.0,One,4792.0,False,2.0,Paradise Unified,92234,570.0,4792.0,384.61538461538464,1.0,41.0,0,715.0,0.2984140233722871,13.217673557208654,13.224919965729422,13.007335496714857,445670.6461753042
False,False,2025-12-16,1400000.0,32.95321005,-117.12251935,2217.0,92129 - Rancho Penasquitos,True,4.0,0.1407,1987.0,3.0,San Diego,4.0,False,2.0,Two,6130.0,False,2.0,Bonsall Unified,92129,50.0,6130.0,631.4839873703203,1.3333333333333333,38.0,0,554.25,0.36166394779771616,14.151982794585487,14.162640089059476,14.134771330922844,1376110.1304306467
True,True,2025-12-19,1290000.0,34.226503,-118.606815,2237.0,WEH - West Hills,True,2.0,0.2589,1960.0,2.0,West Hills,4.0,False,1.0,One,11278.0,False,2.0,Los Angeles Unified,91304,0.0,11278.0,576.6651765757712,2.0,65.0,0,559.25,0.19835077141337115,14.070152776337855,13.846039762999096,13.941088518979322,1133803.5579912788
False,False,2025-12-22,330000.0,36.081667,-119.03273,1784.0,83 - Fullerton,True,2.0,0.1409,1966.0,2.0,Porterville,3.0,True,1.0,One,6138.0,False,2.0,Porterville Unified,93257,0.0,6138.0,184.97757847533632,1.5,59.0,0,594.6666666666666,0.2906484196806777,12.706847933442663,12.974506255329807,12.954683007960238,422812.0393938073
True,False,2025-12-17,1750000.0,36.55145318,-121.90387186,1695.0,699 - Not Defined,True,2.0,0.28,1961.0,2.0,Carmel,2.0,True,1.0,One,12197.0,False,2.0,Carmel Unified,93923,100.0,12197.0,1032.448377581121,1.0,64.0,0,847.5,0.13896859883577928,14.375126345899696,14.65737492047145,14.414212626463577,1819755.3491321835
False,False,2025-12-08,2450000.0,37.25963791,-121.91150165,2019.0,699 - Not Defined,True,2.0,0.1787,1959.0,2.0,San Jose,4.0,True,1.0,Two,7783.0,False,2.0,Other,95124,50.0,7783.0,1213.4720158494304,2.0,66.0,0,504.75,0.25941153796736477,14.71159858252091,14.507657238190635,14.499821898988037,1982406.1635509192
True,False,2025-12-08,2125000.0,37.79794925,-121.88018302,2363.0,N7 - West Bay - Santa Ana Heights,True,3.0,0.1438,2007.0,3.0,Danville,4.0,True,1.0,One,6264.0,False,3.0,Whittier Union High,94506,130.0,6264.0,899.2805755395683,1.3333333333333333,18.0,0,590.75,0.37723499361430396,14.569282360340654,14.68050799545088,14.531367624373178,2045939.4370037655
False,False,2025-12-03,865000.0,32.70174914,-117.07346909,1619.0,92114 - Encanto,True,8.0,0.1194,1952.0,3.0,San Diego,3.0,False,1.0,One,70147.0,False,2.0,Paso Robles Joint Unified,92114,0.0,12632.0,534.2804200123533,1.0,73.0,0,539.6666666666666,0.1281665611146295,13.670484785914017,13.547631112808673,13.607377188560424,812098.7203668534
True,False,2025-12-15,1125000.0,33.229658,-117.235223,2470.0,92084 - Vista,True,12.0,2.43,1977.0,3.0,Vista,4.0,True,1.0,One,2.43,False,2.0,Vista Unified,92084,0.0,105850.8,455.4655870445344,1.3333333333333333,48.0,0,617.5,0.023334731527773052,13.933293593620657,13.773646353865574,13.953637604724555,1148121.406113783
False,True,2025-12-02,1500000.0,34.141968,-118.819358,2512.0,WV - Westlake Village,True,3.0,0.1724,1966.0,3.0,Westlake Village,5.0,True,2.0,Two,7511.0,False,3.0,Las Virgenes,91361,265.0,7511.0,597.1337579617834,1.6666666666666667,59.0,0,502.4,0.33444281720143787,14.22097566607244,14.450755865652397,14.355245563155666,1715552.1895204524
True,True,2025-12-29,1100000.0,34.042656,-118.113873,1815.0,641 - Monterey Park,True,2.0,0.1624,1960.0,2.0,Monterey Park,4.0,True,2.0,Two,7074.0,False,2.0,Other,91755,0.0,7074.0,606.060606060606,2.0,65.0,0,453.75,0.25657336726039015,13.9108207377686,13.792750300313369,13.804055948549346,988610.7448496253
True,False,2025-12-12,1599000.0,33.77152,-118.112678,2722.0,"1 - Belmont Shore/Park,Naples,Marina Pac,Bay Hrbr",True,2.0,0.083,1983.0,3.0,Long Beach,3.0,True,2.0,Two,3617.0,False,2.0,Long Beach Unified,90803,680.0,3617.0,587.4357090374724,1.0,42.0,0,907.3333333333334,0.7525573679845176,14.284888991816091,14.288556669519746,14.371420814432874,1743527.3196996665
False,False,2025-12-17,840000.0,33.998883,-117.572782,1889.0,686 - Ontario,True,2.0,0.062,2025.0,3.0,Ontario,3.0,False,2.0,Two,2700.0,True,2.0,Chaffey Joint Union High,91761,200.0,2700.0,444.6797247220751,1.0,0.0,0,629.6666666666666,0.6996296296296296,13.641157170819497,13.532323657186438,13.486088848408285,719339.600391297
False,False,2025-12-19,768825.0,33.998883,-117.572782,1889.0,686 - Ontario,True,2.0,0.062,2025.0,3.0,Ontario,3.0,False,2.0,Two,2700.0,True,2.0,Chaffey Joint Union High,91761,200.0,2700.0,407.0010587612493,1.0,0.0,0,629.6666666666666,0.6996296296296296,13.552618654319712,13.532323657186438,13.486088848408285,719339.600391297
False,False,2025-12-16,500000.0,34.710995000000004,-118.140583,1178.0,LAC - Lancaster,False,2.0,0.1607,2025.0,2.0,Lancaster,3.0,False,1.0,One,7000.0,True,2.0,Lancaster,93534,0.0,7000.0,424.44821731748726,1.5,0.0,0,392.6666666666667,0.1682857142857143,13.122363377404328,12.971540487669746,12.939186935035432,416310.6165565098
False,True,2025-12-04,760000.0,33.57649254,-117.22345619,2300.0,SRCAR - Southwest Riverside County,True,6.0,0.17,1990.0,3.0,Murrieta,4.0,True,2.0,Two,7405.0,False,3.0,Hesperia Unified,92562,4450.0,7405.0,330.4347826086956,1.3333333333333333,35.0,0,575.0,0.3106009453072249,13.541073712262515,13.487006490992238,13.523589646854333,746827.599403598
False,False,2025-12-22,854714.0,33.998883,-117.572782,2130.0,686 - Ontario,True,2.0,0.062,2025.0,3.0,Ontario,4.0,False,2.0,Two,2700.0,True,2.0,Chaffey Joint Union High,91761,200.0,2700.0,401.2741784037559,1.3333333333333333,0.0,0,532.5,0.7888888888888889,13.658522189036338,13.532323657186438,13.543755139028766,762040.6190048824
True,True,2025-12-15,2950000.0,33.629188,-116.250069,4828.0,313 - La Quinta South of HWY 111,True,2.0,0.38,2004.0,5.0,La Quinta,4.0,True,1.0,One,16553.0,False,2.0,San Diego Unified,92253,567.0,16553.0,611.0190555095278,0.8,21.0,0,1207.0,0.2916691838337461,14.897315728316002,13.545013310266594,14.863838862505839,2852877.9863901436
False,False,2025-12-19,860790.0,33.998883,-117.572782,2360.0,686 - Ontario,True,2.0,0.062,2025.0,3.0,Ontario,4.0,False,2.0,Two,2700.0,True,2.0,Chaffey Joint Union High,91761,200.0,2700.0,364.7415254237288,1.3333333333333333,0.0,0,590.0,0.8740740740740741,13.665605851221807,13.532323657186438,13.60768999696299,812352.7914060031
True,True,2025-12-03,1602000.0,34.203297,-118.1611,2142.0,604 - Altadena,True,2.0,0.5242,1949.0,3.0,Altadena,3.0,True,1.0,One,22835.0,False,0.0,Garden Grove Unified,91001,0.0,22835.0,747.8991596638656,1.0,76.0,0,714.0,0.09380337201664112,14.286763406610442,13.926582083454587,14.12026763552023,1356295.4883697138
True,False,2025-12-01,1060000.0,32.75630928,-116.97596649,1587.0,91941 - La Mesa,True,12.0,0.6212,1959.0,4.0,La Mesa,3.0,True,1.0,One,27060.0,False,2.0,Beaumont,91941,98.0,27060.0,667.9269061121613,0.75,66.0,0,529.0,0.058647450110864745,13.87377946608825,13.903955641362648,13.892257785230335,1079769.105705408
False,False,2025-12-12,429000.0,34.143094,-117.257422,1150.0,274 - San Bernardino,False,2.0,0.1611,1953.0,2.0,San Bernardino,3.0,False,1.0,One,7018.0,False,2.0,San Bernardino City Unified,92404,0.0,7018.0,373.0434782608696,1.5,72.0,0,383.3333333333333,0.16386434881732687,12.969212197910155,13.142166004700508,13.055450163584762,467638.18343911646
False,False,2025-12-31,875000.0,33.848393,-118.147591,1606.0,24 - Lakewood Mutuals,False,2.0,0.1148,1952.0,2.0,Lakewood,3.0,True,1.0,One,5000.0,False,2.0,Long Beach Unified,90712,0.0,5000.0,544.8318804483188,1.5,73.0,0,535.3333333333334,0.3212,13.681979165339751,13.671639520838347,13.698385020116822,889473.5235626637
True,False,2025-12-09,4350000.0,34.062625,-118.422882,4200.0,C05 - Westwood - Century City,True,2.0,0.1311,1925.0,6.0,Los Angeles,5.0,True,2.0,"ThreeOrMore,MultiSplit",5709.0,False,2.0,Los Angeles Unified,90024,390.0,5709.0,1035.7142857142858,0.8333333333333334,100.0,0,840.0,0.7356805044666316,15.285686403064867,14.982491872307424,15.430285068672193,5026754.316393155
True,False,2025-12-03,950000.0,34.078352,-117.876985,1768.0,614 - Covina,True,2.0,0.2101,1963.0,2.0,Covina,3.0,True,1.0,One,9152.0,False,2.0,Covina Valley Unified,91723,0.0,9152.0,537.3303167420814,1.5,62.0,0,589.3333333333334,0.19318181818181818,13.764217263576723,13.635187003832993,13.676431576573428,870159.2993524068
True,True,2025-12-29,2800000.0,33.491458,-117.709086,3411.0,LNSLT - Salt Creek,True,3.0,0.2238,1990.0,3.0,Laguna Niguel,5.0,True,2.0,Two,9749.0,False,3.0,Capistrano Unified,92677,220.0,9749.0,820.8736440926415,1.6666666666666667,35.0,0,682.2,0.349882039183506,14.845129975145433,14.349075668699754,14.609948485806681,2213196.6709083687
True,True,2025-12-05,575000.0,33.660006,-116.303948,1868.0,313 - La Quinta South of HWY 111,True,4.0,0.24,1971.0,2.0,La Quinta,4.0,True,1.0,One,10454.0,False,2.0,Desert Sands Unified,92253,0.0,10454.0,307.8158458244112,2.0,54.0,0,467.0,0.17868758370001914,13.262125319779487,13.545013310266594,13.52974461399932,751438.4740755779
False,False,2025-12-05,1050000.0,34.054254,-118.104962,1862.0,651 - Rosemead/S. San Gabriel,True,2.0,0.1629,1982.0,3.0,Rosemead,3.0,False,2.0,Two,7096.0,False,2.0,San Gabriel Unified,91770,0.0,7096.0,563.9097744360902,1.0,43.0,0,620.6666666666666,0.26240135287485905,13.864300722133706,13.726664413759128,13.722888067085625,911537.5490905113
False,False,2025-12-03,925000.0,33.732387,-117.880028,1669.0,699 - Not Defined,True,1.0,0.1542,1952.0,2.0,Santa Ana,3.0,False,2.0,Two,6717.0,False,1.0,Other,92707,0.0,6717.0,554.2240862792091,1.5,73.0,0,556.3333333333334,0.24847402114039005,13.737549016494562,13.695600261291716,13.73873579816706,926098.4247132962
False,False,2025-12-08,729000.0,34.064193,-117.78963799999998,1546.0,687 - Pomona,True,2.0,0.1366,1952.0,2.0,Pomona,3.0,False,1.0,One,5951.0,False,2.0,Pomona Unified,91768,0.0,5951.0,471.5394566623544,1.5,73.0,0,515.3333333333334,0.2597882708788439,13.499429010990795,13.373053959873324,13.380198026687996,647062.4082332967
False,False,2025-12-08,365000.0,33.727403,-117.204981,1008.0,SRCAR - Southwest Riverside County,True,2.0,0.11,1986.0,2.0,Menifee,2.0,True,1.0,One,4791.0,False,2.0,Perris Union High,92586,49.0,4791.0,362.1031746031746,1.0,39.0,0,504.0,0.21039448966812774,12.80765263256463,12.89921982609012,12.709363355831789,330831.1342770562
False,False,2025-12-01,1220000.0,34.140365,-117.657929,3656.0,690 - Upland,True,3.0,0.3684,1976.0,3.0,Upland,4.0,True,1.0,One,16046.0,False,3.0,Other,91784,0.0,16046.0,333.6980306345733,1.3333333333333333,49.0,0,914.0,0.22784494578087996,14.01436141670944,13.815510557964274,14.221133896750452,1500237.364795721
False,False,2025-12-01,705000.0,34.45949,-118.51031100000002,1690.0,COPN - Copper Hill North,True,2.0,0.0111,2001.0,3.0,Saugus,3.0,True,2.0,Two,485.671,False,2.0,William S. Hart Union,91350,115.0,485.67,417.1597633136095,1.0,24.0,0,563.3333333333334,3.4797290341178164,13.465953081794405,13.652991628466498,13.585831275155725,794788.463955882
True,False,2025-12-26,410000.0,34.494956,-117.300984,1196.0,VIC - Victorville,True,2.0,0.4132,1985.0,2.0,Victorville,3.0,False,1.0,One,18000.0,False,2.0,Victor Valley Unified,92395,0.0,18000.0,342.809364548495,1.5,40.0,0,398.6666666666667,0.06644444444444444,12.92391243868049,12.947950462906661,12.79796709110488,361481.842500423
False,False,2025-12-04,405000.0,34.021358,-117.04843,1008.0,269 - Yucaipa/Calimesa/Oak Glen,True,0.0,0.1818,1954.0,1.0,Yucaipa,3.0,False,1.0,One,7920.0,False,0.0,Yucaipa/Calimesa Unified,92399,0.0,7920.0,401.7857142857143,3.0,71.0,0,336.0,0.12727272727272726,12.911642346088676,13.274219822166483,13.147765735889054,512863.87388457946
True,True,2025-12-02,1450000.0,33.654810999999995,-117.691846,3123.0,LN - Lake Forest North,True,2.0,0.154,1982.0,3.0,Lake Forest,4.0,True,2.0,Two,6710.0,False,2.0,Saddleback Valley Unified,92630,140.0,6710.0,464.2971501761127,1.3333333333333333,43.0,0,780.75,0.465424739195231,14.187074114396758,14.077874822431765,14.341674737127699,1692427.9913422044
True,True,2025-12-16,2280000.0,33.737131,-118.331855,2871.0,167 - PV Dr East,True,3.0,0.4724,1978.0,3.0,Rancho Palos Verdes,4.0,True,2.0,Two,20576.0,False,3.0,Palos Verdes Peninsula Unified,90275,0.0,20576.0,794.1483803552769,1.3333333333333333,47.0,0,717.75,0.1395314930015552,14.639686000930624,14.438232971730155,14.558103268976044,2101376.7202717722
True,True,2025-12-04,458500.0,34.533689,-117.257746,2014.0,APPV - Apple Valley,True,2.0,0.6227,1982.0,2.0,Apple Valley,3.0,True,1.0,One,27125.0,False,2.0,Apple Valley Unified,92307,0.0,27125.0,227.65640516385304,1.5,43.0,0,671.3333333333334,0.07424884792626728,13.035715570678656,13.049792684569493,13.052866581210141,466431.56104603055
False,False,2025-12-26,602000.0,33.947734000000004,-118.263556,820.0,WATT - Watts,True,2.0,0.1102,1941.0,1.0,Los Angeles,2.0,False,1.0,One,4801.0,False,2.0,Los Angeles Unified,90002,0.0,4801.0,734.1463414634146,2.0,84.0,0,410.0,0.17079775046865237,13.308012724290958,13.287734158360443,13.066510509659548,472839.132715414
False,False,2025-12-16,778000.0,33.982227,-118.322732,1091.0,699 - Not Defined,False,2.0,0.1102,1936.0,2.0,Los Angeles,3.0,False,1.0,One,4800.0,False,2.0,Los Angeles Unified,90043,0.0,4800.0,713.1072410632447,1.5,89.0,0,363.6666666666667,0.22729166666666667,13.564481803160529,13.652991628466498,13.569473128303361,781892.9583894596
True,False,2025-12-12,1265000.0,33.971903999999995,-118.390468,1664.0,C29 - Westchester,True,4.0,0.1518,1948.0,2.0,Los Angeles,3.0,True,1.0,One,6612.0,False,2.0,Los Angeles Unified,90045,0.0,6612.0,760.2163461538462,1.5,77.0,0,554.6666666666666,0.2516636418632789,14.050582680143757,14.331323723241304,14.262937463023402,1564281.95664432
False,False,2025-12-08,945000.0,33.865790999999994,-118.311663,1640.0,133 - N Torrance - East,True,2.0,0.1151,1966.0,2.0,Torrance,3.0,True,1.0,One,5012.0,False,2.0,Torrance Unified,90504,0.0,5012.0,576.219512195122,1.5,59.0,0,546.6666666666666,0.3272146847565842,13.758940206475879,13.822979494146377,13.785732699064617,970661.1333330538
True,False,2025-12-17,312000.0,37.30604,-120.462029,1280.0,92118 - Coronado,True,2.0,0.15,1961.0,2.0,Merced,3.0,True,1.0,One,6534.0,False,2.0,Merced Union,95340,0.0,6534.0,243.75,1.5,64.0,0,426.6666666666667,0.19589837771655955,12.65075846679162,12.934827526010142,12.786336602576245,357301.9860807029
False,False,2025-12-08,457000.0,34.4981,-117.393924,2590.0,VIC - Victorville,True,3.0,0.1893,2009.0,3.0,Victorville,3.0,True,1.0,"One,Two",8247.0,False,3.0,Victor Valley Unified,92392,0.0,8247.0,176.44787644787644,1.0,16.0,0,863.3333333333334,0.3140535952467564,13.032438669876342,13.01477816672439,13.162653184956557,520556.22636371874
False,False,2025-12-22,600000.0,33.562445000000004,-117.168911,1300.0,SRCAR - Southwest Riverside County,True,2.0,0.17,1988.0,2.0,Murrieta,3.0,True,1.0,One,7405.0,False,2.0,Murrieta,92563,0.0,7405.0,461.5384615384616,1.5,37.0,0,433.3333333333333,0.17555705604321403,13.304684934198283,13.458835614025542,13.319733247677823,609097.2656668499
True,False,2025-12-03,958000.0,34.022434000000004,-117.802329,1667.0,616 - Diamond Bar,True,2.0,0.3002,1963.0,2.0,Diamond Bar,3.0,True,1.0,One,13077.0,False,2.0,Pomona Unified,91765,0.0,13077.0,574.6850629874025,1.5,62.0,0,555.6666666666666,0.12747572073105454,13.772603056952997,13.957010120237973,13.877488592956107,1063938.9750431008
True,True,2025-12-01,825000.0,33.854318,-117.555168,1496.0,248 - Corona,True,3.0,0.23,1984.0,2.0,Corona,3.0,True,1.0,One,10019.0,False,3.0,Corona-Norco Unified,92879,0.0,10019.0,551.4705882352941,1.5,41.0,0,498.6666666666667,0.14931629903183952,13.623138665316818,13.500799813124575,13.418202331207866,672126.8262305537
True,False,2025-12-10,450000.0,37.78355647,-122.21696221,666.0,79 - Anaheim West of Harbor,True,3.0,0.0644,1922.0,3.0,Oakland,2.0,False,2.0,Two,2805.0,False,2.0,Chico Unified,94601,69.0,2805.0,675.6756756756756,0.6666666666666666,103.0,0,333.0,0.2374331550802139,13.017002861746503,13.269057756555132,13.094778885627905,486396.2430578989
False,False,2025-12-18,1508486.0,33.922085,-117.66494,3923.0,682 - Chino Hills,True,5.0,0.1681,2025.0,6.0,Chino Hills,5.0,False,2.0,Two,7323.0,True,3.0,Chino Valley Unified,91709,595.0,7323.0,384.5235788937038,0.8333333333333334,0.0,0,784.6,0.5357094087122763,14.226617056795726,13.901688254205327,14.448681163901439,1883573.190064195
False,False,2025-12-11,928000.0,33.823457,-118.131526,1845.0,31 - South of Conant,False,2.0,0.1346,1947.0,2.0,Long Beach,4.0,False,2.0,Two,5863.0,False,2.0,Long Beach Unified,90808,0.0,5863.0,502.9810298102981,2.0,78.0,0,461.25,0.3146853146853147,13.740787011768338,13.869051324892304,13.936129277230693,1128194.671459315
True,False,2025-12-19,1110000.0,33.964779,-117.698388,3384.0,682 - Chino Hills,True,4.0,0.1301,1999.0,3.0,Chino Hills,5.0,True,2.0,Two,5665.0,False,2.0,Chino Valley Unified,91709,91.0,5665.0,328.01418439716315,1.6666666666666667,26.0,0,676.8,0.5973521624007061,13.919870573288517,13.901688254205327,14.144161915011704,1389093.473504319
False,False,2025-12-08,885000.0,33.904095,-118.115744,1552.0,699 - Not Defined,False,2.0,0.1448,1962.0,2.0,Bellflower,3.0,True,1.0,One,6307.0,False,2.0,Bellflower Unified,90706,0.0,6307.0,570.2319587628866,1.5,63.0,0,517.3333333333334,0.24607578880608846,13.693342923990066,13.586096602527896,13.551108437996971,767664.7842445686
True,False,2025-12-19,975000.0,34.914105,-120.384591,1184.0,SMRU - SM Rural,True,0.0,2.0,1963.0,2.0,Santa Maria,3.0,True,1.0,One,87120.0,False,0.0,Santa Maria Joint Union,93454,0.0,87120.0,823.4797297297297,1.5,62.0,0,394.6666666666667,0.013590449954086318,13.790192749979985,13.422467969854667,13.4172619668919,671495.0792300848
True,False,2025-12-26,878888.0,33.79785,-116.488868,1702.0,334 - South End Palm Springs,True,4.0,0.24,1965.0,2.0,Palm Springs,3.0,True,1.0,One,10454.0,False,2.0,Other,92264,154.0,10454.0,516.385428907168,1.5,60.0,0,567.3333333333334,0.16280849435622727,13.686412751029103,14.077874822431765,14.005205878849509,1208881.220681542
True,False,2025-12-18,5030000.0,34.066269,-118.436649,3871.0,C05 - Westwood - Century City,False,5.0,0.2128,1930.0,6.0,Los Angeles,5.0,True,2.0,Two,9268.0,False,2.0,San Jose Unified,90024,0.0,9268.0,1299.405838284681,0.8333333333333334,95.0,0,774.2,0.4176737160120846,15.430930542075922,14.982491872307424,15.394280773166054,4848988.930126596
False,False,2025-12-26,1400000.0,33.520039000000004,-117.574854,2461.0,RIEN - Rienda,True,4.0,0.0825,2025.0,3.0,Rancho Mission Viejo,3.0,False,2.0,Two,3592.0,True,2.0,Capistrano Unified,92694,246.0,3592.0,568.8744412840309,1.0,0.0,0,820.3333333333334,0.6851336302895323,14.151982794585487,14.232573444874031,14.353282475334879,1712187.713372832
False,False,2025-12-22,1220000.0,33.870927,-117.808948,2007.0,77 - Anaheim Hills,True,6.0,0.1607,1971.0,3.0,Anaheim,4.0,True,2.0,Two,7000.0,False,2.0,Placentia-Yorba Linda Unified,92807,0.0,7000.0,607.8724464374689,1.3333333333333333,54.0,0,501.75,0.2867142857142857,14.01436141670944,13.997832114758229,14.028199227141815,1236999.475224126
False,True,2025-12-05,939000.0,32.72318855,-117.05738401,1751.0,92114 - Encanto,True,6.0,0.2462,1960.0,3.0,San Diego,4.0,False,1.0,MultiSplit,10724.0,False,1.0,San Bernardino City Unified,92114,0.0,10724.0,536.2649914334665,1.3333333333333333,65.0,0,437.75,0.1632786273778441,13.7525707581904,13.547631112808673,13.60992713061517,814172.1675080557
True,False,2025-12-19,455000.0,34.68189,-118.112812,2016.0,LAC - Lancaster,True,2.0,0.19,1986.0,3.0,Lancaster,5.0,True,2.0,Two,8276.0,False,2.0,Antelope Valley Union,93535,0.0,8276.0,225.69444444444449,1.6666666666666667,39.0,0,403.2,0.24359594006766555,13.028052697933088,12.994530005894443,13.05784552254276,468759.687416977
True,False,2025-12-11,948000.0,34.115174,-117.85892,1600.0,629 - Glendora,True,2.0,0.1735,1964.0,2.0,Glendora,4.0,True,2.0,Two,7559.0,False,2.0,Charter Oak Unified,91740,0.0,7559.0,592.5,2.0,61.0,0,400.0,0.2116682100806985,13.762109781237159,13.635169075296139,13.56678037400802,779790.3449484383
True,False,2025-12-12,405000.0,35.304339,-119.064545,1508.0,BKSF - Bakersfield,True,2.0,0.15,1996.0,2.0,Bakersfield,3.0,True,1.0,One,6534.0,False,2.0,Other,93313,0.0,6534.0,268.56763925729445,1.5,29.0,0,502.6666666666667,0.2307927762473217,12.911642346088676,12.976170150376143,12.935229814246188,414666.48032920755
True,False,2025-12-08,2000000.0,33.585286,-117.598327,3195.0,WW - Wagon Wheel,True,3.0,0.4039,1998.0,3.0,Trabuco Canyon,5.0,True,2.0,Two,17594.0,False,3.0,Capistrano Unified,92679,223.0,17594.0,625.9780907668231,1.6666666666666667,27.0,0,639.0,0.1815959986358986,14.508657738524219,14.357834848789636,14.550599047526639,2085666.5440591865
True,False,2025-12-16,490000.0,34.466791,-117.284656,1500.0,HSP - Hesperia,True,2.0,0.72,2005.0,2.0,Hesperia,4.0,False,1.0,One,0.72,False,2.0,Hesperia Unified,92345,0.0,31363.2,326.6666666666667,2.0,20.0,0,375.0,0.04782675237220692,13.102160670086809,13.064514272196533,12.988220065616867,437232.36725936644
True,True,2025-12-23,855000.0,33.7259,-116.261378,2672.0,699 - Not Defined,True,4.0,0.17,1998.0,2.0,Indio,3.0,False,1.0,One,7405.0,False,2.0,Victor Valley Union High,92201,600.0,7405.0,319.9850299401198,1.5,27.0,0,890.6666666666666,0.36083727211343686,13.658856747918897,13.235692062711331,13.339524448961798,621272.1122768952
True,True,2025-12-19,875000.0,34.257698,-118.482433,1448.0,GH - Granada Hills,False,2.0,0.168,1953.0,2.0,Granada Hills,3.0,False,1.0,One,7319.0,False,2.0,Los Angeles Unified,91344,0.0,7319.0,604.2817679558011,1.5,72.0,0,482.6666666666667,0.19784123514141277,13.681979165339751,13.892471599100402,13.770619287737471,956101.4328736607
True,False,2025-12-03,1050000.0,35.321324,-119.144508,3220.0,LNSMT - Summit,True,0.0,0.27,2019.0,4.0,Bakersfield,4.0,True,2.0,Two,11761.0,False,2.0,Los Angeles Unified,93311,167.0,11761.0,326.0869565217391,1.0,6.0,0,805.0,0.2737862426664399,13.864300722133706,13.112313041550827,13.487760388718028,720543.0110242381
True,True,2025-12-12,3275000.0,34.094128000000005,-118.384605,2944.0,C03 - Sunset Strip - Hollywood Hills West,True,3.0,0.2029,1931.0,4.0,Los Angeles,3.0,True,1.0,MultiSplit,8839.0,False,2.0,Los Angeles Unified,90069,0.0,8839.0,1112.4320652173913,0.75,94.0,0,981.3333333333334,0.3330693517366218,15.001828427051489,14.827111469642754,15.086957313717058,3566007.97469692
True,False,2025-12-18,900000.0,37.69464179,-122.09941961,1950.0,LAC - Lancaster,True,2.0,0.1274,1978.0,2.0,Castro Valley,3.0,True,1.0,MultiSplit,5550.0,False,2.0,Other,94546,150.0,5550.0,461.5384615384616,1.5,47.0,0,650.0,0.35135135135135137,13.710150042306449,13.885500212990994,13.924466163175046,1115112.844042868
True,False,2025-12-10,1225000.0,37.73523045,-122.23494102,2611.0,272 - Rialto,False,6.0,0.1263,1922.0,4.0,Alameda,4.0,True,2.0,Two,5500.0,False,0.0,Lowell Joint Unified,94502,0.0,5500.0,469.1689008042896,1.0,103.0,0,652.75,0.4747272727272727,14.018451401960965,14.190510554040639,14.547357829389503,2078917.3874815207
True,True,2025-12-01,1222000.0,33.820301,-117.545452,3486.0,248 - Corona,True,3.0,0.24,2003.0,3.0,Corona,5.0,True,2.0,Two,10454.0,False,3.0,Corona-Norco Unified,92881,70.0,10454.0,350.54503729202526,1.6666666666666667,22.0,0,697.2,0.33346087621962883,14.015999418713678,13.6909268947726,13.90373795169552,1092236.4615160932
True,False,2025-12-02,1525000.0,33.54627,-117.697152,1787.0,LNLAK - Lake Area,True,4.0,0.1263,1989.0,2.0,Laguna Niguel,3.0,True,1.0,One,5500.0,False,2.0,Capistrano Unified,92677,38.0,5500.0,853.3855623950756,1.5,36.0,0,595.6666666666666,0.3249090909090909,14.237504968023648,14.349075668699754,14.250450455717255,1544870.2059902975
False,False,2025-12-18,670000.0,34.49065,-118.62298,1286.0,PRKR - Parker Road,True,2.0,0.163,1967.0,2.0,Castaic,3.0,True,1.0,One,7101.0,False,2.0,William S. Hart Union,91384,0.0,7101.0,520.99533437014,1.5,58.0,0,428.6666666666667,0.18110125334459934,13.415032991367148,13.602317337503232,13.520684795570332,744661.3241695224
False,False,2025-12-15,955000.0,33.955721000000004,-117.577274,3149.0,249 - Eastvale,True,3.0,0.17,2001.0,4.0,Eastvale,5.0,True,2.0,Two,7405.0,False,3.0,Corona-Norco Unified,92880,0.0,7405.0,303.2708796443316,1.25,24.0,0,629.8,0.42525320729237004,13.769466619462868,13.764217263576723,13.950676547810922,1144726.7816050027
False,False,2025-12-18,686000.0,33.970422,-118.057116,802.0,670 - Whittier,True,1.0,0.1217,1950.0,1.0,Whittier,2.0,False,1.0,One,5302.0,False,1.0,Whittier Union High,90606,0.0,5302.0,855.3615960099751,2.0,75.0,0,401.0,0.15126367408525085,13.438632906708023,13.595482281525381,13.352932939122507,629658.5322488319
True,False,2025-12-03,1270000.0,34.202690000000004,-118.846059,2099.0,TOE - Thousand Oaks East,True,2.0,0.37,1959.0,3.0,Thousand Oaks,4.0,True,2.0,Two,16117.0,False,2.0,Palos Verdes Peninsula Unified,91362,184.0,16117.0,605.0500238208671,1.3333333333333333,66.0,0,524.75,0.13023515542594777,14.054527458434775,14.119312012295937,14.154451020848798,1403459.784778005
False,False,2025-12-15,785000.0,33.79652,-117.834403,1643.0,"75 - Orange, Orange Park Acres E of 55",True,2.0,0.1597,1960.0,2.0,Orange,3.0,True,1.0,One,6955.0,False,2.0,Orange Unified,92867,0.0,6955.0,477.7845404747413,1.5,65.0,0,547.6666666666666,0.23623292595255213,13.573438996764546,14.026983356405268,13.972410107954692,1169878.0937328364
True,False,2025-12-05,959000.0,33.198111,-117.300386,1595.0,92056 - Oceanside,True,2.0,0.1757,1988.0,2.0,Oceanside,3.0,True,1.0,One,7655.0,False,2.0,Oceanside Unified,92056,0.0,7655.0,601.2539184952979,1.5,37.0,0,531.6666666666666,0.20836054866100587,13.773646353865574,13.732128949025222,13.649630589908277,847147.9128977743
True,True,2025-12-17,1275000.0,33.857534,-116.542828,1494.0,331 - North End Palm Springs,False,2.0,0.26,1959.0,3.0,Palm Springs,3.0,False,1.0,One,11326.0,False,2.0,Antelope Valley Union,92262,0.0,11326.0,853.4136546184739,1.0,66.0,0,498.0,0.1319088822179057,14.058456736574664,13.737549016494562,13.722443661770585,911132.5469580526
True,False,2025-12-23,1210000.0,34.146109,-118.591,2940.0,WHLL - Woodland Hills,True,2.0,0.1414,1983.0,3.0,Woodland Hills,3.0,True,2.0,Two,6160.0,False,2.0,Los Angeles Unified,91364,0.0,6160.0,411.5646258503401,1.0,42.0,0,980.0,0.4772727272727273,14.006130917572923,14.15910026235435,14.245637011866934,1537451.9280528731
True,False,2025-12-04,1020000.0,37.94515077,-121.9362342,1886.0,92078 - San Marcos,True,2.0,0.0987,1996.0,3.0,Clayton,4.0,True,2.0,Two,4300.0,False,2.0,Redlands Unified,94517,195.0,4300.0,540.8271474019087,1.3333333333333333,29.0,0,471.5,0.4386046511627907,13.835313185260453,13.946538820370678,13.857108097888805,1042474.8398097629
True,False,2025-12-24,770000.0,33.767599,-117.496899,2216.0,248 - Corona,True,3.0,0.12,2002.0,3.0,Corona,2.0,True,1.0,One,5227.0,False,3.0,Corona-Norco Unified,92883,359.0,5227.0,347.47292418772565,0.6666666666666666,23.0,0,1108.0,0.42395255404629806,13.554145793829866,13.547957803444275,13.536756014696286,756725.6238195807
True,True,2025-12-09,590000.0,33.757512,-117.014689,2561.0,SRCAR - Southwest Riverside County,True,3.0,0.25,1996.0,3.0,Hemet,5.0,True,2.0,Two,10890.0,False,3.0,Hemet Unified,92545,0.0,10890.0,230.37875829754003,1.6666666666666667,29.0,0,512.2,0.2351698806244261,13.287877815881902,12.990536830078119,13.199045126433303,539849.203321278
False,False,2025-12-12,500000.0,34.70329,-118.10229,2160.0,LAC - Lancaster,True,3.0,0.13,1990.0,3.0,Lancaster,4.0,True,2.0,Two,0.13,False,3.0,Antioch,93535,0.0,5662.8,231.4814814814815,1.3333333333333333,35.0,0,540.0,0.3814367450731087,13.122363377404328,12.994530005894443,13.036970027706056,459075.52946007653
False,False,2025-12-01,1490000.0,33.752144,-117.800941,2136.0,71 - Tustin,True,5.0,0.2296,1959.0,2.0,Tustin,4.0,True,1.0,One,10000.0,False,2.0,Tustin Unified,92780,0.0,10000.0,697.5655430711611,2.0,66.0,0,534.0,0.2136,14.214286677921642,14.077874822431765,14.113486508553857,1347129.3898223974
True,False,2025-12-02,430000.0,34.242965000000005,-116.870681,988.0,289 - Big Bear Area,True,0.0,0.0934,1985.0,2.0,Big Bear Lake,2.0,True,2.0,Two,4070.0,False,0.0,Bear Valley Unified,92315,0.0,4070.0,435.2226720647773,1.0,40.0,0,494.0,0.24275184275184275,12.971540487669746,13.398478813484644,13.096832446446163,487396.1136209156
True,False,2025-12-22,324500.0,39.536664,-121.578625,1316.0,656 - Sierra Madre,False,2.0,2.0,1945.0,2.0,Oroville,2.0,True,1.0,One,87120.0,False,2.0,Thermalito Union,95965,0.0,87120.0,246.580547112462,1.0,80.0,0,658.0,0.015105601469237832,12.690040815126281,12.732278280413873,12.651529678590576,312240.71088888263
False,False,2025-12-22,449999.0,33.773567,-116.936651,1397.0,SRCAR - Southwest Riverside County,True,2.0,0.19,2000.0,2.0,San Jacinto,3.0,True,1.0,One,8276.0,False,2.0,San Jacinto Unified,92583,0.0,8276.0,322.11811023622045,1.5,25.0,0,465.6666666666667,0.16880135331077814,13.017000639521811,13.064725287181727,12.996176835075994,440725.20181774173
False,False,2025-12-30,352000.0,37.30429,-120.453446,1364.0,SRCAR - Southwest Riverside County,True,2.0,0.1997,1955.0,2.0,Merced,3.0,True,1.0,One,8700.0,False,2.0,Merced City,95340,0.0,8700.0,258.06451612903226,1.5,70.0,0,454.6666666666667,0.1567816091954023,12.771386454580234,12.934827526010142,12.833635605381232,374608.0676182329
True,True,2025-12-22,700000.0,33.499417,-117.11239,1946.0,SRCAR - Southwest Riverside County,True,3.0,0.18,1994.0,3.0,Temecula,4.0,True,2.0,Two,7841.0,False,3.0,Temecula Unified,92592,130.0,7841.0,359.71223021582733,1.3333333333333333,31.0,0,486.5,0.2481826297666114,13.458835614025542,13.580420735596498,13.561488360329173,775674.5837140074
True,True,2025-12-10,872368.0,33.212181,-117.258268,1260.0,92083 - Vista,True,10.0,0.27,1975.0,2.0,Vista,3.0,False,1.0,One,11762.0,False,4.0,Vista Unified,92083,0.0,11762.0,692.3555555555556,1.5,50.0,0,420.0,0.10712463866689338,13.678966632215044,13.614617615584883,13.470745701175366,708386.9062569862
False,False,2025-12-10,678000.0,33.675513,-117.156291,2650.0,SRCAR - Southwest Riverside County,True,3.0,0.3,1990.0,3.0,Menifee,5.0,True,2.0,Two,13068.0,False,3.0,Menifee Union,92584,100.0,13068.0,255.8490566037736,1.6666666666666667,35.0,0,530.0,0.20278543005815733,13.426902566922532,13.353475098367715,13.524648801119339,747619.0240871593
False,False,2025-12-09,600000.0,32.83574135,-116.722164,856.0,91901 - Alpine,True,3.0,0.1007,1952.0,1.0,Alpine,2.0,True,1.0,One,4386.0,False,1.0,Paso Robles Joint Unified,91901,20.0,4386.0,700.9345794392524,2.0,73.0,0,428.0,0.19516643866849065,13.304684934198283,13.764217263576723,13.466677635077186,705510.9951636168
True,False,2025-12-01,1450000.0,33.236805,-117.206219,2746.0,92084 - Vista,True,9.0,1.12,1978.0,4.0,Vista,4.0,True,2.0,Two,1.12,False,3.0,Vista Unified,92084,0.0,48787.2,528.040786598689,1.0,47.0,0,686.5,0.056285255148891516,14.187074114396758,13.773646353865574,14.105104267002478,1335884.6199046643
False,False,2025-12-30,589000.0,33.689961,-117.180496,1582.0,SRCAR - Southwest Riverside County,True,2.0,0.17,1988.0,2.0,Menifee,4.0,True,1.0,One,7405.0,False,2.0,Menifee Union,92586,0.0,7405.0,372.3135271807838,2.0,37.0,0,395.5,0.21363943281566508,13.286181462633724,12.89921982609012,12.970919234103016,429732.94392966403
True,True,2025-12-23,785000.0,33.787953,-117.496768,1952.0,248 - Corona,True,3.0,0.21,1997.0,3.0,Corona,4.0,True,2.0,Two,9148.0,False,3.0,Corona-Norco Unified,92883,76.0,9148.0,402.1516393442623,1.3333333333333333,28.0,0,488.0,0.2133799737647573,13.573438996764546,13.547957803444275,13.56541145388297,778723.6045596952
False,False,2025-12-12,1290000.0,32.97057579,-117.09850145,2278.0,92129 - Rancho Penasquitos,True,4.0,0.17,1985.0,3.0,San Diego,4.0,False,2.0,Two,2240.0,False,2.0,Morongo Unified,92129,0.0,6753.0,566.2862159789289,1.3333333333333333,40.0,0,569.5,0.337331556345328,14.070152776337855,14.162640089059476,14.160319411041893,1411720.0479334793
True,False,2025-12-10,1145000.0,33.800846,-118.115287,1300.0,"34 - Los Altos, X-100",False,2.0,0.1369,1955.0,2.0,Long Beach,4.0,True,1.0,One,5964.0,False,2.0,Long Beach Unified,90815,0.0,5964.0,880.7692307692307,2.0,70.0,0,325.0,0.21797451374916163,13.950915194970477,13.937728190688523,13.796763058784542,981427.1421175966
False,False,2025-12-29,710000.0,34.415240000000004,-118.482095,1734.0,RBGL - Rainbow Glen,True,2.0,1.7598,2015.0,3.0,Canyon Country,3.0,False,2.0,Two,76656.0,False,2.0,See Remarks,91351,240.0,76656.0,409.4579008073818,1.0,10.0,0,578.0,0.022620538509705697,13.473020249017498,13.527828485512494,13.561791440837414,775909.7111905465
True,False,2025-12-05,5287100.0,34.140986,-118.397346,4664.0,STUD - Studio City,True,4.0,0.1748,2024.0,7.0,Studio City,6.0,False,2.0,Two,7614.0,False,2.0,Other,91604,0.0,7614.0,1133.5977701543738,0.8571428571428571,1.0,0,777.3333333333334,0.612555818229577,15.480780449356853,14.603967918328545,15.340323490021394,4594284.045649107
False,False,2025-12-19,1035000.0,32.63995452,-116.94871229,2648.0,91915 - Chula Vista,True,4.0,0.1101,2002.0,3.0,Chula Vista,4.0,False,2.0,Two,7600.0,False,2.0,Fullerton Joint Union High,91915,123.0,21280.0,390.8610271903323,1.3333333333333333,23.0,0,662.0,0.12443609022556391,13.849911984681606,13.72940414664144,14.013683180887805,1219172.8328365143
False,False,2025-12-16,1020000.0,33.709681,-117.985977,1232.0,699 - Not Defined,True,2.0,0.1377,1963.0,2.0,Huntington Beach,3.0,True,1.0,One,6000.0,False,2.0,Huntington Beach Union High,92647,0.0,6000.0,827.922077922078,1.5,62.0,0,410.6666666666667,0.20533333333333334,13.835313185260453,14.080942316715522,13.865923645446122,1051705.4530134336
False,False,2025-12-29,542990.0,33.748540000000006,-117.131839,2095.0,SRCAR - Southwest Riverside County,True,2.0,0.1095,2025.0,3.0,Homeland,4.0,False,2.0,Two,4770.0,True,2.0,Perris Union High,92548,0.0,4770.0,259.1837708830549,1.3333333333333333,0.0,0,523.75,0.4392033542976939,13.20484618254023,13.21676363885016,13.272795568211901,581168.2426662067
True,False,2025-12-17,899000.0,34.045132,-117.854714,1255.0,668 - Walnut,True,2.0,0.1653,1962.0,2.0,Walnut,3.0,True,1.0,One,7201.0,False,2.0,Walnut Valley Unified,91789,0.0,7201.0,716.3346613545817,1.5,63.0,0,418.3333333333333,0.17428134981252605,13.709038313453757,13.963930563082547,13.788417887285107,973271.0436564229
False,False,2025-12-19,1020000.0,32.821996,-117.166315,1196.0,92117 - Clairemont Mesa,True,2.0,0.1309,1965.0,2.0,San Diego,3.0,True,1.0,One,5700.0,False,2.0,San Diego Unified,92117,0.0,5700.0,852.8428093645485,1.5,60.0,0,398.6666666666667,0.20982456140350877,13.835313185260453,13.964016766263498,13.764979493403867,950724.3943782151
False,False,2025-12-11,510000.0,33.56946772,-117.14493875,1458.0,SRCAR - Southwest Riverside County,True,4.0,0.1225,1991.0,3.0,Murrieta,3.0,False,2.0,Two,5336.0,False,2.0,Palo Verde Unified,92563,0.0,5336.0,349.7942386831276,1.0,34.0,0,486.0,0.2732383808095952,13.142166004700508,13.458835614025542,13.347732962168699,626392.820563788
True,False,2025-12-11,1500000.0,37.6589183,-121.78197853,2291.0,LCHVL - Hidden Valley Lake,True,2.0,0.1915,1971.0,3.0,Livermore,4.0,True,1.0,"Two,One",8343.0,False,2.0,Corona-Norco Unified,94550,0.0,8343.0,654.7359231776517,1.3333333333333333,54.0,0,572.75,0.2746014623037277,14.22097566607244,14.077490059042251,14.178222909531677,1437222.385010111
True,True,2025-12-19,870000.0,34.132523,-117.841234,1315.0,629 - Glendora,False,2.0,0.1961,1947.0,2.0,Glendora,3.0,True,1.0,One,8541.0,False,1.0,Glendora Unified,91741,0.0,8541.0,661.5969581749049,1.5,78.0,0,438.3333333333333,0.15396323615501697,13.676248490630767,13.868095806767045,13.818474588615222,1002968.4277330871
True,False,2025-12-11,429000.0,33.31700009,-117.1619784,1626.0,92028 - Fallbrook,True,4.0,0.266,1996.0,2.0,Fallbrook,2.0,True,1.0,One,10019.0,False,0.0,Santa Ana Unified,92028,354.0,4292.0,263.8376383763838,1.0,29.0,0,813.0,0.3788443616029823,12.969212197910155,13.681979165339751,13.490706186761546,722668.7146259501
True,True,2025-12-23,2999000.0,34.126064,-118.364057,3748.0,C03 - Sunset Strip - Hollywood Hills West,False,2.0,0.2781,1963.0,4.0,Los Angeles,4.0,True,2.0,Two,12115.0,False,0.0,Oceanside Unified,90046,0.0,12115.0,800.1600853788688,1.0,62.0,0,937.0,0.30936855138258357,14.913789457731147,14.637490610367188,14.885973096568604,2916728.287451098
False,True,2025-12-18,1950000.0,34.154807,-118.371289,2242.0,TUL - Toluca Lake,True,0.0,0.1896,1931.0,5.0,North Hollywood,3.0,True,1.0,One,8261.0,False,2.0,Etiwanda,91602,0.0,8261.0,869.7591436217663,0.6,94.0,0,747.3333333333334,0.2713957148045031,14.48333993053993,14.48333993053993,14.651329323414542,2306701.923156935
True,False,2025-12-11,1050000.0,33.777997,-118.01277,1430.0,47 - Garden Park,True,2.0,0.1377,1962.0,2.0,Garden Grove,4.0,True,1.0,One,6000.0,False,2.0,Garden Grove Unified,92845,0.0,6000.0,734.2657342657343,2.0,63.0,0,357.5,0.23833333333333334,13.864300722133706,13.955272500339433,13.801134010560787,985726.3016925843
True,False,2025-12-17,375000.0,34.238883,-116.964763,1151.0,289 - Big Bear Area,True,0.0,2.3918,1920.0,2.0,Big Bear Lake,3.0,True,2.0,Two,104187.0,False,0.0,Bear Valley Unified,92315,0.0,104187.0,325.8036490008688,1.5,105.0,0,383.6666666666667,0.011047443539021182,12.834681304952548,13.398478813484644,13.50195145349273,730841.1817452111
True,False,2025-12-17,1030000.0,32.800587,-117.016904,1579.0,92119 - San Carlos,False,5.0,0.14,1960.0,3.0,San Diego,4.0,False,1.0,One,0.14,False,0.0,Grossmont Union,92119,0.0,6098.4,652.3115896136795,1.3333333333333333,65.0,0,394.75,0.2589203725567362,13.845069360205818,13.8878312195439,13.798805415668323,983433.6148664915
True,False,2025-12-23,775000.0,32.645076,-117.088339,1666.0,91910 - Chula Vista,True,0.0,0.1377,1942.0,2.0,Chula Vista,4.0,True,1.0,One,5998.0,True,0.0,Sweetwater Union,91910,0.0,5998.0,465.1860744297719,2.0,83.0,0,416.5,0.27775925308436145,13.560618308335483,13.710150042306449,13.745402947123948,932293.4896218828
True,True,2025-12-10,1285000.0,32.768275,-116.961179,2524.0,92020 - El Cajon,True,5.0,0.2617,1974.0,3.0,El Cajon,4.0,True,1.0,One,11400.0,False,2.0,Grossmont Union,92020,0.0,11400.0,509.1125198098257,1.3333333333333333,51.0,0,631.0,0.22140350877192982,14.066269276311457,13.7694117933985,13.954369047323603,1148961.498221215
True,False,2025-12-11,705000.0,37.76536739,-121.54866477,2009.0,289 - Big Bear Area,True,2.0,0.1065,2017.0,3.0,Mountain House,3.0,False,2.0,Two,4640.0,False,2.0,Riverside Unified,95391,122.0,4640.0,350.92085614733696,1.0,8.0,0,669.6666666666666,0.4329741379310345,13.465953081794405,13.827930029637734,13.797596763519554,982245.7037449888
False,False,2025-12-11,440000.0,33.609184,-116.233793,1580.0,313 - La Quinta South of HWY 111,True,2.0,0.16,2004.0,2.0,La Quinta,2.0,True,1.0,One,6970.0,False,2.0,Chaffey Joint Union High,92253,595.0,6970.0,278.4810126582278,1.0,21.0,0,790.0,0.2266857962697274,12.994530005894443,13.545013310266594,13.288119592207169,590142.6652777556
True,False,2025-12-01,1198500.0,34.450433000000004,-119.275806,1456.0,VC11 - Ojai,False,3.0,0.19,1945.0,2.0,Ojai,3.0,False,1.0,One,8276.0,False,2.0,Los Angeles Unified,93023,130.8,8276.0,823.1456043956044,1.5,80.0,0,485.3333333333333,0.17593040115998065,13.996581332856577,13.983564142960525,13.911357292745864,1100590.3688434984
True,False,2025-12-02,740000.0,34.427344,-118.429256,1479.0,CAN2 - Canyon Country 2,True,2.0,0.1874,1969.0,2.0,Canyon Country,3.0,True,1.0,One,8162.0,False,2.0,William S. Hart Union,91387,65.0,8162.0,500.3380662609872,1.5,56.0,0,493.0,0.18120558686596422,13.514405465180353,13.737549016494562,13.664690114310801,860002.1036323279
True,False,2025-12-10,590000.0,33.996388,-117.352558,2024.0,252 - Riverside,True,2.0,0.09,2007.0,3.0,Riverside,3.0,True,2.0,Two,3920.0,False,2.0,Riverside Unified,92507,197.95,3920.0,291.501976284585,1.0,18.0,0,674.6666666666666,0.5163265306122449,13.287877815881902,13.38472764187182,13.311848147887455,604313.3585241436
False,True,2025-12-22,535000.0,34.07723,-117.387819,1314.0,265 - Bloomington,True,2.0,0.1892,1983.0,2.0,Bloomington,4.0,True,1.0,One,8240.0,False,2.0,Colton Unified,92316,0.0,8240.0,407.15372907153727,2.0,42.0,0,328.5,0.15946601941747574,13.190022025878143,13.208541073645382,13.096652297553868,487308.3176593483
True,False,2025-12-03,705000.0,32.757699,-117.063359,1248.0,92115 - San Diego,False,5.0,0.1745,1956.0,2.0,San Diego,3.0,True,1.0,One,7600.0,False,0.0,San Diego Unified,92115,0.0,7600.0,564.9038461538462,1.5,69.0,0,416.0,0.16421052631578947,13.465953081794405,13.748301808270824,13.63609210806023,835756.1041546596
False,False,2025-12-22,684906.0,33.690671,-116.214028,2480.0,314 - Indio South of East Valley,True,2.0,0.1387,2025.0,4.0,Indio,4.0,False,2.0,Two,6042.0,True,2.0,Coachella Valley Unified,92201,175.0,6042.0,276.1717741935484,1.0,0.0,0,620.0,0.41046011254551473,13.437036881550602,13.235692062711331,13.435010527859523,683519.5433989947
False,False,2025-12-19,390000.0,33.776072,-116.295953,1647.0,307 - Sun City,True,4.0,0.13,1992.0,2.0,Palm Desert,2.0,False,1.0,One,5663.0,False,2.0,Bass Lake Joint Union,92211,398.0,5663.0,236.79417122040076,1.0,33.0,0,823.5,0.2908352463358644,12.873902018105829,13.226723392728571,13.028164625472604,455050.92988065485
True,False,2025-12-30,2880000.0,36.96701785,-121.90003264,1633.0,699 - Not Defined,True,2.0,0.136,1978.0,3.0,Aptos,3.0,True,1.0,One,5924.0,False,1.0,Other,95003,0.0,5924.0,1763.6252296387015,1.0,47.0,0,544.3333333333334,0.27565833896016206,14.873300852112129,14.188463383490559,14.085809209201773,1310355.7316628976
True,False,2025-12-17,1510000.0,34.238224,-118.244734,1917.0,635 - La Crescenta/Glendale Montrose & Annex,False,0.0,0.1826,1948.0,3.0,La Crescenta,3.0,True,1.0,One,7952.0,False,0.0,Bear Valley Unified,91214,0.0,7952.0,787.6890975482524,1.0,77.0,0,639.0,0.24107142857142858,14.227620208791107,14.115615150414612,14.214389454461351,1490153.1449138839
True,False,2025-12-18,190000.0,33.601326,-116.460512,648.0,"326 - Pinyon Pines, Garner Valley",True,2.0,1.01,1963.0,1.0,Mountain Center,1.0,False,2.0,Two,43996.0,False,2.0,Desert Sands Unified,92561,0.0,43996.0,293.2098765432099,1.0,62.0,0,648.0,0.014728611691971998,12.154779351142624,13.573438996764546,13.11377970121441,495726.52918876545
False,False,2025-12-01,330000.0,35.679689,-119.219796,1328.0,MCFA - McFarland,False,0.0,0.15,1968.0,2.0,McFarland,4.0,False,1.0,One,0.15,False,0.0,Kern Union,93250,0.0,6534.0,248.49397590361448,2.0,57.0,0,332.0,0.2032445668809305,12.706847933442663,12.736700896592344,12.647818739488725,311084.1519128735
True,False,2025-12-05,610000.0,33.76886,-116.476807,1607.0,336 - Cathedral City South,False,6.0,0.32,1956.0,3.0,Cathedral City,3.0,False,2.0,One,13939.0,False,0.0,Los Angeles Unified,92234,0.0,13939.0,379.58929682638455,1.0,69.0,0,535.6666666666666,0.1152880407489777,13.321214236149494,13.224919965729422,13.257472836116007,572331.0353649575
False,False,2025-12-26,549990.0,33.748684999999995,-117.128101,1565.0,SRCAR - Southwest Riverside County,True,2.0,0.1083,2022.0,3.0,Homeland,3.0,False,2.0,Two,4716.0,True,2.0,Perris Union High,92548,0.0,4716.0,351.4313099041533,1.0,3.0,0,521.6666666666666,0.3318490245971162,13.217655375225181,13.21676363885016,13.178064010786855,528640.5608409015
True,False,2025-12-18,725000.0,33.625475,-117.287572,2957.0,699 - Not Defined,True,8.0,0.17,2009.0,3.0,Wildomar,5.0,True,2.0,Two,7405.0,False,4.0,Lake Elsinore Unified,92595,112.0,7405.0,245.1809266148123,1.6666666666666667,16.0,0,591.4,0.3993247805536799,13.493926933836812,13.442996549995796,13.493163378557826,724446.6337124954
False,False,2025-12-16,599990.0,33.748814,-117.1286,2313.0,SRCAR - Southwest Riverside County,True,2.0,0.1093,2022.0,3.0,Homeland,4.0,False,2.0,Two,4759.0,True,2.0,Perris Union High,92548,0.0,4759.0,259.3990488543018,1.3333333333333333,3.0,0,578.25,0.4860264761504518,13.304668267392726,13.21676363885016,13.289231334273161,590799.1165383093
False,False,2025-12-05,920000.0,33.84925,-118.002124,1538.0,82 - Buena Park,False,2.0,0.1394,1959.0,2.0,Buena Park,4.0,False,1.0,One,6072.0,False,2.0,Anaheim Union High,90620,0.0,6072.0,598.1794538361509,2.0,66.0,0,384.5,0.25329380764163373,13.732128949025222,13.741593969296583,13.710865799177563,900644.4117775713
True,False,2025-12-03,1820000.0,33.718602000000004,-117.756812,2194.0,NW - Northwood,True,2.0,0.1148,1977.0,3.0,Irvine,4.0,True,2.0,ThreeOrMore,5000.0,False,2.0,Irvine Unified,92620,151.0,5000.0,829.535095715588,1.3333333333333333,48.0,0,548.5,0.4388,14.414347059052979,14.503142431449666,14.453834537824761,1893305.0013182
True,False,2025-12-19,2595000.0,37.83132109,-121.94495102,4045.0,374 - Blythe,True,3.0,0.5165,1981.0,3.0,Danville,5.0,True,2.0,Two,22500.0,False,3.0,Snowline Joint Unified,94506,276.0,22500.0,641.5327564894932,1.6666666666666667,44.0,0,809.0,0.1797777777777778,14.769097074582126,14.68050799545088,14.832878688032487,2765905.6722281855
True,False,2025-12-15,899000.0,33.27524171,-117.2972376,2349.0,92057 - Oceanside,True,4.0,0.166,2003.0,3.0,Oceanside,4.0,False,2.0,Two,7232.0,False,2.0,Long Beach Unified,92057,150.0,7232.0,382.7160493827161,1.3333333333333333,22.0,0,587.25,0.32480641592920356,13.709038313453757,13.681979165339751,13.796320425810595,980992.8262313264
True,True,2025-12-04,1350000.0,34.155889,-117.642266,3077.0,690 - Upland,False,4.0,0.92,1977.0,3.0,Upland,5.0,True,1.0,One,0.92,False,2.0,Upland,91784,0.0,40075.2,438.7390315242119,1.6666666666666667,48.0,0,615.4,0.07678065237353776,14.115615150414612,13.815510557964274,14.129799046747495,1369284.7028507707
False,False,2025-12-30,1530000.0,34.050221,-118.368196,958.0,C16 - Mid Los Angeles,True,0.0,0.1636,1922.0,1.0,Los Angeles,2.0,False,1.0,One,7125.0,False,0.0,Los Angeles Unified,90035,0.0,7125.0,1597.0772442588727,2.0,103.0,0,479.0,0.1344561403508772,14.240778293368619,14.626440774180603,14.054082889526763,1269435.522970591
True,False,2025-12-02,309900.0,33.962615,-116.948226,919.0,263 - Banning/Beaumont/Cherry Valley,True,2.0,0.1,1994.0,1.0,Cherry Valley,2.0,True,1.0,One,4356.0,False,2.0,Beaumont,92223,245.0,4356.0,337.21436343852014,2.0,31.0,0,459.5,0.21097337006427916,12.64400494377584,13.197470849891134,12.857721449685831,383740.35717528174
True,True,2025-12-15,450000.0,33.842828999999995,-116.464126,1935.0,335 - Cathedral City North,True,2.0,0.2,1994.0,2.0,Cathedral City,3.0,True,1.0,One,8712.0,False,2.0,Palm Springs Unified,92234,0.0,8712.0,232.5581395348837,1.5,31.0,0,645.0,0.22210743801652894,13.017002861746503,13.224919965729422,13.25697014745339,572043.4033429516
True,False,2025-12-01,805000.0,34.447862,-118.528643,1536.0,BOUQ - Bouquet Canyon,True,2.0,0.3508,1961.0,3.0,Saugus,3.0,True,1.0,One,15283.0,False,2.0,William S. Hart Union,91350,0.0,15283.0,524.0885416666666,1.0,64.0,0,512.0,0.10050382778250344,13.5985975564007,13.652991628466498,13.715764407106693,905067.1393946082
True,False,2025-12-16,558000.0,34.020765000000004,-117.055384,1528.0,699 - Not Defined,True,2.0,0.1446,1990.0,3.0,Yucaipa,3.0,True,2.0,Two,6300.0,False,2.0,Yucaipa/Calimesa Unified,92399,0.0,6300.0,365.1832460732985,1.0,35.0,0,509.3333333333333,0.24253968253968253,13.232114241363448,13.274219822166483,13.231703041523705,557770.597657759
True,False,2025-12-05,910000.0,38.11119749,-122.61388499,1152.0,BKSF - Bakersfield,True,2.0,0.1837,1963.0,2.0,Novato,3.0,True,1.0,One,8000.0,False,2.0,San Francisco Unified,94947,0.0,8000.0,789.9305555555555,1.5,62.0,0,384.0,0.144,13.721199878493033,13.592367006650065,13.518191763768352,742807.1719971565
True,False,2025-12-15,659000.0,33.866240999999995,-116.561018,2229.0,331 - North End Palm Springs,True,12.0,0.2,2005.0,2.0,Palm Springs,3.0,True,1.0,One,8712.0,False,3.0,Palm Springs Unified,92262,160.0,8712.0,295.64827276805744,1.5,20.0,0,743.0,0.2558539944903581,13.398478813484644,13.737549016494562,13.676020729090759,869801.870024244
False,False,2025-12-05,840000.0,34.055527000000005,-117.98247,1296.0,633 - Industry/La Puente/Valinda,True,2.0,0.1474,1955.0,2.0,La Puente,4.0,False,1.0,One,6421.0,False,2.0,Bassett Unified,91746,0.0,6421.0,648.1481481481482,2.0,70.0,0,324.0,0.2018377199813113,13.641157170819497,13.541073712262515,13.497892848817735,727880.997480561
True,False,2025-12-31,2200000.0,33.551936,-116.988492,3328.0,SRCAR - Southwest Riverside County,True,6.0,3.05,2022.0,4.0,Temecula,5.0,True,1.0,One,132858.0,False,3.0,Temecula Unified,92592,142.0,132858.0,661.0576923076923,1.25,3.0,0,665.6,0.025049300757199414,14.603967918328545,13.580420735596498,14.218601533049618,1496443.0245030073
True,False,2025-12-17,796000.0,33.194277,-117.274252,1777.0,92083 - Vista,True,4.0,0.0,2020.0,3.0,Vista,3.0,False,2.0,Two,0.06,False,2.0,Vista Unified,92083,207.0,0.06,447.94597636465954,1.0,5.0,0,592.3333333333334,29616.666666666668,13.58735446482652,13.614617615584883,13.522854739576779,746278.9519928988
True,True,2025-12-12,663000.0,34.401509999999995,-117.324923,2700.0,HSP - Hesperia,True,14.0,1.0,1979.0,3.0,Hesperia,4.0,True,1.0,One,1.0,False,2.0,Hesperia Unified,92345,0.0,43560.0,245.55555555555551,1.3333333333333333,46.0,0,675.0,0.06198347107438017,13.404530269168,13.064514272196533,13.261016205844307,574362.6130200011
False,False,2025-12-26,669000.0,33.906422,-118.232896,1048.0,"RN - Compton N of Rosecrans, E of Central",True,0.0,0.1147,1927.0,2.0,Compton,3.0,False,1.0,One,4997.0,False,0.0,Compton Unified,90222,0.0,4997.0,638.3587786259542,1.5,98.0,0,349.3333333333333,0.20972583550130078,13.413539339110365,13.304684934198283,13.231495166460135,557654.6631096818
False,False,2025-12-02,3140000.0,37.332856,-122.04756299999998,2394.0,699 - Not Defined,True,3.0,0.1722,1968.0,3.0,Cupertino,4.0,True,1.0,One,7500.0,False,3.0,Martinez,95014,0.0,7500.0,1311.6123642439431,1.3333333333333333,57.0,0,598.5,0.3192,14.959733357884437,15.043678404364256,14.94374370393013,3090191.756073318
False,False,2025-12-02,810000.0,34.257077,-118.762697,1717.0,SVW - West Simi,False,3.0,0.14,1970.0,2.0,Simi Valley,4.0,True,1.0,One,6098.0,False,3.0,Simi Valley Unified,93065,384.0,6098.0,471.7530576587071,2.0,55.0,0,429.25,0.2815677271236471,13.604789526648622,13.676248490630767,13.665521546654832,860717.4345306371
False,True,2025-12-17,640000.0,34.045694,-117.19058,1706.0,268 - Redlands,True,2.0,0.1894,1960.0,2.0,Redlands,4.0,True,1.0,One,8250.0,False,2.0,Redlands Unified,92373,0.0,8250.0,375.1465416178195,2.0,65.0,0,426.5,0.2067878787878788,13.369223455335854,13.621317169677567,13.57817078432422,788723.2551135452
True,True,2025-12-01,2715000.0,33.809983,-118.378304,2659.0,128 - Hollywood Riviera,True,2.0,0.1419,1953.0,4.0,Redondo Beach,5.0,True,2.0,Two,6182.0,False,2.0,Torrance Unified,90277,0.0,6182.0,1021.060549078601,1.25,72.0,0,531.8,0.4301197023616952,14.814302511350173,14.508657738524219,14.671758990178834,2354311.745268946
False,False,2025-12-23,443000.0,33.946349,-117.245617,1060.0,259 - Moreno Valley,True,2.0,0.18,1959.0,1.0,Moreno Valley,3.0,False,1.0,One,7841.0,False,2.0,Moreno Valley Unified,92557,0.0,7841.0,417.9245283018868,3.0,66.0,0,353.3333333333333,0.13518683841346768,13.001325049027272,13.262125319779487,13.1089794986411,493352.64355191006
True,True,2025-12-29,575000.0,33.788691,-116.380485,1705.0,322 - North Palm Desert,True,4.0,0.13,2023.0,3.0,Palm Desert,3.0,False,2.0,Two,5663.0,False,2.0,Placentia-Yorba Linda Unified,92211,160.0,5663.0,337.2434017595308,1.0,2.0,0,568.3333333333334,0.3010771675790217,13.262125319779487,13.226723392728571,13.244313491358357,564848.8721104999
True,False,2025-12-29,368000.0,33.96006,-117.010557,1392.0,263 - Banning/Beaumont/Cherry Valley,True,2.0,0.09,2006.0,2.0,Beaumont,2.0,True,1.0,One,3920.0,False,2.0,Beaumont,92223,307.0,3920.0,264.367816091954,1.0,19.0,0,696.0,0.3551020408163265,12.815838217151068,13.197470849891134,12.853565224515101,382148.7556620377
False,True,2025-12-19,749000.0,33.755198,-116.309378,2660.0,324 - East Palm Desert,True,5.0,0.21,1990.0,3.0,Palm Desert,4.0,True,1.0,One,9148.0,False,2.0,Desert Sands Unified,92211,200.0,9148.0,281.57894736842104,1.3333333333333333,35.0,0,665.0,0.2907739396589418,13.526494262499357,13.226723392728571,13.376705099023052,644806.208711402
True,False,2025-12-04,955000.0,33.15739069,-117.19150325,1390.0,92069 - San Marcos,True,4.0,0.1655,1991.0,2.0,San Marcos,3.0,True,1.0,One,7208.0,False,2.0,Other,92069,665.0,7208.0,687.0503597122303,1.5,34.0,0,463.3333333333333,0.19284128745837958,13.769466619462868,13.859515996625632,13.634110549910831,834101.6445808503
True,False,2025-12-30,399000.0,34.568151,-118.073072,914.0,PLM - Palmdale,False,2.0,6153.0,1954.0,1.0,Palmdale,3.0,False,1.0,One,6153.0,False,2.0,Palmdale,93550,0.0,268024680.0,436.54266958424506,3.0,71.0,0,304.6666666666667,3.4101337235063578e-06,12.896716695872,13.049792684569493,12.765698911380765,350003.6672895218
False,False,2025-12-17,690000.0,34.157578,-119.151631,1615.0,VC34 - Oxnard - Southeast,True,2.0,0.14,1968.0,2.0,Oxnard,4.0,True,1.0,One,6098.0,False,2.0,Lakeport Unified,93033,0.0,6098.0,427.24458204334366,2.0,57.0,0,403.75,0.2648409314529354,13.444446876573442,13.459566775233457,13.44917875156636,693272.7307148844
True,False,2025-12-09,566500.0,37.286654,-120.296405,1096.0,SRCAR - Southwest Riverside County,True,0.0,9.3,1920.0,1.0,Le Grand,3.0,False,1.0,One,9.3,False,0.0,Le Grand Union,95333,0.0,405108.0,516.8795620437957,3.0,105.0,0,365.3333333333333,0.002705451385803292,13.247232359450198,12.896870565699341,12.836739607952245,375772.65853478847
True,False,2025-12-22,289000.0,34.264965000000004,-116.838369,864.0,BBC - Big Bear City,False,0.0,0.1401,1968.0,1.0,Big Bear City,2.0,True,1.0,One,6101.0,False,0.0,Bear Valley Unified,92314,0.0,6101.0,334.4907407407408,2.0,57.0,0,432.0,0.141616128503524,12.57418196709457,12.965709567358951,12.690340539031535,324597.27498434554
True,False,2025-12-30,350000.0,33.931263,-116.969128,841.0,263 - Banning/Beaumont/Cherry Valley,True,8.0,0.19,1953.0,1.0,Beaumont,2.0,False,1.0,One,8276.0,False,2.0,Beaumont,92223,0.0,8276.0,416.1712247324614,2.0,72.0,0,420.5,0.10161913968100532,12.765688433465597,13.197470849891134,12.876540787237822,391030.4789615705
True,False,2025-12-09,1870000.0,37.78482747,-121.9197763,2513.0,84 - Placentia,True,5.0,0.1515,1995.0,2.0,San Ramon,4.0,True,1.0,One,6600.0,False,2.0,San Ramon Valley,94582,504.0,6600.0,744.1305212892956,2.0,30.0,0,628.25,0.38075757575757574,14.44144898883077,14.516102044771095,14.476745500583123,1937183.1678816339
False,False,2025-12-12,882300.0,33.927064,-117.98532,1260.0,670 - Whittier,True,2.0,0.1389,1961.0,2.0,Whittier,3.0,False,1.0,One,6052.0,False,2.0,Lowell Joint Unified,90604,0.0,6052.0,700.2380952380952,1.5,64.0,0,420.0,0.20819563780568406,13.690287413210196,13.636672835828117,13.54426696799927,762430.7533028912
False,False,2025-12-22,625000.0,33.987531,-117.496131,2137.0,251 - Jurupa Valley,True,2.0,0.2,1976.0,2.0,Jurupa Valley,3.0,True,1.0,One,8712.0,False,2.0,Jurupa Unified,92509,0.0,8712.0,292.4660739354235,1.5,49.0,0,712.3333333333334,0.24529384756657485,13.345506928718539,13.422467969854667,13.44715820309182,691873.3537869509
False,False,2025-12-15,1490000.0,35.029822,-120.547922,2558.0,NPMO - Nipomo,True,2.0,0.1892,2010.0,3.0,Nipomo,2.0,True,1.0,One,8243.0,False,2.0,Lucia Mar Unified,93444,496.0,8243.0,582.4863174354965,0.6666666666666666,15.0,0,1279.0,0.3103239111973796,14.214286677921642,13.855084652589102,13.999598498304335,1202121.5334245765
False,False,2025-12-04,670000.0,37.96990883,-121.80494102,2162.0,222 - Idyllwild,True,3.0,0.1242,1995.0,3.0,Antioch,4.0,True,2.0,Two,5410.0,False,3.0,Huntington Beach Union High,94531,167.0,5410.0,309.8982423681776,1.3333333333333333,30.0,0,540.5,0.399630314232902,13.415032991367148,13.415032991367148,13.425804196340938,677255.7135716638
True,False,2025-12-02,1100000.0,37.88428076,-122.29183665,1116.0,645 - Pasadena (NW),True,5.0,0.1148,1922.0,1.0,Albany,3.0,True,1.0,MultiSplit,4999.0,False,2.0,Mariposa County Unified,94706,0.0,4999.0,985.663082437276,3.0,103.0,0,372.0,0.22324464892978596,13.9108207377686,14.180153671552183,13.910948437576852,1100140.4787584431
False,False,2025-12-16,725000.0,34.139016,-117.465222,1914.0,264 - Fontana,True,2.0,0.0722,2025.0,3.0,Fontana,4.0,False,2.0,Two,3145.0,False,2.0,Fontana Unified,92336,273.0,3145.0,378.7878787878788,1.3333333333333333,0.0,0,478.5,0.6085850556438792,13.493926933836812,13.487006490992238,13.437775028991279,685411.7482464269
True,False,2025-12-19,506000.0,34.11136,-117.352597,1230.0,272 - Rialto,True,2.0,0.1669,1959.0,2.0,Rialto,3.0,False,1.0,One,7272.0,False,2.0,Rialto Unified,92376,0.0,7272.0,411.3821138211382,1.5,66.0,0,410.0,0.16914191419141913,13.134291948269603,13.253391639810733,13.135498454396007,506610.8605293459
True,False,2025-12-12,685000.0,34.261255,-117.208844,2056.0,287A - Arrowhead Woods,False,4.0,0.1965,1972.0,3.0,Lake Arrowhead,4.0,True,2.0,Two,8560.0,False,0.0,Rim of the World,92352,0.0,8560.0,333.1712062256809,1.3333333333333333,53.0,0,514.0,0.24018691588785046,13.437174117244362,13.412043452518782,13.45634864307947,698261.283302872
False,False,2025-12-16,750000.0,34.127311,-117.463766,2230.0,264 - Fontana,True,2.0,0.12,2004.0,3.0,Fontana,4.0,True,2.0,Two,5227.0,False,2.0,Fontana Unified,92336,0.0,5227.0,336.32286995515693,1.3333333333333333,21.0,0,557.5,0.4266309546585039,13.527828485512494,13.487006490992238,13.473694786966984,710479.0835059725
False,True,2025-12-19,1139000.0,33.897581,-117.85243,1657.0,84 - Placentia,True,2.0,0.2273,1969.0,2.0,Placentia,4.0,True,1.0,One,9900.0,False,2.0,Placentia-Yorba Linda Unified,92870,0.0,9900.0,687.3868436934218,2.0,56.0,0,414.25,0.16737373737373737,13.945661242429319,13.980176819817759,13.901113914195326,1089374.1491319006
True,False,2025-12-01,540000.0,34.151184,-117.27955,1383.0,274 - San Bernardino,False,2.0,0.1928,1952.0,2.0,San Bernardino,3.0,True,1.0,One,8400.0,False,2.0,San Bernardino City Unified,92404,0.0,8400.0,390.4555314533623,1.5,73.0,0,461.0,0.16464285714285715,13.199324418540456,13.142166004700508,13.101019557203404,489441.1735897788
True,True,2025-12-24,1050000.0,33.868896,-117.608235,2683.0,248 - Corona,False,2.0,0.36,1963.0,3.0,Corona,4.0,True,1.0,One,15681.0,False,2.0,Corona-Norco Unified,92882,0.0,15681.0,391.3529631010063,1.3333333333333333,62.0,0,670.75,0.17109878196543588,13.864300722133706,13.623138665316818,13.834686359569263,1019360.8381374511
True,True,2025-12-23,860000.0,34.033593,-117.197355,3163.0,268 - Redlands,True,4.0,2.1,1911.0,2.0,Redlands,4.0,True,2.0,Two,2.1,False,2.0,Redlands Unified,92373,0.0,91476.0,271.893771735694,2.0,114.0,0,790.75,0.034577375486466395,13.664687668229691,13.621317169677567,14.005575759200157,1209328.4447959475
False,False,2025-12-02,752500.0,33.962166,-118.227431,1442.0,"T5 - WalnutPk, HuntPk, Bell N of Florence, and Cud",False,2.0,0.1142,1938.0,2.0,Huntington Park,3.0,False,1.0,One,4973.0,False,2.0,Los Angeles Unified,90255,0.0,4973.0,521.8446601941747,1.5,87.0,0,480.6666666666667,0.2899658154031772,13.531156275605168,13.465953081794405,13.476491701794988,712469.0145261807
True,False,2025-12-23,215000.0,34.126709000000005,-116.433801,912.0,DC542 - Downtown North,True,2.0,0.186,1984.0,1.0,Yucca Valley,2.0,False,1.0,One,8100.0,False,2.0,Morongo Unified,92284,0.0,8100.0,235.74561403508773,2.0,41.0,0,456.0,0.11259259259259259,12.2783933071098,12.86876061860541,12.577070816249053,289836.0844851666
True,False,2025-12-19,385000.0,34.129552000000004,-117.254122,917.0,274 - San Bernardino,False,2.0,0.2966,1948.0,1.0,San Bernardino,2.0,True,1.0,One,12920.0,False,2.0,San Bernardino City Unified,92404,0.0,12920.0,419.8473282442748,2.0,77.0,0,458.5,0.07097523219814242,12.86099861326992,13.142166004700508,12.904195143712835,401995.0860269281
False,False,2025-12-02,4050000.0,34.080584,-118.379991,2510.0,C10 - West Hollywood Vicinity,True,4.0,0.1047,2014.0,3.0,West Hollywood,3.0,True,2.0,Two,4559.0,False,3.0,Corona-Norco Unified,90048,75.0,4559.0,1613.5458167330678,1.0,11.0,0,836.6666666666666,0.5505593331871025,15.214227439082721,14.718711430946737,14.784099969524847,2634226.02860022
True,False,2025-12-22,600000.0,33.938987,-116.959283,2797.0,263 - Banning/Beaumont/Cherry Valley,True,3.0,0.22,2009.0,3.0,Beaumont,4.0,True,1.0,One,9583.0,False,3.0,Beaumont,92223,53.0,9583.0,214.51555237754732,1.3333333333333333,16.0,0,699.25,0.29187102160075135,13.304684934198283,13.197470849891134,13.324147957080518,611792.1973860052
False,False,2025-12-26,770000.0,37.34519633,-121.86421184,824.0,699 - Not Defined,False,1.0,0.0826,1946.0,1.0,San Jose,2.0,False,1.0,Two,3600.0,False,1.0,San Jose Unified,95116,0.0,3600.0,934.4660194174758,2.0,79.0,0,412.0,0.2288888888888889,13.554145793829866,13.845069360205818,13.48840234921842,721005.7196805988
False,False,2025-12-16,1005000.0,34.205057000000004,-118.869507,1883.0,TOW - Thousand Oaks West,True,2.0,0.2,1966.0,2.0,Thousand Oaks,3.0,True,1.0,One,8712.0,False,2.0,Santa Ana Unified,91360,0.0,8712.0,533.7227827934148,1.5,59.0,0,627.6666666666666,0.2161386593204775,13.820498099475314,13.909911233385758,13.84291056117811,1027778.8353880913
False,False,2025-12-16,800000.0,33.866278,-117.956899,980.0,83 - Fullerton,False,1.0,0.147,1952.0,1.0,Fullerton,3.0,True,1.0,One,6405.0,False,1.0,Fullerton Joint Union High,92833,0.0,6405.0,816.3265306122449,3.0,73.0,0,326.6666666666667,0.15300546448087432,13.592367006650065,13.87377946608825,13.622951471599876,824845.5796372347
True,False,2025-12-19,1587500.0,33.713039,-118.036812,1801.0,15 - West Huntington Beach,True,2.0,0.1478,1966.0,2.0,Huntington Beach,3.0,True,1.0,One,6440.0,False,2.0,Glendale Unified,92649,175.0,6440.0,881.4547473625763,1.5,59.0,0,600.3333333333334,0.2796583850931677,14.277671009748984,14.330128979968961,14.26791017783024,1572080.0574887518
False,False,2025-12-05,725000.0,33.966736,-118.212217,1386.0,"RH - Bellflower N of Alondra, E of Bellflower",True,0.0,0.1372,1927.0,1.0,Huntington Park,3.0,True,1.0,One,5975.0,False,0.0,Huntington Beach Union High,90255,0.0,5975.0,523.0880230880231,3.0,98.0,0,462.0,0.23196652719665273,13.493926933836812,13.465953081794405,13.385619390957482,650579.8954278604
False,False,2025-12-08,739000.0,34.07850637,-117.67758027,1300.0,681 - Chino,True,2.0,0.1879,1956.0,2.0,Ontario,3.0,True,2.0,Two,8184.0,False,2.0,Chaffey Joint Union High,91762,0.0,8184.0,568.4615384615385,1.5,69.0,0,433.3333333333333,0.15884652981427175,13.513053199930338,13.530491602931978,13.496409859671656,726802.357864766
False,False,2025-12-11,460000.0,39.452788,-123.765419,1136.0,FBN - Fort Bragg North,True,0.0,1.73,1968.0,1.0,Fort Bragg,2.0,False,1.0,One,1.73,False,0.0,Val Verde,95437,0.0,75358.8,404.9295774647888,2.0,57.0,0,568.0,0.01507455001937398,13.038981768465277,13.317924750600472,13.151337651952153,514699.0562012948
False,False,2025-12-16,1250000.0,33.834108,-118.318517,1720.0,134 - Old Torrance,False,2.0,0.1404,1941.0,3.0,Torrance,4.0,False,1.0,One,6118.0,False,2.0,Torrance Unified,90501,0.0,6118.0,726.7441860465116,1.3333333333333333,84.0,0,430.0,0.2811376266753841,14.038654109278484,13.9016461684345,13.972928414310882,1170484.606150828
True,True,2025-12-22,2050000.0,34.223132,-118.194344,2209.0,634 - La Canada Flintridge,True,2.0,0.4243,1966.0,2.0,La Canada Flintridge,3.0,True,1.0,One,18483.0,False,2.0,La Canada Unified,91011,0.0,18483.0,928.0217292892712,1.5,59.0,0,736.3333333333334,0.11951523021154574,14.53335035111459,14.635290389457586,14.563999442976941,2113803.4019937976
False,False,2025-12-05,400000.0,34.467287,-117.301702,1197.0,HSP - Hesperia,True,2.0,0.7231,1985.0,2.0,Hesperia,3.0,False,1.0,One,31500.0,False,2.0,Hesperia Unified,92345,0.0,31500.0,334.1687552213868,1.5,40.0,0,399.0,0.038,12.89921982609012,13.064514272196533,12.899152971732825,399973.2591509634
False,False,2025-12-08,1016000.0,33.823177,-118.00606,1585.0,79 - Anaheim West of Harbor,True,2.0,0.1901,1958.0,2.0,Anaheim,3.0,True,1.0,One,8280.0,False,2.0,Anaheim Union High,92804,0.0,8280.0,641.0094637223975,1.5,67.0,0,528.3333333333334,0.19142512077294685,13.831383907120564,13.766841941519797,13.726104559816031,914474.2233545043
True,True,2025-12-03,672000.0,33.698139000000005,-117.392855,1725.0,SRCAR - Southwest Riverside County,True,3.0,0.17,1989.0,3.0,Lake Elsinore,3.0,True,2.0,Two,7405.0,False,3.0,Lake Elsinore Unified,92530,0.0,7405.0,389.5652173913044,1.0,36.0,0,575.0,0.23295070898041864,13.418013619505286,13.270783382522602,13.245176887796081,565336.7712093957
True,False,2025-12-10,2400000.0,37.714341,-121.840442,3933.0,SRCAR - Southwest Riverside County,True,3.0,0.1492,2025.0,6.0,Dublin,4.0,False,2.0,Two,6500.0,False,2.0,Apple Valley Unified,94568,345.0,6500.0,610.2212051868803,0.6666666666666666,0.0,0,983.25,0.6050769230769231,14.690979295318174,14.288629462085328,14.91893259614253,3014464.0047665546
True,True,2025-12-03,1150000.0,34.041671,-117.145194,2587.0,268 - Redlands,True,2.0,0.9681,1963.0,3.0,Redlands,4.0,True,1.0,One,42170.0,False,2.0,Redlands Unified,92374,0.0,42170.0,444.53034402783146,1.3333333333333333,62.0,0,646.75,0.06134692909651411,13.955272500339433,13.299666780812677,13.569252679803341,781720.6102572482
True,True,2025-12-05,740000.0,33.698694,-116.296331,1950.0,313 - La Quinta South of HWY 111,True,2.0,0.13,1989.0,2.0,La Quinta,3.0,True,1.0,One,5663.0,False,2.0,Walnut Valley Unified,92253,730.0,5663.0,379.4871794871795,1.5,36.0,0,650.0,0.34434045558891047,13.514405465180353,13.545013310266594,13.470567687801758,708260.8151372694
False,False,2025-12-09,832500.0,33.231548,-117.246179,1495.0,92084 - Vista,True,2.0,0.1084,1989.0,2.0,Vista,3.0,True,2.0,Two,4722.0,False,2.0,Vista Unified,92084,115.0,4722.0,556.85618729097,1.5,36.0,0,498.3333333333333,0.3166031342651419,13.632188500836737,13.773646353865574,13.627028398798123,828215.2793580241
False,False,2025-12-09,560000.0,33.695155,-117.104028,1868.0,SRCAR - Southwest Riverside County,True,2.0,0.14,2020.0,3.0,Winchester,3.0,True,2.0,Two,6098.0,False,2.0,Hemet Unified,92596,0.0,6098.0,299.78586723768734,1.0,5.0,0,622.6666666666666,0.30632994424401444,13.235692062711331,13.337474757021274,13.295449251830911,594484.1013314063
True,True,2025-12-18,2190000.0,37.40605547,-122.07097218,1576.0,699 - Not Defined,True,2.0,0.1423,1962.0,2.0,Mountain View,4.0,True,2.0,One,6200.0,False,2.0,Other,94043,0.0,6200.0,1389.5939086294416,2.0,63.0,0,394.0,0.2541935483870968,14.599412101792684,14.603967918328545,14.424770463276259,1839069.8091945027
False,False,2025-12-08,450000.0,37.52211064,-120.87575074,1456.0,659 - Sunland/Tujunga,True,2.0,0.1051,2004.0,3.0,Turlock,3.0,False,2.0,Two,4579.0,False,2.0,Vista Unified,95382,394.0,4579.0,309.0659340659341,1.0,21.0,0,485.3333333333333,0.31797335662808474,13.017002861746503,13.254816968582134,13.16151570670264,519964.4416112388
True,False,2025-12-18,330000.0,34.240140000000004,-116.924229,888.0,289 - Big Bear Area,False,0.0,0.0918,1947.0,1.0,Big Bear Lake,3.0,False,2.0,Two,4000.0,False,0.0,Bear Valley Unified,92315,0.0,4000.0,371.6216216216216,3.0,78.0,0,296.0,0.222,12.706847933442663,13.398478813484644,13.250844613183864,568550.0421471786
False,False,2025-12-22,602000.0,34.094144,-117.409946,1549.0,264 - Fontana,True,2.0,0.1822,1981.0,3.0,Fontana,4.0,False,1.0,One,7936.0,False,2.0,Fontana Unified,92335,0.0,7936.0,388.6378308586185,1.3333333333333333,44.0,0,387.25,0.19518649193548387,13.308012724290958,13.226723392728571,13.22846998603046,555970.2063138308
True,False,2025-12-19,348000.0,38.03426243,-121.31394640000002,1026.0,CS - Corona Del Mar - Spyglass,True,2.0,0.1584,1960.0,1.0,Stockton,3.0,False,1.0,One,6901.0,False,2.0,Irvine Unified,95210-1202,0.0,6901.0,339.1812865497076,3.0,65.0,0,342.0,0.1486741052021446,12.759957758756611,13.698976741708323,13.479201289941608,714402.1299133218
True,False,2025-12-18,1775000.0,37.85559102,-122.25891203,3250.0,268 - Redlands,False,2.0,0.1607,1906.0,4.0,Berkeley,5.0,True,2.0,Two,7000.0,False,2.0,Brea-Olinda Unified,94705,0.0,7000.0,546.1538461538462,1.25,119.0,0,650.0,0.4642857142857143,14.389310980891652,14.521080258522776,14.80655546852507,2694048.041378999
True,True,2025-12-08,1392000.0,34.018117,-117.137806,3904.0,268 - Redlands,True,3.0,1.47,1986.0,4.0,Redlands,4.0,True,1.0,MultiSplit,64033.0,False,3.0,Redlands Unified,92373,0.0,64033.0,356.55737704918033,1.0,39.0,0,976.0,0.06096856308465947,14.146252119876502,13.621317169677567,14.254713289758978,1551469.7877615266
True,True,2025-12-02,1328000.0,34.134985,-117.770272,2304.0,684 - La Verne,True,3.0,0.1963,1986.0,3.0,La Verne,4.0,True,2.0,Two,8551.0,False,3.0,Bonita Unified,91750,0.0,8551.0,576.3888888888889,1.3333333333333333,39.0,0,576.0,0.26944217050637354,14.099184609018517,13.758940206475879,13.847579525678407,1032588.7181329264
False,False,2025-12-05,875000.0,34.292655,-118.435619,1291.0,SF - San Fernando,True,2.0,0.2509,1976.0,2.0,San Fernando,3.0,False,1.0,One,10929.0,False,2.0,Los Angeles Unified,91340,0.0,10929.0,677.7691711851278,1.5,49.0,0,430.3333333333333,0.11812608655869704,13.681979165339751,13.513053199930338,13.419417499212058,672944.0696880347
True,False,2025-12-08,1198868.0,37.09696124,-121.64257742,2145.0,699 - Not Defined,True,2.0,0.1194,1977.0,3.0,Morgan Hill,4.0,True,2.0,One,5200.0,False,2.0,Other,95037,0.0,5200.0,558.9128205128205,1.3333333333333333,48.0,0,536.25,0.4125,13.996888336205991,14.187074114396758,14.185304469561553,1447436.2840913155
True,False,2025-12-02,475000.0,33.225658,-117.302827,1064.0,92057 - Oceanside,True,1.0,0.0399,1979.0,2.0,Oceanside,2.0,False,1.0,One,1736.0,False,1.0,Oceanside Unified,92057,435.0,1736.0,446.4285714285714,1.0,46.0,0,532.0,0.6129032258064516,13.071070083016778,13.681979165339751,13.135835623919974,506781.70307185774
False,True,2025-12-17,1560000.0,37.28372939,-121.97743028,1486.0,699 - Not Defined,True,2.0,0.043,2015.0,3.0,Campbell,3.0,False,1.0,One,1871.0,False,2.0,Other,95008,254.0,1871.0,1049.7981157469717,1.0,10.0,0,495.3333333333333,0.7942276857295564,14.26019637922572,14.518608069377388,14.154529999609045,1403570.6326691194
True,False,2025-12-08,250000.0,39.525046,-122.194991,620.0,CS - Corona Del Mar - Spyglass,False,0.0,0.17,1910.0,2.0,Willows,2.0,True,1.0,One,7405.0,False,0.0,Willows Unified,95988,0.0,7405.0,403.2258064516129,1.0,115.0,0,310.0,0.0837272113436867,12.429216196844383,12.779873068457553,12.513353971566978,271944.68797526206
False,False,2025-12-11,740000.0,33.962641999999995,-117.617204,1900.0,699 - Not Defined,True,2.0,0.0436,2025.0,3.0,Chino,3.0,False,2.0,Two,1900.0,True,2.0,Chino Valley Unified,91708,322.0,1900.0,389.4736842105263,1.0,0.0,0,633.3333333333334,1.0,13.514405465180353,13.618800958084467,13.567609578647186,780437.2188784131
False,False,2025-12-17,455000.0,33.730427,-117.00443500000002,1421.0,SRCAR - Southwest Riverside County,True,2.0,0.13,2000.0,2.0,Hemet,3.0,True,1.0,One,5663.0,False,2.0,Hemet Unified,92545,0.0,5663.0,320.1970443349754,1.5,25.0,0,473.6666666666667,0.25092707045735474,13.028052697933088,12.990536830078119,12.926202695100363,410940.08123477397
True,False,2025-12-09,320000.0,39.743254,-121.881707,1664.0,313 - La Quinta South of HWY 111,True,0.0,0.75,1964.0,2.0,Chico,3.0,True,1.0,One,32670.0,False,0.0,Chico Unified,95926,0.0,32670.0,192.30769230769232,1.5,61.0,0,554.6666666666666,0.05093357820630548,12.676076274775909,13.060487973686241,12.980712610188412,433962.15559404256
True,False,2025-12-01,1158388.0,33.651717,-117.631818,1529.0,MN - Mission Viejo North,True,2.0,0.1033,1989.0,2.0,Mission Viejo,3.0,True,1.0,One,4500.0,False,2.0,Saddleback Valley Unified,92692,467.75,4500.0,757.6115107913669,1.5,36.0,0,509.6666666666667,0.3397777777777778,13.96253994144391,14.006130917572923,13.848268491455674,1033300.3815494301
True,False,2025-12-12,690000.0,32.83383165,-116.75954403,1272.0,91901 - Alpine,True,4.0,0.1218,1989.0,2.0,Alpine,3.0,True,1.0,One,5306.0,False,2.0,Pomona Unified,91901,208.0,5306.0,542.4528301886793,1.5,36.0,0,424.0,0.23972860912174895,13.444446876573442,13.764217263576723,13.524985775172008,747870.9947509618
True,False,2025-12-05,837000.0,33.12896485,-117.04850686,1550.0,92027 - Escondido,True,4.0,0.1469,1973.0,2.0,Escondido,4.0,True,1.0,One,6400.0,False,1.0,Yucaipa/Calimesa Unified,92027,0.0,6400.0,540.0,2.0,52.0,0,387.5,0.2421875,13.637579349471613,13.658839648348096,13.641228464027463,840059.8884294862
True,False,2025-12-23,1799338.0,37.7107,-121.833652,2612.0,LAC - Lancaster,True,2.0,0.0899,2025.0,3.0,Dublin,4.0,False,2.0,Two,3916.0,False,2.0,Jurupa Unified,94568,369.0,3916.0,688.8736600306279,1.3333333333333333,0.0,0,653.0,0.6670071501532175,14.402929377441781,14.288629462085328,14.402068968643297,1797790.4995903042
True,False,2025-12-09,690000.0,34.488064,-118.633763,1562.0,PRKR - Parker Road,True,2.0,0.1274,1988.0,3.0,Castaic,3.0,True,2.0,Two,5548.0,False,2.0,William S. Hart Union,91384,0.0,5548.0,441.741357234315,1.0,37.0,0,520.6666666666666,0.2815428983417448,13.444446876573442,13.602317337503232,13.513431869372281,739279.8897070908
False,False,2025-12-23,925000.0,33.948972,-118.016909,1776.0,670 - Whittier,True,2.0,0.15,1952.0,2.0,Whittier,4.0,True,1.0,One,6534.0,False,2.0,Whittier Union High,90603,0.0,6534.0,520.8333333333334,2.0,73.0,0,444.0,0.27180899908172634,13.737549016494562,13.711260536590475,13.796017667694276,980695.8676467128
True,False,2025-12-30,695000.0,33.971796999999995,-118.074592,1252.0,670 - Whittier,True,2.0,0.1247,1954.0,2.0,Whittier,4.0,False,1.0,One,5434.0,False,2.0,Whittier Union High,90606,0.0,5434.0,555.111821086262,2.0,71.0,0,313.0,0.23040117776959881,13.45166712454693,13.595482281525381,13.548136195795248,765386.4860802855
False,False,2025-12-10,612000.0,33.990433,-118.092088,1564.0,649 - Pico Rivera,False,2.0,0.1411,1950.0,2.0,Pico Rivera,3.0,False,1.0,One,6148.0,False,2.0,Los Angeles Unified,90660,0.0,6148.0,391.3043478260869,1.5,75.0,0,521.3333333333334,0.25439167208848407,13.324487561494463,13.527828485512494,13.551004985600404,767585.3715906636
True,False,2025-12-30,1747413.0,37.710833,-121.833897,2625.0,SRCAR - Southwest Riverside County,True,2.0,0.0868,2025.0,3.0,Dublin,4.0,False,2.0,Two,3780.0,False,2.0,Long Beach Unified,94568,369.0,3780.0,665.6811428571428,1.3333333333333333,0.0,0,656.25,0.6944444444444444,14.373646966443042,14.288629462085328,14.402068968643297,1797790.4995903042
False,True,2025-12-23,2300000.0,34.172717,-118.990561,4679.0,NBPK - Newbury Park,False,3.0,0.63,2002.0,6.0,Newbury Park,5.0,True,2.0,Two,27442.0,False,3.0,Azusa Unified,91320,149.0,27442.0,491.5580252190639,0.8333333333333334,23.0,0,935.8,0.17050506522848188,14.648419680899378,13.933293593620657,14.709114500223462,2443921.55118048
True,False,2025-12-23,970000.0,34.096975,-118.171354,1221.0,621 - El Sereno,True,1.0,0.1811,1926.0,2.0,Los Angeles,3.0,True,1.0,One,7890.0,False,1.0,Los Angeles Unified,90032,0.0,7890.0,794.4307944307944,1.5,99.0,0,407.0,0.15475285171102662,13.785051350479566,13.6623593784701,13.619754424612983,822212.7204919637
True,False,2025-12-04,885000.0,34.112347,-117.795036,2020.0,689 - San Dimas,True,7.0,0.1696,1969.0,2.0,San Dimas,4.0,True,2.0,Two,7386.0,False,2.0,Bonita Unified,91773,0.0,7386.0,438.1188118811881,2.0,56.0,0,505.0,0.2734903872190631,13.693342923990066,13.785051350479566,13.847186345138539,1032182.8041472383
False,False,2025-12-31,500000.0,34.548425,-118.079911,1707.0,PLM - Palmdale,True,2.0,0.16,1981.0,2.0,Palmdale,4.0,True,1.0,One,6969.6,False,2.0,Palmdale,93550,0.0,6969.6,292.91154071470413,2.0,44.0,0,426.75,0.2449207988980716,13.122363377404328,13.049792684569493,13.02250961713024,452484.87544394564
True,True,2025-12-24,1050000.0,33.561126,-117.110028,3468.0,SRCAR - Southwest Riverside County,True,3.0,0.2,2003.0,4.0,Murrieta,5.0,True,2.0,Two,8712.0,False,3.0,Temecula Unified,92563,45.0,8712.0,302.7681660899654,1.25,22.0,0,693.6,0.39807162534435264,13.864300722133706,13.458835614025542,13.647705002571398,845518.225160827
True,False,2025-12-24,769000.0,33.02466919,-116.8113946,2232.0,92065 - Ramona,True,12.0,0.4426,1996.0,3.0,Ramona,4.0,True,2.0,Two,19278.0,False,2.0,Los Angeles Unified,92065,175.0,19278.0,344.5340501792115,1.3333333333333333,29.0,0,558.0,0.1157796451914099,13.55284624848778,13.623138665316818,13.74779108694197,934522.5974777233
True,True,2025-12-23,600000.0,34.271678,-116.440361,1964.0,DC591 - Landers,True,0.0,5.0,1974.0,2.0,Landers,3.0,True,1.0,One,5.0,False,0.0,Morongo Unified,92285,0.0,217800.0,305.4989816700611,1.5,51.0,0,654.6666666666666,0.009017447199265382,13.304684934198283,12.611537753638338,12.776796187960263,353909.38612815936
True,False,2025-12-15,1299000.0,33.15828315,-117.30661163,1612.0,92010 - Carlsbad,True,4.0,0.1734,1988.0,3.0,Carlsbad,3.0,True,2.0,Two,7554.0,False,2.0,Carlsbad Unified,92010,125.0,7554.0,805.8312655086849,1.0,37.0,0,537.3333333333334,0.21339687582737624,14.077105295652737,14.187074114396758,14.047301317491462,1260855.8791449752
False,False,2025-12-11,2030000.0,34.07776,-118.38479,1848.0,C10 - West Hollywood Vicinity,True,2.0,0.0918,1938.0,3.0,West Hollywood,2.0,True,1.0,One,3997.0,False,0.0,Torrance Unified,90048,0.0,3997.0,1098.4848484848485,0.6666666666666666,87.0,0,924.0,0.46234676007005254,14.52354635101797,14.718711430946737,14.546686791007879,2077522.8220780815
True,False,2025-12-04,1280000.0,33.28310107,-117.28849238,3727.0,92057 - Oceanside,True,6.0,0.301,2006.0,3.0,Oceanside,5.0,True,2.0,Two,13113.0,False,3.0,Newport Mesa Unified,92057,126.0,13113.0,343.43976388516234,1.6666666666666667,19.0,0,745.4,0.2842217646610234,14.0623706358958,13.681979165339751,13.9385136510513,1130887.9188768296
True,True,2025-12-11,1685000.0,33.862696,-117.73029,2952.0,77 - Anaheim Hills,True,3.0,0.1573,1994.0,3.0,Anaheim Hills,5.0,True,2.0,Two,6850.0,False,3.0,Orange Unified,92808,97.0,6850.0,570.7994579945799,1.6666666666666667,31.0,0,590.4,0.4309489051094891,14.3372761217686,14.137594057133388,14.298078072391675,1620229.0277845315
True,True,2025-12-22,795000.0,34.074342,-117.140573,2982.0,268 - Redlands,True,3.0,0.2274,2009.0,3.0,Redlands,5.0,True,2.0,Two,9906.0,False,3.0,Redlands Unified,92374,85.0,9906.0,266.5995975855131,1.6666666666666667,16.0,0,596.4,0.3010296789824349,13.58609739363647,13.299666780812677,13.420940453753783,673969.7137216737
False,False,2025-12-04,740000.0,34.257490000000004,-118.754633,1304.0,SVC - Central Simi,True,2.0,0.14,1964.0,2.0,Simi Valley,4.0,False,1.0,One,6098.0,False,2.0,Rim of the World,93065,148.0,6098.0,567.4846625766871,2.0,61.0,0,326.0,0.21384060347654968,13.514405465180353,13.676248490630767,13.579513063757288,789782.6529621774
False,False,2025-12-31,750000.0,33.717259000000006,-117.137343,2785.0,SRCAR - Southwest Riverside County,True,3.0,0.19,2016.0,3.0,Menifee,4.0,True,1.0,One,8276.0,False,3.0,Romoland,92585,76.5,8276.0,269.29982046678634,1.3333333333333333,9.0,0,696.25,0.3365152247462542,13.527828485512494,13.304684934198283,13.396345534097657,657595.6673335194
True,False,2025-12-19,399000.0,39.496341,-121.479852,1793.0,LCLPS - Lakeport South,True,0.0,4.43,1957.0,3.0,Oroville,3.0,True,1.0,"Two,One",4.43,False,0.0,Oroville Union,95966,0.0,192970.8,222.532069157836,1.0,68.0,0,597.6666666666666,0.009291561210297103,12.896716695872,12.821258284620408,12.83877617742136,376538.7254679734
True,False,2025-12-02,788000.0,34.123988,-117.826058,1275.0,629 - Glendora,True,0.0,0.1733,1956.0,2.0,Glendora,4.0,False,1.0,One,7547.0,False,0.0,Glendora Unified,91740,0.0,7547.0,618.0392156862745,2.0,69.0,0,318.75,0.16894130117927653,13.577253368840017,13.635169075296139,13.529373752402545,751159.846072611
False,True,2025-12-02,5232500.0,34.141548,-118.407704,3700.0,STUD - Studio City,True,4.0,0.6604,1947.0,6.0,Studio City,4.0,True,2.0,Two,28766.0,False,2.0,Hacienda La Puente Unified,91604,0.0,28766.0,1414.1891891891892,0.6666666666666666,78.0,0,925.0,0.12862407008273657,15.470399733302292,14.603967918328545,15.137116355041812,3749437.3813165943
True,False,2025-12-16,1635000.0,37.79669583,-121.9142013,2006.0,PS - Portola Springs,True,2.0,0.1116,1995.0,3.0,Danville,4.0,True,2.0,Two,4860.0,False,2.0,San Ramon Valley,94506,95.0,4860.0,815.0548354935195,1.3333333333333333,30.0,0,501.5,0.41275720164609053,14.30715336231349,14.68050799545088,14.373289898785936,1746789.1667160655
True,True,2025-12-08,427000.0,34.248197999999995,-116.277722,1496.0,DC626 - Outlying North/Sunfair Heights,True,0.0,2.5,1959.0,2.0,Joshua Tree,2.0,True,1.0,One,108900.0,False,0.0,Morongo Unified,92252,0.0,108900.0,285.427807486631,1.0,66.0,0,748.0,0.013737373737373737,12.96453929221076,12.871334622600584,12.853087933320062,381966.40294689924
True,False,2025-12-09,525000.0,34.614494,-118.198419,2030.0,699 - Not Defined,True,2.0,0.1615,1999.0,2.0,Palmdale,4.0,True,1.0,One,7036.0,False,2.0,Antelope Valley Union,93551,0.0,7036.0,258.62068965517244,2.0,26.0,0,507.5,0.2885162023877203,13.17115354157376,13.345506928718539,13.305846117124213,600697.1144159072
True,True,2025-12-02,2420110.0,34.206421,-118.17811,2542.0,634 - La Canada Flintridge,True,4.0,0.5351,1966.0,3.0,La Canada Flintridge,4.0,True,2.0,Two,23309.0,False,2.0,Temecula Unified,91011,250.0,23309.0,952.0495672698662,1.3333333333333333,59.0,0,635.5,0.10905658758419495,14.699323551645296,14.635290389457586,14.620300145582474,2236225.9196918807
True,False,2025-12-01,1805000.0,37.80137711,-121.97293372,2302.0,690 - Upland,True,2.0,0.405,1977.0,3.0,Danville,4.0,True,2.0,Two,17640.0,False,2.0,San Ramon Valley,94526,460.0,17640.0,784.1007819287576,1.3333333333333333,48.0,0,575.5,0.13049886621315193,14.406071149749119,14.430696197054507,14.372367704959137,1745179.0310724862
True,False,2025-12-11,1245000.0,33.967996,-118.391796,1129.0,C29 - Westchester,False,2.0,0.1395,1944.0,1.0,Los Angeles,3.0,True,1.0,One,6077.0,False,2.0,Los Angeles Unified,90045,0.0,6077.0,1102.7457927369353,3.0,81.0,0,376.3333333333333,0.18578245844989305,14.034646087880946,14.331323723241304,14.064945238828328,1283299.737688085
True,False,2025-12-10,379000.0,37.519795,-120.863539,1248.0,PLM - Palmdale,True,2.0,0.1515,1979.0,2.0,Turlock,3.0,True,1.0,One,6600.0,False,2.0,Turlock Unified,95382,0.0,6600.0,303.68589743589746,1.5,46.0,0,416.0,0.1890909090909091,12.845291484064564,13.254816968582134,13.111771148664555,494731.83568602457
True,False,2025-12-29,900000.0,33.953716,-117.587452,3399.0,249 - Eastvale,True,4.0,0.17,2001.0,3.0,Eastvale,5.0,True,2.0,Two,7405.0,False,4.0,Corona-Norco Unified,92880,0.0,7405.0,264.783759929391,1.6666666666666667,24.0,0,679.8,0.4590141796083727,13.710150042306449,13.764217263576723,13.88219705989696,1068960.308649049
False,False,2025-12-31,1165000.0,34.183684,-118.653117,1610.0,WHLL - Woodland Hills,True,2.0,0.1695,1960.0,2.0,Woodland Hills,4.0,False,1.0,One,7384.0,False,2.0,Los Angeles Unified,91367,0.0,7384.0,723.6024844720497,2.0,65.0,0,402.5,0.21803900325027087,13.968231644981937,14.130321297804308,13.987438881041399,1187592.707172277
False,False,2025-12-01,483000.0,33.775122,-116.943539,1625.0,SRCAR - Southwest Riverside County,True,6.0,0.13,1997.0,2.0,San Jacinto,4.0,True,1.0,One,0.13,False,3.0,San Jacinto Unified,92583,0.0,5662.8,297.2307692307692,2.0,28.0,0,406.25,0.2869605142332415,13.087771932634709,13.064725287181727,13.031197740965224,456433.247210309
True,False,2025-12-23,1540000.0,37.71394398,-121.8577233,2620.0,321 - Rancho Mirage,True,2.0,0.0799,2014.0,4.0,Dublin,5.0,False,2.0,ThreeOrMore,3480.0,False,2.0,Menifee Union,94568,236.0,3480.0,587.7862595419847,1.25,11.0,0,524.0,0.7528735632183908,14.247292974389811,14.288629462085328,14.429059539017933,1846974.6590319604
False,False,2025-12-11,900000.0,33.79102,-118.260931,2397.0,195 - West Wilmington,False,2.0,0.1587,1918.0,3.0,Wilmington,4.0,False,1.0,ThreeOrMore,6914.0,False,2.0,Los Angeles Unified,90744,0.0,6914.0,375.4693366708386,1.3333333333333333,107.0,0,599.25,0.3466878796644489,13.710150042306449,13.452727022056246,13.63447992240732,834409.7956954035
False,False,2025-12-08,475000.0,33.876015,-117.216583,1464.0,259 - Moreno Valley,True,2.0,0.14,1992.0,2.0,Moreno Valley,3.0,True,1.0,One,6098.0,False,2.0,Los Angeles Unified,92551,70.0,6098.0,324.4535519125683,1.5,33.0,0,488.0,0.24007871433256806,13.071070083016778,13.180632285528304,13.068902295771322,473971.4163364835
True,False,2025-12-15,510000.0,37.95037919,-122.33914715,955.0,NBPK - Newbury Park,True,1.0,0.1148,1941.0,1.0,Richmond,2.0,True,1.0,One,5000.0,False,1.0,Capistrano Unified,94804,123.0,5000.0,534.0314136125654,2.0,84.0,0,477.5,0.191,13.142166004700508,13.337442237753596,13.1511544834322,514604.78817068046
True,False,2025-12-09,363000.0,34.522998,-117.355173,1279.0,VIC - Victorville,True,2.0,0.1194,1991.0,2.0,Victorville,3.0,True,1.0,One,5200.0,False,2.0,Victor Valley Union High,92394,0.0,5200.0,283.8154808444097,1.5,34.0,0,426.3333333333333,0.24596153846153845,12.802158113246987,12.948009990259552,12.864408434605211,386315.02193487826
False,False,2025-12-08,1100000.0,34.27577,-119.265841,1368.0,DC511 - NW Morongo,True,2.0,0.13,1936.0,2.0,Ventura,3.0,True,1.0,One,5662.0,False,2.0,Other,93003,275.0,5662.0,804.093567251462,1.5,89.0,0,456.0,0.24161073825503357,13.9108207377686,13.825460888817442,13.814816236790028,999305.9198109235
False,True,2025-12-12,710000.0,33.575417,-117.213006,2681.0,SRCAR - Southwest Riverside County,True,6.0,0.18,1998.0,3.0,Murrieta,4.0,True,2.0,Two,7840.0,False,3.0,Murrieta,92562,0.0,7840.0,264.8265572547557,1.3333333333333333,27.0,0,670.25,0.3419642857142857,13.473020249017498,13.487006490992238,13.548796853258134,765892.3114445591
True,False,2025-12-05,409500.0,33.748932,-117.05721,1547.0,SRCAR - Southwest Riverside County,True,2.0,0.08,2004.0,2.0,Hemet,2.0,False,1.0,One,3485.0,False,2.0,Hemet Unified,92545,232.0,3485.0,264.7058823529412,1.0,21.0,0,773.5,0.44390243902439025,12.922692182275261,12.990536830078119,12.817221021150203,368509.22386894043
False,False,2025-12-24,900000.0,32.79985,-116.994282,1743.0,92020 - El Cajon,False,2.0,0.26,1947.0,2.0,El Cajon,3.0,True,1.0,One,0.26,False,0.0,Grossmont Union,92020,0.0,11325.6,516.3511187607573,1.5,78.0,0,581.0,0.15389913117185844,13.710150042306449,13.7694117933985,13.799760495775082,984373.3214244575
True,False,2025-12-01,1775000.0,37.22856218,-121.79022545,2256.0,699 - Not Defined,True,2.0,0.1446,1974.0,3.0,San Jose,4.0,True,1.0,Two,6300.0,False,2.0,Other,95119,0.0,6300.0,786.7907801418439,1.3333333333333333,51.0,0,564.0,0.3580952380952381,14.389310980891652,14.144814305106875,14.194656537597831,1461036.3017207475
True,False,2025-12-10,340000.0,36.789715,-119.76666000000002,1521.0,FSNO - Fresno,True,2.0,0.1591,1957.0,2.0,Fresno,4.0,True,1.0,One,6930.0,False,2.0,Fresno Unified,93726,0.0,6930.0,223.53714661406968,2.0,68.0,0,380.25,0.21948051948051947,12.736700896592344,12.560244459250788,12.554279305757909,283304.99177278124
True,False,2025-12-12,1250000.0,33.154469,-117.254833,2439.0,92081 - Vista,True,3.0,0.2,1989.0,3.0,Vista,4.0,True,2.0,Two,0.2,False,3.0,Vista Unified,92081,145.0,8712.0,512.5051250512505,1.3333333333333333,36.0,0,609.75,0.2799586776859504,14.038654109278484,13.835313185260453,13.977442762945842,1175780.5265564276
False,False,2025-12-17,1050000.0,34.164434,-118.317248,1663.0,610 - Burbank,True,2.0,0.1512,1940.0,2.0,Burbank,2.0,True,1.0,One,6587.0,False,2.0,Kings Canyon Joint Unified,91506,0.0,6587.0,631.3890559230307,1.0,85.0,0,831.5,0.2524669804159709,13.864300722133706,14.086554735068795,14.10988309114635,1342283.8558128637
True,False,2025-12-17,940000.0,34.177293,-118.33892,1044.0,610 - Burbank,False,1.0,0.1572,1938.0,1.0,Burbank,4.0,True,1.0,One,6847.0,False,1.0,Burbank Unified,91505,0.0,6847.0,900.383141762452,4.0,87.0,0,261.0,0.15247553673141523,13.753635154246187,13.95440217810054,13.723907132705532,912466.939142338
False,False,2025-12-12,3192000.0,37.28786185,-121.89191119,2623.0,699 - Not Defined,True,2.0,0.2045,2025.0,3.0,San Jose,5.0,False,1.0,One,8906.0,False,2.0,San Jose Unified,95125,0.0,8906.0,1216.927182615326,1.6666666666666667,0.0,0,524.6,0.2945205479452055,14.976158237551836,14.462613800022813,14.600999249331467,2193478.6129156705
True,False,2025-12-15,715000.0,34.246095000000004,-118.409105,1660.0,PAC - Pacoima,True,2.0,0.1316,1968.0,2.0,Pacoima,4.0,True,1.0,One,5731.0,False,2.0,Los Angeles Unified,91331,0.0,5731.0,430.72289156626505,2.0,57.0,0,415.0,0.2896527656604432,13.480037821676145,13.541073712262515,13.52776359441551,749951.3332562995
True,True,2025-12-03,1250000.0,33.22916,-117.275555,2797.0,92056 - Oceanside,True,8.0,0.2493,1997.0,3.0,Oceanside,4.0,True,2.0,Two,10861.0,False,3.0,Oceanside Unified,92056,0.0,10861.0,446.90740078655705,1.3333333333333333,28.0,0,699.25,0.25752693122180276,14.038654109278484,13.732128949025222,14.002246964937077,1205309.5319847735
True,False,2025-12-01,2662200.0,33.631363,-117.808078,2330.0,TR - Turtle Rock,True,2.0,0.1343,1972.0,3.0,Irvine,4.0,True,1.0,One,5850.0,False,2.0,Irvine Unified,92603,142.0,5850.0,1142.5751072961373,1.3333333333333333,53.0,0,582.5,0.39829059829059826,14.794663406595056,14.978661367769956,14.892893340493657,2936982.760779582
False,False,2025-12-15,500000.0,34.711012,-118.140583,1178.0,LAC - Lancaster,False,2.0,0.1476,2025.0,2.0,Lancaster,3.0,False,1.0,One,6430.0,True,2.0,Lancaster,93534,0.0,6430.0,424.44821731748726,1.5,0.0,0,392.6666666666667,0.18320373250388802,13.122363377404328,12.971540487669746,12.931653840336816,413186.29194930923
False,False,2025-12-18,755000.0,33.943811,-118.039828,1103.0,670 - Whittier,False,2.0,0.1545,1954.0,2.0,Whittier,3.0,False,1.0,One,6728.0,False,2.0,Whittier Union High,90605,0.0,6728.0,684.4968268359021,1.5,71.0,0,367.6666666666667,0.16394173602853745,13.534473028231162,13.602934236950354,13.518100363184374,742739.2820904888
False,False,2025-12-05,1425000.0,34.176523,-118.509003,1420.0,ENC - Encino,True,2.0,0.1378,1955.0,2.0,Encino,3.0,True,1.0,One,6002.0,False,3.0,Jurupa Unified,91316,230.0,6002.0,1003.5211267605632,1.5,70.0,0,473.3333333333333,0.23658780406531157,14.169682371684887,14.300596894375873,14.120037059129007,1355982.7947018477
True,False,2025-12-26,670000.0,36.91905949,-121.73574273,1378.0,699 - Not Defined,True,2.0,0.106,1978.0,2.0,Watsonville,2.0,False,1.0,ThreeOrMore,4617.0,False,2.0,Other,95076,530.0,4617.0,486.2119013062409,1.0,47.0,0,689.0,0.29846220489495345,13.415032991367148,13.723849529400505,13.50367553427855,732102.2978047434
True,False,2025-12-19,6415000.0,33.604747,-117.903146,2565.0,NP - Balboa Peninsula,True,4.0,0.0482,2023.0,5.0,Newport Beach,3.0,True,1.0,ThreeOrMore,2100.0,False,2.0,Newport Mesa Unified,92661,0.0,2100.0,2500.974658869396,0.6,2.0,0,855.0,1.2214285714285715,15.674149556031875,15.189226136877304,15.637203898767636,6182318.363228949
False,False,2025-12-30,440000.0,36.915294,-120.20511,1855.0,92081 - Vista,True,2.0,0.18,1990.0,3.0,Madera,5.0,True,2.0,Two,7840.0,False,2.0,Madera Unified,93637,0.0,7840.0,237.1967654986523,1.6666666666666667,35.0,0,371.0,0.23660714285714285,12.994530005894443,12.92391243868049,13.04891385303207,464591.5228526885
True,False,2025-12-01,650000.0,37.98220252,-121.78021796,2800.0,M3 - La Mirada,True,2.0,0.1299,1992.0,4.0,Antioch,4.0,True,2.0,Two,5660.0,False,2.0,Capistrano Unified,94531,87.0,5660.0,232.1428571428571,1.0,33.0,0,700.0,0.49469964664310956,13.38472764187182,13.415032991367148,13.59623778987693,803102.6275068709
False,False,2025-12-01,1800000.0,33.812495,-117.78162,2600.0,"75 - Orange, Orange Park Acres E of 55",True,10.0,0.2583,1953.0,2.0,Orange,4.0,True,1.0,One,11250.0,False,4.0,Orange Unified,92869,0.0,11250.0,692.3076923076923,2.0,72.0,0,650.0,0.2311111111111111,14.403297222866392,14.115985383678474,14.36604728452167,1734183.550491219
False,False,2025-12-05,380000.0,33.687439000000005,-117.169023,1299.0,SRCAR - Southwest Riverside County,True,2.0,0.11,1990.0,2.0,Menifee,3.0,True,1.0,One,4792.0,False,2.0,Riverside Unified,92584,92.0,4792.0,292.5327174749808,1.5,35.0,0,433.0,0.27107679465776297,12.84792653170257,13.353475098367715,13.20999416411073,545792.5099585006
True,True,2025-12-23,530000.0,34.201728,-116.298971,1052.0,DC625 - North Central,False,0.0,3.51,1971.0,2.0,Joshua Tree,3.0,False,1.0,One,152896.0,False,0.0,Morongo Unified,92252,0.0,152896.0,503.8022813688213,1.5,54.0,0,350.6666666666667,0.00688049393051486,13.180632285528304,12.871334622600584,12.789405747023663,358400.2820396759
False,False,2025-12-04,1027000.0,33.875681,-117.342427,3475.0,252 - Riverside,True,6.0,0.2435,2025.0,4.0,Riverside,5.0,False,2.0,Two,10609.0,True,3.0,Riverside Unified,92508,135.0,10609.0,295.53956834532374,1.25,0.0,0,695.0,0.32755207842397965,13.842152488910695,13.56126305375042,13.902702975387845,1091106.6074429993
True,False,2025-12-10,515000.0,34.411395,-117.265151,2460.0,HSP - Hesperia,True,2.0,0.8267,2006.0,3.0,Hesperia,4.0,True,1.0,One,36010.0,False,2.0,Hesperia Unified,92345,0.0,36010.0,209.34959349593493,1.3333333333333333,19.0,0,615.0,0.06831435712302138,13.151922179645874,13.064514272196533,13.28628265048493,589059.6026598421
True,False,2025-12-10,745000.0,37.89319544,-121.5977482,2585.0,131 - West Torrance,True,3.0,0.1777,1990.0,3.0,Discovery Bay,4.0,True,2.0,Two,7740.0,False,3.0,Bonita Unified,94505,135.0,7740.0,288.2011605415861,1.3333333333333333,35.0,0,646.25,0.3339793281653747,13.521139497361697,13.589232200143268,13.671288195527477,865695.2285549005
True,False,2025-12-26,922500.0,38.01190184,-122.12848001,2690.0,92024 - Encinitas,True,2.0,0.1343,1930.0,3.0,Martinez,4.0,False,2.0,Two,5850.0,False,2.0,Saddleback Valley Unified,94553,0.0,5850.0,342.9368029739777,1.3333333333333333,95.0,0,672.5,0.4598290598290598,13.73484265489682,13.604789526648622,13.896331972359144,1084177.2608248044
True,False,2025-12-08,415000.0,34.425616,-117.333405,1458.0,HSP - Hesperia,True,2.0,1.0034,1977.0,2.0,Hesperia,3.0,True,1.0,One,43710.0,False,2.0,Hesperia Unified,92345,0.0,43710.0,284.63648834019205,1.5,48.0,0,486.0,0.03335621139327385,12.936033799212835,13.064514272196533,12.945552753644648,418969.227566275
True,False,2025-12-02,820000.0,34.454358,-118.561848,1889.0,VLWC - Valencia West Creek,True,2.0,0.7037,2010.0,3.0,Valencia,3.0,False,2.0,Two,30651.0,False,2.0,William S. Hart Union,91354,155.5,30651.0,434.0921122286924,1.0,15.0,0,629.6666666666666,0.061629310626080715,13.617059619240436,13.710150042306449,13.724919192140039,913390.8773781133
True,False,2025-12-11,575000.0,34.134492,-117.583112,1240.0,688 - Rancho Cucamonga,True,2.0,0.085,1988.0,2.0,Rancho Cucamonga,3.0,True,2.0,Two,3704.0,False,2.0,Chaffey Joint Union High,91737,135.0,3704.0,463.7096774193548,1.5,37.0,0,413.3333333333333,0.3347732181425486,13.262125319779487,13.75893124807979,13.448455683430321,692771.628481082
True,False,2025-12-19,1098000.0,34.089892,-118.200741,2297.0,679 - Montecito Heights,True,2.0,0.1127,1997.0,3.0,Los Angeles,4.0,False,1.0,ThreeOrMore,4911.0,False,2.0,Los Angeles Unified,90031,0.0,4911.0,478.014801915542,1.3333333333333333,28.0,0,574.25,0.4677255141519039,13.909000901051613,13.785052381406869,13.888189249208509,1075384.9507972444
True,False,2025-12-17,275000.0,34.209936,-117.10624,902.0,288 - Running Springs,True,0.0,0.1205,1972.0,1.0,Running Springs,2.0,True,2.0,Two,5250.0,False,0.0,Rim of the World,92382,0.0,5250.0,304.8780487804878,2.0,53.0,0,451.0,0.1718095238095238,12.524526376648708,12.793859310432293,12.551056771051117,282393.5010482321
False,False,2025-12-17,3380000.0,33.753098,-117.759076,3056.0,OH - Orchard Hills,True,2.0,0.1736,2020.0,5.0,Irvine,4.0,True,2.0,Two,7561.0,False,2.0,Irvine Unified,92602,289.0,7561.0,1106.0209424083769,0.8,5.0,0,764.0,0.4041793413569634,15.033386267459202,14.808762330974558,15.144694085746796,3777957.53061941
False,True,2025-12-02,2785000.0,33.749574,-118.0908,3889.0,1A - Seal Beach,True,3.0,0.136,2005.0,6.0,Seal Beach,4.0,True,2.0,Two,5923.0,False,3.0,Los Alamitos Unified,90740,341.0,5923.0,716.122396502957,0.6666666666666666,20.0,0,972.25,0.6565929427654904,14.83975843134352,14.28551418721001,14.790993647100127,2652448.270467607
True,False,2025-12-22,585000.0,33.496651,-117.101972,1217.0,SRCAR - Southwest Riverside County,True,2.0,0.11,1997.0,2.0,Temecula,3.0,True,1.0,One,4792.0,False,2.0,Temecula Unified,92592,130.0,4792.0,480.6902218570255,1.5,28.0,0,405.6666666666667,0.2539649415692821,13.279367126213993,13.580420735596498,13.382641596871107,648645.4840313597
False,False,2025-12-03,1662650.0,34.155968,-118.366779,1734.0,NHO - North Hollywood,False,7.0,0.1895,1925.0,3.0,North Hollywood,3.0,True,1.0,One,8253.0,False,3.0,Other,91602,0.0,8253.0,958.852364475202,1.0,100.0,0,578.0,0.21010541621228643,14.323923273005974,14.48333993053993,14.365143492933445,1732616.9180470991
True,True,2025-12-23,2065000.0,32.823785,-116.80816000000002,3333.0,91901 - Alpine,True,12.0,4.11,2019.0,4.0,Alpine,4.0,True,1.0,One,179031.0,False,4.0,Grossmont Union,91901,0.0,179031.0,619.5619561956196,1.0,6.0,0,833.25,0.01861688757812893,14.54064078437727,13.764217263576723,14.256342252592793,1553999.1339297215
False,True,2025-12-24,1450000.0,33.892152,-117.941414,2577.0,83 - Fullerton,True,2.0,0.4408,1959.0,3.0,Fullerton,4.0,True,1.0,One,19200.0,False,2.0,Fullerton Joint Union High,92835,0.0,19200.0,562.6697710516104,1.3333333333333333,66.0,0,644.25,0.13421875,14.187074114396758,14.145874202616191,14.363357999263647,1729526.1016454243
True,False,2025-12-22,555000.0,34.38516,-117.29354,2172.0,HSP - Hesperia,True,3.0,0.4362,2007.0,3.0,Hesperia,4.0,True,1.0,One,19000.0,False,3.0,Hesperia Unified,92345,0.0,19000.0,255.52486187845304,1.3333333333333333,18.0,0,543.0,0.1143157894736842,13.226723392728571,13.064514272196533,13.195522033994768,537950.6110968681
False,False,2025-12-02,2060000.0,33.672154,-117.931527,2301.0,C1 - Mesa Verde,True,3.0,0.2089,1969.0,3.0,Costa Mesa,5.0,True,2.0,Two,9100.0,False,3.0,Newport Mesa Unified,92626,0.0,9100.0,895.2629291612343,1.6666666666666667,56.0,0,460.2,0.25285714285714284,14.538216540765763,14.28551418721001,14.351970780522668,1709943.3179343946
True,True,2025-12-08,1335000.0,33.685595,-117.666032,2118.0,FH - Foothill Ranch,True,2.0,0.0866,1990.0,3.0,Lake Forest,4.0,True,2.0,Two,3773.0,False,2.0,Saddleback Valley Unified,92610,110.0,3773.0,630.3116147308782,1.3333333333333333,35.0,0,529.5,0.5613570103366021,14.104441849816487,14.20077295875492,14.14567516439352,1391197.1096059685
True,False,2025-12-05,1445000.0,34.173552,-118.242532,1758.0,627 - Rossmoyne & Verdu Woodlands,True,4.0,0.2911,1973.0,2.0,Glendale,3.0,True,1.0,MultiSplit,12681.0,False,2.0,Huntington Beach Union High,91207,0.0,12681.0,821.9567690557452,1.5,52.0,0,586.0,0.13863259995268512,14.183619879528669,14.557447902693651,14.278655948307954,1589064.3602352566
False,False,2025-12-07,824000.0,33.768772,-117.990304,1348.0,"63 - Garden Grove S of Chapman, W of Euclid",True,2.0,0.0918,1977.0,2.0,Garden Grove,3.0,True,1.0,One,4000.0,False,2.0,Garden Grove Unified,92844,360.0,4000.0,611.2759643916914,1.5,48.0,0,449.3333333333333,0.337,13.621925808891609,13.827905642367885,13.626020404755703,827380.8639041445
True,False,2025-12-01,1925000.0,33.658064,-117.996831,2605.0,15 - West Huntington Beach,True,4.0,0.0717,1979.0,4.0,Huntington Beach,4.0,False,2.0,ThreeOrMore,3125.0,False,2.0,Huntington Beach Union High,92648,0.0,3125.0,738.9635316698657,1.0,46.0,0,651.25,0.8336,14.470436525704022,14.580978400103845,14.640747938741692,2282422.5042560115
True,True,2025-12-18,960000.0,34.461826,-118.491822,2696.0,BOUQ - Bouquet Canyon,True,3.0,0.2094,1997.0,3.0,Saugus,5.0,True,2.0,Two,9121.0,False,3.0,William S. Hart Union,91390,0.0,9121.0,356.08308605341244,1.6666666666666667,28.0,0,539.2,0.2955816248218397,13.77468856344402,13.751477381367541,13.936707178334915,1128846.844833435
True,True,2025-12-08,2902650.0,34.107848,-118.364474,4000.0,C03 - Sunset Strip - Hollywood Hills West,True,2.0,0.6644,1976.0,5.0,Los Angeles,4.0,True,2.0,"Two,MultiSplit",28943.0,False,2.0,Los Angeles Unified,90046,0.0,28943.0,725.6625,0.8,49.0,0,1000.0,0.1382026742217462,14.881134670805404,14.637490610367188,15.117141808966823,3675287.0961048147
True,False,2025-12-16,370000.0,34.439291,-117.344879,1392.0,HSP - Hesperia,True,8.0,0.3742,1975.0,2.0,Hesperia,4.0,False,1.0,One,16300.0,False,0.0,Hesperia Unified,92345,0.0,16300.0,265.8045977011494,2.0,50.0,0,348.0,0.08539877300613496,12.821258284620408,13.064514272196533,12.935430847514722,414749.85046690423
False,False,2025-12-16,900250.0,34.176055,-118.364542,1800.0,NHO - North Hollywood,True,2.0,0.1437,1992.0,3.0,North Hollywood,4.0,True,1.0,One,6259.0,False,2.0,Los Angeles Unified,91601,0.0,6259.0,500.1388888888889,1.3333333333333333,33.0,0,450.0,0.2875858763380732,13.710427781511122,13.878386160617055,13.913817150532637,1103300.997145602
True,False,2025-12-04,645000.0,33.915957,-117.441126,1436.0,252 - Riverside,True,2.0,0.14,2025.0,3.0,Riverside,3.0,False,1.0,One,6098.0,True,2.0,Riverside Unified,92503,0.0,6098.0,449.1643454038997,1.0,0.0,0,478.6666666666667,0.23548704493276484,13.37700559577791,13.399995114002609,13.356845839056962,632127.1496551362
True,False,2025-12-03,650000.0,33.916191,-117.440704,1436.0,252 - Riverside,True,2.0,0.13,2025.0,3.0,Riverside,3.0,False,1.0,One,5663.0,True,2.0,Riverside Unified,92503,0.0,5663.0,452.6462395543176,1.0,0.0,0,478.6666666666667,0.2535758431926541,13.38472764187182,13.399995114002609,13.35055379109383,628162.2620230553
False,False,2025-12-17,875000.0,37.67131724,-122.04566069,1854.0,699 - Not Defined,True,2.0,0.3838,1959.0,3.0,Hayward,4.0,True,1.0,MultiSplit,16720.0,False,2.0,Los Angeles Unified,94541,0.0,16720.0,471.9525350593312,1.3333333333333333,66.0,0,463.5,0.11088516746411484,13.681979165339751,13.647074399642998,13.738531789171962,925909.5115749536
True,False,2025-12-03,280000.0,34.425646,-117.648696,1667.0,PINH - Pinon Hills,False,2.0,0.9091,1957.0,2.0,Pinon Hills,4.0,True,1.0,One,39600.0,False,2.0,Snowline Joint Unified,92372,0.0,39600.0,167.96640671865626,2.0,68.0,0,416.75,0.042095959595959596,12.542544882151386,13.094474869669831,13.094930185158894,486469.8401488107
True,False,2025-12-03,345000.0,34.133902,-116.406793,1750.0,DC551 - Airport Area,True,2.0,0.67,1988.0,2.0,Yucca Valley,3.0,True,1.0,One,0.67,False,2.0,Morongo Unified,92284,0.0,29185.2,197.1428571428571,1.5,37.0,0,583.3333333333334,0.059961898496498224,12.751299696013497,12.86876061860541,12.92963720894993,412353.8871132951
True,False,2025-12-02,2312000.0,33.779683,-118.379422,2540.0,176 - Silver Spur,True,2.0,0.2152,1958.0,4.0,Rancho Palos Verdes,5.0,True,1.0,One,9375.0,False,2.0,Palos Verdes Peninsula Unified,90275,0.0,9375.0,910.2362204724408,1.25,67.0,0,508.0,0.27093333333333336,14.653623508774405,14.438232971730155,14.541196834154716,2066148.5620896793
True,False,2025-12-24,1350000.0,34.014687,-117.792042,2647.0,616 - Diamond Bar,True,2.0,0.1558,1989.0,3.0,Diamond Bar,4.0,True,2.0,Two,6785.0,False,2.0,Pomona Unified,91765,0.0,6785.0,510.0113335851907,1.3333333333333333,36.0,0,661.75,0.3901252763448784,14.115615150414612,13.957010120237973,14.09588249687279,1323622.0273269406
False,False,2025-12-15,697989.0,34.014165000000006,-117.595954,1938.0,686 - Ontario,True,2.0,0.0506,2025.0,3.0,Ontario,3.0,False,2.0,Two,2204.0,True,2.0,Mountain View,91761,213.0,2204.0,360.1594427244582,1.0,0.0,0,646.0,0.8793103448275862,13.455958622308009,13.532323657186438,13.484627707143483,718289.3111151182
False,False,2025-12-19,3227500.0,32.69795543,-117.18474888,2375.0,92118 - Coronado,False,5.0,0.186,1958.0,3.0,Coronado,4.0,True,1.0,One,8103.0,False,2.0,Compton Unified,92118,0.0,8103.0,1358.9473684210527,1.3333333333333333,67.0,0,593.75,0.2931013204985808,14.987218401702934,14.925872877186109,14.945432270477385,3095414.1584433285
True,True,2025-12-09,630000.0,34.11886,-117.417935,1560.0,264 - Fontana,True,2.0,0.1639,1979.0,3.0,Fontana,3.0,False,2.0,Two,7140.0,False,2.0,Fontana Unified,92336,0.0,7140.0,403.84615384615387,1.0,46.0,0,520.0,0.2184873949579832,13.353475098367715,13.487006490992238,13.392869509182981,655313.8165926841
False,False,2025-12-30,590000.0,33.977552,-118.31353,1537.0,PHHT - Park Hills Heights,False,2.0,0.1279,1929.0,2.0,Los Angeles,3.0,True,1.0,One,5573.0,False,2.0,Murrieta,90047,0.0,5573.0,383.864671437866,1.5,96.0,0,512.3333333333334,0.2757940068185896,13.287877815881902,13.493926933836812,13.521279742455036,745104.489921466
True,False,2025-12-23,1150000.0,34.005921,-117.953254,2506.0,631 - Hacienda Heights,True,2.0,0.0906,2025.0,3.0,Hacienda Heights,4.0,True,2.0,Two,3946.0,True,2.0,Hacienda La Puente Unified,91745,114.0,3946.0,458.8986432561851,1.3333333333333333,0.0,0,626.5,0.6350734921439433,13.955272500339433,13.845069360205818,13.977612080849994,1175979.6241058416
True,False,2025-12-05,507000.0,33.801798,-116.977134,1624.0,SRCAR - Southwest Riverside County,True,2.0,0.51,1978.0,2.0,San Jacinto,3.0,True,1.0,One,22216.0,False,2.0,San Jacinto Unified,92582,0.0,22216.0,312.192118226601,1.5,47.0,0,541.3333333333334,0.0731004681310767,13.13626628257332,13.154789908438397,13.12645298384998,502048.9901487262
True,False,2025-12-03,550000.0,33.808863,-117.110971,1787.0,SRCAR - Southwest Riverside County,True,2.0,0.31,1990.0,2.0,Nuevo,4.0,True,1.0,One,13504.0,False,2.0,Nuview Union,92567,0.0,13504.0,307.7783995523224,2.0,35.0,0,446.75,0.13233116113744076,13.217673557208654,13.296316684527767,13.26841678207292,578628.9946899698
True,True,2025-12-04,985000.0,33.786707,-116.438932,3017.0,321 - Rancho Mirage,True,6.0,0.28,1991.0,4.0,Rancho Mirage,3.0,True,1.0,One,12197.0,False,2.0,Simi Valley Unified,92270,335.0,12197.0,326.4832615180643,0.75,34.0,0,1005.6666666666666,0.24735590719029268,13.800396920154226,13.9108207377686,14.059221733864845,1275975.744718429
True,False,2025-12-22,1650000.0,35.141113,-120.62143,2918.0,PSMO - Pismo Beach,True,6.0,0.291,1989.0,3.0,Pismo Beach,3.0,True,1.0,One,12677.0,False,3.0,Lucia Mar Unified,93449,0.0,12677.0,565.4557916381083,1.0,36.0,0,972.6666666666666,0.2301806421077542,14.316285845876763,14.164329100880673,14.436131937417528,1860083.5004885746
True,False,2025-12-26,480000.0,34.622111,-118.209967,1532.0,PLM - Palmdale,True,3.0,0.17,1985.0,2.0,Palmdale,4.0,True,1.0,One,0.17,False,3.0,Antelope Valley Union,93551,0.0,7405.2,313.3159268929504,2.0,40.0,0,383.0,0.2068816507319181,13.081541382884074,13.345506928718539,13.28350383881779,587424.9891567127
False,False,2025-12-12,6150000.0,36.5536964,-121.9217108,2242.0,699 - Not Defined,False,1.0,0.0918,1953.0,4.0,Carmel,3.0,True,1.0,Two,4000.0,False,1.0,Carmel Unified,93921,0.0,4000.0,2743.086529884032,0.75,72.0,0,747.3333333333334,0.5605,15.631962639782701,15.07921417530768,15.03954565497095,3400882.9769418193
False,False,2025-12-02,830000.0,37.67103299,-121.77037824,1192.0,BUEL - Buellton,True,2.0,0.0814,1970.0,2.0,Livermore,3.0,True,2.0,Two,3547.0,False,2.0,Placentia-Yorba Linda Unified,94550,0.0,3547.0,696.3087248322148,1.5,55.0,0,397.3333333333333,0.3360586411051593,13.62918097977278,14.077490059042251,13.775932737797657,961195.150713254
True,False,2025-12-10,2215000.0,33.107975,-117.273482,3376.0,92011 - Carlsbad,True,4.0,0.2506,2001.0,4.0,Carlsbad,5.0,True,1.0,One,10917.0,False,2.0,Carlsbad Unified,92011,125.0,10917.0,656.1018957345972,1.25,24.0,0,675.2,0.30924246587890447,14.610762961461374,14.406071149749119,14.65234888723432,2309054.9523086594
True,False,2025-12-26,399000.0,34.459801,-117.343345,1416.0,HSP - Hesperia,True,2.0,1.05,1980.0,2.0,Hesperia,2.0,True,1.0,One,1.05,False,2.0,Hesperia Unified,92345,0.0,45738.0,281.77966101694915,1.0,45.0,0,708.0,0.03095894004984914,12.896716695872,13.064514272196533,12.866307142254097,387049.2180131901
True,False,2025-12-11,672500.0,33.97764,-117.58674,1498.0,249 - Eastvale,True,2.0,0.05,2020.0,3.0,Eastvale,3.0,False,2.0,Two,2178.0,False,2.0,Corona-Norco Unified,92880,130.0,2178.0,448.931909212283,1.0,5.0,0,499.3333333333333,0.6877869605142333,13.418757390458131,13.764217263576723,13.522238196674053,745818.9808121476
True,False,2025-12-12,677000.0,34.085776,-117.194904,2168.0,268 - Redlands,True,2.0,0.0803,2025.0,3.0,Redlands,4.0,False,2.0,Two,3500.0,True,2.0,Redlands Unified,92374,84.0,3500.0,312.2693726937269,1.3333333333333333,0.0,0,542.0,0.6194285714285714,13.425426551894413,13.299666780812677,13.343100269579129,623497.6465892888
False,False,2025-12-17,660000.0,34.116187,-117.464299,2744.0,264 - Fontana,True,2.0,0.1654,2004.0,3.0,Fontana,4.0,True,2.0,Two,7203.0,False,2.0,Fontana Unified,92336,0.0,7203.0,240.52478134110788,1.3333333333333333,21.0,0,686.0,0.38095238095238093,13.399995114002609,13.487006490992238,13.533187023248225,754029.6902831733
True,False,2025-12-23,639000.0,34.087745,-117.198215,2125.0,268 - Redlands,True,2.0,0.0803,2025.0,3.0,Redlands,4.0,False,2.0,Two,3500.0,True,2.0,Redlands Unified,92374,145.0,3500.0,300.7058823529412,1.3333333333333333,0.0,0,531.25,0.6071428571428571,13.367659733359671,13.299666780812677,13.343100269579129,623497.6465892888
True,False,2025-12-05,600000.0,34.014990000000004,-117.445901,1771.0,251 - Jurupa Valley,True,2.0,0.0487,2018.0,3.0,Jurupa Valley,4.0,False,2.0,Two,2120.0,False,2.0,Jurupa Unified,92509,183.0,2120.0,338.7916431394692,1.3333333333333333,7.0,0,442.75,0.835377358490566,13.304684934198283,13.422467969854667,13.329300842970701,614952.828961081
False,False,2025-12-24,440000.0,33.724418,-116.980776,1588.0,SRCAR - Southwest Riverside County,True,2.0,0.15,1990.0,2.0,Hemet,4.0,True,1.0,One,6534.0,False,2.0,Hemet Unified,92543,0.0,6534.0,277.0780856423174,2.0,35.0,0,397.0,0.24303642485460666,12.994530005894443,12.919503857231216,12.927285468647664,411385.2772640071
True,True,2025-12-16,2000000.0,34.07175,-118.348264,2301.0,C19 - Beverly Center-Miracle Mile,False,7.0,0.1827,1933.0,3.0,Los Angeles,4.0,True,2.0,Two,7957.0,False,2.0,William S. Hart Union,90036,0.0,7957.0,869.187309865276,1.3333333333333333,92.0,0,575.25,0.2891793389468393,14.508657738524219,14.676279640441766,14.502540391243349,1987802.6511849076
False,False,2025-12-12,1959000.0,34.018789,-118.39463899999998,2335.0,C28 - Culver City,True,5.0,0.155,1954.0,3.0,Culver City,5.0,False,1.0,One,6752.0,False,2.0,Other,90232,164.0,6752.0,838.9721627408993,1.6666666666666667,71.0,0,467.0,0.3458234597156398,14.487944696926677,14.558220461336216,14.664500426012262,2337284.693131329
True,False,2025-12-18,1165000.0,34.263111,-118.901728,3603.0,SMP - South Moorpark,True,3.0,0.1989999999999999,1988.0,5.0,Moorpark,5.0,True,2.0,Two,8668.0,False,3.0,Moorpark Unified,93021,220.0,8668.0,323.34165972800446,1.0,37.0,0,720.6,0.41566682048915554,13.968231644981937,13.8878312195439,14.247753215212475,1540708.9339945694
True,False,2025-12-26,499900.0,34.431718,-117.337792,1820.0,HSP - Hesperia,False,2.0,1.08,1990.0,2.0,Hesperia,4.0,True,1.0,One,1.08,False,2.0,Hesperia Unified,92345,0.0,47044.8,274.6703296703297,2.0,35.0,0,455.0,0.03868652858551848,13.122163357401663,13.064514272196533,13.085001605503942,481663.78372852353
True,False,2025-12-01,789888.0,34.117895000000004,-117.516506,1897.0,688 - Rancho Cucamonga,True,2.0,0.1318,2001.0,2.0,Rancho Cucamonga,3.0,True,1.0,One,5740.0,False,2.0,Chaffey Joint Union High,91739,0.0,5740.0,416.38798102266736,1.5,24.0,0,632.3333333333334,0.3304878048780488,13.579646442240684,13.862273807960708,13.724463375525778,912974.6335135312
True,False,2025-12-10,855000.0,34.043347999999995,-118.113858,1318.0,641 - Monterey Park,False,2.0,0.1385,1959.0,2.0,Monterey Park,3.0,False,1.0,One,6031.0,False,2.0,Kern Union,91755,0.0,6031.0,648.7101669195752,1.5,66.0,0,439.3333333333333,0.21853755596086885,13.658856747918897,13.792750300313369,13.734173425124398,921882.8420682064
True,False,2025-12-15,615000.0,34.191088,-117.419227,1821.0,274 - San Bernardino,True,2.0,0.1301,2018.0,3.0,San Bernardino,3.0,False,2.0,Two,5667.0,False,2.0,San Bernardino City Unified,92407,121.0,5667.0,337.72652388797366,1.0,7.0,0,607.0,0.32133403917416625,13.329377546788654,13.304684934198283,13.290253222186163,591403.1555920515
True,True,2025-12-22,1180000.0,34.020835,-117.868504,2015.0,668 - Walnut,True,2.0,0.2129,1976.0,3.0,Walnut,4.0,True,2.0,Two,9274.0,False,2.0,Walnut Valley Unified,91789,0.0,9274.0,585.6079404466501,1.3333333333333333,49.0,0,503.75,0.21727409963338365,13.981024996441848,13.963930563082547,13.98422889332223,1183786.661115561
True,True,2025-12-10,710000.0,33.568689,-117.221445,2447.0,SRCAR - Southwest Riverside County,True,6.0,0.18,1991.0,3.0,Murrieta,4.0,True,2.0,Two,7840.0,False,3.0,Murrieta,92562,0.0,7840.0,290.1512055578259,1.3333333333333333,34.0,0,611.75,0.3121173469387755,13.473020249017498,13.487006490992238,13.542114042565897,760791.0624423403
True,True,2025-12-04,2900000.0,34.120889,-118.384292,3261.0,C03 - Sunset Strip - Hollywood Hills West,True,2.0,0.2589,1962.0,4.0,Los Angeles,5.0,True,1.0,MultiSplit,11276.0,False,3.0,ABC Unified,90046,90.0,11276.0,889.2977614228764,1.25,63.0,0,652.2,0.28919829726853497,14.880221294956703,14.637490610367188,14.822659977661878,2737785.6033667345
True,True,2025-12-02,1190000.0,34.321296999999994,-118.436536,2359.0,SYL - Sylmar,True,2.0,0.2619,1968.0,3.0,Sylmar,4.0,True,2.0,Two,11410.0,False,2.0,Los Angeles Unified,91342,0.0,11410.0,504.45103857566767,1.3333333333333333,57.0,0,589.75,0.2067484662576687,13.989463865087712,13.667586227071855,13.886712262322074,1073797.7937206733
True,True,2025-12-05,1900000.0,33.885558,-117.802622,3167.0,85 - Yorba Linda,True,11.0,0.3853,1968.0,3.0,Yorba Linda,4.0,True,2.0,Two,16783.0,False,3.0,Placentia-Yorba Linda Unified,92886,0.0,16783.0,599.9368487527629,1.3333333333333333,57.0,0,791.75,0.18870285407853185,14.457364444136669,14.20888790014483,14.461534746405997,1907940.119152691
False,False,2025-12-23,855000.0,32.73783721,-117.03628665,1500.0,91945 - Lemon Grove,True,4.0,0.1423,1945.0,3.0,San Diego,4.0,False,1.0,One,6200.0,False,0.0,Moreno Valley Unified,91945,0.0,6200.0,570.0,1.3333333333333333,80.0,0,375.0,0.24193548387096775,13.658856747918897,13.547631112808673,13.606372976948736,811283.6107417982
True,False,2025-12-01,2536600.0,37.91583091,-122.27962902,3528.0,M3 - La Mirada,True,4.0,0.35,2025.0,3.0,Kensington,4.0,False,1.0,ThreeOrMore,15246.0,True,4.0,West Contra Costa,94707,0.0,15246.0,718.9909297052154,1.3333333333333333,0.0,0,882.0,0.23140495867768596,14.746335159615466,14.331212327451603,14.852587664065513,2820959.5868730517
True,False,2025-12-22,715000.0,37.95542839,-121.69323177,1960.0,TOE - Thousand Oaks East,False,2.0,0.1538,1994.0,3.0,Brentwood,3.0,True,2.0,Two,6700.0,False,2.0,Covina Valley Unified,94513,435.0,6700.0,364.7959183673469,1.0,31.0,0,653.3333333333334,0.29253731343283584,13.480037821676145,13.591116224748411,13.537919380606004,757606.4848958686
True,False,2025-12-29,975000.0,33.802958000000004,-118.113844,1248.0,"34 - Los Altos, X-100",True,2.0,0.1706,1955.0,2.0,Long Beach,3.0,False,1.0,One,7433.0,False,2.0,San Bernardino City Unified,90815,0.0,7433.0,781.25,1.5,70.0,0,416.0,0.16789990582537334,13.790192749979985,13.937728190688523,13.78029108544128,965393.515654675
True,True,2025-12-09,875000.0,33.898832,-118.022003,1298.0,M3 - La Mirada,False,2.0,0.158,1954.0,2.0,La Mirada,3.0,True,1.0,One,6884.0,False,2.0,Norwalk - La Mirada,90638,0.0,6884.0,674.1140215716487,1.5,71.0,0,432.6666666666667,0.18855316676350958,13.681979165339751,13.709037694795391,13.652488818854122,849572.7192589135
True,False,2025-12-16,7326000.0,34.078605,-118.396435,4426.0,C01 - Beverly Hills,False,2.0,0.2707,1928.0,9.0,Beverly Hills,6.0,True,2.0,Two,11793.0,False,3.0,Saddleback Valley Unified,90210,398.0,11793.0,1655.2191595119748,0.6666666666666666,97.0,0,737.6666666666666,0.37530738573730177,15.806940222320897,15.053884789007542,15.46922626183687,5226363.411816932
True,False,2025-12-15,3875000.0,34.074159,-118.505638,2612.0,C06 - Brentwood,True,2.0,0.2942,1963.0,3.0,Los Angeles,4.0,True,1.0,One,12814.0,False,2.0,Los Angeles Unified,90049,0.0,12814.0,1483.5375191424196,1.3333333333333333,62.0,0,653.0,0.20383955049164976,15.170056220769585,15.137266397946593,15.008591333462073,3297223.5817934643
True,True,2025-12-01,1720000.0,34.240691,-118.811499,3404.0,SWR - Simi Wood Ranch,True,4.0,0.308,1994.0,4.0,Simi Valley,5.0,True,2.0,Two,13416.0,False,4.0,Simi Valley Unified,93065,123.0,13416.0,505.2878965922444,1.25,31.0,0,680.8,0.253726893261777,14.357834848789636,13.676248490630767,14.077894634307254,1300025.7556932694
True,False,2025-12-15,450000.0,33.434969,-116.854585,1200.0,SRCAR - Southwest Riverside County,False,6.0,2.6,1985.0,2.0,Aguanga,3.0,False,1.0,One,113256.0,False,0.0,Hemet Unified,92536,0.0,113256.0,375.0,1.5,40.0,0,400.0,0.010595465140919686,13.017002861746503,13.280860619963631,13.256626407026822,571846.8026912024
False,False,2025-12-31,945000.0,34.164057,-118.956154,1764.0,NBPK - Newbury Park,True,3.0,0.18,1979.0,2.0,Newbury Park,4.0,True,1.0,One,7840.0,False,3.0,Conejo Valley Unified,91320,0.0,7840.0,535.7142857142857,2.0,46.0,0,441.0,0.225,13.758940206475879,13.933293593620657,13.86934434940421,1055309.1861574105
True,False,2025-12-19,660000.0,35.632883,-120.68036399999998,1284.0,PRIC - PR Inside City Limit,True,2.0,0.1581,1994.0,2.0,Paso Robles,3.0,True,1.0,One,6887.0,False,2.0,Paso Robles Joint Unified,93446,0.0,6887.0,514.018691588785,1.5,31.0,0,428.0,0.18643821693044868,13.399995114002609,13.591116224748411,13.401216425809737,660806.5582219898
False,False,2025-12-02,299000.0,35.594124,-119.340946,1040.0,WSCO - Wasco,True,2.0,0.14,1972.0,2.0,Wasco,3.0,False,1.0,One,6098.0,False,2.0,Kern Union,93280,0.0,6098.0,287.5,1.5,53.0,0,346.6666666666667,0.17054772056411938,12.608198852372823,13.698976741708323,13.489736323914489,721968.1648624112
False,False,2025-12-03,780000.0,33.820043,-117.9304372,1291.0,699 - Not Defined,True,4.0,0.174,1954.0,2.0,Anaheim,4.0,False,1.0,One,7579.0,False,2.0,Oxnard Union,92802,0.0,7579.0,604.1828040278854,2.0,71.0,0,322.75,0.17033909486739676,13.567049198665774,13.815510557964274,13.720381866589914,909255.9135454422
True,False,2025-12-03,1025000.0,37.76098703,-122.1412687,1774.0,TSRO - Tesoro de Valle,True,2.0,0.205,1961.0,2.0,Oakland,3.0,True,1.0,One,8928.0,False,2.0,Oakland,94605,0.0,8928.0,577.7903043968433,1.5,64.0,0,591.3333333333334,0.19870071684587814,13.840203170554645,13.527828485512494,13.554374722542757,770176.2952876826
False,True,2025-12-17,365000.0,34.687139,-118.084783,1102.0,LAC - Lancaster,True,2.0,0.1427,1989.0,2.0,Lancaster,2.0,True,1.0,One,6215.0,False,2.0,Antelope Valley Union,93535,0.0,6215.0,331.2159709618875,1.0,36.0,0,551.0,0.17731295253419146,12.80765263256463,12.994530005894443,12.77388760815945,352881.5079937784
True,False,2025-12-02,2610000.0,33.807662,-118.380153,2988.0,128 - Hollywood Riviera,False,2.0,0.1478,1948.0,4.0,Redondo Beach,5.0,True,2.0,Two,6437.0,False,2.0,Torrance Unified,90277,0.0,6437.0,873.4939759036145,1.25,77.0,0,597.6,0.46419139350629174,14.774860779298876,14.508657738524219,14.775001649807429,2610367.6979256114
True,False,2025-12-16,745000.0,33.62591,-117.086178,2641.0,SRCAR - Southwest Riverside County,True,2.0,0.19,2022.0,4.0,Winchester,5.0,False,1.0,One,8276.0,False,2.0,Temecula Unified,92596,0.0,8276.0,282.0901173797804,1.25,3.0,0,528.2,0.31911551474142097,13.521139497361697,13.337474757021274,13.53551959148796,755790.5688768929
False,False,2025-12-22,1532500.0,33.37886129,-117.19270391,5229.0,92028 - Fallbrook,False,19.0,0.0584,1982.0,5.0,Fallbrook,5.0,False,2.0,Two,7405.0,False,4.0,Los Angeles Unified,92028,0.0,4512.0,293.07707018550394,1.0,43.0,0,1045.8,1.158909574468085,14.242410946792504,13.681979165339751,14.559278004840753,2103846.7333927862
True,False,2025-12-23,879000.0,34.437084000000006,-118.455171,2145.0,SKYLN - Skyline Ranch,True,2.0,3.6489,2021.0,3.0,Saugus,4.0,False,2.0,Two,158945.0,False,2.0,William S. Hart Union,91350,220.0,158945.0,409.7902097902098,1.3333333333333333,4.0,0,536.25,0.01349523420050961,13.686540176667314,13.652991628466498,13.760498976591334,946474.1864194783
False,False,2025-12-11,850000.0,33.931126,-117.548661,1556.0,250 - Norco,True,2.0,0.65,1970.0,2.0,Norco,3.0,True,1.0,One,0.65,False,2.0,Corona-Norco Unified,92860,0.0,28314.0,546.2724935732648,1.5,55.0,0,518.6666666666666,0.054955145864236776,13.652991628466498,13.753635154246187,13.693123305468431,884805.6589495806
True,False,2025-12-30,604000.0,34.000073,-117.448838,1125.0,251 - Jurupa Valley,True,6.0,0.2,1987.0,2.0,Jurupa Valley,3.0,True,1.0,One,8712.0,False,2.0,Jurupa Unified,92509,0.0,8712.0,536.8888888888889,1.5,38.0,0,375.0,0.12913223140495866,13.311329476916953,13.422467969854667,13.272007040939659,580710.1562876403
False,False,2025-12-04,1350000.0,34.279878000000004,-118.587908,2655.0,PORA - Porter Ranch,True,3.0,0.1526,2006.0,3.0,Porter Ranch,4.0,True,2.0,Two,6649.0,False,3.0,Los Angeles Unified,91326,260.0,6649.0,508.4745762711864,1.3333333333333333,19.0,0,663.75,0.39930816664160024,14.115615150414612,14.126664986601197,14.188313799471,1451798.6580120474
True,True,2025-12-18,855000.0,33.91428,-117.950486,1649.0,87 - La Habra,True,2.0,0.1377,1962.0,2.0,La Habra,4.0,True,1.0,One,6000.0,False,2.0,Fullerton Joint Union High,90631,0.0,6000.0,518.4960582171012,2.0,63.0,0,412.25,0.2748333333333333,13.658856747918897,13.792724135316895,13.751070992957445,937592.7759628698
True,False,2025-12-05,1112500.0,37.67333333,-121.9005584,1447.0,"34 - Los Altos, X-100",True,2.0,0.1096,1985.0,2.0,Pleasanton,2.0,True,2.0,Two,4774.0,False,2.0,Pleasanton,94566,0.0,4774.0,768.8320663441604,1.0,40.0,0,723.5,0.3031001256807708,13.922120293022532,14.430696197054507,13.984346529853902,1183925.9258637638
True,False,2025-12-29,309000.0,34.240292,-116.905832,864.0,289 - Big Bear Area,False,0.0,0.0597,1977.0,1.0,Big Bear Lake,2.0,True,1.0,One,2600.0,False,0.0,Bear Valley Unified,92315,0.0,2600.0,357.6388888888889,2.0,48.0,0,432.0,0.3323076923076923,12.641096555879882,13.398478813484644,12.998069437975932,441560.10943785304
False,False,2025-12-08,1080000.0,33.964189000000005,-117.590816,3528.0,249 - Eastvale,True,3.0,0.16,2013.0,4.0,Eastvale,5.0,True,2.0,Two,6970.0,False,3.0,Corona-Norco Unified,92880,30.0,6970.0,306.1224489795918,1.25,12.0,0,705.6,0.5061692969870876,13.892471599100402,13.764217263576723,13.945476822364306,1138789.9649138872
True,False,2025-12-03,1915000.0,33.725974,-118.316725,2612.0,179 - South Shores,True,2.0,0.23,1959.0,3.0,San Pedro,4.0,True,1.0,MultiSplit,0.23,False,2.0,Los Angeles Unified,90732,0.0,10018.8,733.1546707503828,1.3333333333333333,66.0,0,653.0,0.2607098654529485,14.465228180596883,13.946538820370678,14.15726392290902,1407413.137288042
True,False,2025-12-16,500000.0,34.127946,-117.241285,1489.0,274 - San Bernardino,True,1.0,0.171,1963.0,2.0,San Bernardino,4.0,True,1.0,One,7448.0,False,1.0,San Bernardino City Unified,92404,0.0,7448.0,335.795836131632,2.0,62.0,0,372.25,0.19991944146079485,13.122363377404328,13.142166004700508,13.108275735027075,493005.56205848354
True,False,2025-12-16,1515000.0,34.226661,-119.201031,3143.0,VC31 - Oxnard - Northwest,True,10.0,0.214,1988.0,3.0,Oxnard,4.0,True,2.0,Two,9321.0,False,3.0,Ventura Unified,93036,122.0,9321.0,482.02354438434617,1.3333333333333333,37.0,0,785.75,0.33719557987340415,14.230925996925606,13.641157170819497,13.877465207811822,1063914.094967572
False,False,2025-12-04,1200000.0,33.568461,-117.726298,1676.0,AV - Aliso Viejo,True,2.0,0.0861,1995.0,3.0,Aliso Viejo,3.0,True,2.0,Two,3750.0,False,2.0,Capistrano Unified,92656,158.0,3750.0,715.9904534606205,1.0,30.0,0,558.6666666666666,0.44693333333333335,13.997832114758229,14.115615150414612,13.978773847050762,1177346.6314036034
True,True,2025-12-03,2220000.0,34.140383,-117.884537,4470.0,629 - Glendora,True,4.0,0.5161,2016.0,5.0,Glendora,4.0,True,1.0,One,22480.0,False,4.0,Glendora Unified,91741,391.29,22480.0,496.6442953020134,0.8,9.0,0,1117.5,0.19884341637010677,14.613017753848462,13.868095806767045,14.759371865346532,2569885.402336144
False,False,2025-12-29,355000.0,34.519688,-117.431902,1744.0,ADL - Adelanto,True,2.0,0.1701,1993.0,2.0,Adelanto,4.0,True,1.0,One,7410.17,False,2.0,Adelanto,92301,0.0,7410.17,203.55504587155963,2.0,32.0,0,436.0,0.23535222538754172,12.779873068457553,12.907924856844918,12.946174169105253,419229.66243254795
False,False,2025-12-30,762500.0,34.153955,-118.128399,783.0,645 - Pasadena (NW),False,2.0,0.1195,1922.0,1.0,Pasadena,2.0,True,1.0,One,5205.0,False,1.0,Pasadena Unified,91106,0.0,5205.0,973.8186462324394,2.0,103.0,0,391.5,0.15043227665706052,13.544357787463703,14.686803923907693,13.891704348772098,1079171.687447604
False,True,2025-12-29,875000.0,33.667579,-116.239644,2905.0,313 - La Quinta South of HWY 111,True,3.0,0.21,2006.0,4.0,La Quinta,3.0,True,1.0,One,9148.0,True,3.0,Burbank Unified,92253,223.0,9148.0,301.2048192771084,0.75,19.0,0,968.3333333333334,0.31755574989068647,13.681979165339751,13.545013310266594,14.040132412062933,1251849.2450158142
True,True,2025-12-22,899999.0,34.280803000000006,-118.72719,1727.0,SVC - Central Simi,True,2.0,0.15,1968.0,2.0,Simi Valley,4.0,True,1.0,One,6534.0,False,2.0,Simi Valley Unified,93063,75.0,6534.0,521.1343370005791,2.0,57.0,0,431.75,0.26430976430976433,13.71014893119472,13.637546696375418,13.631985122645807,832330.7048721033
True,True,2025-12-08,2501000.0,37.45872704,-122.24959153,2130.0,699 - Not Defined,True,2.0,0.1616,1956.0,3.0,Redwood City,3.0,True,1.0,One,7038.0,False,2.0,Other,94061,0.0,7038.0,1174.1784037558689,1.0,69.0,0,710.0,0.30264279624893436,14.732201209859756,14.580978400103845,14.60090908128151,2193280.840143046
False,False,2025-12-05,1125000.0,34.186738,-118.61005,1834.0,WHLL - Woodland Hills,True,2.0,0.177,1954.0,4.0,Woodland Hills,4.0,False,1.0,One,7712.0,False,0.0,Los Angeles Unified,91303,0.0,7712.0,613.413304252999,1.0,71.0,0,458.5,0.23781120331950206,13.933293593620657,13.651814465293484,13.853043712037447,1038246.4186089493
False,True,2025-12-11,720000.0,33.908425,-117.178549,3558.0,259 - Moreno Valley,True,3.0,0.18,2004.0,4.0,Moreno Valley,5.0,True,2.0,Two,7841.0,False,3.0,Moreno Valley Unified,92555,27.0,7841.0,202.3608768971332,1.25,21.0,0,711.6,0.4537686519576585,13.487006490992238,13.304684934198283,13.57651397812876,787417.57546571
True,False,2025-12-18,455000.0,39.386265,-121.54793,1580.0,84 - Placentia,True,0.0,6.23,1964.0,2.0,Oroville,3.0,True,1.0,One,6.23,False,0.0,Oroville Union,95966,0.0,271378.8,287.9746835443038,1.5,61.0,0,526.6666666666666,0.005822120224571706,13.028052697933088,12.821258284620408,12.933752363688198,414054.2834631276
True,False,2025-12-18,1822000.0,36.58175408,-121.91903841,1560.0,699 - Not Defined,True,3.0,0.2656,1951.0,3.0,Pebble Beach,3.0,True,2.0,One,11570.0,False,1.0,Other,93953,0.0,11570.0,1167.948717948718,1.0,74.0,0,520.0,0.1348314606741573,14.41544535680204,14.812459192855883,14.548415558774575,2081117.4828390325
False,False,2025-12-12,545000.0,33.795052,-116.288101,1578.0,307 - Sun City,True,6.0,0.12,2003.0,2.0,Palm Desert,2.0,False,1.0,One,5227.0,False,2.0,Rim of the World,92211,457.0,5227.0,345.37389100126745,1.0,22.0,0,789.0,0.3018940118614884,13.208541073645382,13.226723392728571,13.026148221950377,454134.2880533355
True,False,2025-12-17,1350000.0,34.175165,-117.4864,4160.0,264 - Fontana,True,3.0,0.3592,2006.0,5.0,Fontana,4.0,True,2.0,Two,15648.0,False,3.0,Etiwanda,92336,375.0,15648.0,324.5192307692308,0.8,19.0,0,1040.0,0.2658486707566462,14.115615150414612,13.487006490992238,14.410859001042173,1813662.7931181097
True,False,2025-12-16,1235000.0,33.845651000000004,-117.967153,2544.0,79 - Anaheim West of Harbor,True,4.0,0.0918,2004.0,3.0,Anaheim,5.0,True,2.0,Two,4000.0,False,2.0,Anaheim Union High,92801,90.0,4000.0,485.4559748427673,1.6666666666666667,21.0,0,508.8,0.636,14.026581528044215,13.664687668229691,13.807946226364427,992464.2059552507
True,False,2025-12-04,563000.0,34.534319,-117.22756,2100.0,APPV - Apple Valley,True,13.0,1.2397,2025.0,3.0,Apple Valley,4.0,True,1.0,One,54000.0,True,3.0,Apple Valley Unified,92307,0.0,54000.0,268.0952380952381,1.3333333333333333,0.0,0,525.0,0.03888888888888889,13.241034907121827,13.049792684569493,13.29417117686071,593724.7914121724
False,False,2025-12-12,684990.0,33.700461,-117.124965,2537.0,SRCAR - Southwest Riverside County,True,4.0,0.148,2025.0,3.0,Winchester,5.0,False,2.0,Two,6447.0,True,2.0,Perris Union High,92596,0.0,6447.0,270.0,1.6666666666666667,0.0,0,507.4,0.3935163642004033,13.437159518597657,13.337474757021274,13.383129104719428,648961.7808879387
True,True,2025-12-30,685000.0,33.759107,-116.244072,2446.0,309 - Indio North of East Valley,True,6.0,0.23,2010.0,3.0,Indio,2.0,True,1.0,One,10019.0,False,3.0,Orange Unified,92203,369.0,10019.0,280.04905968928864,0.6666666666666666,15.0,0,1223.0,0.2441361413314702,13.437174117244362,13.255142955086335,13.383396389372983,649135.2615960465
False,False,2025-12-04,1330000.0,33.763492,-118.147177,2600.0,"2 - Belmont Heights, Alamitos Heights",False,2.0,0.1492,1923.0,3.0,Long Beach,5.0,True,1.0,One,6500.0,False,2.0,Long Beach Unified,90803,0.0,6500.0,511.5384615384616,1.6666666666666667,102.0,0,520.0,0.4,14.100689500197937,14.288556669519746,14.465492790808089,1915506.7956031465
True,False,2025-12-26,890000.0,34.181546000000004,-118.905072,1964.0,NBPK - Newbury Park,True,2.0,0.19,1999.0,3.0,Newbury Park,3.0,True,1.0,One,8276.0,False,2.0,Conejo Valley Unified,91320,130.0,8276.0,453.15682281059065,1.0,26.0,0,654.6666666666666,0.2373127114548091,13.698976741708323,13.933293593620657,13.916337280967308,1106084.9660760988
False,False,2025-12-01,385000.0,34.240156,-116.924373,740.0,289 - Big Bear Area,False,2.0,0.0918,1967.0,1.0,Big Bear,2.0,True,1.0,One,4000.0,False,0.0,Los Angeles Unified,92315,0.0,4000.0,520.2702702702703,2.0,58.0,0,370.0,0.185,12.86099861326992,13.398478813484644,13.019468932778311,451111.1014287399
True,False,2025-12-24,660000.0,33.850751,-118.198202,762.0,7 - North Long Beach,True,0.0,0.1167,1939.0,1.0,Long Beach,2.0,True,1.0,One,5083.0,False,0.0,Long Beach Unified,90805,0.0,5083.0,866.1417322834645,2.0,86.0,0,381.0,0.14991146960456422,13.399995114002609,13.526494262499357,13.30659685751698,601148.2513256798
False,False,2025-12-29,815000.0,33.928774,-118.320516,1552.0,110 - East Hawthorne,False,2.0,0.1245,1954.0,2.0,Hawthorne,3.0,True,1.0,One,5423.0,False,2.0,Hawthorne,90250,0.0,5423.0,525.1288659793814,1.5,71.0,0,517.3333333333334,0.2861884565738521,13.610943392223,13.710150042306449,13.715198805848665,904555.3770223303
True,False,2025-12-19,1050000.0,33.942865999999995,-118.324756,1924.0,699 - Not Defined,True,2.0,0.1396,1948.0,2.0,Inglewood,3.0,True,2.0,Two,6083.0,False,2.0,Inglewood Unified,90303,0.0,6083.0,545.7380457380457,1.5,77.0,0,641.3333333333334,0.3162913036330758,13.864300722133706,13.610329518603837,13.694954286591027,886427.2054657958
True,False,2025-12-03,775000.0,33.574189000000004,-117.238302,3686.0,SRCAR - Southwest Riverside County,True,4.0,0.17,2004.0,5.0,Murrieta,5.0,True,2.0,Two,7405.0,False,4.0,Murrieta,92562,0.0,7405.0,210.2550189907759,1.0,21.0,0,737.2,0.4977717758271438,13.560618308335483,13.487006490992238,13.741498219852204,928660.2358565374
True,True,2025-12-10,1389000.0,33.954822,-117.761967,3560.0,682 - Chino Hills,False,4.0,0.753,1979.0,4.0,Chino Hills,4.0,True,1.0,"Two,One",32800.0,False,4.0,Chino Valley Unified,91709,0.0,32800.0,390.1685393258427,1.0,46.0,0,890.0,0.10853658536585366,14.14409462173648,13.901688254205327,14.42010952589662,1830517.965263508
False,True,2025-12-19,685000.0,37.10744367,-122.05845914,1245.0,699 - Not Defined,False,5.0,0.3979999999999999,1944.0,2.0,Felton,3.0,True,1.0,One,17337.0,False,0.0,Other,95018,595.0,17337.0,550.2008032128514,1.5,81.0,0,415.0,0.07181173213358713,13.437174117244362,13.693342923990066,13.640625806654565,839553.7726665644
True,False,2025-12-12,436000.0,34.582770000000004,-117.409215,2347.0,699 - Not Defined,True,3.0,0.233,2016.0,3.0,Adelanto,4.0,False,1.0,One,10149.0,False,3.0,Adelanto,92301,0.0,10149.0,185.7690668939071,1.3333333333333333,9.0,0,586.75,0.23125431076953396,12.985397522331171,12.907924856844918,13.189059751157838,534485.4306428853
True,True,2025-12-08,7750000.0,32.82702495,-117.25737361,6266.0,92037 - La Jolla,True,9.0,1.2291,1975.0,5.0,La Jolla,6.0,True,2.0,Two,53540.0,False,3.0,Los Angeles Unified,92037,0.0,53540.0,1236.8337057133738,1.2,50.0,0,1044.3333333333333,0.11703399327605529,15.86320340132953,15.084846812896313,15.464639879193932,5202448.193471635
True,False,2025-12-29,710000.0,37.63071871,-122.07902935,1264.0,14 - South Huntington Beach,False,0.0,0.1494,1954.0,2.0,Hayward,3.0,False,1.0,One,6510.0,False,0.0,Los Angeles Unified,94544,0.0,6510.0,561.7088607594936,1.5,71.0,0,421.3333333333333,0.19416282642089094,13.473020249017498,13.732128949025222,13.655980808600644,852544.6043597119
True,False,2025-12-17,565000.0,33.959829,-117.478068,1386.0,252 - Riverside,True,4.0,0.16,1984.0,2.0,Riverside,3.0,True,1.0,One,6970.0,False,2.0,Alvord Unified,92503,0.0,6970.0,407.6479076479076,1.5,41.0,0,462.0,0.1988522238163558,13.244581010128577,13.399995114002609,13.313148693163775,605099.8067028705
True,False,2025-12-02,8600000.0,37.25968434,-122.02004457,5480.0,699 - Not Defined,True,4.0,1.0329,1998.0,6.0,Saratoga,4.0,True,1.0,One,44991.0,False,3.0,Other,95070,0.0,44991.0,1569.3430656934306,0.6666666666666666,27.0,0,1370.0,0.12180213820541887,15.967272761223736,15.226497531674536,15.536899614902717,5592291.08239842
False,False,2025-12-18,840000.0,33.846401,-118.161575,1219.0,24 - Lakewood Mutuals,False,2.0,0.1148,1955.0,2.0,Lakewood,3.0,False,1.0,One,5001.0,False,2.0,Long Beach Unified,90712,0.0,5001.0,689.0894175553733,1.5,70.0,0,406.3333333333333,0.24375124975005,13.641157170819497,13.671639520838347,13.610506090723122,814643.6771935271
True,True,2025-12-23,605000.0,33.664424,-117.239164,1954.0,SRCAR - Southwest Riverside County,True,2.0,0.14,2007.0,3.0,Lake Elsinore,4.0,True,2.0,Two,6098.0,False,2.0,Perris Union High,92532,134.0,6098.0,309.62128966223133,1.3333333333333333,18.0,0,488.5,0.32043292882912433,13.312983737012978,13.353475098367715,13.279745825187613,585221.5808531399
True,False,2025-12-19,810000.0,38.02845158,-122.02825192,1770.0,274 - San Bernardino,True,2.0,0.5032,1991.0,2.0,Concord,4.0,True,2.0,Two,21920.0,False,2.0,Mount Diablo,94520,0.0,21920.0,457.6271186440678,2.0,34.0,0,442.5,0.08074817518248176,13.604789526648622,13.38472764187182,13.408628269153786,665722.5486826918
True,False,2025-12-08,700000.0,34.019369,-117.421974,1780.0,252 - Riverside,True,2.0,0.23,1985.0,2.0,Riverside,3.0,True,1.0,One,10019.0,False,2.0,Jurupa Unified,92509,0.0,10019.0,393.2584269662921,1.5,40.0,0,593.3333333333334,0.17766244136141332,13.458835614025542,13.422467969854667,13.381725973525636,648051.8409014752
True,False,2025-12-23,805000.0,34.246282,-116.894009,2149.0,289 - Big Bear Area,True,2.0,0.2204,1995.0,3.0,Big Bear Lake,3.0,True,1.0,One,9600.0,False,2.0,Bear Valley Unified,92315,0.0,9600.0,374.5928338762215,1.0,30.0,0,716.3333333333334,0.22385416666666666,13.5985975564007,13.398478813484644,13.466386921441513,705305.9233072423
False,False,2025-12-24,759000.0,33.950765999999994,-118.08863999999998,1362.0,M2 - Santa Fe Springs,False,1.0,0.1204,1950.0,2.0,Santa Fe Springs,3.0,False,1.0,One,5243.0,False,1.0,Whittier Union High,90670,0.0,5243.0,557.2687224669603,1.5,75.0,0,454.0,0.2597749380125882,13.539757056377766,13.591116224748411,13.563581284294607,777299.711681058
True,False,2025-12-15,1350000.0,37.58208723,-122.07140395,1389.0,TOP - Topanga,True,4.0,0.1377,1974.0,2.0,Union City,4.0,True,1.0,One,6000.0,False,2.0,New Haven,94587,0.0,6000.0,971.9222462203024,2.0,51.0,0,347.25,0.2315,14.115615150414612,14.117095535585046,13.922442696014809,1112858.7311537988
True,False,2025-12-17,1020000.0,34.104624,-117.753278,2485.0,687 - Pomona,True,2.0,0.1851,1965.0,3.0,Pomona,4.0,True,2.0,Two,8062.0,False,2.0,Claremont Unified,91767,0.0,8062.0,410.4627766599598,1.3333333333333333,60.0,0,621.25,0.3082361696849417,13.835313185260453,13.422467969854667,13.54172999192531,760498.9362466732
False,False,2025-12-22,1250000.0,34.119846,-118.0794,1746.0,654 - San Gabriel,True,5.0,0.1393,1947.0,2.0,San Gabriel,3.0,True,1.0,One,6068.0,False,1.0,Temple City Unified,91775,0.0,6068.0,715.922107674685,1.5,78.0,0,582.0,0.2877389584706658,14.038654109278484,14.157248338395881,14.075717222558904,1297198.1438944107
True,True,2025-12-15,649000.0,33.680793,-117.383451,2299.0,SRCAR - Southwest Riverside County,True,3.0,0.17,1988.0,3.0,Lake Elsinore,4.0,True,2.0,Two,7405.0,False,3.0,Lake Elsinore Unified,92530,0.0,7405.0,282.29665071770336,1.3333333333333333,37.0,0,574.75,0.3104659014179608,13.383187995686226,13.270783382522602,13.347760288370477,626409.9377342674
True,False,2025-12-15,620000.0,33.907846,-118.193652,1773.0,RM - Lynwood,True,2.0,0.0302,1997.0,3.0,Lynwood,3.0,True,1.0,ThreeOrMore,1315.0,False,2.0,Lynwood Unified,90262,276.0,1315.0,349.6897913141568,1.0,28.0,0,591.0,1.3482889733840304,13.337474757021274,13.458835614025542,13.375331687713288,643921.232429077
True,False,2025-12-05,1695000.0,33.815046,-118.109599,3462.0,"33 - Lakewood Plaza, Rancho",True,2.0,0.1837,2008.0,5.0,Long Beach,5.0,True,2.0,Two,8000.0,False,2.0,Long Beach Unified,90808,0.0,8000.0,489.6013864818024,1.0,17.0,0,692.4,0.43275,14.343193298796688,13.869051324892304,14.372463502344567,1745346.222668902
True,False,2025-12-10,375000.0,34.847897,-119.156125,1734.0,PMCL - Pine Mountain Club,True,2.0,0.29,1997.0,2.0,Pine Mountain Club,3.0,False,2.0,Two,12632.0,False,2.0,El Tejon Unified,93222,164.0,12632.0,216.26297577854672,1.5,28.0,0,578.0,0.13727042431918937,12.834681304952548,12.793859310432293,12.88004623824944,392403.62248718017
True,True,2025-12-22,659000.0,33.686644,-116.969452,2923.0,SRCAR - Southwest Riverside County,True,3.0,0.46,2006.0,4.0,Hemet,4.0,True,1.0,One,20038.0,False,3.0,Hemet Unified,92543,194.0,20038.0,225.4533014026685,1.0,19.0,0,730.75,0.14587284160095818,13.398478813484644,12.919503857231216,13.293648212538015,593414.3757040094
True,True,2025-12-18,860000.0,34.030079,-117.761421,1984.0,687 - Pomona,True,2.0,0.1413,1982.0,3.0,Pomona,4.0,True,2.0,Two,6157.0,False,2.0,Pomona Unified,91766,0.0,6157.0,433.46774193548384,1.3333333333333333,43.0,0,496.0,0.3222348546369985,13.664687668229691,13.449504179573367,13.463813488354939,703493.1991705872
False,False,2025-12-02,725000.0,33.24133723,-117.3004966,1006.0,92057 - Oceanside,True,4.0,0.0927,1985.0,2.0,Oceanside,3.0,False,1.0,One,4036.0,False,2.0,Orange Unified,92057,205.0,4036.0,720.675944333996,1.5,40.0,0,335.3333333333333,0.24925668979187315,13.493926933836812,13.681979165339751,13.40721946614635,664785.3370822591
False,False,2025-12-30,2715000.0,34.00172,-118.454929,1505.0,C11 - Venice,True,2.0,0.2501,1921.0,3.0,Venice,2.0,False,2.0,Two,10896.0,False,2.0,Capistrano Unified,90291,0.0,10896.0,1803.9867109634552,0.6666666666666666,104.0,0,752.5,0.13812408223201175,14.814302511350173,14.66457824156197,14.413065056727145,1817668.2507403295
False,False,2025-12-19,775000.0,33.871924,-118.34084,1968.0,132 - N Torrance - West,True,2.0,0.1278,1957.0,2.0,Torrance,3.0,True,1.0,One,5566.0,False,2.0,Torrance Unified,90504,0.0,5566.0,393.8008130081301,1.5,68.0,0,656.0,0.35357527847646425,13.560618308335483,13.822979494146377,13.8851627110402,1072135.1774601955
True,False,2025-12-12,400000.0,33.980641,-116.540941,1980.0,340 - Desert Hot Springs,True,2.0,0.21,2007.0,2.0,Desert Hot Springs,3.0,True,1.0,One,9148.0,False,2.0,Other,92240,465.0,9148.0,202.020202020202,1.5,18.0,0,660.0,0.2164407520769567,12.89921982609012,12.911642346088676,12.99703543455739,441103.7707437455
True,False,2025-12-12,770000.0,34.085298,-117.18697,2696.0,268 - Redlands,True,3.0,0.1989999999999999,2007.0,3.0,Redlands,4.0,True,1.0,One,8668.0,False,3.0,Redlands Unified,92374,52.0,8668.0,285.6083086053412,1.3333333333333333,18.0,0,674.0,0.31102907245039224,13.554145793829866,13.299666780812677,13.369823031012153,640383.843492943
True,False,2025-12-08,750000.0,37.96195392,-121.72053787,2853.0,699 - Not Defined,True,2.0,0.1517,2013.0,3.0,Brentwood,5.0,False,2.0,Two,6607.0,False,2.0,Pomona Unified,94513,45.0,6607.0,262.88117770767616,1.6666666666666667,12.0,0,570.6,0.4318147419403663,13.527828485512494,13.591116224748411,13.661745893403777,857473.7912402076
True,False,2025-12-05,490000.0,33.739171,-116.942527,2076.0,SRCAR - Southwest Riverside County,True,2.0,0.1617,1965.0,3.0,Hemet,4.0,True,1.0,One,7045.0,False,2.0,Hemet Unified,92544,0.0,7045.0,236.03082851637765,1.3333333333333333,60.0,0,519.0,0.2946770759403832,13.102160670086809,13.081541382884074,13.176828520125873,527987.8336671591
True,False,2025-12-23,1250000.0,34.087824,-118.200655,1484.0,679 - Montecito Heights,True,0.0,0.1758,1963.0,2.0,Los Angeles,3.0,False,2.0,Two,7658.0,False,0.0,Huntington Beach Union High,90031,125.0,7658.0,842.3180592991914,1.5,62.0,0,494.6666666666667,0.19378427787934185,14.038654109278484,13.785052381406869,13.72983384351987,917890.9241366858
True,False,2025-12-15,560000.0,33.9509,-116.962132,2243.0,263 - Banning/Beaumont/Cherry Valley,True,2.0,0.18,2019.0,3.0,Beaumont,4.0,False,2.0,Two,7841.0,False,2.0,Beaumont,92223,161.0,7841.0,249.66562639322336,1.3333333333333333,6.0,0,560.75,0.2860604514730264,13.235692062711331,13.197470849891134,13.269615911943943,579323.2621769918
True,False,2025-12-12,2219000.0,33.992175,-118.459896,912.0,C11 - Venice,True,2.0,0.0826,1912.0,2.0,Venice,2.0,True,1.0,One,3600.0,False,3.0,San Jose Unified,90291,0.0,3600.0,2433.1140350877195,1.0,113.0,0,456.0,0.25333333333333335,14.61256720191473,14.66457824156197,14.043814220988013,1256466.810018789
False,False,2025-12-02,1080000.0,34.049061,-117.857091,2039.0,668 - Walnut,False,2.0,0.2634,1964.0,2.0,Walnut,3.0,True,1.0,One,11474.0,False,2.0,Walnut Valley Unified,91789,0.0,11474.0,529.6714075527219,1.5,61.0,0,679.6666666666666,0.17770611818023357,13.892471599100402,13.963930563082547,13.974520968422544,1172350.1513195175
False,False,2025-12-02,740000.0,37.80940831,-122.30209115,1613.0,284 - Mentone,False,2.0,0.0448,1891.0,3.0,Oakland,4.0,False,2.0,Two,1950.0,False,1.0,Fontana Unified,94607,0.0,1950.0,458.7724736515809,1.3333333333333333,134.0,0,403.25,0.8271794871794872,13.514405465180353,13.428376406540833,13.494659308483582,725531.1661014595
False,False,2025-12-05,830000.0,34.058638,-118.174968,1645.0,CTER - City Terrace,False,2.0,0.0964,1935.0,2.0,City Terrace,3.0,False,1.0,One,4198.0,False,2.0,Los Angeles Unified,90063,0.0,4198.0,504.5592705167173,1.5,90.0,0,548.3333333333334,0.3918532634587899,13.62918097977278,13.436422313574042,13.47510042665243,711478.4633208425
False,True,2025-12-29,1315000.0,33.776821000000005,-117.827365,2638.0,"75 - Orange, Orange Park Acres E of 55",True,3.0,0.1653,1966.0,3.0,Orange,4.0,True,2.0,MultiSplit,7200.0,False,3.0,Orange Unified,92869,0.0,7200.0,498.483699772555,1.3333333333333333,59.0,0,659.5,0.3663888888888889,14.089347223594002,14.115985383678474,14.305465847346936,1632243.239721001
True,False,2025-12-18,355000.0,34.183519,-116.379907,1848.0,DC571 - Yucca Mesa,True,2.0,2.5,1965.0,2.0,Yucca Valley,3.0,True,1.0,One,108900.0,False,2.0,Morongo Unified,92284,0.0,108900.0,192.0995670995671,1.5,60.0,0,616.0,0.01696969696969697,12.779873068457553,12.86876061860541,12.98890269491564,437530.93677818595
False,False,2025-12-11,1480000.0,37.42134456,-121.91102875,2288.0,699 - Not Defined,True,2.0,0.0371,2006.0,4.0,Milpitas,4.0,False,1.0,"Two,One",1614.0,False,2.0,Other,95035,199.0,1614.0,646.8531468531469,1.0,19.0,0,572.0,1.4175960346964065,14.207552645740298,14.360737608447597,14.373119357979373,1746491.293283188
True,False,2025-12-15,6937350.0,34.059414000000004,-118.482066,6000.0,C06 - Brentwood,True,7.0,0.1863,1990.0,7.0,Los Angeles,5.0,True,1.0,ThreeOrMore,8114.0,False,0.0,San Diego Unified,90049,0.0,8114.0,1156.225,0.7142857142857143,35.0,0,1200.0,0.7394626571358146,15.752430415181454,15.137266397946593,15.497157210073713,5374398.4534281995
True,True,2025-12-10,670000.0,33.70001,-117.345679,1402.0,SRCAR - Southwest Riverside County,True,2.0,0.46,1982.0,2.0,Lake Elsinore,3.0,True,1.0,One,20037.0,False,2.0,Taft Union,92532,0.0,20037.0,477.888730385164,1.5,43.0,0,467.3333333333333,0.0699705544742227,13.415032991367148,13.353475098367715,13.281592044107084,586303.025992855
False,False,2025-12-10,804000.0,32.703605,-117.028119,1513.0,92114 - Encanto,True,2.0,0.1607,1960.0,2.0,San Diego,3.0,False,1.0,One,7000.0,False,2.0,San Diego Unified,92114,0.0,7000.0,531.3945803040317,1.5,65.0,0,504.3333333333333,0.21614285714285714,13.597354548161103,13.547631112808673,13.552396316429453,768654.0800732139
True,False,2025-12-23,4000000.0,37.77906392,-121.93503013,5400.0,SRCAR - Southwest Riverside County,True,3.0,0.299,2005.0,5.0,San Ramon,5.0,True,2.0,Two,13024.0,False,3.0,San Ramon Valley,94582,40.0,13024.0,740.7407407407408,1.0,20.0,0,1080.0,0.4146191646191646,15.201804919084164,14.516102044771095,15.06827926334434,3500020.07915404
True,True,2025-12-22,745000.0,33.883974,-117.502204,2421.0,252 - Riverside,True,2.0,0.16,1965.0,3.0,Riverside,6.0,True,2.0,Two,6970.0,False,2.0,Riverside Unified,92503,0.0,6970.0,307.7240809582817,2.0,60.0,0,403.5,0.3473457675753228,13.521139497361697,13.399995114002609,13.527256955584742,749571.4750232755
False,False,2025-12-29,3350000.0,37.2533205,-122.02512,1550.0,699 - Not Defined,True,2.0,0.6205,1956.0,2.0,Saratoga,4.0,True,2.0,One,27029.0,False,2.0,Other,95070,0.0,27029.0,2161.290322580646,2.0,69.0,0,387.5,0.05734581375559584,15.02447090380125,15.226497531674536,14.939403831949118,3076809.778493509
True,True,2025-12-12,2075000.0,33.769464,-118.413999,2100.0,160 - Lunada Bay/Margate,True,1.0,0.2272,1959.0,3.0,Palos Verdes Estates,3.0,True,1.0,One,9899.0,False,1.0,Palos Verdes Peninsula Unified,90274,0.0,9899.0,988.095238095238,1.0,66.0,0,700.0,0.21214264067077482,14.545471711646936,14.735791327008538,14.6489671867539,2301259.6082553826
True,False,2025-12-23,460000.0,34.164438,-117.249165,2241.0,274 - San Bernardino,True,4.0,0.0514,1981.0,2.0,San Bernardino,2.0,True,2.0,Two,2241.0,False,2.0,San Bernardino City Unified,92404,375.0,2241.0,205.26550647032576,1.0,44.0,0,1120.5,1.0,13.038981768465277,13.142166004700508,13.087368845441604,482805.3481192058
False,False,2025-12-05,3250000.0,36.5623024,-121.9168074,1660.0,699 - Not Defined,False,1.0,0.09,1927.0,4.0,Carmel,3.0,True,1.0,One,3920.0,False,1.0,Carmel Unified,93921,0.0,3920.0,1957.8313253012047,0.75,98.0,0,553.3333333333334,0.42346938775510207,14.994165554305921,15.07921417530768,14.99479644841125,3252051.0527728437
True,False,2025-12-03,600000.0,33.576319,-117.193293,1464.0,SRCAR - Southwest Riverside County,True,2.0,0.17,1988.0,2.0,Murrieta,3.0,True,1.0,One,7405.0,False,2.0,Murrieta,92562,0.0,7405.0,409.8360655737705,1.5,37.0,0,488.0,0.1977042538825118,13.304684934198283,13.487006490992238,13.344275421636626,624230.7818198396
False,False,2025-12-12,527818.0,33.941402000000004,-116.931281,2195.0,263 - Banning/Beaumont/Cherry Valley,True,2.0,0.1571,2025.0,3.0,Banning,3.0,False,1.0,One,6842.0,True,2.0,Beaumont,92220,202.0,6842.0,240.4637813211845,1.0,0.0,0,731.6666666666666,0.3208126278865829,13.176506806297045,12.994530005894443,13.183697017610719,531626.7995827954
False,False,2025-12-17,750000.0,32.57788168,-117.04883837,1184.0,92154 - Otay Mesa,True,4.0,0.26,1969.0,2.0,San Diego,3.0,True,1.0,One,23522.0,False,2.0,Lucia Mar Unified,92154,158.0,7292.0,633.4459459459459,1.5,56.0,0,394.6666666666667,0.1623697202413604,13.527828485512494,13.579788224443204,13.501403686271026,730440.9605256197
False,False,2025-12-08,533050.0,38.24427426,-122.01235738,1386.0,LAC - Lancaster,True,2.0,0.13,1978.0,2.0,Suisun City,4.0,True,1.0,One,5662.0,False,2.0,Snowline Joint Unified,94585,0.0,5662.0,384.5959595959596,2.0,47.0,0,346.5,0.244789826916284,13.186370507378621,13.166094015289325,13.104219874932276,491010.0499672606
True,False,2025-12-05,427500.0,34.856326,-118.197245,1509.0,ROSA - Rosamond,True,2.0,0.13,1994.0,2.0,Rosamond,3.0,True,1.0,One,5662.0,False,2.0,Mojave Unified,93560,0.0,5662.0,283.3001988071571,1.5,31.0,0,503.0,0.26651359943482866,12.965709567358951,13.005829561148378,12.928873626838314,412039.14124389045
True,False,2025-12-18,894000.0,34.053383000000004,-118.193621,1484.0,BOYH - Boyle Heights,True,3.0,0.1366,1950.0,2.0,Los Angeles,2.0,False,2.0,Two,5949.0,False,2.0,Rim of the World,90063,0.0,5949.0,602.4258760107816,1.0,75.0,0,742.0,0.2494536896957472,13.703461054155651,13.436422313574042,13.355502112276042,631278.3139045847
False,False,2025-12-30,1325000.0,37.39347749,-121.83090574,1305.0,699 - Not Defined,False,2.0,0.1722,1961.0,2.0,San Jose,3.0,True,2.0,One,7500.0,False,2.0,Other,95132,0.0,7500.0,1015.3256704980844,1.5,64.0,0,435.0,0.174,14.09692301740246,14.316285845876763,14.126072191073549,1364191.0738923377
False,False,2025-12-02,799000.0,37.61116176,-122.03497275,1200.0,24 - Lakewood Mutuals,True,2.0,0.1263,1951.0,2.0,Hayward,3.0,True,1.0,One,5500.0,False,1.0,Los Angeles Unified,94544,0.0,5500.0,665.8333333333334,1.5,74.0,0,400.0,0.21818181818181817,13.591116224748411,13.732128949025222,13.652158916203861,849292.4891941027
False,True,2025-12-11,2300000.0,34.118676,-118.264229,1937.0,606 - Atwater,True,0.0,0.1117,1926.0,3.0,Los Angeles,3.0,False,1.0,One,4865.0,False,0.0,Los Angeles Unified,90039,0.0,4865.0,1187.4032008260197,1.0,99.0,0,645.6666666666666,0.39815005138746146,14.648419680899378,14.283164926819232,14.357560459831786,1719528.1157353753
True,False,2025-12-08,1840000.0,32.920814,-117.222014,2177.0,92130 - Carmel Valley,True,2.0,0.08,1999.0,3.0,San Diego,4.0,True,2.0,Two,3485.0,False,2.0,Del Mar Union,92130,27.0,3485.0,845.1998162609095,1.3333333333333333,26.0,0,544.25,0.62467718794835,14.425276129585168,14.674172177001793,14.464244242620273,1913116.6854590822
True,False,2025-12-05,1345000.0,34.08296,-117.888901,2679.0,614 - Covina,True,3.0,0.2549,2020.0,6.0,Covina,5.0,False,2.0,Two,11103.0,False,3.0,Covina Valley Unified,91723,0.0,11103.0,502.0530048525569,0.8333333333333334,5.0,0,535.8,0.24128613888138342,14.111904571018076,13.635187003832993,14.067017195907377,1285961.4361744171
True,False,2025-12-17,1500000.0,33.691338,-117.663035,2444.0,FH - Foothill Ranch,True,3.0,0.2066,1994.0,3.0,Lake Forest,4.0,True,2.0,Two,9000.0,False,3.0,Saddleback Valley Unified,92610,110.0,9000.0,613.747954173486,1.3333333333333333,31.0,0,611.0,0.27155555555555555,14.22097566607244,14.20077295875492,14.325232325922531,1664827.9220282938
True,True,2025-12-17,740000.0,34.030869,-117.717247,1124.0,681 - Chino,False,2.0,0.1928,1955.0,3.0,Chino,3.0,True,1.0,One,8400.0,False,2.0,Chino Valley Unified,91710,0.0,8400.0,658.3629893238434,1.0,70.0,0,374.6666666666667,0.13380952380952382,13.514405465180353,13.567049198665774,13.529838264994314,751508.850331704
False,False,2025-12-23,825000.0,33.193201,-117.311498,1535.0,92056 - Oceanside,True,4.0,0.1009,1990.0,2.0,Oceanside,3.0,True,1.0,One,4395.0,False,2.0,Oceanside Unified,92056,127.0,4395.0,537.4592833876221,1.5,35.0,0,511.6666666666667,0.3492605233219568,13.623138665316818,13.732128949025222,13.629322508965762,830117.4775432295
False,False,2025-12-22,580000.0,32.70983,-116.989342,1063.0,91977 - Spring Valley,False,0.0,0.25,1970.0,2.0,Spring Valley,3.0,False,1.0,One,0.25,False,0.0,Grossmont Union,91977,0.0,10890.0,545.6255879586078,1.5,55.0,0,354.3333333333333,0.09761248852157943,13.270783382522602,13.592367006650065,13.44511406471695,690460.5134264869
False,False,2025-12-01,930000.0,32.82596715,-117.20943784,1374.0,92117 - Clairemont Mesa,True,4.0,0.1423,1954.0,2.0,San Diego,2.0,True,1.0,One,6200.0,False,2.0,Rialto Unified,92117,242.0,6200.0,676.8558951965066,1.0,71.0,0,687.0,0.22161290322580646,13.742939865129438,13.964016766263498,13.882042802885945,1068795.4267443647
False,False,2025-12-04,815000.0,33.740608,-117.884735,1727.0,699 - Not Defined,True,2.0,0.1674,1950.0,2.0,Santa Ana,3.0,True,1.0,One,7290.0,False,0.0,Santa Ana Unified,92703,0.0,7290.0,471.9166184134337,1.5,75.0,0,575.6666666666666,0.23689986282578876,13.610943392223,13.597966781776865,13.63221715696821,832523.8565712689
False,False,2025-12-30,825000.0,33.981472,-118.343198,1250.0,101 - North Inglewood,False,1.0,0.1249,1923.0,2.0,Inglewood,4.0,False,1.0,One,5442.0,False,1.0,Inglewood Unified,90302,0.0,5442.0,660.0,2.0,102.0,0,312.5,0.2296949650863653,13.623138665316818,13.652991628466498,13.606387254304892,811295.1938095399
True,True,2025-12-05,720000.0,33.207357,-117.267486,1561.0,92083 - Vista,True,4.0,0.12,1987.0,3.0,Vista,3.0,True,2.0,Two,0.12,False,2.0,Vista Unified,92083,120.0,5227.2,461.2427930813581,1.0,38.0,0,520.3333333333334,0.29863024181206,13.487006490992238,13.614617615584883,13.514315675804458,739933.5588447374
False,False,2025-12-30,658000.0,34.138684000000005,-117.45008500000002,1805.0,264 - Fontana,True,2.0,0.1009999999999999,2004.0,3.0,Fontana,4.0,False,2.0,Two,4400.0,False,2.0,Fontana Unified,92336,0.0,4400.0,364.54293628808864,1.3333333333333333,21.0,0,451.25,0.4102272727272727,13.396960210307455,13.487006490992238,13.390916788205804,654035.4201383991
True,False,2025-12-05,5150000.0,34.079395,-118.34046399999998,7481.0,C18 - Hancock Park-Wilshire,True,3.0,0.1705,2010.0,9.0,Los Angeles,7.0,False,1.0,ThreeOrMore,7428.0,False,2.0,Other,90036,165.0,7428.0,688.4106402887314,0.7777777777777778,15.0,0,1068.7142857142858,1.0071351642434034,15.454507272639919,14.676279640441766,15.428308857332873,5016830.19682175
True,True,2025-12-23,575000.0,33.920235,-117.251423,1838.0,259 - Moreno Valley,True,3.0,0.28,1984.0,3.0,Moreno Valley,4.0,True,2.0,Two,12197.0,False,3.0,Moreno Valley Unified,92553,0.0,12197.0,312.8400435255713,1.3333333333333333,41.0,0,459.5,0.1506927933098303,13.262125319779487,13.159174447339636,13.220472580395343,551541.619260218
False,True,2025-12-02,1220000.0,34.185881,-118.546064,2166.0,TAR - Tarzana,False,2.0,0.1652,1953.0,4.0,Tarzana,3.0,True,1.0,One,7194.0,False,2.0,Los Angeles Unified,91335,0.0,7194.0,563.2502308402585,0.75,72.0,0,722.0,0.3010842368640534,14.01436141670944,13.652991628466498,13.932568136779588,1124184.1570190138
True,False,2025-12-29,1300000.0,37.89814334,-121.59473892,4091.0,SRCAR - Southwest Riverside County,True,5.0,0.2011,2005.0,3.0,Discovery Bay,4.0,True,2.0,Two,8760.0,False,3.0,Orange Unified,94505,135.0,8760.0,317.77071620630653,1.3333333333333333,20.0,0,1022.75,0.46700913242009134,14.077874822431765,13.589232200143268,13.808005045689006,992522.583746368
True,False,2025-12-18,496797.0,33.697722,-117.092209,1846.0,SRCAR - Southwest Riverside County,True,2.0,0.0579,2025.0,3.0,Winchester,3.0,False,2.0,Two,2520.0,True,2.0,Hemet Unified,92596,140.0,2520.0,269.1208017334778,1.0,0.0,0,615.3333333333334,0.7325396825396825,13.11593677093583,13.337474757021274,13.25154538552075,568948.6059237747
True,False,2025-12-11,912500.0,37.66415003,-122.10301712,1521.0,86 - Brea,True,1.0,0.1148,1974.0,3.0,Hayward,4.0,False,1.0,"Two,One",5000.0,False,1.0,Hayward,94541,0.0,5000.0,599.9342537804076,1.3333333333333333,51.0,0,380.25,0.3042,13.723943364438783,13.647074399642998,13.600644383574597,806649.3833004254
True,False,2025-12-15,765000.0,33.006361,-116.824438,2590.0,92065 - Ramona,True,5.0,0.4285,1978.0,4.0,Ramona,4.0,True,1.0,One,18667.0,False,2.0,Ramona Unified,92065,175.0,18667.0,295.3667953667954,1.0,47.0,0,647.5,0.13874752236567203,13.547631112808673,13.623138665316818,13.906456023469097,1095209.2769448224
False,False,2025-12-17,2270000.0,37.712235,-121.833408,3500.0,699 - Not Defined,True,2.0,0.1288,2025.0,4.0,Dublin,4.0,False,1.0,Two,5610.0,False,2.0,Other,94568,115.0,5610.0,648.5714285714286,1.0,0.0,0,875.0,0.6238859180035651,14.635290389457586,14.288629462085328,14.752398392714438,2552026.717710825
False,False,2025-12-05,955000.0,37.94942358,-121.98292925,1567.0,286 - Crestline Area,True,2.0,0.1267,1977.0,2.0,Concord,4.0,True,1.0,One,5520.0,False,2.0,Mount Diablo,94521,137.0,5520.0,609.4447989789406,2.0,48.0,0,391.75,0.2838768115942029,13.769466619462868,13.656514826473817,13.624803217485367,826374.3991012136
True,True,2025-12-19,735000.0,33.679371,-117.270479,2814.0,SRCAR - Southwest Riverside County,True,6.0,0.17,1986.0,3.0,Canyon Lake,3.0,True,2.0,Two,7405.0,False,3.0,Lake Elsinore Unified,92587,350.0,7405.0,261.1940298507463,1.0,39.0,0,938.0,0.3800135043889264,13.507625778194974,13.407542319637992,13.51538514145204,740725.3156703132
True,True,2025-12-15,1112500.0,33.786224,-116.438759,2742.0,321 - Rancho Mirage,True,2.0,0.23,1991.0,4.0,Rancho Mirage,3.0,True,1.0,One,10018.0,False,2.0,Victor Valley Union High,92270,335.0,10018.0,405.7257476294675,0.75,34.0,0,914.0,0.27370732681173887,13.922120293022532,13.9108207377686,14.062707417684022,1280431.1532871367
False,False,2025-12-05,780000.0,34.424389,-118.479941,2118.0,CAN1 - Canyon Country 1,True,4.0,0.1488,1965.0,3.0,Canyon Country,4.0,True,2.0,Two,6482.0,False,2.0,William S. Hart Union,91351,0.0,6482.0,368.271954674221,1.3333333333333333,60.0,0,529.5,0.3267510027769207,13.567049198665774,13.527828485512494,13.627895400675282,828933.6549314051
False,True,2025-12-02,515000.0,34.521801,-117.237632,2616.0,APPV - Apple Valley,True,2.0,0.7056,1981.0,3.0,Apple Valley,4.0,True,1.0,One,30737.0,False,2.0,Apple Valley Unified,92307,0.0,30737.0,196.86544342507645,1.3333333333333333,44.0,0,654.0,0.08510915183654878,13.151922179645874,13.049792684569493,13.242043749153751,563568.264660414
False,False,2025-12-19,1950000.0,33.813942,-117.813657,4358.0,73 - Villa Park,True,3.0,0.4132,1980.0,4.0,Villa Park,5.0,True,2.0,Two,18000.0,False,3.0,Orange Unified,92861,0.0,18000.0,447.4529600734282,1.25,45.0,0,871.6,0.2421111111111111,14.48333993053993,14.637490610367188,14.966193196374128,3160349.5494944854
True,False,2025-12-02,590000.0,37.9108151,-121.30525658,2236.0,139 - South Carson,True,3.0,0.1907,1993.0,3.0,Stockton,4.0,True,2.0,Two,8308.0,False,3.0,Saddleback Valley Unified,95206,0.0,8308.0,263.8640429338104,1.3333333333333333,32.0,0,559.0,0.2691381800674049,13.287877815881902,12.977320898870284,13.09889879670819,488404.2859678788
True,False,2025-12-18,635000.0,34.101986,-117.425022,1276.0,264 - Fontana,True,2.0,0.1791,1978.0,2.0,Fontana,3.0,True,1.0,One,7800.0,False,2.0,Fontana Unified,92335,0.0,7800.0,497.6489028213166,1.5,47.0,0,425.3333333333333,0.1635897435897436,13.36138027787483,13.226723392728571,13.134884898638575,506300.12185658934
True,False,2025-12-10,1263000.0,34.461572,-118.57166200000002,3805.0,VLWH - Valencia West Hills,True,2.0,0.1342,2011.0,5.0,Valencia,5.0,True,2.0,Two,5844.0,False,2.0,William S. Hart Union,91354,155.0,5844.0,331.93166885676743,1.0,14.0,0,761.0,0.6510951403148528,14.049000401332629,13.710150042306449,13.978719634373748,1177282.8060210294
False,False,2025-12-03,569000.0,33.892863,-117.215661,2492.0,259 - Moreno Valley,True,3.0,0.12,1994.0,3.0,Moreno Valley,4.0,True,1.0,"One,Two",5227.0,False,3.0,Moreno Valley Unified,92551,74.0,5227.0,228.330658105939,1.3333333333333333,31.0,0,623.0,0.47675530897264207,13.251635713108469,13.180632285528304,13.277535952275688,583929.7434580998
False,False,2025-12-02,605000.0,34.254899,-118.306896,1480.0,659 - Sunland/Tujunga,True,2.0,0.1285,1924.0,2.0,Sunland,3.0,True,1.0,One,5599.0,False,2.0,Los Angeles Unified,91040,0.0,5599.0,408.7837837837838,1.5,101.0,0,493.3333333333333,0.2643329165922486,13.312983737012978,13.77468856344402,13.813916799495635,998407.510889949
True,False,2025-12-09,1250000.0,33.065489,-117.051208,2442.0,92025 - Escondido,True,6.0,0.1743,1984.0,3.0,Escondido,4.0,True,2.0,Two,7594.0,False,3.0,San Pasqual Union,92025,179.0,7594.0,511.8755118755119,1.3333333333333333,41.0,0,610.5,0.3215696602580985,14.038654109278484,13.740514638062564,13.874920096514659,1061209.75806426
False,False,2025-12-17,1350000.0,32.855654,-117.206179,1352.0,92122 - University City,True,2.0,0.1607,1964.0,2.0,San Diego,3.0,True,1.0,One,7000.0,False,2.0,San Diego Unified,92122,0.0,7000.0,998.5207100591716,1.5,61.0,0,450.6666666666667,0.19314285714285714,14.115615150414612,14.333410696092393,14.154203545090514,1403112.5054769223
True,False,2025-12-04,399900.0,34.477357,-117.174321,1731.0,APPV - Apple Valley,True,14.0,0.4747,1958.0,2.0,Apple Valley,4.0,True,1.0,One,20680.0,False,2.0,Apple Valley Unified,92308,0.0,20680.0,231.02253032928945,2.0,67.0,0,432.75,0.08370406189555125,12.89896979483491,12.936033799212835,12.959700641670683,424938.8867440937
False,False,2025-12-05,739000.0,32.698026,-117.10386,1257.0,92113 - Logan Heights,True,7.0,0.2043,1955.0,2.0,San Diego,3.0,False,1.0,One,8900.0,False,1.0,San Diego Unified,92113,0.0,8900.0,587.9077167859984,1.5,70.0,0,419.0,0.14123595505617978,13.513053199930338,13.442452134775017,13.365837373624451,637836.5725428485
False,False,2025-12-11,1380000.0,33.663198,-117.719389,1963.0,GP - Great Park,True,2.0,0.0729,2025.0,3.0,Irvine,3.0,False,2.0,Two,3174.0,False,2.0,Saddleback Valley Unified,92618,260.0,3174.0,703.0056036678553,1.0,0.0,0,654.3333333333334,0.6184625078764965,14.137594057133388,14.648419680899378,14.430631094124776,1849879.5635004228
False,False,2025-12-17,575000.0,33.697146999999994,-117.185294,2921.0,SRCAR - Southwest Riverside County,True,3.0,0.16,2006.0,3.0,Menifee,5.0,True,1.0,One,6970.0,False,3.0,Menifee Union,92586,22.0,6970.0,196.8503937007874,1.6666666666666667,19.0,0,584.2,0.41908177905308464,13.262125319779487,12.89921982609012,13.154338264083314,516245.78784357273
False,False,2025-12-19,1029000.0,34.274697,-119.174152,2094.0,VC28 - Wells Rd. East to City Limit,True,2.0,0.17,1980.0,3.0,Ventura,5.0,True,2.0,Two,7405.0,False,2.0,Victor Valley Unified,93004,0.0,7405.0,491.4040114613181,1.6666666666666667,45.0,0,418.8,0.28278190411883863,13.844098014816186,13.68710868156085,13.755793965280407,942031.4743678401
False,True,2025-12-10,1275000.0,37.65723825,-122.4517415,1570.0,699 - Not Defined,True,2.0,0.1033,1955.0,3.0,South San Francisco,3.0,True,1.0,One,4500.0,False,2.0,South San Francisco Unified,94080,0.0,4500.0,812.1019108280254,1.0,70.0,0,523.3333333333334,0.3488888888888889,14.058456736574664,14.045827997585093,14.005424270679681,1209145.2592946761
False,True,2025-12-01,2700000.0,34.001812,-118.454754,1142.0,C11 - Venice,True,2.0,0.2501,1947.0,1.0,Venice,3.0,False,1.0,One,10894.0,False,2.0,Lake Elsinore Unified,90291,180.0,10894.0,2364.2732049036777,3.0,78.0,0,380.6666666666667,0.1048283458784652,14.808762330974558,14.66457824156197,14.369626833644999,1740402.2691634314
True,False,2025-12-04,2375000.0,34.124283,-118.322881,4042.0,C30 - Hollywood Hills East,False,2.0,0.315,1957.0,5.0,Los Angeles,4.0,True,2.0,ThreeOrMore,13720.0,False,2.0,Palo Alto Unified,90068,184.0,13720.0,587.5804057397328,0.8,68.0,0,1010.5,0.2946064139941691,14.68050799545088,14.457364444136669,15.053293819072449,3447961.7560536945
True,False,2025-12-12,349000.0,34.046955,-116.580847,1182.0,DC512 - NE Morongo,True,2.0,0.4184,1957.0,1.0,Morongo Valley,2.0,False,1.0,One,18225.0,False,2.0,Morongo Unified,92256,0.0,18225.0,295.26226734348563,2.0,68.0,0,591.0,0.0648559670781893,12.762827201184564,12.834681304952548,12.636050409956013,307444.66842492716
False,False,2025-12-05,515000.0,33.793311,-117.219112,2216.0,699 - Not Defined,True,2.0,0.09,2004.0,3.0,Perris,4.0,True,2.0,Two,3920.0,False,2.0,Perris Union High,92571,0.0,3920.0,232.40072202166064,1.3333333333333333,21.0,0,554.0,0.5653061224489796,13.151922179645874,13.214938819306386,13.23999407708643,562414.3175408929
True,False,2025-12-11,360000.0,34.505246,-117.313831,1627.0,VIC - Victorville,True,2.0,0.1577,1964.0,2.0,Victorville,4.0,True,1.0,One,6868.0,False,2.0,Victor Valley Union High,92395,0.0,6868.0,221.2661339889367,2.0,61.0,0,406.75,0.23689574839836924,12.793859310432293,12.947950462906661,12.903743130018531,401813.4198039046
False,False,2025-12-15,409999.0,34.112744,-117.31458899999998,792.0,274 - San Bernardino,True,0.0,0.1492,1903.0,1.0,San Bernardino,3.0,False,1.0,One,6500.0,False,0.0,San Bernardino City Unified,92411,0.0,6500.0,517.6755050505051,3.0,122.0,0,264.0,0.12184615384615384,12.923909999653127,12.994530005894443,12.858734717969565,384129.38617048203
True,False,2025-12-30,1230000.0,33.05195125,-117.06820415,1861.0,92128 - Rancho Bernardo,True,4.0,1.4580000000000002,2000.0,3.0,San Diego,3.0,True,2.0,Two,63512.0,False,2.0,Colton Unified,92128,135.0,63512.0,660.934981192907,1.0,25.0,0,620.3333333333334,0.029301549313515557,14.0225247273486,13.983960916083914,13.965149286928323,1161414.581478101
True,False,2025-12-11,1288500.0,37.96595616,-122.10140926,2608.0,SRCAR - Southwest Riverside County,True,6.0,0.7805,1984.0,3.0,Martinez,3.0,True,1.0,MultiSplit,34000.0,False,2.0,Huntington Beach Union High,94553,0.0,34000.0,494.05674846625766,1.0,41.0,0,869.3333333333334,0.07670588235294118,14.068989309074556,13.604789526648622,13.872105337590222,1058226.908397802
False,False,2025-12-04,641000.0,33.547683,-117.1278,2584.0,SRCAR - Southwest Riverside County,True,3.0,0.12,1994.0,3.0,Murrieta,4.0,True,2.0,Two,5227.0,False,3.0,Temecula Unified,92563,0.0,5227.0,248.06501547987617,1.3333333333333333,31.0,0,646.0,0.49435622728142337,13.370784735902808,13.458835614025542,13.537668100585996,757416.137439444
True,False,2025-12-02,975000.0,33.50638,-117.726919,1378.0,LNSMT - Summit,False,2.0,0.0544,1968.0,2.0,Laguna Niguel,2.0,True,1.0,One,2368.0,False,2.0,Capistrano Unified,92677,665.0,2368.0,707.5471698113207,1.0,57.0,0,689.0,0.5819256756756757,13.790192749979985,14.349075668699754,13.911094254962004,1100300.9100629073
True,False,2025-12-09,1650000.0,33.568461,-117.726298,2416.0,AV - Aliso Viejo,True,6.0,0.0918,1991.0,3.0,Aliso Viejo,4.0,True,2.0,Two,4000.0,False,3.0,Capistrano Unified,92656,102.0,4000.0,682.9470198675497,1.3333333333333333,34.0,0,604.0,0.604,14.316285845876763,14.115615150414612,14.21955248836371,1497866.751792619
True,False,2025-12-01,871000.0,34.02865,-117.160807,3772.0,268 - Redlands,True,6.0,0.3528,1963.0,4.0,Redlands,5.0,True,1.0,One,15368.0,False,2.0,Redlands Unified,92373,0.0,15368.0,230.91198303287385,1.25,62.0,0,754.4,0.2454450806871421,13.67739725583464,13.621317169677567,14.023126394857965,1230740.273713507
True,False,2025-12-04,475000.0,33.920138,-117.427194,1540.0,699 - Not Defined,True,2.0,0.05,2006.0,3.0,Riverside,4.0,True,2.0,Two,2178.0,False,2.0,Riverside Unified,92503,235.0,2178.0,308.4415584415584,1.3333333333333333,19.0,0,385.0,0.7070707070707071,13.071070083016778,13.399995114002609,13.277883992060708,584133.0096107821
True,False,2025-12-29,3100000.0,33.639365999999995,-117.905253,2634.0,C5 - East Costa Mesa,False,2.0,0.1865,1955.0,4.0,Costa Mesa,4.0,True,1.0,One,8126.0,False,2.0,Newport Mesa Unified,92627,0.0,8126.0,1176.9172361427486,1.0,70.0,0,658.5,0.3241447206497662,14.946912669455374,14.375126345899696,14.633219927956766,2265304.914567201
True,False,2025-12-05,2700000.0,34.255316,-119.269793,2107.0,VC23 - Ventura Beach S. of Ventura River to S.C.,True,2.0,0.09,1955.0,2.0,Ventura,3.0,True,1.0,One,3920.0,False,2.0,ABC Unified,93001,0.0,3920.0,1281.4428096820122,1.5,70.0,0,702.3333333333334,0.5375,14.808762330974558,13.90609809121013,13.994627323849532,1196160.406742616
False,False,2025-12-04,1375000.0,33.87549,-117.839906,1859.0,84 - Placentia,True,2.0,0.1073,2025.0,3.0,Placentia,4.0,False,2.0,Two,4676.0,True,2.0,Placentia-Yorba Linda Unified,92870,342.0,4676.0,739.6449704142012,1.3333333333333333,0.0,0,464.75,0.39756201881950387,14.133964289082808,13.980176819817759,13.961363372306694,1157025.877902822
False,False,2025-12-04,850000.0,38.31992,-122.006873,2996.0,699 - Not Defined,True,2.0,0.1747,2025.0,3.0,Vacaville,4.0,False,2.0,One,7608.0,False,2.0,Other,95687,275.0,7608.0,283.7116154873164,1.3333333333333333,0.0,0,749.0,0.39379600420609884,13.652991628466498,13.424850009081805,13.583981698521592,793319.8004054477
True,False,2025-12-15,325000.0,37.306641,-120.465488,1510.0,91910 - Chula Vista,True,2.0,0.193,1951.0,2.0,Merced,3.0,True,1.0,One,8408.0,False,2.0,Merced Union,95340,0.0,8408.0,215.2317880794702,1.5,74.0,0,503.3333333333333,0.1795908658420552,12.691580461311874,12.934827526010142,12.839302890585596,376737.10561165225
False,False,2025-12-29,250000.0,36.201649,-119.336087,1250.0,374 - Blythe,True,2.0,0.1722,1975.0,2.0,Tulare,3.0,True,1.0,One,7500.0,False,2.0,Tulare Joint Union,93274,0.0,7500.0,200.0,1.5,50.0,0,416.6666666666667,0.16666666666666666,12.429216196844383,12.977337605354071,12.878410933538625,391762.44739599654
True,False,2025-12-09,515000.0,34.43557,-117.41584,1816.0,OKH - Oak Hills,True,3.0,1.59,1996.0,2.0,Oak Hills,3.0,True,1.0,One,1.59,False,3.0,Snowline Joint Unified,92344,0.0,69260.4,283.59030837004406,1.5,29.0,0,605.3333333333334,0.026219888998619705,13.151922179645874,13.180613417425775,13.192460773892964,536306.3224361079
True,True,2025-12-12,605000.0,34.143260999999995,-117.230731,1898.0,276 - Highland,True,5.0,0.2068,1964.0,2.0,Highland,4.0,True,1.0,One,9010.0,False,2.0,San Bernardino City Unified,92346,0.0,9010.0,318.7565858798736,2.0,61.0,0,474.5,0.21065482796892343,13.312983737012978,13.28681753563043,13.32464189937128,612094.4620699617
True,True,2025-12-15,700000.0,37.14049274,-122.09143589,1117.0,699 - Not Defined,False,2.0,0.492,1963.0,2.0,Boulder Creek,2.0,True,1.0,Two,21432.0,False,0.0,Other,95006,0.0,21432.0,626.6786034019696,1.0,62.0,0,558.5,0.05211832773422919,13.458835614025542,13.480037821676145,13.269558069215819,579289.7535081677
True,True,2025-12-08,750000.0,34.345082,-119.078354,1315.0,SPL - Santa Paula,True,2.0,0.17,1956.0,2.0,Santa Paula,3.0,True,1.0,One,7405.0,False,2.0,Lucia Mar Unified,93060,0.0,7405.0,570.3422053231939,1.5,69.0,0,438.3333333333333,0.1775827143821742,13.527828485512494,13.54098713967118,13.49525236718348,725961.5762882011
False,False,2025-12-24,725000.0,34.260698,-118.762545,1382.0,SVW - West Simi,False,2.0,0.18,1962.0,2.0,Simi Valley,4.0,False,1.0,One,7840.0,True,2.0,Simi Valley Unified,93065,0.0,7840.0,524.602026049204,2.0,63.0,0,345.5,0.17627551020408164,13.493926933836812,13.676248490630767,13.609831687494893,814094.4640841341
False,False,2025-12-17,699900.0,32.70006708,-117.08239518,1050.0,92114 - Encanto,True,2.0,1.81,1952.0,1.0,San Diego,3.0,False,1.0,One,6197.0,False,1.0,Los Angeles Unified,92114,210.0,2400.0,666.5714285714286,3.0,73.0,0,350.0,0.4375,13.458692746677631,13.547631112808673,13.428974460619498,679406.2001721414
True,False,2025-12-23,630000.0,34.127863,-117.546984,1418.0,688 - Rancho Cucamonga,True,2.0,0.0803,1989.0,3.0,Rancho Cucamonga,3.0,True,2.0,Two,3500.0,False,2.0,Chaffey Joint Union High,91701,0.0,3500.0,444.2877291960508,1.0,36.0,0,472.6666666666667,0.40514285714285714,13.353475098367715,13.654166717138976,13.51901902105203,743421.9188824199
True,False,2025-12-02,750000.0,34.631999,-118.234635,2839.0,PLM - Palmdale,True,3.0,0.27,1990.0,3.0,Palmdale,5.0,True,2.0,Two,11761.0,False,3.0,Antelope Valley Union,93551,0.0,11761.0,264.1775272983445,1.6666666666666667,35.0,0,567.8,0.24139103817702576,13.527828485512494,13.345506928718539,13.47010175296374,707930.8886171934
True,False,2025-12-31,900000.0,33.871405,-117.604177,2575.0,248 - Corona,True,2.0,0.18,1972.0,3.0,Corona,4.0,True,2.0,Two,7841.0,False,2.0,Corona-Norco Unified,92882,0.0,7841.0,349.5145631067961,1.3333333333333333,53.0,0,643.75,0.3284019895421502,13.710150042306449,13.623138665316818,13.78434066939375,969310.8842465286
False,False,2025-12-16,817000.0,33.948755,-118.320681,1837.0,102 - South Inglewood,True,2.0,0.1953,1940.0,3.0,Inglewood,4.0,True,1.0,One,8507.0,False,2.0,Inglewood Unified,90305,0.0,8507.0,444.7468698965705,1.3333333333333333,85.0,0,459.25,0.2159398142706007,13.61339437384214,13.676248490630767,13.870996611179985,1057054.274461669
True,False,2025-12-30,1160000.0,34.117863,-118.179216,1990.0,632 - Highland Park,True,5.0,0.1646,1909.0,3.0,Los Angeles,4.0,False,1.0,One,7171.0,False,2.0,Banning Unified,90042,0.0,7171.0,582.9145728643216,1.3333333333333333,116.0,0,497.5,0.2775066239018268,13.963930563082547,14.018451401960965,14.201309190226086,1470788.4716453769
True,False,2025-12-08,3410000.0,33.548713,-117.804057,1899.0,NL - North Laguna,True,2.0,0.1396,1960.0,2.0,Laguna Beach,3.0,True,1.0,One,6080.0,False,2.0,Laguna Beach Unified,92651,0.0,6080.0,1795.6819378620326,1.5,65.0,0,633.0,0.3123355263157895,15.0422228492597,14.914122846632385,14.80709112293748,2695491.5066643683
True,False,2025-12-15,565000.0,34.034861,-117.075645,2298.0,269 - Yucaipa/Calimesa/Oak Glen,True,2.0,0.0989,2005.0,3.0,Yucaipa,3.0,True,2.0,Two,4310.0,False,2.0,Yucaipa/Calimesa Unified,92399,83.0,4310.0,245.86597040905136,1.0,20.0,0,766.0,0.5331786542923433,13.244581010128577,13.274219822166483,13.311291567936655,603977.1034098964
True,False,2025-12-05,835000.0,33.105349,-117.131527,1873.0,92029 - Escondido,True,2.0,0.0585,2017.0,3.0,Escondido,3.0,False,2.0,Two,2550.0,False,2.0,Escondido Union,92029,244.0,2550.0,445.8088627869728,1.0,8.0,0,624.3333333333334,0.7345098039215686,13.635187003832993,14.163297674406381,13.931395904030348,1122867.1236196344
True,False,2025-12-05,615000.0,33.936619,-117.025707,2520.0,263 - Banning/Beaumont/Cherry Valley,True,2.0,0.24,2021.0,3.0,Beaumont,4.0,True,2.0,Two,10454.0,False,2.0,Beaumont,92223,180.0,10454.0,244.04761904761904,1.3333333333333333,4.0,0,630.0,0.24105605509852687,13.329377546788654,13.197470849891134,13.366056613083563,637976.4268182421
True,False,2025-12-22,449500.0,37.78860969,-122.21623636,627.0,DC723 - Harmony Acres,False,1.0,0.0422,1908.0,1.0,Oakland,2.0,False,1.0,One,1840.0,False,1.0,Oakland,94601,0.0,1840.0,716.9059011164275,2.0,117.0,0,313.5,0.3407608695652174,13.015891132893811,13.269057756555132,13.030416200695276,456076.6656066627
True,False,2025-12-08,1085000.0,33.736737,-118.316866,1376.0,186 - Miraleste Pines,True,2.0,0.1367,1954.0,2.0,San Pedro,3.0,True,1.0,One,5954.0,False,2.0,Los Angeles Unified,90732,0.0,5954.0,788.5174418604652,1.5,71.0,0,458.6666666666667,0.23110513940208263,13.897090544956697,13.946538820370678,13.811569237470783,996066.4363160881
True,False,2025-12-12,372000.0,33.951962,-116.479952,1571.0,340 - Desert Hot Springs,True,2.0,0.18,1990.0,2.0,Desert Hot Springs,3.0,False,1.0,One,7841.0,False,2.0,Perris Union High,92240,0.0,7841.0,236.79185232336093,1.5,35.0,0,523.6666666666666,0.2003570973090167,12.826649133255284,12.911642346088676,12.91127936744766,404853.02032724326
True,False,2025-12-02,800000.0,34.320149,-118.422066,1292.0,SYL - Sylmar,True,9.0,0.5896,1972.0,2.0,Sylmar,3.0,True,1.0,One,25683.0,False,0.0,Los Angeles Unified,91342,0.0,25683.0,619.1950464396285,1.5,53.0,0,430.6666666666667,0.050305649651520463,13.592367006650065,13.667586227071855,13.610616707074403,814733.7950888565
True,False,2025-12-02,474900.0,36.23962,-119.325065,2155.0,688 - Rancho Cucamonga,True,2.0,0.2198,2004.0,3.0,Tulare,4.0,True,1.0,One,9574.0,False,2.0,Tulare Joint Union,93274,0.0,9574.0,220.37122969837583,1.3333333333333333,21.0,0,538.75,0.22508878211823688,13.070859534537213,12.977337605354071,13.132550576966274,505119.6328660144
True,False,2025-12-08,1350000.0,34.013762,-118.326355,1911.0,LEIM - Leimert Park,False,7.0,0.1401,1937.0,3.0,Leimert Park,3.0,True,1.0,One,6102.0,False,2.0,Los Angeles Unified,90008,0.0,6102.0,706.436420722135,1.0,88.0,0,637.0,0.31317600786627336,14.115615150414612,14.085537695177335,14.226381543247106,1508130.7729411293
True,False,2025-12-02,725000.0,37.69121566,-122.14080273,1239.0,682 - Chino Hills,True,2.0,0.1267,1948.0,2.0,San Leandro,2.0,True,1.0,One,5520.0,False,2.0,Central Unified,94579,510.0,5520.0,585.1493139628733,1.0,77.0,0,619.5,0.22445652173913044,13.493926933836812,13.664687668229691,13.580671698801268,790698.2531418265
True,False,2025-12-15,289000.0,33.736921,-116.98622,1197.0,SRCAR - Southwest Riverside County,True,1.0,0.13,1963.0,2.0,Hemet,2.0,False,1.0,One,5663.0,False,1.0,Hemet Unified,92543,130.0,5663.0,241.436925647452,1.0,62.0,0,598.5,0.21137206427688504,12.57418196709457,12.919503857231216,12.729805529112339,337663.63934649504
False,True,2025-12-09,1256000.0,34.260258,-118.56758899999998,2601.0,CHT - Chatsworth,True,3.0,0.4021,1969.0,3.0,Chatsworth,5.0,True,1.0,One,17516.0,False,3.0,Los Angeles Unified,91311,0.0,17516.0,482.8911956939639,1.6666666666666667,56.0,0,520.2,0.14849280657684402,14.04344262601028,13.944283046980045,14.109583665093144,1341882.0012215038
True,False,2025-12-10,1400000.0,34.163145,-117.608238,4270.0,688 - Rancho Cucamonga,True,3.0,0.5636,1990.0,5.0,Rancho Cucamonga,5.0,True,2.0,Two,24552.0,False,3.0,Chaffey Joint Union High,91737,0.0,24552.0,327.8688524590164,1.0,35.0,0,854.0,0.17391658520690778,14.151982794585487,13.75893124807979,14.344467408809097,1697160.9928500082
False,False,2025-12-16,528000.0,36.963368,-120.100297,2228.0,313 - La Quinta South of HWY 111,True,3.0,0.17,1991.0,2.0,Madera,3.0,True,1.0,One,7405.0,False,3.0,Madera Unified,93637,0.0,7405.0,236.983842010772,1.5,34.0,0,742.6666666666666,0.3008777852802161,13.176851562688398,12.92391243868049,13.024322886502029,453306.09673248004
True,False,2025-12-16,1300000.0,34.462871,-118.180517,3178.0,ACTO - Acton,True,2.0,1.3130000000000002,1984.0,4.0,Acton,4.0,True,2.0,Two,57194.0,False,2.0,Acton-Agua Dulce Unified,93510,0.0,57194.0,409.0623033354311,1.0,41.0,0,794.5,0.055565269084169665,14.077874822431765,13.616449491037821,14.07309697149289,1293803.6082849735
True,False,2025-12-01,598000.0,37.79212668,-122.21851239,926.0,313 - La Quinta South of HWY 111,True,1.0,0.0413,1925.0,1.0,Oakland,2.0,True,1.0,One,1800.0,False,1.0,Mount Diablo,94601-2709,350.0,1800.0,645.7883369330453,2.0,100.0,0,463.0,0.5144444444444445,13.301346032932768,13.698976741708323,13.365794875801996,637809.4664534117
False,False,2025-12-10,835000.0,38.01512643,-121.97489284,2770.0,PLM - Palmdale,True,2.0,0.0931,2020.0,3.0,Bay Point,5.0,True,2.0,Two,4057.0,False,2.0,Palos Verdes Peninsula Unified,94565,0.0,4057.0,301.44404332129966,1.6666666666666667,5.0,0,554.0,0.6827705200887355,13.635187003832993,13.270783382522602,13.41065048504396,667070.1455057055
False,False,2025-12-05,1680000.0,32.73678949,-117.1276862,2346.0,92104 - North Park,False,2.0,0.2095,1953.0,2.0,San Diego,3.0,True,2.0,Two,9126.0,False,0.0,Other,92104,0.0,9126.0,716.1125319693094,1.5,72.0,0,782.0,0.25706771860618016,14.334304351379442,13.980515688011007,14.201695396000952,1471356.608348509
True,False,2025-12-05,754000.0,33.681862,-117.207797,3443.0,SRCAR - Southwest Riverside County,True,6.0,0.22,2015.0,4.0,Menifee,5.0,False,2.0,Two,9583.0,False,3.0,Menifee Union,92584,130.0,9583.0,218.9950624455417,1.25,10.0,0,688.6,0.3592820619847647,13.533147646990093,13.353475098367715,13.589764440350775,797920.6539522212
True,False,2025-12-15,1575000.0,33.873653999999995,-117.841658,2250.0,84 - Placentia,True,2.0,0.0859,2021.0,3.0,Placentia,4.0,True,2.0,Two,3743.0,False,2.0,Placentia-Yorba Linda Unified,92870,131.57,3743.0,700.0,1.3333333333333333,4.0,0,562.5,0.6011220945765429,14.269765830241871,13.980176819817759,14.029325520713835,1238393.4846662364
True,False,2025-12-23,1450000.0,34.207184000000005,-118.165262,1966.0,604 - Altadena,True,2.0,0.2378,1958.0,3.0,Altadena,3.0,True,1.0,One,10359.0,False,2.0,Other,91001,0.0,10359.0,737.5381485249237,1.0,67.0,0,655.3333333333334,0.1897866589439135,14.187074114396758,13.926582083454587,14.024562812041056,1232509.4004884555
True,False,2025-12-16,1235000.0,33.817464,-118.09868,1330.0,"33 - Lakewood Plaza, Rancho",True,3.0,0.1206,1953.0,2.0,Long Beach,3.0,True,1.0,One,5252.0,False,1.0,Long Beach Unified,90808,0.0,5252.0,928.5714285714286,1.5,72.0,0,443.3333333333333,0.25323686214775326,14.026581528044215,13.869051324892304,13.824070357596119,1008596.5394704471
True,False,2025-12-03,515000.0,38.02885254,-121.91283375,1361.0,MC - Mission Viejo Central,True,2.0,0.0828,2001.0,3.0,Pittsburg,3.0,True,2.0,Two,3607.0,False,2.0,Murrieta,94565,154.0,3607.0,378.3982365907421,1.0,24.0,0,453.6666666666667,0.37732187413362905,13.151922179645874,13.270783382522602,13.161028178460286,519711.0060444522
True,False,2025-12-09,1350000.0,34.16356,-118.592872,2875.0,WHLL - Woodland Hills,False,2.0,0.213,1961.0,3.0,Woodland Hills,4.0,True,2.0,Two,9279.0,False,2.0,William S. Hart Union,91364,0.0,9279.0,469.5652173913044,1.3333333333333333,64.0,0,718.75,0.3098394223515465,14.115615150414612,14.15910026235435,14.343263627223175,1695119.2108748036
True,True,2025-12-05,550000.0,33.859821000000004,-116.529258,1160.0,331 - North End Palm Springs,True,2.0,0.1,1982.0,2.0,Palm Springs,3.0,False,1.0,One,4356.0,False,1.0,Fullerton Joint Union High,92262,0.0,4356.0,474.13793103448273,1.5,43.0,0,386.6666666666667,0.2662993572084481,13.217673557208654,13.737549016494562,13.489679606298353,721927.2177103974
True,False,2025-12-08,1075000.0,33.122474,-117.188399,1983.0,92078 - San Marcos,True,4.0,0.2116,1999.0,3.0,San Marcos,3.0,True,2.0,Two,9216.0,False,2.0,San Marcos Unified,92078,0.0,9216.0,542.1079172970248,1.0,26.0,0,661.0,0.21516927083333334,13.8878312195439,14.075178214680975,14.027756476048898,1236451.9135802353
False,True,2025-12-30,1120000.0,34.22726,-118.525858,2262.0,NR - Northridge,True,2.0,0.1647,1981.0,3.0,Northridge,4.0,True,2.0,Two,7173.0,False,2.0,Los Angeles Unified,91325,0.0,7173.0,495.1370468611848,1.3333333333333333,44.0,0,565.5,0.31534922626516104,13.928839243271277,13.955272500339433,14.013283290446058,1218685.394741239
True,False,2025-12-10,4400000.0,34.074036,-118.491378,3706.0,C06 - Brentwood,False,2.0,0.2664,1960.0,5.0,Los Angeles,4.0,True,1.0,One,11605.0,False,2.0,Hacienda La Puente Unified,90049,0.0,11605.0,1187.2638963842417,0.8,65.0,0,926.5,0.3193451098664369,15.29711509888849,15.137266397946593,15.330169810358717,4547871.186574216
False,False,2025-12-15,1000000.0,33.825866,-117.990773,1389.0,79 - Anaheim West of Harbor,True,2.0,0.1652,1956.0,3.0,Anaheim,4.0,True,1.0,One,7194.0,False,2.0,Anaheim Union High,92804,0.0,7194.0,719.9424046076314,1.3333333333333333,69.0,0,347.25,0.19307756463719766,13.815510557964274,13.766841941519797,13.739998257799336,927268.3249105148
True,False,2025-12-12,790000.0,35.621624,-120.70053,1891.0,PSOR - Paso Robles,True,2.0,0.2296,1965.0,3.0,Paso Robles,4.0,True,1.0,One,10000.0,False,2.0,Paso Robles Joint Unified,93446,0.0,10000.0,417.7683765203596,1.3333333333333333,60.0,0,472.75,0.1891,13.579788224443204,13.591116224748411,13.645504800174544,843659.9589657519
True,False,2025-12-15,1950000.0,33.670198,-117.976735,2285.0,14 - South Huntington Beach,True,7.0,0.1469,1965.0,3.0,Huntington Beach,4.0,True,2.0,Two,6400.0,False,2.0,Huntington Beach Union High,92646,0.0,6400.0,853.3916849015317,1.3333333333333333,60.0,0,571.25,0.35703125,14.48333993053993,14.19394699368452,14.299324395646172,1622249.6157908286
False,False,2025-12-05,525000.0,34.543336,-118.07442,1687.0,PLM - Palmdale,True,0.0,0.2055,1997.0,2.0,Palmdale,3.0,True,1.0,One,8952.0,False,3.0,Centeniela Valley Union High,93550,65.0,8952.0,311.2033195020747,1.5,28.0,0,562.3333333333334,0.18844950848972297,13.17115354157376,13.049792684569493,13.010343768802972,447013.3633573972
True,False,2025-12-15,955000.0,34.135397999999995,-117.549495,2872.0,688 - Rancho Cucamonga,True,2.0,0.1079,2000.0,3.0,Rancho Cucamonga,4.0,True,2.0,Two,4700.0,False,2.0,Alta Loma,91701,0.0,4700.0,332.5208913649025,1.3333333333333333,25.0,0,718.0,0.6110638297872341,13.769466619462868,13.654166717138976,13.848450434029784,1033488.3999844393
True,False,2025-12-02,1250000.0,33.525481,-117.62003500000002,2038.0,SEND - Sendero,True,2.0,0.0634,2013.0,4.0,Rancho Mission Viejo,4.0,False,2.0,Two,2762.0,False,2.0,Capistrano Unified,92694,349.0,2762.0,613.3464180569185,1.0,12.0,0,509.5,0.7378711078928313,14.038654109278484,14.232573444874031,14.190155919146907,1454475.5096690094
False,False,2025-12-05,950000.0,33.831604,-117.907648,1712.0,78 - Anaheim East of Harbor,True,2.0,0.057,2012.0,3.0,Anaheim,3.0,True,2.0,Two,2483.0,False,2.0,Anaheim Union High,92805,190.07,2483.0,554.9065420560747,1.0,13.0,0,570.6666666666666,0.6894885219492549,13.764217263576723,13.670484785914017,13.582006377512917,791754.28584305
True,True,2025-12-02,855000.0,34.122135,-117.675695,1941.0,690 - Upland,True,2.0,0.2399,1964.0,2.0,Upland,4.0,True,1.0,One,10450.0,False,2.0,Upland,91784,0.0,10450.0,440.4945904173107,2.0,61.0,0,485.25,0.18574162679425837,13.658856747918897,13.815510557964274,13.84402750990067,1028927.4529994233
False,False,2025-12-09,1525000.0,32.792873699999994,-117.20206502,2304.0,92117 - Clairemont Mesa,False,4.0,0.1676,1972.0,3.0,San Diego,4.0,False,2.0,Two,7300.0,False,2.0,Capistrano Unified,92117,0.0,7300.0,661.8923611111111,1.3333333333333333,53.0,0,576.0,0.3156164383561644,14.237504968023648,13.964016766263498,14.095279834049514,1322824.5698621215
False,False,2025-12-15,600000.0,34.698266,-118.188846,3209.0,LAC - Lancaster,True,3.0,0.17,2004.0,3.0,Lancaster,5.0,True,2.0,Two,7405.0,False,3.0,See Remarks,93536,0.0,7405.0,186.9741352446245,1.6666666666666667,21.0,0,641.8,0.43335584064821064,13.304684934198283,13.224918336616522,13.404526382054113,662997.4228485023
True,False,2025-12-10,800000.0,33.161,-117.205671,1296.0,92081 - Vista,True,2.0,0.2,1952.0,2.0,Vista,4.0,False,1.0,One,8712.0,False,2.0,San Marcos Unified,92081,0.0,8712.0,617.283950617284,2.0,73.0,0,324.0,0.1487603305785124,13.592367006650065,13.835313185260453,13.739374473323087,926690.0896899455
False,True,2025-12-11,515555.0,33.786694,-116.296847,2142.0,307 - Sun City,True,3.0,0.17,2001.0,2.0,Palm Desert,2.0,True,1.0,One,7405.0,False,3.0,Fontana Unified,92211,398.0,7405.0,240.6886087768441,1.0,24.0,0,1071.0,0.28926401080351116,13.152999269279432,13.226723392728571,13.177691069769535,528443.4458507621
False,False,2025-12-24,600000.0,34.650775,-118.247536,3186.0,LAC - Lancaster,True,3.0,0.1523,1999.0,3.0,Lancaster,4.0,True,2.0,Two,6634.0,False,3.0,Antelope Valley Union,93536,0.0,6634.0,188.32391713747649,1.3333333333333333,26.0,0,796.5,0.4802532408803135,13.304684934198283,13.224918336616522,13.490269550158004,722353.2398918301
True,False,2025-12-22,695000.0,38.09840523,-122.27575548,2617.0,699 - Not Defined,True,2.0,0.0927,2006.0,3.0,Vallejo,3.0,True,2.0,Two,4040.0,False,2.0,Shoreline Unified,94592,0.0,4040.0,265.57126480703096,1.0,19.0,0,872.3333333333334,0.6477722772277228,13.45166712454693,13.567049198665774,13.62874756528801,829640.3439233477
False,False,2025-12-02,1395000.0,33.882991,-117.958394,2155.0,83 - Fullerton,True,2.0,0.0921,2003.0,3.0,Fullerton,3.0,True,2.0,Two,4010.0,False,2.0,Fullerton Joint Union High,92833,210.0,4010.0,647.3317865429234,1.0,22.0,0,718.3333333333334,0.5374064837905237,14.148404973237604,13.87377946608825,13.979320134523949,1177989.9768297116
True,False,2025-12-10,3050000.0,33.726988,-118.082104,1670.0,699 - Not Defined,True,1.0,0.0256,1968.0,3.0,Surfside,2.0,True,1.0,ThreeOrMore,1114.0,False,1.0,Los Alamitos Unified,90743,0.0,1114.0,1826.3473053892217,0.6666666666666666,57.0,0,835.0,1.4991023339317773,14.930652148583594,14.528460365820399,14.117011175197815,1351885.9495672002
True,False,2025-12-08,1350000.0,33.774916,-118.051347,1472.0,48 - College Park East,True,2.0,0.1377,1969.0,2.0,Seal Beach,3.0,True,1.0,One,6000.0,False,2.0,Los Alamitos Unified,90740,0.0,6000.0,917.1195652173913,1.5,56.0,0,490.6666666666667,0.24533333333333332,14.115615150414612,14.28551418721001,14.147214121944815,1393339.7511974808
True,False,2025-12-02,650000.0,34.082303,-117.173424,2097.0,268 - Redlands,True,2.0,0.186,1988.0,3.0,Redlands,4.0,True,2.0,Two,8100.0,False,2.0,Redlands Unified,92374,0.0,8100.0,309.9666189794945,1.3333333333333333,37.0,0,524.25,0.2588888888888889,13.38472764187182,13.299666780812677,13.362623386479079,635789.8648058511
False,False,2025-12-09,883000.0,33.958661,-118.120498,1371.0,"D2 - Northwest Downey, N of Firestone, W of Downey",False,2.0,0.1958,1951.0,2.0,Downey,2.0,True,1.0,One,8527.0,False,2.0,Downey Unified,90240,0.0,8527.0,644.0554339897885,1.0,74.0,0,685.5,0.16078339392517885,13.691080479586097,13.835929041168361,13.773324777493237,958691.6578393611
False,True,2025-12-03,689900.0,39.167229,-121.649865,2615.0,91941 - La Mesa,True,3.0,0.31,2003.0,3.0,Yuba City,3.0,True,1.0,One,13504.0,False,3.0,Yuba City Unified,95993,0.0,13504.0,263.82409177820267,1.0,22.0,0,871.6666666666666,0.19364632701421802,13.4443019385342,13.15023207974658,13.449540999507349,693523.9128264847
True,False,2025-12-01,500000.0,34.078963,-117.354368,1248.0,273 - Colton,True,2.0,0.0715,1986.0,2.0,Colton,3.0,True,1.0,One,3116.0,False,2.0,Colton Unified,92324,130.0,3116.0,400.6410256410256,1.5,39.0,0,416.0,0.40051347881899874,13.122363377404328,13.142166004700508,12.967903724170375,428439.0318517165
True,True,2025-12-12,1420000.0,33.990987,-117.663303,4279.0,681 - Chino,True,8.0,0.2339999999999999,2010.0,4.0,Chino,4.0,True,2.0,Two,10195.0,False,3.0,Chino Valley Unified,91710,215.0,10195.0,331.8532367375555,1.0,15.0,0,1069.75,0.41971554683668466,14.166167429577444,13.567049198665774,14.068502912553898,1287873.430476102
True,False,2025-12-15,399000.0,34.127841,-117.210314,759.0,276 - Highland,False,1.0,0.1377,1925.0,1.0,Highland,2.0,False,1.0,One,6000.0,False,1.0,San Bernardino City Unified,92346,0.0,6000.0,525.6916996047431,2.0,100.0,0,379.5,0.1265,12.896716695872,13.28681753563043,13.041596300520192,461204.2583452802
True,False,2025-12-02,1215000.0,34.145814,-117.662441,2724.0,690 - Upland,True,3.0,0.2314,1977.0,3.0,Upland,4.0,True,1.0,MultiSplit,10080.0,False,3.0,Upland,91784,0.0,10080.0,446.0352422907489,1.3333333333333333,48.0,0,681.0,0.2702380952380952,14.010254634756786,13.815510557964274,14.02464056775035,1232605.2388570432
True,False,2025-12-02,1200000.0,32.76428,-116.99962194,1825.0,91941 - La Mesa,True,6.0,0.2483,1968.0,3.0,La Mesa,4.0,True,1.0,"Two,One",8712.0,False,2.0,Los Angeles Unified,91941,240.0,7841.0,657.5342465753424,1.3333333333333333,57.0,0,456.25,0.23275092462696084,13.997832114758229,13.903955641362648,13.857639283600687,1043028.7346471541
True,False,2025-12-01,1385000.0,37.65474821,-121.78039383,1510.0,637 - Los Feliz,True,2.0,0.2366,1972.0,2.0,Livermore,3.0,True,1.0,One,10308.0,False,2.0,Murrieta,94550,0.0,10308.0,917.2185430463576,1.5,53.0,0,503.3333333333333,0.14648816453240202,14.141210697603576,14.077490059042251,13.924046939130562,1114645.4599025128
True,False,2025-12-04,925000.0,34.184349,-118.643819,1167.0,WHLL - Woodland Hills,True,2.0,0.2,1960.0,2.0,Woodland Hills,3.0,False,1.0,One,8710.0,False,2.0,Apple Valley Unified,91367,0.0,8710.0,792.630676949443,1.5,65.0,0,389.0,0.13398392652123994,13.737549016494562,14.130321297804308,13.826730340970215,1011282.960830703
False,False,2025-12-26,615878.0,33.792466,-116.375456,1750.0,699 - Not Defined,True,2.0,0.109,2025.0,2.0,Palm Desert,3.0,False,1.0,One,4750.0,True,2.0,Palm Springs Unified,92211,366.0,4750.0,351.93028571428573,1.5,0.0,0,583.3333333333334,0.3684210526315789,13.330804170952728,13.226723392728571,13.2269206048109,555109.4634990997
False,True,2025-12-22,1250000.0,37.34159138,-121.82027051,2157.0,699 - Not Defined,False,6.0,0.1923,1972.0,3.0,San Jose,6.0,True,2.0,One,8375.0,False,2.0,Other,95127,0.0,8375.0,579.5085767269355,2.0,53.0,0,359.5,0.25755223880597017,14.038654109278484,13.972514306773938,14.009361786959893,1213915.6740678183
False,False,2025-12-23,1280000.0,37.88567724,-122.28963385,1252.0,BKSF - Bakersfield,True,2.0,0.109,1931.0,2.0,Albany,2.0,True,1.0,One,4750.0,True,2.0,Antelope Valley Union,94706,32.0,4750.0,1022.3642172523962,1.0,94.0,0,626.0,0.2635789473684211,14.0623706358958,14.180153671552183,14.017135027921118,1223388.5027004983
True,False,2025-12-17,520000.0,33.911392,-116.931686,2219.0,263 - Banning/Beaumont/Cherry Valley,True,3.0,0.15,1998.0,3.0,Banning,2.0,True,1.0,One,6534.0,False,3.0,Banning Unified,92220,410.0,6534.0,234.33979269941412,0.6666666666666666,27.0,0,1109.5,0.33960820324456686,13.16158409055761,12.994530005894443,13.088820499664918,483506.72349593777
True,False,2025-12-05,568000.0,33.764762,-117.498758,1501.0,248 - Corona,True,2.0,0.09,2001.0,2.0,Temescal Valley,2.0,True,1.0,One,3920.0,False,2.0,Corona-Norco Unified,92883,359.0,3920.0,378.4143904063957,1.0,24.0,0,750.5,0.38290816326530613,13.249876697703288,13.547957803444275,13.25528468221158,571080.0561419768
False,False,2025-12-30,762500.0,34.154121,-118.128301,948.0,645 - Pasadena (NW),False,2.0,0.1146,1922.0,1.0,Pasadena,2.0,True,1.0,One,4993.0,False,1.0,Pasadena Unified,91106,0.0,4993.0,804.324894514768,2.0,103.0,0,474.0,0.1898658121369918,13.544357787463703,14.686803923907693,13.998108034272807,1200331.1491006427
False,False,2025-12-09,1120000.0,34.132106,-118.721742,1850.0,AGOA - Agoura,True,3.0,0.2723,1972.0,3.0,Agoura Hills,4.0,True,2.0,Two,11863.0,False,3.0,Other,91301,0.0,11863.0,605.4054054054054,1.3333333333333333,53.0,0,462.5,0.1559470622945292,13.928839243271277,14.2040248902346,14.153676841571693,1402373.675772169
True,True,2025-12-12,750000.0,34.140063,-117.581925,1750.0,688 - Rancho Cucamonga,True,2.0,0.1653,1964.0,2.0,Rancho Cucamonga,4.0,True,2.0,Two,7200.0,False,2.0,Chaffey Joint Union High,91737,0.0,7200.0,428.57142857142856,2.0,61.0,0,437.5,0.24305555555555555,13.527828485512494,13.75893124807979,13.73306274940959,920859.4975907529
False,False,2025-12-30,762500.0,34.15412,-118.128506,910.0,645 - Pasadena (NW),False,2.0,0.108,1922.0,1.0,Pasadena,2.0,True,1.0,One,4706.0,False,1.0,Pasadena Unified,91106,0.0,4706.0,837.9120879120879,2.0,103.0,0,455.0,0.19337016574585636,13.544357787463703,14.686803923907693,13.96598647180094,1162387.3073154164
False,False,2025-12-19,865000.0,34.274122,-119.219914,1324.0,SO - Sherman Oaks,True,2.0,0.13,1960.0,2.0,Ventura,3.0,True,1.0,One,5662.0,False,2.0,Temecula Unified,93003,0.0,5662.0,653.3232628398791,1.5,65.0,0,441.3333333333333,0.2338396326386436,13.670484785914017,13.825460888817442,13.741523061274474,928683.3053841407
True,False,2025-12-22,586000.0,37.99381829,-121.88873157,1992.0,250 - Norco,True,2.0,0.2925,1976.0,2.0,Pittsburg,3.0,True,1.0,One,12740.0,False,2.0,San Marino Unified,94565,0.0,12740.0,294.17670682730926,1.5,49.0,0,664.0,0.1563579277864992,13.281075068559149,13.270783382522602,13.325105308568249,612378.1780063089
False,False,2025-12-03,450000.0,32.643724,-116.651675,864.0,91963 - Potrero,True,0.0,4.83,1972.0,1.0,Potrero,2.0,True,1.0,One,4.83,False,0.0,Anaheim Union High,91963,0.0,210394.8,520.8333333333334,2.0,53.0,0,432.0,0.004106565371387506,13.017002861746503,13.303016877097587,13.110260435168962,493985.00189313793
True,False,2025-12-15,2350000.0,37.72305891,-121.84973295,3154.0,FH - Foothill Ranch,True,2.0,0.132,2012.0,4.0,Dublin,5.0,True,2.0,Two,5748.0,False,2.0,Dublin,94568-7343,118.0,5748.0,745.0856055802155,1.25,13.0,0,630.8,0.5487125956854558,14.669925886120343,13.698976741708323,13.93136276331775,1122829.911619625
True,False,2025-12-16,1225000.0,33.253008,-117.175008,2541.0,92084 - Vista,True,6.0,2.67,1999.0,3.0,Vista,4.0,True,1.0,One,2.67,False,3.0,Bonsall Unified,92084,0.0,116305.2,482.09366391184574,1.3333333333333333,26.0,0,635.25,0.02184769038701623,14.018451401960965,13.773646353865574,13.969751756313421,1166772.276388616
False,False,2025-12-16,360000.0,34.475925,-117.298066,1692.0,VIC - Victorville,True,2.0,0.0981,1994.0,3.0,Victorville,2.0,True,2.0,Two,4275.0,False,2.0,Victor Valley Unified,92395,0.0,4275.0,212.7659574468085,0.6666666666666666,31.0,0,846.0,0.3957894736842105,12.793859310432293,12.947950462906661,12.88651634588892,394950.7473631523
True,False,2025-12-02,2650000.0,37.71072071,-122.1002168,5200.0,83 - Fullerton,True,3.0,0.2697,2007.0,4.0,Castro Valley,5.0,True,1.0,ThreeOrMore,11750.0,False,3.0,Rialto Unified,94546,600.0,11750.0,509.61538461538464,1.25,18.0,0,1040.0,0.4425531914893617,14.790070197962406,13.885500212990994,14.630502504364584,2259157.4779264717
False,False,2025-12-11,490000.0,34.228349,-119.131965,1440.0,VC36 - El Rio / Nyeland Acres,True,0.0,0.18,1987.0,2.0,Oxnard,3.0,False,1.0,One,7840.0,False,0.0,Placentia-Yorba Linda Unified,93036,0.0,7840.0,340.27777777777777,1.5,38.0,0,480.0,0.1836734693877551,13.102160670086809,13.641157170819497,13.500045318210825,729449.4264415564
True,False,2025-12-08,650000.0,34.033625,-117.043087,2500.0,269 - Yucaipa/Calimesa/Oak Glen,True,2.0,0.1453,2004.0,3.0,Yucaipa,4.0,True,2.0,Two,6328.0,False,2.0,Yucaipa/Calimesa Unified,92399,83.0,6328.0,260.0,1.3333333333333333,21.0,0,625.0,0.3950695322376738,13.38472764187182,13.274219822166483,13.35972598826564,633950.394513259
False,True,2025-12-09,895000.0,38.319907,-122.007083,2681.0,699 - Not Defined,True,2.0,0.1645,2025.0,3.0,Vacaville,4.0,False,1.0,One,7164.0,False,2.0,Other,95687,275.0,7164.0,333.8306602014174,1.3333333333333333,0.0,0,670.25,0.3742322724734785,13.704578997256993,13.424850009081805,13.543273426503923,761673.6228946765
False,True,2025-12-31,455000.0,33.957642,-116.999962,1687.0,263 - Banning/Beaumont/Cherry Valley,True,6.0,0.15,2005.0,2.0,Beaumont,2.0,True,1.0,One,6534.0,False,2.0,Beaumont,92223,307.0,6534.0,269.7095435684647,1.0,20.0,0,843.5,0.25818794000612183,13.028052697933088,13.197470849891134,12.964791612519534,427107.7543655814
True,False,2025-12-18,609000.0,34.041978,-117.198035,1250.0,268 - Redlands,True,2.0,0.1995,1960.0,2.0,Redlands,3.0,True,1.0,One,8690.0,False,2.0,Redlands Unified,92373,0.0,8690.0,487.2,1.5,65.0,0,416.6666666666667,0.14384349827387802,13.319573546692034,13.621317169677567,13.50811559759244,735360.1054432533
False,False,2025-12-15,800000.0,33.92736,-118.320299,1608.0,110 - East Hawthorne,False,5.0,0.1263,1954.0,2.0,Hawthorne,3.0,True,1.0,One,5502.0,False,2.0,Centeniela Valley Union High,90250,0.0,5502.0,497.5124378109453,1.5,71.0,0,536.0,0.29225736095965105,13.592367006650065,13.710150042306449,13.72369718825694,912275.3918817868
True,False,2025-12-16,750000.0,37.04245049,-121.73647738,1049.0,699 - Not Defined,False,4.0,4.481,1963.0,2.0,Gilroy,2.0,False,1.0,Two,195192.0,False,0.0,Gilroy Unified,95020,0.0,195192.0,714.9666348903718,1.0,62.0,0,524.5,0.005374195663756711,13.527828485512494,13.965653216393994,13.70801990892126,898084.9203649984
True,False,2025-12-17,1849000.0,33.497696999999995,-117.644739,2559.0,OR - Ortega/Orange County,True,2.0,0.1641,1983.0,3.0,San Juan Capistrano,4.0,True,2.0,Two,7150.0,False,2.0,Capistrano Unified,92675,80.0,7150.0,722.547870261821,1.3333333333333333,42.0,0,639.75,0.3579020979020979,14.430155510369262,14.32231001513485,14.354309762729496,1713947.5259898936
False,False,2025-12-23,762000.0,34.272745,-118.432853,1150.0,PAC - Pacoima,False,2.0,0.1647,1955.0,2.0,Pacoima,4.0,False,1.0,One,7174.0,False,2.0,Los Angeles Unified,91331,0.0,7174.0,662.6086956521739,2.0,70.0,0,287.5,0.16030108725954836,13.543701834668783,13.541073712262515,13.484214524788126,717992.587950333
False,False,2025-12-09,610000.0,33.936321,-117.420766,1355.0,252 - Riverside,False,2.0,0.19,1954.0,2.0,Riverside,3.0,True,1.0,One,8276.0,False,2.0,Ramona Unified,92504,0.0,8276.0,450.1845018450185,1.5,71.0,0,451.6666666666667,0.16372643789270178,13.321214236149494,13.353475098367715,13.302102410611566,598452.4849551081
True,False,2025-12-19,1385000.0,33.669637,-117.636194,2115.0,LN - Lake Forest North,True,2.0,0.0697,2017.0,3.0,Lake Forest,4.0,False,2.0,Two,3038.0,False,2.0,Saddleback Valley Unified,92610,246.0,3038.0,654.8463356973996,1.3333333333333333,8.0,0,528.75,0.696181698485846,14.141210697603576,14.20077295875492,14.147877131935811,1394263.8556847787
False,False,2025-12-15,565000.0,33.64682620000001,-117.29730631,1520.0,SRCAR - Southwest Riverside County,True,4.0,0.12,2015.0,2.0,Lake Elsinore,3.0,False,1.0,One,5227.0,False,2.0,Other,92530,122.0,5227.0,371.7105263157895,1.5,10.0,0,506.6666666666667,0.29079778075377843,13.244581010128577,13.270783382522602,13.196346957363271,538394.5622147126
False,False,2025-12-08,1330000.0,34.143944,-118.856726,2300.0,WV - Westlake Village,True,6.0,0.16,1968.0,3.0,Westlake Village,4.0,True,1.0,ThreeOrMore,6969.0,False,3.0,Conejo Valley Unified,91361,240.0,6969.0,578.2608695652174,1.3333333333333333,57.0,0,575.0,0.33003300330033003,14.100689500197937,14.450755865652397,14.34308703273308,1694819.888592221
True,False,2025-12-24,280000.0,36.752786,-119.782464,1248.0,264 - Fontana,True,0.0,0.1205,1912.0,2.0,Fresno,3.0,False,2.0,Two,5250.0,False,0.0,Fresno Unified,93701,0.0,5250.0,224.3589743589744,1.5,113.0,0,416.0,0.2377142857142857,12.542544882151386,12.793859310432293,12.638674556081439,308252.5076408567
True,False,2025-12-22,900000.0,33.839718,-118.123829,1718.0,23 - Lakewood Park,True,2.0,0.1367,1950.0,2.0,Lakewood,3.0,True,1.0,One,0.1367,False,2.0,Long Beach Unified,90713,0.0,5954.65,523.8649592549476,1.5,75.0,0,572.6666666666666,0.28851401845616453,13.710150042306449,13.721199878493033,13.778751943262215,963908.7806775543
True,True,2025-12-23,930000.0,33.616217,-117.28638,2332.0,SRCAR - Southwest Riverside County,True,2.0,1.37,1982.0,2.0,Wildomar,3.0,True,1.0,One,59677.0,False,2.0,Lake Elsinore Unified,92595,0.0,59677.0,398.7993138936535,1.5,43.0,0,777.3333333333334,0.039077031352112206,13.742939865129438,13.442996549995796,13.6743756445991,868372.1487856087
False,False,2025-12-02,2290000.0,37.27563376,-121.91264003,2326.0,699 - Not Defined,True,2.0,0.191,1961.0,3.0,San Jose,5.0,True,2.0,One,8320.0,False,2.0,San Jose Unified,95124,0.0,8320.0,984.5227858985382,1.6666666666666667,64.0,0,465.2,0.2795673076923077,14.644062375530423,14.507657238190635,14.534642665013209,2052650.9560569038
False,False,2025-12-03,1510000.0,37.532723,-122.0094393,2134.0,699 - Not Defined,True,2.0,0.0361,2025.0,4.0,Newark,4.0,False,1.0,One,1574.0,False,2.0,Other,94560,222.0,1574.0,707.5913776944705,1.0,0.0,0,533.5,1.3557814485387547,14.227620208791107,14.151982794585487,14.187428825441364,1450514.422244912
True,False,2025-12-16,1831250.0,33.020602000000004,-117.142093,2473.0,92127 - Rancho Bernardo,True,4.0,0.15,2007.0,3.0,San Diego,4.0,True,2.0,Two,0.15,False,2.0,Poway Unified,92127,213.0,6534.0,740.497371613425,1.3333333333333333,18.0,0,618.25,0.3784817875726967,14.420509351747514,14.53335035111459,14.484389534975286,1952047.80315258
True,False,2025-12-17,512000.0,37.336842,-120.45216200000002,2235.0,646 - Pasadena (NE),True,2.0,0.1791,2005.0,2.0,Merced,4.0,True,1.0,One,7800.0,False,2.0,Merced Union,95340,0.0,7800.0,229.082774049217,2.0,20.0,0,558.75,0.2865384615384615,13.146079904021645,12.934827526010142,13.035245313592732,458284.43781489856
True,True,2025-12-18,2975000.0,33.735328,-116.332183,3766.0,325 - Indian Wells,True,3.0,0.28,2007.0,5.0,Indian Wells,4.0,True,1.0,One,12197.0,False,3.0,Desert Sands Unified,92210,750.0,12197.0,789.9628252788104,0.8,18.0,0,941.5,0.3087644502746577,14.905754596961867,14.452073389471401,14.859005840397296,2839123.2293052333
True,False,2025-12-09,910000.0,36.88523287,-121.70653544,1794.0,699 - Not Defined,True,2.0,1.15,2000.0,2.0,Royal Oaks,3.0,True,1.0,One,50094.0,False,2.0,Other,95076,155.0,50094.0,507.2463768115942,1.5,25.0,0,598.0,0.03581267217630854,13.721199878493033,13.723849529400505,13.730170508920907,918199.9982771334
False,False,2025-12-24,320000.0,33.718032,-117.201221,1000.0,SRCAR - Southwest Riverside County,True,2.0,0.16,1973.0,1.0,Menifee,2.0,False,1.0,One,6970.0,False,2.0,Menifee Union,92586,435.0,6970.0,320.0,2.0,52.0,0,500.0,0.14347202295552366,12.676076274775909,12.89921982609012,12.628126607523267,305018.1638806259
False,False,2025-12-05,885000.0,33.24761029,-117.32132271,1741.0,92057 - Oceanside,True,6.0,0.2953,1981.0,2.0,Oceanside,4.0,True,1.0,One,12863.0,False,3.0,Morongo Unified,92057,524.0,12863.0,508.3285468121769,2.0,44.0,0,435.25,0.13534945191634923,13.693342923990066,13.681979165339751,13.646423525746988,844435.4071019732
False,False,2025-12-08,1470000.0,37.77579051,-121.95237866,2499.0,NLAK - Northlake,True,2.0,0.0909,1988.0,3.0,San Ramon,4.0,True,2.0,Two,3960.0,False,2.0,Westminster Unified,94582,117.0,3960.0,588.2352941176471,1.3333333333333333,37.0,0,624.75,0.6310606060606061,14.20077295875492,14.516102044771095,14.429853579798396,1848441.81464532
True,False,2025-12-26,1686000.0,34.169107000000004,-118.428248,3048.0,SO - Sherman Oaks,True,2.0,0.1472,1936.0,4.0,Sherman Oaks,5.0,False,2.0,Two,6413.0,False,2.0,San Diego Unified,91401,600.0,6413.0,553.1496062992126,1.25,89.0,0,609.6,0.47528457820053016,14.337869417543939,14.070122729163781,14.481117480125862,1945671.033930618
True,False,2025-12-05,2375000.0,34.084270000000004,-118.306114,3547.0,C20 - Hollywood,True,7.0,0.231,1912.0,6.0,Los Angeles,5.0,True,2.0,Two,10063.0,False,2.0,Inglewood Unified,90029,0.0,10063.0,669.5799266986186,0.8333333333333334,113.0,0,709.4,0.3524793799065885,14.68050799545088,13.731996015476444,14.400213406283653,1794457.6802920315
False,False,2025-12-19,493506.0,33.944063,-116.929755,2024.0,263 - Banning/Beaumont/Cherry Valley,True,2.0,0.0933,2025.0,3.0,Banning,4.0,False,2.0,Two,4066.0,True,2.0,Beaumont,92220,220.0,4066.0,243.82707509881425,1.3333333333333333,0.0,0,506.0,0.49778652238071813,13.109290295836477,12.994530005894443,13.081393754399558,479929.1435577759
False,False,2025-12-02,655000.0,34.265096,-118.777157,1662.0,SVW - West Simi,True,1.0,0.068,1988.0,3.0,Simi Valley,3.0,True,2.0,Two,2962.0,False,2.0,Sweetwater Union,93065,125.0,2962.0,394.1034897713598,1.0,37.0,0,554.0,0.5611073598919649,13.39239051461739,13.676248490630767,13.597429750222634,804060.4647309785
False,False,2025-12-19,637500.0,34.082936,-118.273346,1196.0,C21 - Silver Lake - Echo Park,False,3.0,0.1163,1914.0,1.0,Silver Lake,2.0,False,1.0,One,5067.0,False,3.0,Los Angeles Unified,90026,0.0,5067.0,533.0267558528428,2.0,111.0,0,598.0,0.23603710282218276,13.365309556014719,14.237504968023648,13.945136362134956,1138402.3182141385
False,False,2025-12-19,715000.0,34.63915,-120.457941,2386.0,LOMP - Lompoc,True,2.0,0.11,2007.0,3.0,Lompoc,4.0,True,2.0,Two,4792.0,False,2.0,Lompoc Unified,93436,87.0,4792.0,299.6647108130763,1.3333333333333333,18.0,0,596.5,0.49791318864774625,13.480037821676145,13.315443355929407,13.332471584716464,616905.7800831851
True,False,2025-12-10,2875000.0,34.0093,-118.441356,2648.0,C13 - Palms - Mar Vista,True,3.0,0.1546,1946.0,4.0,Los Angeles,4.0,True,2.0,Two,6733.0,False,1.0,Pleasanton,90066,60.0,6733.0,1085.725075528701,1.0,79.0,0,662.0,0.39328679637605823,14.871563232213587,14.628660530918916,14.80070717618959,2678338.4428052856
True,False,2025-12-02,530000.0,33.96682,-117.248185,2222.0,259 - Moreno Valley,True,2.0,0.15,1989.0,3.0,Moreno Valley,4.0,True,2.0,Two,6534.0,False,2.0,Moreno Valley Unified,92557,133.0,6534.0,238.5238523852385,1.3333333333333333,36.0,0,555.5,0.3400673400673401,13.180632285528304,13.262125319779487,13.326742925481659,613381.8404510116
False,True,2025-12-16,1065000.0,34.204599,-118.620113,1372.0,WEH - West Hills,False,2.0,0.1842,1956.0,2.0,West Hills,4.0,True,1.0,One,8023.0,False,2.0,Los Angeles Unified,91307,0.0,8023.0,776.2390670553935,2.0,69.0,0,343.0,0.17100835099090117,13.878485357125662,13.849911984681606,13.730759316266706,918740.800379533
False,True,2025-12-30,1147500.0,33.582697,-117.649506,1628.0,MS - Mission Viejo South,True,4.0,0.1148,1983.0,2.0,Mission Viejo,3.0,True,1.0,One,5000.0,False,2.0,Capistrano Unified,92692,90.55,5000.0,704.8525798525799,1.5,42.0,0,542.6666666666666,0.3256,13.953096220916837,14.006130917572923,13.882726251554558,1069526.1432309553
True,False,2025-12-12,705000.0,34.561434000000006,-118.179055,3219.0,PLM - Palmdale,True,2.0,0.14,2017.0,3.0,Palmdale,5.0,True,2.0,Two,6098.0,False,2.0,Other,93551,73.0,6098.0,219.0121155638397,1.6666666666666667,8.0,0,643.8,0.5278779927845195,13.465953081794405,13.345506928718539,13.44843974364105,692760.5859353188
False,False,2025-12-05,720100.0,33.803144,-118.258342,1003.0,195 - West Wilmington,False,2.0,0.1164,1944.0,1.0,Wilmington,3.0,True,1.0,One,5069.0,False,2.0,Los Angeles Unified,90744,0.0,5069.0,717.9461615154537,3.0,81.0,0,334.3333333333333,0.1978694022489643,13.487145370236957,13.452727022056246,13.358732808723861,633321.080513551
True,True,2025-12-09,385000.0,37.327848,-120.464386,1981.0,LAC - Lancaster,True,2.0,0.176,1977.0,2.0,Merced,4.0,True,1.0,One,7665.0,False,2.0,Merced City,95340,0.0,7665.0,194.34628975265016,2.0,48.0,0,495.25,0.25844748858447486,12.86099861326992,12.934827526010142,12.990213477649027,438104.82081191055
True,False,2025-12-09,4411000.0,34.08802,-118.42976000000002,3708.0,C02 - Beverly Hills Post Office,True,6.0,0.236,1972.0,5.0,Beverly Hills,4.0,True,1.0,"ThreeOrMore,MultiSplit",10280.0,False,2.0,Merced Union,90210,195.0,10280.0,1189.5900755124055,0.8,53.0,0,927.0,0.36070038910505836,15.299611979087077,15.053884789007542,15.27633533078585,4309512.431702648
True,False,2025-12-02,685000.0,33.656279,-117.25951,2829.0,SRCAR - Southwest Riverside County,True,3.0,0.2,2003.0,3.0,Lake Elsinore,4.0,True,2.0,Two,8712.0,False,3.0,Lake Elsinore Unified,92532,134.0,8712.0,242.13503004595265,1.3333333333333333,22.0,0,707.25,0.3247245179063361,13.437174117244362,13.353475098367715,13.442122648045805,688398.144576074
True,False,2025-12-04,1450000.0,34.116066,-118.083108,1561.0,654 - San Gabriel,True,2.0,0.179,1948.0,2.0,San Gabriel,3.0,True,1.0,One,7797.0,False,2.0,San Gabriel Unified,91775,0.0,7797.0,928.891736066624,1.5,77.0,0,520.3333333333334,0.2002052071309478,14.187074114396758,14.157248338395881,14.043884916312178,1256555.6394871033
True,False,2025-12-05,350000.0,37.322436,-120.464321,1418.0,LNSEA - Sea Country,True,2.0,0.1469,1962.0,2.0,Merced,3.0,True,1.0,One,6397.0,False,2.0,Merced Union,95340,0.0,6397.0,246.8265162200282,1.5,63.0,0,472.6666666666667,0.22166640612787245,12.765688433465597,12.934827526010142,12.8393685419498,376761.8397284868
True,False,2025-12-15,1825000.0,32.90943107,-117.07312034,3133.0,92131 - Scripps Miramar,True,6.0,0.4982,1987.0,3.0,San Diego,5.0,True,2.0,Two,21700.0,False,3.0,Saddleback Valley Unified,92131,185.0,21700.0,582.5087775295244,1.6666666666666667,38.0,0,626.6,0.14437788018433179,14.417090544998729,14.323804784559034,14.52341153772579,2029726.3474632895
True,False,2025-12-03,3725000.0,33.61448,-117.852541,2266.0,NV - East Bluff - Harbor View,True,2.0,0.1607,1977.0,3.0,Newport Beach,3.0,True,1.0,One,7000.0,False,2.0,Newport Mesa Unified,92660,680.0,7000.0,1643.865842894969,1.0,48.0,0,755.3333333333334,0.32371428571428573,15.130577409795796,15.133214468519324,14.90583865577085,2975250.0854675206
False,False,2025-12-30,555000.0,34.137221000000004,-118.152625,462.0,647 - Pasadena (SW),True,1.0,0.0434,1915.0,1.0,Pasadena,1.0,True,1.0,One,1890.0,False,0.0,William S. Hart Union,91105,375.0,1890.0,1201.2987012987012,1.0,110.0,0,462.0,0.24444444444444444,13.226723392728571,14.739643644497264,13.489950568757925,722122.8593895185
True,False,2025-12-20,292000.0,38.968985,-122.646814,1552.0,LCCLW - Clearlake West,True,6.0,0.11,2007.0,3.0,Clearlake,4.0,False,1.0,One,4792.0,False,2.0,Konocti Unified,95422,0.0,4792.0,188.1443298969072,1.3333333333333333,18.0,0,388.0,0.32387312186978295,12.584509081250419,12.524526376648708,12.64364830664337,309789.4978584021
True,False,2025-12-09,1699000.0,34.080436,-118.340332,1757.0,C18 - Hancock Park-Wilshire,False,2.0,0.138,1925.0,2.0,Los Angeles,4.0,True,1.0,One,6011.0,False,2.0,Hayward,90036,650.0,6011.0,966.989186112692,2.0,100.0,0,439.25,0.29229745466644486,14.34555040065407,14.676279640441766,14.375576739073662,1750788.365578349
True,False,2025-12-29,350000.0,33.914109,-116.943255,1472.0,263 - Banning/Beaumont/Cherry Valley,True,2.0,0.11,1993.0,2.0,Banning,2.0,True,1.0,One,4792.0,False,2.0,Banning Unified,92220,385.0,4792.0,237.7717391304348,1.0,32.0,0,736.0,0.3071786310517529,12.765688433465597,12.994530005894443,12.811153696047793,366280.12776805507
True,False,2025-12-08,3400000.0,34.004615,-118.467545,4018.0,C14 - Santa Monica,True,4.0,0.1244,1988.0,5.0,Santa Monica,4.0,True,2.0,Two,5420.0,False,2.0,Santa Monica-Malibu Unified,90405,62.0,5420.0,846.1921353907417,0.8,37.0,0,1004.5,0.7413284132841328,15.03928598958639,14.73180128983843,15.112518707909532,3658335.0880611376
True,True,2025-12-15,3300000.0,36.59608796,-121.95621644,2965.0,699 - Not Defined,True,2.0,0.2273,2025.0,4.0,Pebble Beach,3.0,True,2.0,Two,9900.0,False,2.0,Other,93953,0.0,9900.0,1112.9848229342326,0.75,0.0,0,988.3333333333334,0.2994949494949495,15.009433026436708,14.812459192855883,15.241625372573823,4162495.6681009377
True,False,2025-12-24,675000.0,33.932635,-118.327986,806.0,101 - North Inglewood,False,2.0,0.152,1941.0,1.0,Inglewood,2.0,False,1.0,One,6623.0,False,2.0,Inglewood Unified,90303,0.0,6623.0,837.468982630273,2.0,84.0,0,403.0,0.12169711611052393,13.422467969854667,13.610329518603837,13.347641594826463,626335.5913310586
True,False,2025-12-04,810000.0,33.847478,-118.156099,1762.0,699 - Not Defined,False,4.0,0.1148,1952.0,1.0,Lakewood,3.0,True,1.0,One,5000.0,False,2.0,Long Beach Unified,90712,0.0,5000.0,459.7048808172531,3.0,73.0,0,587.3333333333334,0.3524,13.604789526648622,13.671639520838347,13.615422811236662,818658.915285416
False,False,2025-12-29,500000.0,33.95208,-118.210524,1064.0,"T2 - Cudahy, SouthGate W of 710, HuntPk S of Flore",False,1.0,0.0977,1925.0,2.0,South Gate,3.0,False,1.0,One,4254.0,False,1.0,Los Angeles Unified,90280,0.0,4254.0,469.9248120300752,1.5,100.0,0,354.6666666666667,0.25011753643629525,13.122363377404328,13.458120817620745,13.38644230242522,651115.4854258391
False,False,2025-12-19,605000.0,33.911328999999995,-118.260297,832.0,C37 - Metropolitan South,True,3.0,0.1149,1945.0,1.0,Los Angeles,2.0,False,1.0,One,5004.0,False,0.0,Compton Unified,90059,0.0,5004.0,727.1634615384615,2.0,80.0,0,416.0,0.16626698641087131,13.312983737012978,13.31294958517389,13.086158993528073,482221.5783536121
True,True,2025-12-23,900000.0,33.972515,-116.977248,3106.0,263 - Banning/Beaumont/Cherry Valley,True,3.0,0.9,1984.0,3.0,Cherry Valley,6.0,True,1.0,One,39204.0,False,3.0,Yucaipa/Calimesa Unified,92223,0.0,39204.0,289.76175144880875,2.0,41.0,0,517.6666666666666,0.07922660952963984,13.710150042306449,13.197470849891134,13.50082747823651,730020.1958110712
True,False,2025-12-30,589900.0,34.047573,-117.012817,1500.0,269 - Yucaipa/Calimesa/Oak Glen,True,2.0,0.2893,1964.0,2.0,Yucaipa,3.0,True,1.0,One,12600.0,False,2.0,Yucaipa/Calimesa Unified,92399,0.0,12600.0,393.26666666666665,1.5,61.0,0,500.0,0.11904761904761904,13.287708309991167,13.274219822166483,13.233414660539196,558726.1059187719
True,False,2025-12-23,340000.0,37.313595,-120.491261,1128.0,92028 - Fallbrook,True,1.0,0.1688,1954.0,1.0,Merced,3.0,True,1.0,One,7353.0,False,1.0,Merced Union,95340,0.0,7353.0,301.41843971631204,3.0,71.0,0,376.0,0.15340677274581804,12.736700896592344,12.934827526010142,12.667102754969951,317141.31905980135
True,False,2025-12-19,1660000.0,33.633775,-117.707452,2001.0,LS - Lake Forest South,True,2.0,0.0826,1973.0,3.0,Lake Forest,4.0,True,2.0,Two,3600.0,False,2.0,Saddleback Valley Unified,92630,304.0,3600.0,829.5852073963018,1.3333333333333333,52.0,0,500.25,0.5558333333333333,14.322328160332725,14.077874822431765,14.051083490486278,1265633.6837477305
True,False,2025-12-05,385000.0,39.498992,-121.503168,1497.0,92126 - Mira Mesa,False,2.0,0.89,1964.0,2.0,Oroville,3.0,True,1.0,One,0.89,False,0.0,Oroville Union,95966,0.0,38768.4,257.1810287241149,1.5,61.0,0,499.0,0.03861392267929551,12.86099861326992,12.821258284620408,12.779308251833848,354799.5467135881
False,True,2025-12-15,415000.0,33.702286,-116.248144,1278.0,314 - Indio South of East Valley,True,2.0,0.1,1991.0,2.0,Indio,3.0,True,1.0,One,4356.0,False,2.0,Adelanto,92201,205.0,4356.0,324.7261345852895,1.5,34.0,0,426.0,0.29338842975206614,12.936033799212835,13.235692062711331,13.098258780502661,488091.79931893636
True,False,2025-12-29,755000.0,33.47818,-117.077441,2562.0,SRCAR - Southwest Riverside County,True,3.0,0.14,1999.0,3.0,Temecula,4.0,True,2.0,Two,6098.0,False,3.0,Temecula Unified,92592,0.0,6098.0,294.6916471506635,1.3333333333333333,26.0,0,640.5,0.4201377500819941,13.534473028231162,13.580420735596498,13.646528911382777,844524.4031536042
False,False,2025-12-17,3050000.0,33.08383936,-117.18247243,3595.0,92029 - Escondido,True,13.0,3.5,1990.0,4.0,Escondido,5.0,True,2.0,Two,3.5,False,3.0,San Diego Unified,92029,0.0,152460.0,848.4005563282336,1.25,35.0,0,719.0,0.023579955398137217,14.930652148583594,14.163297674406381,14.446239503005689,1878979.7531514368
False,False,2025-12-02,580000.0,34.016016,-118.271906,1300.0,C42 - Downtown L.A.,True,2.0,0.1439,1976.0,2.0,Los Angeles,4.0,False,1.0,One,6270.0,False,2.0,Los Angeles Unified,90011,0.0,6270.0,446.1538461538461,2.0,49.0,0,325.0,0.20733652312599682,13.270783382522602,13.174002552131078,13.078820275676138,478695.6439912932
False,False,2025-12-30,762500.0,34.153836,-118.128398,898.0,645 - Pasadena (NW),False,2.0,0.1278,1901.0,1.0,Pasadena,2.0,False,1.0,One,5569.0,False,1.0,Pasadena Unified,91106,0.0,5569.0,849.109131403118,2.0,124.0,0,449.0,0.16124977554318548,13.544357787463703,14.686803923907693,13.800368450876732,984971.9581608359
True,False,2025-12-23,343000.0,33.980052,-116.535768,1725.0,341 - Mission Lakes,True,2.0,0.19,1991.0,2.0,Desert Hot Springs,2.0,True,1.0,Two,8276.0,False,2.0,Palm Springs Unified,92240,465.0,8276.0,198.84057971014497,1.0,34.0,0,862.5,0.20843402609956502,12.745485726148077,12.911642346088676,12.888974279078786,395922.70392627217
False,False,2025-12-01,875000.0,33.919183000000004,-117.869703,1502.0,86 - Brea,True,2.0,0.0718,1977.0,2.0,Brea,3.0,True,2.0,Two,3128.0,False,2.0,Brea-Olinda Unified,92821,78.0,3128.0,582.5565912117177,1.5,48.0,0,500.6666666666667,0.48017902813299235,13.681979165339751,13.997832114758229,13.78437945757853,969348.4827854006
True,True,2025-12-02,875000.0,34.510272,-118.637073,3482.0,NCAS - North Castaic,True,2.0,0.1398,2000.0,3.0,Castaic,4.0,True,2.0,Two,6090.0,False,2.0,William S. Hart Union,91384,0.0,6090.0,251.2923607122343,1.3333333333333333,25.0,0,870.5,0.5717569786535304,13.681979165339751,13.602317337503232,13.773684974195124,959037.0376112349
False,False,2025-12-01,796000.0,34.225898,-119.039317,1721.0,VC41 - Camarillo Central,True,2.0,0.12,1979.0,2.0,Camarillo,3.0,True,1.0,One,5227.0,False,2.0,Other,93010,0.0,5227.0,462.521789657176,1.5,46.0,0,573.6666666666666,0.3292519609718768,13.58735446482652,13.790192749979985,13.699555830010887,890515.5378458434
True,False,2025-12-01,742000.0,32.69214329,-117.07398631,966.0,92114 - Encanto,True,6.0,0.1446,1963.0,1.0,San Diego,3.0,False,1.0,One,6300.0,False,2.0,Oakland,92114,309.0,6300.0,768.1159420289855,3.0,62.0,0,322.0,0.15333333333333332,13.517104522149518,13.547631112808673,13.364554127958632,637018.5964700051
False,False,2025-12-11,475000.0,39.06086107,-121.32675387,1200.0,699 - Not Defined,True,4.0,9.71,1985.0,2.0,Wheatland,3.0,False,2.0,Two,422968.0,False,2.0,Other,95692,0.0,422968.0,395.8333333333333,1.5,40.0,0,400.0,0.00283709405912504,13.071070083016778,12.983101310070822,13.004505158086282,444411.03073980316
False,False,2025-12-12,2200000.0,37.77931038,-122.49506563,2646.0,92020 - El Cajon,True,2.0,0.0574,1986.0,6.0,San Francisco,6.0,False,1.0,One,2500.0,False,2.0,San Francisco Unified,94121,0.0,2500.0,831.4436885865457,1.0,39.0,0,441.0,1.0584,14.603967918328545,14.403297222866392,14.587582204798615,2164245.164466199
False,False,2025-12-03,600900.0,33.848797,-117.207829,2391.0,SRCAR - Southwest Riverside County,True,2.0,0.1492,2025.0,3.0,Perris,4.0,False,2.0,Two,6500.0,True,2.0,Val Verde,92571,0.0,6500.0,251.31744040150565,1.3333333333333333,0.0,0,597.75,0.3678461538461538,13.30618381032202,13.214938819306386,13.332444120412031,616888.8374276949
False,False,2025-12-05,550000.0,34.969246000000005,-120.416874,1008.0,SMNE - SM Northeast,True,4.0,0.14,1962.0,2.0,Santa Maria,3.0,False,1.0,One,6098.0,False,2.0,Santa Maria Joint Union,93454,0.0,6098.0,545.6349206349206,1.5,63.0,0,336.0,0.1653000983929157,13.217673557208654,13.422467969854667,13.299220326435893,596730.1776278563
True,False,2025-12-09,536000.0,34.242121000000004,-116.928199,1019.0,289 - Big Bear Area,True,0.0,0.1436,1950.0,2.0,Big Bear Lake,3.0,True,2.0,Two,6256.0,False,0.0,Bear Valley Unified,92315,0.0,6256.0,526.0058881256133,1.5,75.0,0,339.6666666666667,0.162883631713555,13.19188944005294,13.398478813484644,13.323510246279845,611402.1752678411
True,False,2025-12-19,540000.0,37.98776682,-121.71626071,1000.0,PLM - Palmdale,True,2.0,0.1377,1983.0,1.0,Oakley,3.0,True,1.0,One,6000.0,False,2.0,Albany,94561,159.0,6000.0,540.0,3.0,42.0,0,333.3333333333333,0.16666666666666666,13.199324418540456,13.415032991367148,13.194788126119615,537555.9497471913
True,True,2025-12-19,2998000.0,34.109243,-118.1137,5273.0,654 - San Gabriel,False,6.0,0.7206,1906.0,6.0,San Gabriel,6.0,True,2.0,Two,31388.0,False,2.0,Chino Valley Unified,91775,0.0,31388.0,568.5567987862697,1.0,119.0,0,878.8333333333334,0.1679941378870906,14.91345595764468,14.157248338395881,15.012350529986882,3309641.8198983413
True,False,2025-12-10,610000.0,34.146848,-117.379568,1935.0,272 - Rialto,True,2.0,0.2755,1960.0,2.0,Rialto,3.0,True,1.0,One,12000.0,False,2.0,Rialto Unified,92377,0.0,12000.0,315.2454780361757,1.5,65.0,0,645.0,0.16125,13.321214236149494,13.403775836842515,13.402478853684634,661641.3056343418
True,False,2025-12-23,730000.0,33.891051000000004,-118.25222,1528.0,RQ - Compton West of Central,True,2.0,0.1177,1957.0,2.0,Compton,3.0,False,1.0,One,5125.0,False,2.0,Compton Unified,90220,0.0,5125.0,477.7486910994765,1.5,68.0,0,509.3333333333333,0.2981463414634146,13.500799813124575,13.386264921190707,13.362630449154985,635794.3551994673
True,True,2025-12-22,1140000.0,33.521955,-117.126069,2062.0,SRCAR - Southwest Riverside County,True,5.0,0.52,1976.0,2.0,Temecula,4.0,True,1.0,One,0.52,False,2.0,Temecula Unified,92591,118.0,22651.2,552.8612997090204,2.0,49.0,0,515.5,0.0910327046690683,13.946538820370678,13.514405465180353,13.645645397436239,843778.5835847366
True,True,2025-12-19,4250000.0,33.748037,-116.401784,4591.0,321 - Rancho Mirage,True,6.0,0.84,1987.0,5.0,Rancho Mirage,4.0,True,1.0,One,36590.0,False,3.0,Other,92270,750.0,36590.0,925.7242430842954,0.8,38.0,0,1147.75,0.12547144028423066,15.2624295409006,13.9108207377686,14.780026462302093,2623517.3156639757
False,False,2025-12-09,924400.0,32.7273017,-116.86601278,2126.0,91935 - Jamul,True,9.0,1.33,1989.0,2.0,Jamul,3.0,True,1.0,One,57934.0,False,3.0,Madera Unified,91935,200.0,57934.0,434.8071495766698,1.5,36.0,0,708.6666666666666,0.036696930990437394,13.736900157382363,13.81451005763069,13.892060744355756,1079556.3680161755
True,False,2025-12-01,712000.0,38.214401,-122.151265,2293.0,LAC - Lancaster,True,2.0,0.078,2018.0,3.0,Fairfield,3.0,False,2.0,Two,3398.0,False,2.0,Fairfield-Suisun School District,94534,143.0,3398.0,310.5102485826428,1.0,7.0,0,764.3333333333334,0.6748087110064744,13.475833190394113,13.53579665516167,13.569899674875677,782226.5432904686
False,False,2025-12-01,410000.0,33.686161,-117.166506,1206.0,SRCAR - Southwest Riverside County,True,2.0,0.12,1990.0,2.0,Menifee,3.0,True,1.0,One,5227.0,False,2.0,Perris Union High,92584,92.0,5227.0,339.96683250414594,1.5,35.0,0,402.0,0.23072508130859,12.92391243868049,13.353475098367715,13.230766666244401,557248.5595085421
False,True,2025-12-15,3490000.0,37.34689755,-122.09110494,1565.0,699 - Not Defined,True,2.0,0.1917,1956.0,2.0,Los Altos,3.0,True,1.0,One,8350.0,False,2.0,Other,94024,55.0,8350.0,2230.031948881789,1.5,69.0,0,521.6666666666666,0.18742514970059881,15.06541229417861,15.303785285032884,14.942188750456788,3085390.385590203
True,True,2025-12-04,970000.0,34.021632000000004,-117.85284,1616.0,668 - Walnut,True,2.0,0.1704,1976.0,2.0,Walnut,4.0,True,1.0,One,7421.0,False,2.0,Walnut Valley Unified,91789,0.0,7421.0,600.2475247524752,2.0,49.0,0,404.0,0.21776040964829538,13.785051350479566,13.963930563082547,13.861641050884833,1047211.0556702553
True,True,2025-12-30,4277500.0,33.683985,-116.369676,5444.0,325 - Indian Wells,True,2.0,0.49,2000.0,6.0,Indian Wells,4.0,True,1.0,One,21344.0,False,2.0,Desert Sands Unified,92210,1495.46,21344.0,785.7274063188831,0.6666666666666666,25.0,0,1361.0,0.2550599700149925,15.268879284748486,14.452073389471401,15.231315137044533,4119799.8376239645
False,False,2025-12-09,975000.0,34.214766999999995,-118.427349,2026.0,PC - Panorama City,True,2.0,0.1438,1960.0,2.0,Panorama City,3.0,True,1.0,One,6265.0,False,2.0,Other,91402,385.0,6265.0,481.24383020730505,1.5,65.0,0,675.3333333333334,0.32338387869114127,13.790192749979985,13.554145793829866,13.603966080492611,809333.283154017
False,False,2025-12-19,860000.0,33.972536,-117.569933,2294.0,249 - Eastvale,True,3.0,0.16,2004.0,2.0,Eastvale,4.0,True,1.0,One,6970.0,False,3.0,Corona-Norco Unified,92880,0.0,6970.0,374.8910200523103,2.0,21.0,0,573.5,0.3291248206599713,13.664687668229691,13.764217263576723,13.769380456523328,954917.7179376226
False,False,2025-12-10,300000.0,34.584608,-117.430604,1104.0,ADL - Adelanto,True,2.0,0.1882,1983.0,2.0,Adelanto,3.0,False,1.0,One,8200.0,False,2.0,Victor Valley Union High,92301,0.0,8200.0,271.7391304347826,1.5,42.0,0,368.0,0.13463414634146342,12.611537753638338,12.907924856844918,12.752123860558234,345284.45397027145
True,False,2025-12-08,1700000.0,37.90998699,-122.01784127,2539.0,274 - San Bernardino,True,2.0,0.2479,1971.0,3.0,Walnut Creek,5.0,True,2.0,Two,10800.0,False,2.0,Glendora Unified,94598,0.0,10800.0,669.5549428909019,1.6666666666666667,54.0,0,507.8,0.2350925925925926,14.346138809026444,14.240778293368619,14.348131234273579,1703390.4994568655
True,False,2025-12-01,360000.0,34.523926,-117.178872,1294.0,APPV - Apple Valley,True,2.0,0.4362,1987.0,2.0,Apple Valley,3.0,True,1.0,One,19000.0,False,2.0,Apple Valley Unified,92307,0.0,19000.0,278.20710973724886,1.5,38.0,0,431.3333333333333,0.06810526315789474,12.793859310432293,13.049792684569493,12.888778850258893,395845.3367796063
True,False,2025-12-22,542500.0,33.972776,-117.25636000000002,1783.0,259 - Moreno Valley,True,2.0,0.12,1987.0,3.0,Moreno Valley,4.0,True,2.0,Two,5227.0,False,2.0,Moreno Valley Unified,92557,127.0,5227.0,304.2624789680314,1.3333333333333333,38.0,0,445.75,0.3411134493973599,13.203943364396752,13.262125319779487,13.247974347324806,566920.492111698
True,False,2025-12-02,1200000.0,33.345787,-117.186369,2612.0,92028 - Fallbrook,True,11.0,1.11,1990.0,3.0,Fallbrook,4.0,True,1.0,One,48351.0,False,3.0,Fallbrook Union,92028,135.0,48351.0,459.41807044410416,1.3333333333333333,35.0,0,653.0,0.05402163347190337,13.997832114758229,13.681979165339751,13.948457816241767,1142189.755687113
False,False,2025-12-26,429990.0,34.496501,-117.281979,1582.0,VIC - Victorville,True,2.0,0.3214,2003.0,2.0,Victorville,3.0,True,1.0,One,14000.0,False,2.0,Victor Valley Unified,92395,39.0,14000.0,271.8015170670038,1.5,22.0,0,527.3333333333334,0.113,12.971517231585372,12.947950462906661,12.934868611883468,414516.7288636915
False,False,2025-12-18,699000.0,34.055103,-117.749991,1285.0,687 - Pomona,True,2.0,0.2021,1955.0,2.0,Pomona,4.0,False,1.0,One,8802.0,False,2.0,Pomona Unified,91767,0.0,8802.0,543.9688715953307,2.0,70.0,0,321.25,0.14598954783003862,13.457406021215947,13.422467969854667,13.36775019728276,639057.8090616311
False,False,2025-12-04,2400000.0,37.712579,-121.834377,3611.0,699 - Not Defined,True,2.0,0.1389,2025.0,4.0,Dublin,4.0,False,1.0,One,6050.0,False,2.0,Other,94568,115.0,6050.0,664.6358349487676,1.0,0.0,0,902.75,0.5968595041322314,14.690979295318174,14.288629462085328,14.807780671057143,2697350.8187332554
False,True,2025-12-19,1488000.0,34.013442,-117.758256,2811.0,682 - Chino Hills,True,3.0,0.1862,1988.0,3.0,Chino Hills,4.0,True,2.0,Two,8112.0,False,3.0,Chino Valley Unified,91709,0.0,8112.0,529.3489861259338,1.3333333333333333,37.0,0,702.75,0.34652366863905326,14.212943494375175,13.901688254205327,14.021727684897638,1229020.0283766876
True,False,2025-12-11,509900.0,34.645265,-118.218131,1849.0,QHL - Quartz Hill,True,3.0,0.2383,1987.0,3.0,Quartz Hill,3.0,True,2.0,Two,10380.0,False,3.0,Antelope Valley Union,93536,0.0,10380.0,275.7706868577609,1.0,38.0,0,616.3333333333334,0.178131021194605,13.141969907043247,13.224918336616522,13.235187863575808,559717.7196528402
False,False,2025-12-05,695292.0,33.969632,-117.466315,1880.0,251 - Jurupa Valley,True,2.0,0.0932,2025.0,3.0,Jurupa Valley,4.0,False,2.0,Two,4060.0,True,2.0,Jurupa Unified,92509,158.0,4060.0,369.836170212766,1.3333333333333333,0.0,0,470.0,0.4630541871921182,13.452087180196093,13.422467969854667,13.392909967188482,655340.3298190129
True,False,2025-12-03,1875000.0,34.14342,-118.867234,2222.0,WV - Westlake Village,True,5.0,0.188,1995.0,2.0,Lake Sherwood,3.0,True,1.0,One,8189.0,False,3.0,Conejo Valley Unified,91361,725.0,8189.0,843.8343834383438,1.5,30.0,0,740.6666666666666,0.2713396019049945,14.444119217386648,14.450755865652397,14.215375838681744,1491623.7336255119
True,False,2025-12-19,2700000.0,34.069342,-118.609831,3729.0,TOP - Topanga,True,8.0,2.6002,1976.0,4.0,Topanga,5.0,True,2.0,MultiSplit,113264.0,False,0.0,Los Angeles Unified,90290,184.0,113264.0,724.0547063555913,1.25,49.0,0,745.8,0.03292308235626501,14.808762330974558,14.266581106099132,14.657255566295975,2320412.585238492
True,False,2025-12-03,730000.0,34.087332,-117.733415,1544.0,687 - Pomona,True,2.0,0.1528,1956.0,2.0,Pomona,4.0,False,1.0,One,6656.0,False,2.0,Pomona Unified,91767,0.0,6656.0,472.7979274611399,2.0,69.0,0,386.0,0.23197115384615385,13.500799813124575,13.422467969854667,13.403189998862125,662111.9960028281
True,False,2025-12-08,705000.0,33.017303000000005,-116.812115,1792.0,92065 - Ramona,True,2.0,0.5,1980.0,2.0,Ramona,3.0,True,1.0,One,0.5,False,2.0,Ramona Unified,92065,175.0,21780.0,393.41517857142856,1.5,45.0,0,597.3333333333334,0.082277318640955,13.465953081794405,13.623138665316818,13.585594532620831,794600.3259912293
True,True,2025-12-05,925000.0,34.061626000000004,-117.955316,1744.0,669 - West Covina,True,2.0,0.2054,1956.0,2.0,West Covina,3.0,True,1.0,One,8948.0,False,2.0,West Covina,91790,0.0,8948.0,530.3899082568807,1.5,69.0,0,581.3333333333334,0.19490388913723738,13.737549016494562,13.652991628466498,13.714955836098266,904335.6241258873
True,False,2025-12-05,325000.0,36.310879,-119.704446,1440.0,674 - Montebello,True,2.0,0.1865,1999.0,2.0,Paso Robles,4.0,False,1.0,One,8122.0,False,2.0,King City Joint Union,93202,0.0,8122.0,225.69444444444449,2.0,26.0,0,360.0,0.17729623245506032,12.691580461311874,12.66032791780777,12.683246234328092,322302.63208161393
True,False,2025-12-19,608000.0,33.89837,-118.19791399999998,1098.0,"RN - Compton N of Rosecrans, E of Central",True,3.0,0.0702,1950.0,2.0,Compton,2.0,False,1.0,One,3056.0,True,2.0,Los Angeles Unified,90221,0.0,3056.0,553.7340619307832,1.0,75.0,0,549.0,0.35929319371727747,13.317930160948304,13.353475098367715,13.173527402339305,526247.7573170323
True,False,2025-12-02,675000.0,34.189046999999995,-118.519966,1285.0,RES - Reseda,False,4.0,0.1387,1950.0,2.0,Reseda,3.0,True,1.0,One,6043.0,False,2.0,Los Angeles Unified,91335,0.0,6043.0,525.2918287937744,1.5,75.0,0,428.3333333333333,0.21264272712229026,13.422467969854667,13.652991628466498,13.629920237254243,830613.8105636856
True,True,2025-12-22,609000.0,33.780788,-116.450808,1920.0,336 - Cathedral City South,True,3.0,0.21,1994.0,3.0,Cathedral City,4.0,True,1.0,One,9148.0,False,3.0,Palm Springs Unified,92234,256.0,9148.0,317.1875,1.3333333333333333,31.0,0,480.0,0.20988194140795802,13.319573546692034,13.224919965729422,13.303915030198247,599538.2353800017
False,False,2025-12-04,545000.0,34.181806,-117.304698,1235.0,274 - San Bernardino,True,2.0,0.1654,1991.0,2.0,San Bernardino,3.0,True,1.0,One,7203.0,False,2.0,San Bernardino City Unified,92407,0.0,7203.0,441.2955465587045,1.5,34.0,0,411.6666666666667,0.17145633763709567,13.208541073645382,13.304684934198283,13.161955267900886,520193.0480438172
True,False,2025-12-10,1930000.0,34.160743,-118.473987,2773.0,ENC - Encino,True,4.0,0.1216,2006.0,4.0,Encino,4.0,True,2.0,Two,5296.0,False,2.0,Los Angeles Unified,91436,106.0,5296.0,695.9971150378651,1.0,19.0,0,693.25,0.5236027190332326,14.473030560881067,14.68050799545088,14.56415718954083,2114136.8735185023
False,False,2025-12-19,750000.0,36.82537526,-121.37933165,1834.0,699 - Not Defined,True,2.0,0.1406,1997.0,3.0,Hollister,3.0,True,1.0,One,6125.0,False,2.0,Other,95023,0.0,6125.0,408.9422028353326,1.0,28.0,0,611.3333333333334,0.29942857142857143,13.527828485512494,13.527828485512494,13.440277859713415,687129.3663843537
True,False,2025-12-05,785000.0,33.725014,-117.879114,1427.0,699 - Not Defined,True,2.0,0.1377,1953.0,1.0,Santa Ana,3.0,True,1.0,One,6000.0,False,2.0,Santa Ana Unified,92707,0.0,6000.0,550.1051156271899,3.0,72.0,0,475.6666666666667,0.23783333333333334,13.573438996764546,13.695600261291716,13.566541027327712,779603.7270521164
True,False,2025-12-04,1050000.0,38.7442135,-121.21750108,3463.0,614 - Covina,True,2.0,0.5776,1988.0,3.0,Granite Bay,4.0,True,1.0,One,25159.0,False,2.0,Redlands Unified,95746,0.0,25159.0,303.2053133121571,1.3333333333333333,37.0,0,865.75,0.13764458046822212,13.864300722133706,13.698976741708323,14.120387897176379,1356458.6085197246
True,False,2025-12-01,549000.0,34.098633,-117.362386,1142.0,272 - Rialto,True,1.0,0.1952,1953.0,2.0,Rialto,3.0,False,1.0,One,8505.0,False,1.0,Other,92376,0.0,8505.0,480.7355516637478,1.5,72.0,0,380.6666666666667,0.1342739564961787,13.215853720491667,13.253391639810733,13.153932017828131,516036.10751931416
True,False,2025-12-16,780000.0,32.842323,-116.954441,1786.0,92071 - Santee,True,6.0,0.1492,1960.0,2.0,Santee,3.0,True,1.0,One,6500.0,False,2.0,Grossmont Union,92071,0.0,6500.0,436.7301231802912,1.5,65.0,0,595.3333333333334,0.27476923076923077,13.567049198665774,13.652403046879991,13.733542557896545,921301.4398083242
False,False,2025-12-12,475000.0,33.961487,-118.24708775,660.0,"D3 - Southwest Downey, S of Firestone, W of Downey",True,2.0,0.1377,1929.0,2.0,Los Angeles,2.0,False,1.0,One,12269.0,False,0.0,Simi Valley Unified,90001,0.0,6080.0,719.6969696969697,1.0,96.0,0,330.0,0.10855263157894737,13.071070083016778,13.262125319779487,12.973250600298096,430735.9775530817
True,False,2025-12-08,810000.0,37.94702552,-121.93409891,1639.0,287A - Arrowhead Woods,True,2.0,0.1045,1995.0,3.0,Clayton,3.0,True,2.0,Two,4554.0,False,2.0,Mount Diablo,94517,195.0,4554.0,494.2037827943868,1.0,30.0,0,546.3333333333334,0.35990338164251207,13.604789526648622,13.946538820370678,13.773365649126266,958730.8419337419
True,False,2025-12-15,605000.0,33.910252,-117.491166,1741.0,252 - Riverside,True,2.0,0.05,2005.0,3.0,Riverside,3.0,True,2.0,Two,2178.0,False,2.0,Alvord Unified,92505,105.0,2178.0,347.50143595634694,1.0,20.0,0,580.3333333333334,0.7993572084481175,13.312983737012978,13.38779984090879,13.267748294620805,578242.3177263383
False,False,2025-12-26,1078000.0,37.760328,-122.48301775,1003.0,DC727 - Adobe,True,1.0,0.0688,1915.0,1.0,San Francisco,2.0,False,2.0,One,2996.0,False,1.0,San Francisco Unified,94122,127.0,2996.0,1074.775672981057,2.0,110.0,0,501.5,0.3347797062750334,13.89061803045108,14.200008804385966,13.822160072141354,1006671.6712805746
True,True,2025-12-10,2300000.0,33.829142,-116.524406,2517.0,332 - Central Palm Springs,True,4.0,0.22,2015.0,6.0,Palm Springs,5.0,True,1.0,One,9583.0,False,2.0,Shasta Union,92262,375.0,9583.0,913.7862534763608,0.8333333333333334,10.0,0,503.4,0.26265261400396533,14.648419680899378,13.737549016494562,14.061423816150258,1278788.6442839568
True,False,2025-12-10,399000.0,33.72348,-116.267901,1830.0,699 - Not Defined,True,4.0,0.12,2002.0,2.0,Indio,2.0,False,1.0,One,5227.0,False,2.0,Upland,92201,600.0,5227.0,218.0327868852459,1.0,23.0,0,915.0,0.3501052228811938,12.896716695872,13.235692062711331,13.089614819157404,483890.9348842551
False,False,2025-12-19,730842.0,33.970808,-117.463999,2516.0,251 - Jurupa Valley,True,2.0,0.0961,2025.0,3.0,Jurupa Valley,5.0,False,2.0,Two,4186.0,True,2.0,Jurupa Unified,92509,158.0,4186.0,290.4777424483307,1.6666666666666667,0.0,0,503.2,0.6010511227902532,13.501952573098947,13.422467969854667,13.470225748394025,708018.6742547355
False,False,2025-12-10,1110000.0,34.178692,-118.438767,1097.0,VN - Van Nuys,False,2.0,0.161,1948.0,2.0,Van Nuys,3.0,False,1.0,One,7015.0,False,2.0,Los Angeles Unified,91401,0.0,7015.0,1011.8505013673656,1.5,77.0,0,365.6666666666667,0.1563791874554526,13.919870573288517,14.070122729163781,13.841659525998123,1026493.8518551703
True,False,2025-12-17,344900.0,33.951769,-116.513011,1215.0,699 - Not Defined,True,2.0,0.17,2000.0,2.0,Desert Hot Springs,3.0,True,1.0,One,7405.0,False,2.0,Palm Springs Unified,92240,0.0,7405.0,283.86831275720164,1.5,25.0,0,405.0,0.16407832545577314,12.751009798924933,12.911642346088676,12.803374232465833,363441.7198139784
True,False,2025-12-05,910000.0,35.102214000000004,-120.602651,1993.0,OCNO - Oceano,True,2.0,0.0828,2014.0,3.0,Oceano,4.0,True,2.0,Two,3607.0,False,2.0,Lucia Mar Unified,93445,105.0,3607.0,456.59809332664327,1.3333333333333333,11.0,0,498.25,0.5525367341280842,13.721199878493033,13.575530058102434,13.554473586075458,770252.441401012
True,False,2025-12-02,1700000.0,33.189091999999995,-117.336793,2790.0,92054 - Oceanside,True,8.0,0.61,1961.0,2.0,Oceanside,3.0,True,1.0,One,26572.0,False,2.0,Oceanside Unified,92054,0.0,26572.0,609.3189964157706,1.5,64.0,0,930.0,0.10499774198404335,14.346138809026444,14.09692301740246,14.378449994144665,1755826.0609541293
False,False,2025-12-01,1469000.0,34.03861,-118.308066,3308.0,C16 - Mid Los Angeles,True,5.0,0.1965,1903.0,3.0,Los Angeles,6.0,True,2.0,Two,8558.0,False,1.0,Redlands Unified,90018,0.0,8558.0,444.0749697702539,2.0,122.0,0,551.3333333333334,0.3865389109605048,14.200092455156014,13.681979165339751,13.911475218750697,1100720.1647216582
True,False,2025-12-26,1350000.0,34.201113,-118.536021,2560.0,RES - Reseda,True,0.0,0.1549,1948.0,4.0,Reseda,7.0,True,1.0,One,6749.0,False,0.0,Los Angeles Unified,91335,0.0,6749.0,527.34375,1.75,77.0,0,365.7142857142857,0.37931545414135426,14.115615150414612,13.652991628466498,13.89575676202729,1083553.8101876301
False,False,2025-12-05,585000.0,33.700053000000004,-117.316878,1747.0,699 - Not Defined,True,2.0,0.25,2022.0,2.0,Lake Elsinore,3.0,False,1.0,One,10890.0,False,2.0,Lake Elsinore Unified,92532,220.0,10890.0,334.8597595878649,1.5,3.0,0,582.3333333333334,0.16042240587695134,13.279367126213993,13.353475098367715,13.3264802160984,613220.720450799
False,True,2025-12-17,1240000.0,33.780915,-118.046158,2120.0,48 - College Park East,True,2.0,0.1194,1966.0,3.0,Seal Beach,4.0,True,2.0,Two,5200.0,False,2.0,Los Alamitos Unified,90740,0.0,5200.0,584.9056603773585,1.3333333333333333,59.0,0,530.0,0.4076923076923077,14.03062193758122,14.28551418721001,14.26514790887919,1567743.5416262944
True,False,2025-12-01,850000.0,38.985252,-122.696186,2515.0,LCCP - Clearlake Park,True,5.0,0.21,2008.0,5.0,Clearlake,4.0,True,2.0,Two,0.21,False,2.0,Konocti Unified,95422,0.0,9147.6,337.9721669980119,0.8,17.0,0,628.75,0.2749355022082295,13.652991628466498,12.524526376648708,13.080255256298127,479383.0560577903
False,False,2025-12-16,1000000.0,34.255743,-118.269846,1412.0,659 - Sunland/Tujunga,True,4.0,20.7666,1945.0,2.0,Tujunga,3.0,True,1.0,MultiSplit,904595.0,False,2.0,Los Angeles Unified,91042,0.0,904595.0,708.2152974504249,1.5,80.0,0,470.6666666666667,0.0015609195275233668,13.815510557964274,13.684633332743342,13.811725408981363,996222.0056635198
False,False,2025-12-17,1185665.0,32.89659268,-117.15080878,1875.0,92126 - Mira Mesa,True,2.0,0.0065,2025.0,3.0,San Diego,3.0,False,1.0,ThreeOrMore,284.0,True,2.0,San Diego Unified,92126,248.0,284.0,632.3546666666666,1.0,0.0,0,625.0,6.602112676056338,13.985814356582551,13.885500212990994,13.880011752305455,1066626.8521602622
True,False,2025-12-11,1340000.0,34.12066,-118.033073,2067.0,605 - Arcadia,False,2.0,0.1792,1959.0,2.0,Arcadia,3.0,True,1.0,One,7805.0,False,2.0,Arcadia Unified,91007,0.0,7805.0,648.2825350749879,1.5,66.0,0,689.0,0.26483023702754643,14.108180171927094,14.550138498881392,14.440700242337085,1868600.3681069354
True,False,2025-12-12,1700000.0,33.62568,-117.629381,2679.0,MN - Mission Viejo North,True,3.0,0.1335,2000.0,3.0,Mission Viejo,4.0,True,2.0,Two,5815.0,False,3.0,Capistrano Unified,92692,297.19,5815.0,634.5651362448675,1.3333333333333333,25.0,0,669.75,0.4607050730868444,14.346138809026444,14.006130917572923,14.181287968342742,1441634.3141017952
True,False,2025-12-16,350000.0,34.143754,-116.31665,1204.0,DC618 - Joshua Tree Highlands,False,2.0,0.1689999999999999,1960.0,2.0,Joshua Tree,3.0,False,1.0,One,7360.0,False,2.0,Jurupa Unified,92252,0.0,7360.0,290.69767441860466,1.5,65.0,0,401.3333333333333,0.16358695652173913,12.765688433465597,12.871334622600584,12.750401834118694,344690.3766665899
True,False,2025-12-09,449000.0,33.797017,-116.966964,1327.0,699 - Not Defined,True,4.0,0.14,1989.0,2.0,San Jacinto,3.0,False,1.0,One,6098.0,False,2.0,San Jacinto Unified,92583,0.0,6098.0,338.3571966842502,1.5,36.0,0,442.3333333333333,0.21761233191210233,13.01477816672439,13.064725287181727,12.969109351154918,428955.88101079006
False,False,2025-12-16,923000.0,33.728628,-117.864806,1613.0,699 - Not Defined,True,0.0,0.1721,1923.0,2.0,Santa Ana,4.0,False,1.0,One,7498.0,False,0.0,Santa Ana Unified,92707,0.0,7498.0,572.2256664600123,2.0,102.0,0,403.25,0.2151240330754868,13.73538451348499,13.695600261291716,13.715985372645918,905267.1501400259
True,False,2025-12-01,2872650.0,34.144384,-118.858248,5110.0,WV - Westlake Village,True,3.0,0.3995,1994.0,6.0,Westlake Village,5.0,True,2.0,"Two,MultiSplit",17404.0,False,2.0,Conejo Valley Unified,91361,370.0,17404.0,562.1624266144814,0.8333333333333334,31.0,0,1022.0,0.29361066421512294,14.870745506662816,14.450755865652397,15.139440387280859,3758161.3281092662
True,False,2025-12-12,730000.0,34.408295,-118.44895,1502.0,CAN1 - Canyon Country 1,True,2.0,3.2871,2004.0,3.0,Canyon Country,3.0,True,2.0,Two,143188.0,False,2.0,Other,91387,152.0,143188.0,486.0186418109188,1.0,21.0,0,500.6666666666667,0.010489705841271615,13.500799813124575,13.737549016494562,13.576024908665524,787032.5677301711
False,False,2025-12-09,615000.0,33.217654,-117.27422,1269.0,92056 - Oceanside,True,3.0,0.13,1977.0,2.0,Oceanside,2.0,True,1.0,One,0.13,False,1.0,Oceanside Unified,92056,125.0,5662.8,484.6335697399527,1.0,48.0,0,634.5,0.22409408773045136,13.329377546788654,13.732128949025222,13.488999563999991,721436.4435585208
True,False,2025-12-18,3150000.0,34.046039,-117.890318,4853.0,669 - West Covina,True,3.0,0.4719,2015.0,7.0,West Covina,5.0,True,2.0,Two,20558.0,False,3.0,West Covina,91791,0.0,20558.0,649.0830414176797,0.7142857142857143,10.0,0,970.6,0.2360638194376885,14.962913010801817,13.785051350479566,14.711712794491326,2450279.8353074878
True,False,2025-12-02,510000.0,34.452329,-117.38877,2164.0,VIC - Victorville,True,2.0,0.1912,2021.0,3.0,Victorville,4.0,False,1.0,One,8328.0,False,2.0,Hesperia Unified,92392,0.0,8328.0,235.67467652495372,1.3333333333333333,4.0,0,541.0,0.2598463016330452,13.142166004700508,13.01477816672439,13.143845815175077,510857.4232947251
True,False,2025-12-17,945000.0,34.054908000000005,-118.242643,1236.0,C20 - Hollywood,False,2.0,0.1435,1908.0,2.0,Los Angeles,3.0,False,1.0,One,6251.14,False,2.0,Los Angeles Unified,90029,0.0,6251.14,764.5631067961165,1.5,117.0,0,412.0,0.19772393515422787,13.758940206475879,13.731996015476444,13.636062751761715,835731.5698091002
True,False,2025-12-05,440000.0,34.533862,-117.407886,1755.0,ADL - Adelanto,True,4.0,0.3134,1994.0,3.0,Adelanto,3.0,True,2.0,Two,13650.0,False,2.0,Adelanto,92301,0.0,13650.0,250.71225071225072,1.0,31.0,0,585.0,0.12857142857142856,12.994530005894443,12.907924856844918,13.001227853399053,442956.94442913914
False,False,2025-12-15,488000.0,33.786577,-117.226134,2125.0,699 - Not Defined,True,2.0,0.07,2021.0,3.0,Perris,4.0,False,2.0,Two,3049.0,False,2.0,ABC Unified,92571,206.0,3049.0,229.64705882352945,1.3333333333333333,4.0,0,531.25,0.6969498196129879,13.098070684835283,13.214938819306386,13.256229916287712,571620.115672367
True,False,2025-12-12,1325000.0,37.688812,-121.8773392,1850.0,SRCAR - Southwest Riverside County,True,2.0,0.089,1993.0,3.0,Pleasanton,3.0,True,2.0,Two,3877.0,False,2.0,Other,94588,165.0,3877.0,716.2162162162163,1.0,32.0,0,616.6666666666666,0.47717307196285785,14.09692301740246,14.25858093542591,14.124150731139535,1361572.3520917187
True,False,2025-12-24,2000000.0,34.122319,-118.444157,2771.0,C04 - Bel Air - Holmby Hills,True,2.0,19.4528,1970.0,4.0,Los Angeles,5.0,True,1.0,MultiSplit,847362.0,False,2.0,Los Angeles Unified,90077,455.0,847362.0,721.7610970768676,1.25,55.0,0,554.2,0.0032701490036135678,14.508657738524219,14.844970510943792,14.787142953345406,2642254.1443031793
True,True,2025-12-04,1500000.0,33.794965000000005,-116.489271,3200.0,334 - South End Palm Springs,True,2.0,0.24,1965.0,3.0,Palm Springs,4.0,True,1.0,One,10454.0,False,2.0,Palm Springs Unified,92264,0.0,10454.0,468.75,1.3333333333333333,60.0,0,800.0,0.3061029271092405,14.22097566607244,14.077874822431765,14.393351414359365,1782186.2774667914
True,True,2025-12-18,2349000.0,33.796091,-116.532372,3338.0,334 - South End Palm Springs,True,2.0,0.28,1990.0,4.0,Palm Springs,4.0,True,1.0,One,12197.0,False,2.0,Chico Unified,92264,0.0,12197.0,703.7147992810065,1.0,35.0,0,834.5,0.27367385422644913,14.66950026364105,14.077874822431765,14.478764966495692,1941099.1960674154
True,False,2025-12-11,850000.0,33.778816,-117.347827,1847.0,232 - Gavilan Hills,True,3.0,1.88,1989.0,2.0,Perris,3.0,True,1.0,One,81893.0,False,3.0,Perris Union High,92570,60.0,81893.0,460.205739036275,1.5,36.0,0,615.6666666666666,0.02255382022883519,13.652991628466498,13.32666315004938,13.418404627836384,672262.8089753988
False,False,2025-12-16,510000.0,33.978663,-118.251701,942.0,699 - Not Defined,False,0.0,0.1295,1913.0,1.0,Los Angeles,2.0,True,1.0,One,5640.0,False,0.0,Los Angeles Unified,90001,76.5,5640.0,541.4012738853503,2.0,112.0,0,471.0,0.16702127659574467,13.142166004700508,13.262125319779487,13.070432208446245,474697.1061933955
False,True,2025-12-02,2900000.0,34.162443,-118.710501,5203.0,CLB - Calabasas,True,2.0,0.4772,2003.0,6.0,Calabasas,5.0,True,2.0,Two,20787.0,False,2.0,Las Virgenes,91302,440.0,20787.0,557.3707476455891,0.8333333333333334,22.0,0,1040.6,0.2503006686871602,14.880221294956703,14.473030560881067,15.151330710725997,3803113.8019734137
True,False,2025-12-03,280000.0,37.639105,-120.963513,1050.0,SRCAR - Southwest Riverside County,True,0.0,0.2694,1938.0,1.0,Modesto,2.0,True,2.0,Two,0.2694,False,0.0,Modesto City,95354,0.0,11735.06,266.6666666666667,2.0,87.0,0,525.0,0.0894754692349251,12.542544882151386,12.948009990259552,12.764549054194116,349601.444351121
True,True,2025-12-19,615000.0,33.69744,-117.099757,1857.0,SRCAR - Southwest Riverside County,True,2.0,0.15,2020.0,2.0,Winchester,3.0,False,1.0,One,6534.0,False,2.0,Hemet Unified,92596,0.0,6534.0,331.1793214862682,1.5,5.0,0,619.0,0.2842056932966024,13.329377546788654,13.337474757021274,13.285322830761322,588494.4828847665
True,False,2025-12-09,2080000.0,33.876213,-118.397046,1590.0,149 - Hermosa Bch Valley,True,4.0,0.0578,1969.0,2.0,Hermosa Beach,3.0,True,2.0,Two,2518.0,False,2.0,Hermosa,90254,0.0,2518.0,1308.1761006289307,1.5,56.0,0,530.0,0.6314535345512311,14.547878451677501,14.648419680899378,14.186624641936087,1449348.411378568
False,False,2025-12-03,1145000.0,34.154906,-118.093137,1534.0,646 - Pasadena (NE),False,2.0,0.1561,1938.0,2.0,Pasadena,3.0,True,1.0,One,6800.0,False,2.0,Temecula Unified,91107,0.0,6800.0,746.4146023468057,1.5,87.0,0,511.3333333333333,0.22558823529411764,13.950915194970477,14.263026495559501,14.184588834784323,1446400.8189002378
True,False,2025-12-19,805000.0,34.248745,-118.817681,1366.0,SWR - Simi Wood Ranch,True,2.0,0.1,1986.0,2.0,Simi Valley,2.0,True,1.0,One,4356.0,False,2.0,Simi Valley Unified,93065,118.0,4356.0,589.3118594436311,1.0,39.0,0,683.0,0.3135904499540863,13.5985975564007,13.676248490630767,13.434172153929511,682946.7385790198
True,False,2025-12-15,3900000.0,34.10883,-118.772016,4703.0,AGOA - Agoura,True,0.0,1.4847,2012.0,5.0,Agoura Hills,4.0,True,2.0,Two,64675.0,False,2.0,Perris Union High,91301,556.0,64675.0,829.2579204762917,0.8,13.0,0,1175.75,0.0727174333204484,15.176487111099874,14.2040248902346,14.993854601838319,3248989.561587595
False,True,2025-12-19,1200000.0,34.181257,-118.533229,2189.0,TAR - Tarzana,True,0.0,0.1377,1950.0,3.0,Tarzana,4.0,False,1.0,One,6000.0,False,0.0,Bear Valley Unified,91335,415.0,6000.0,548.1955230698949,1.3333333333333333,75.0,0,547.25,0.36483333333333334,13.997832114758229,13.652991628466498,13.876249332941828,1062621.294656642
True,False,2025-12-16,410550.0,34.255441999999995,-116.857643,1058.0,BBC - Big Bear City,False,0.0,0.1865,1981.0,2.0,Big Bear City,2.0,True,2.0,Two,8125.0,False,0.0,Bear Valley Unified,92314,0.0,8125.0,388.0434782608696,1.0,44.0,0,529.0,0.13021538461538462,12.925253003136936,12.965709567358951,12.787352471721022,357665.1425722357
True,False,2025-12-19,860000.0,33.603185,-117.201689,3442.0,SRCAR - Southwest Riverside County,True,4.0,0.2,2002.0,3.0,Murrieta,5.0,True,2.0,Two,8712.0,False,4.0,Murrieta,92562,250.0,8712.0,249.85473561882625,1.6666666666666667,23.0,0,688.4,0.3950872359963269,13.664687668229691,13.487006490992238,13.599903386143833,806051.8795815721
True,False,2025-12-05,550000.0,34.33364,-116.564564,1674.0,DC595 - Johnson Valley,False,1.0,10.0,1957.0,2.0,Johnson Valley,2.0,True,1.0,One,10.0,False,1.0,Morongo Unified,92285,0.0,435600.0,328.55436081242533,1.0,68.0,0,837.0,0.00384297520661157,13.217673557208654,12.611537753638338,12.810972059235882,366213.6038551595
True,False,2025-12-15,903495.0,33.1267925,-117.04053838,1306.0,92027 - Escondido,False,6.0,0.2755,1956.0,2.0,Escondido,4.0,False,1.0,One,12000.0,False,2.0,Perris Union High,92027,0.0,12000.0,691.8032159264931,2.0,69.0,0,326.5,0.10883333333333334,13.714025854964797,13.658839648348096,13.607763672628476,812412.6442433415
True,False,2025-12-12,4050000.0,34.112284,-118.309024,3955.0,637 - Los Feliz,True,2.0,0.4519,1928.0,4.0,Los Angeles,3.0,True,2.0,Two,19684.0,False,2.0,Yucaipa/Calimesa Unified,90068,0.0,19684.0,1024.020227560051,0.75,97.0,0,1318.3333333333333,0.20092460881934565,15.214227439082721,14.457364444136669,15.05408549686274,3450692.511594365
True,False,2025-12-08,400000.0,34.491547,-117.36468700000002,1326.0,VIC - Victorville,True,2.0,0.2545,1988.0,2.0,Victorville,3.0,False,1.0,One,11086.0,False,2.0,Victor Valley Unified,92392,0.0,11086.0,301.65912518853696,1.5,37.0,0,442.0,0.11961031932166696,12.89921982609012,13.01477816672439,12.90064217988696,400569.34632870596
True,False,2025-12-23,346500.0,39.75448,-121.82674,1050.0,16 - Fountain Valley / Northeast HB,True,3.0,0.21,1956.0,1.0,Chico,3.0,True,1.0,One,9148.0,False,1.0,Chico Unified,95926,0.0,9148.0,330.0,3.0,69.0,0,350.0,0.11477918670747704,12.755638097612096,13.060487973686241,12.771841430888488,352160.18809863686
False,True,2025-12-17,7600000.0,37.42650689,-122.20664435,4384.0,699 - Not Defined,True,2.0,0.2718,2025.0,7.0,Menlo Park,6.0,True,2.0,Two,11840.0,False,2.0,Other,94025,0.0,11840.0,1733.5766423357663,0.8571428571428571,0.0,0,730.6666666666666,0.37027027027027026,15.84365880525656,14.871563232213587,15.593974873303344,5920757.01774103
True,False,2025-12-15,948000.0,33.970092,-117.75696200000002,2041.0,682 - Chino Hills,True,2.0,0.1343,1987.0,3.0,Chino Hills,4.0,True,2.0,Two,5850.0,False,2.0,Chino Valley Unified,91709,155.0,5850.0,464.4781969622734,1.3333333333333333,38.0,0,510.25,0.3488888888888889,13.762109781237159,13.901688254205327,13.867092753797941,1052935.7296654296
True,False,2025-12-08,237900.0,34.458325,-117.239298,945.0,APPV - Apple Valley,True,2.0,0.0969999999999999,1995.0,2.0,Apple Valley,2.0,False,1.0,One,4226.0,False,2.0,Apple Valley Unified,92308,151.0,4226.0,251.74603174603172,1.0,30.0,0,472.5,0.22361571225745386,12.37960569629105,12.936033799212835,12.679770171607629,321184.2328565901
True,False,2025-12-30,1129000.0,33.170032,-117.30034,1964.0,92010 - Carlsbad,True,2.0,2.08,2000.0,3.0,Carlsbad,4.0,True,2.0,Two,2.08,False,2.0,Carlsbad Unified,92010,281.0,90604.8,574.847250509165,1.3333333333333333,25.0,0,491.0,0.02167655576746486,13.9368428431318,14.187074114396758,14.113995645859537,1347815.4382819473
True,True,2025-12-05,3100000.0,34.160259,-118.481792,5200.0,ENC - Encino,True,2.0,0.2205,2008.0,6.0,Encino,5.0,True,2.0,Two,9603.0,False,2.0,Los Angeles Unified,91436,0.0,9603.0,596.1538461538462,0.8333333333333334,17.0,0,1040.0,0.5414974487139436,14.946912669455374,14.68050799545088,15.162221774099093,3844760.1301488155
False,False,2025-12-12,475000.0,34.133533,-117.280232,952.0,274 - San Bernardino,False,4.0,0.1444,1926.0,2.0,San Bernardino,3.0,False,1.0,One,6288.0,False,1.0,San Bernardino City Unified,92404,0.0,6288.0,498.9495798319328,1.5,99.0,0,317.3333333333333,0.15139949109414758,13.071070083016778,13.142166004700508,13.064470717452817,471875.6221522103
True,True,2025-12-19,460000.0,33.781372,-116.965054,1514.0,SRCAR - Southwest Riverside County,True,0.0,0.36,1946.0,2.0,San Jacinto,3.0,True,1.0,One,0.36,False,0.0,San Jacinto Unified,92583,0.0,15681.6,303.83091149273446,1.5,79.0,0,504.6666666666667,0.09654627078869503,13.038981768465277,13.064725287181727,13.03376809936352,457607.9533016231
False,False,2025-12-09,555000.0,34.472691999999995,-117.250576,2965.0,APPV - Apple Valley,True,3.0,0.4776,2002.0,3.0,Apple Valley,4.0,True,1.0,One,20806.0,False,3.0,Apple Valley Unified,92308,413.0,20806.0,187.18381112984824,1.3333333333333333,23.0,0,741.25,0.1425069691435163,13.226723392728571,12.936033799212835,13.403616504360377,662394.4506395281
False,False,2025-12-01,2650000.0,32.80676308,-117.24670128,2944.0,92109 - Pacific Beach,True,7.0,0.1538,1977.0,4.0,San Diego,4.0,True,2.0,Two,6700.0,False,2.0,Sacramento City Unified,92109,162.0,6700.0,900.1358695652174,1.0,48.0,0,736.0,0.4394029850746269,14.790070197962406,14.508657738524219,14.63820571543727,2276627.4458624767
False,False,2025-12-22,545000.0,34.054908000000005,-118.242643,1239.0,C34 - Los Angeles Southwest,True,0.0,0.1287,1902.0,1.0,Los Angeles,3.0,False,1.0,One,5606.0,False,0.0,Los Angeles Unified,90011,0.0,5606.0,439.87086359967714,3.0,123.0,0,413.0,0.22101320014270426,13.208541073645382,13.174002552131078,12.999081843007328,442007.3734822938
True,False,2025-12-19,550000.0,33.743883000000004,-118.30273400000002,1036.0,187 - Holy Trinity,True,1.0,0.1291,1950.0,1.0,San Pedro,3.0,False,1.0,One,5625.0,False,1.0,Los Angeles Unified,90732,0.0,5625.0,530.8880308880309,3.0,75.0,0,345.3333333333333,0.18417777777777777,13.217673557208654,13.946538820370678,13.680612135909913,873804.6664631029
True,False,2025-12-05,365000.0,37.642768,-120.76946,1246.0,699 - Not Defined,True,2.0,0.161,1991.0,2.0,Waterford,3.0,True,1.0,One,7013.0,False,2.0,Waterford Unified,95386,0.0,7013.0,292.9373996789727,1.5,34.0,0,415.3333333333333,0.17767004135177528,12.80765263256463,13.698976741708323,13.50042404820643,729725.743141035
False,False,2025-12-10,476912.0,33.942671999999995,-116.933032,1741.0,263 - Banning/Beaumont/Cherry Valley,True,2.0,0.0871,2025.0,3.0,Banning,3.0,False,2.0,Two,3794.0,True,2.0,Beaumont,92220,202.0,3794.0,273.92992533026995,1.0,0.0,0,580.3333333333334,0.4588824459673168,13.075087266477608,12.994530005894443,13.027203854125633,454613.93994313315
False,False,2025-12-24,695000.0,33.787717,-118.30513,1147.0,124 - Harbor City,True,2.0,0.1148,1955.0,2.0,Harbor City,3.0,False,1.0,One,5001.0,False,2.0,Los Angeles Unified,90710,0.0,5001.0,605.9285091543156,1.5,70.0,0,382.3333333333333,0.22935412917416517,13.45166712454693,13.664687668229691,13.617806780745338,820612.9013736638
True,False,2025-12-10,355000.0,33.767455,-116.288119,1045.0,307 - Sun City,True,2.0,0.13,1997.0,2.0,Palm Desert,2.0,False,1.0,One,5663.0,False,2.0,Los Angeles Unified,92211,398.0,5663.0,339.7129186602871,1.0,28.0,0,522.5,0.18453116722585203,12.779873068457553,13.226723392728571,12.98142916637678,434273.22529830143
True,False,2025-12-12,1170000.0,33.629079,-117.686039,1717.0,LN - Lake Forest North,True,2.0,0.1148,1979.0,3.0,Lake Forest,3.0,True,2.0,Two,5000.0,False,2.0,Saddleback Valley Unified,92630,67.0,5000.0,681.4210832847991,1.0,46.0,0,572.3333333333334,0.3434,13.972514306773938,14.077874822431765,13.968536037635674,1165354.6714185516
True,False,2025-12-08,620000.0,33.945785,-117.225972,1851.0,259 - Moreno Valley,True,2.0,0.18,2014.0,3.0,Moreno Valley,4.0,False,1.0,One,7841.0,False,2.0,Moreno Valley Unified,92557,0.0,7841.0,334.95407887628306,1.3333333333333333,11.0,0,462.75,0.23606682821068742,13.337474757021274,13.262125319779487,13.297289790239336,595579.2797028659
True,False,2025-12-30,240000.0,34.246424,-116.793533,872.0,BBC - Big Bear City,False,0.0,0.053,1979.0,1.0,Big Bear City,2.0,True,2.0,Two,2310.0,False,0.0,Bear Valley Unified,92314,0.0,2310.0,275.22935779816515,2.0,46.0,0,436.0,0.3774891774891775,12.388394202324129,12.965709567358951,12.587635915481773,292914.464540002
True,True,2025-12-30,505000.0,34.614597,-118.398014,1457.0,699 - Not Defined,False,3.0,0.5697,1950.0,2.0,Green Valley,3.0,True,1.0,One,24815.0,False,3.0,William S. Hart Union,91390,0.0,24815.0,346.60260809883323,1.5,75.0,0,485.6666666666667,0.05871448720531936,13.132313708257497,13.751477381367541,13.71663173865299,905852.4731992824
True,False,2025-12-18,535000.0,34.497489,-117.332171,1914.0,VIC - Victorville,False,2.0,0.5337,1983.0,4.0,Victorville,4.0,True,1.0,One,23250.0,False,2.0,Victor Valley Unified,92392,0.0,23250.0,279.5193312434692,1.0,42.0,0,478.5,0.08232258064516129,13.190022025878143,13.01477816672439,13.099989744780212,488937.40042924514
False,False,2025-12-11,1198000.0,37.617902,-122.41473675,1220.0,699 - Not Defined,True,1.0,0.1148,1940.0,1.0,San Bruno,3.0,True,1.0,One,5000.0,False,1.0,Other,94066,0.0,5000.0,981.967213114754,3.0,85.0,0,406.6666666666667,0.244,13.996164057657532,14.144814305106875,13.829473540797167,1014060.920581161
True,False,2025-12-11,2638000.0,33.125032,-117.257799,3397.0,92009 - Carlsbad,True,5.0,0.1964,2005.0,5.0,Carlsbad,5.0,True,2.0,Two,8554.0,False,3.0,Carlsbad Unified,92009,345.0,8554.0,776.5675596114219,1.0,20.0,0,679.4,0.3971241524433014,14.785531612259398,14.457364444136669,14.66426971888771,2336745.5270976294
True,False,2025-12-11,4350000.0,37.45392024,-122.13328623,2127.0,699 - Not Defined,False,1.0,0.4775,1957.0,3.0,Palo Alto,3.0,True,1.0,One,20800.0,False,1.0,Palo Alto Unified,94303,0.0,20800.0,2045.1339915373767,1.0,68.0,0,709.0,0.10225961538461538,15.285686403064867,14.978661367769956,14.886596443905196,2918546.9890431515
False,False,2025-12-08,850000.0,33.917605,-118.371823,850.0,107 - Holly Glen/Del Aire,True,1.0,0.1524,1950.0,1.0,Hawthorne,2.0,False,1.0,One,6640.0,False,1.0,Wiseburn Unified,90250,0.0,6640.0,1000.0,2.0,75.0,0,425.0,0.1280120481927711,13.652991628466498,13.710150042306449,13.422695801230084,675153.8036983954
True,False,2025-12-01,630000.0,33.570562,-117.220259,2125.0,SRCAR - Southwest Riverside County,True,4.0,0.22,1989.0,2.0,Murrieta,3.0,True,1.0,One,9583.0,False,2.0,Murrieta,92562,52.0,9583.0,296.47058823529414,1.5,36.0,0,708.3333333333334,0.22174684336846498,13.353475098367715,13.487006490992238,13.491786873958413,723450.1156023889
True,False,2025-12-15,830000.0,36.81059788,-121.36010993,2027.0,699 - Not Defined,True,7.0,0.2727,1983.0,2.0,Hollister,3.0,True,1.0,One,11879.0,False,2.0,Other,95023,108.0,11879.0,409.4721262950173,1.5,42.0,0,675.6666666666666,0.17063725902853777,13.62918097977278,13.527828485512494,13.554051595113757,769927.4704047465
True,False,2025-12-09,254000.0,34.156434999999995,-116.048837,1484.0,DC727 - Adobe,True,2.0,0.4,1972.0,2.0,29 Palms,3.0,False,1.0,One,0.4,False,2.0,Morongo Unified,92277,0.0,17424.0,171.15902964959568,1.5,53.0,0,494.6666666666667,0.08516988062442608,12.445089546000673,12.666637149787377,12.673093313657457,319046.8747166727
False,False,2025-12-08,605000.0,33.896703,-118.201372,1015.0,"RN - Compton N of Rosecrans, E of Central",False,2.0,0.1401,1946.0,1.0,Compton,2.0,False,1.0,One,6102.0,False,2.0,Compton Unified,90221,0.0,6102.0,596.0591133004926,2.0,79.0,0,507.5,0.16633890527695838,13.312983737012978,13.353475098367715,13.176812790756747,527979.5288169443
False,False,2025-12-11,542500.0,33.832288,-117.183611,2513.0,699 - Not Defined,True,4.0,0.13,2006.0,3.0,Perris,4.0,True,2.0,Two,5663.0,False,2.0,Perris Union High,92571,126.0,5663.0,215.8774373259053,1.3333333333333333,19.0,0,628.25,0.4437577255871446,13.203943364396752,13.214938819306386,13.24943135057623,567747.0991503445
True,False,2025-12-04,1080000.0,35.627981,-120.657625,2635.0,PRIC - PR Inside City Limit,True,3.0,0.2658,2005.0,3.0,Paso Robles,4.0,True,1.0,One,11579.0,False,3.0,Paso Robles Joint Unified,93446,0.0,11579.0,409.8671726755218,1.3333333333333333,20.0,0,658.75,0.22756714742205716,13.892471599100402,13.591116224748411,13.703304238666684,893859.8179445093
True,False,2025-12-16,1225000.0,34.104415,-118.372845,1386.0,C03 - Sunset Strip - Hollywood Hills West,True,2.0,0.0689,1976.0,3.0,Los Angeles,2.0,False,2.0,Two,3000.0,False,2.0,Los Angeles Unified,90046,0.0,3000.0,883.8383838383838,0.6666666666666666,49.0,0,693.0,0.462,14.018451401960965,14.637490610367188,14.059181737865421,1275924.7118138405
False,False,2025-12-01,850000.0,37.91272412,-121.61569465,3272.0,HSP - Hesperia,True,4.0,0.1393,2003.0,3.0,Discovery Bay,4.0,True,2.0,Two,6067.0,False,4.0,Conejo Valley Unified,94505,240.0,6067.0,259.7799511002445,1.3333333333333333,22.0,0,818.0,0.5393110268666557,13.652991628466498,13.589232200143268,13.699757601600814,890695.2367102221
True,False,2025-12-01,525000.0,39.754559,-122.180609,2384.0,87 - La Habra,True,2.0,0.5,2002.0,3.0,Orland,4.0,False,2.0,Two,21780.0,False,2.0,Orland Joint Unified,95963,0.0,21780.0,220.21812080536915,1.3333333333333333,23.0,0,596.0,0.10945821854912764,13.17115354157376,12.834681304952548,13.215280193082576,548685.2237274469
False,False,2025-12-19,718000.0,37.80680328,-121.34424197,2373.0,699 - Not Defined,True,2.0,0.1633,2025.0,3.0,Lathrop,4.0,False,2.0,Two,7115.0,False,2.0,Tracy Joint Unified,95330,80.0,7115.0,302.57058575642645,1.3333333333333333,0.0,0,593.25,0.33352073085031625,13.484224848030362,13.541073712262515,13.65137152197195,848624.0243941058
True,False,2025-12-11,1055000.0,34.401862,-118.528998,2554.0,CJRC - Circle J Ranch,True,2.0,0.4514,1987.0,4.0,Saugus,4.0,True,2.0,Two,19661.0,False,2.0,William S. Hart Union,91350,0.0,19661.0,413.0775254502741,1.0,38.0,0,638.5,0.12990183612227252,13.869051324892304,13.652991628466498,13.978697409989381,1177256.6419261815
True,True,2025-12-05,397000.0,33.713045,-117.179601,1111.0,SRCAR - Southwest Riverside County,True,4.0,0.0904,1990.0,2.0,Menifee,2.0,False,1.0,One,3940.0,False,2.0,Perris Union High,92585,70.0,3940.0,357.33573357335734,1.0,35.0,0,555.5,0.28197969543147205,12.891691559669328,13.304684934198283,12.965895876519083,427579.65458591504
True,False,2025-12-12,435000.0,34.626759,-117.818809,1346.0,LAC - Lancaster,True,0.0,0.6741,1988.0,2.0,Lancaster,3.0,True,1.0,One,29365.0,False,2.0,Rim of the World,93535,263.0,29365.0,323.17979197622583,1.5,37.0,0,448.6666666666667,0.045836880640217945,12.983101310070822,12.994530005894443,12.947792483681477,419908.657171402
False,False,2025-12-05,1200000.0,37.0832785,-121.99991489,1614.0,699 - Not Defined,False,6.0,1.015,1939.0,2.0,Scotts Valley,3.0,True,1.0,Two,44213.0,False,0.0,Other,95066,350.0,44213.0,743.4944237918215,1.5,86.0,0,538.0,0.03650510030986361,13.997832114758229,14.187074114396758,14.164046118679172,1416990.9312380247
False,False,2025-12-22,1500000.0,37.41271875,-121.8642455,1868.0,699 - Not Defined,True,2.0,0.1371,1966.0,3.0,San Jose,4.0,True,1.0,One,5974.0,False,2.0,Other,95132,0.0,5974.0,802.9978586723769,1.3333333333333333,59.0,0,467.0,0.31268831603615665,14.22097566607244,14.316285845876763,14.318770876979084,1654105.400229758
False,False,2025-12-22,585000.0,33.641179,-117.149977,1977.0,SRCAR - Southwest Riverside County,True,2.0,0.17,2005.0,2.0,Menifee,4.0,False,1.0,One,7405.0,False,2.0,Perris Union High,92584,0.0,7405.0,295.90288315629743,2.0,20.0,0,494.25,0.26698176907494936,13.279367126213993,13.353475098367715,13.293687025428554,593437.4082781953
True,False,2025-12-15,557000.0,34.649862,-118.204256,2859.0,QHL - Quartz Hill,True,3.0,0.1768,2004.0,3.0,Quartz Hill,5.0,True,2.0,Two,7700.0,False,3.0,Antelope Valley Union,93536,0.0,7700.0,194.82336481287163,1.6666666666666667,21.0,0,571.8,0.3712987012987013,13.230320518909421,13.224918336616522,13.347296935407252,626119.7560668843
False,False,2025-12-23,295000.0,39.136844,-121.620933,1278.0,699 - Not Defined,False,2.0,0.15,1926.0,1.0,Yuba City,2.0,True,1.0,One,6534.0,False,2.0,Yuba City Unified,95991,0.0,6534.0,230.82942097026603,2.0,99.0,0,639.0,0.19559228650137742,12.594730635321957,12.64400494377584,12.558258715121495,284434.62445451814
False,False,2025-12-22,357000.0,34.541331,-117.321097,1176.0,VIC - Victorville,True,2.0,0.4629,1980.0,2.0,Victorville,3.0,True,1.0,One,20165.0,False,2.0,Victor Valley Unified,92394,0.0,20165.0,303.57142857142856,1.5,45.0,0,392.0,0.05831886932804364,12.785491060761776,12.948009990259552,12.876583467407697,391047.16856499383
True,False,2025-12-18,500000.0,33.840764,-117.19424,1876.0,SRCAR - Southwest Riverside County,True,4.0,0.09,2003.0,3.0,Perris,3.0,True,2.0,Two,3920.0,False,2.0,Perris Union High,92571,126.0,3920.0,266.52452025586354,1.0,22.0,0,625.3333333333334,0.4785714285714286,13.122363377404328,13.214938819306386,13.191759797445084,535930.516066326
False,False,2025-12-18,910000.0,33.893833,-118.359297,1488.0,112 - North Lawndale,True,0.0,0.1082,1951.0,2.0,Lawndale,3.0,True,1.0,One,4714.0,False,2.0,Banning Unified,90260,247.0,4714.0,611.5591397849462,1.5,74.0,0,496.0,0.31565549427238015,13.721199878493033,13.592367006650065,13.596673097347674,803452.3001824407
True,False,2025-12-29,525000.0,33.936121,-116.945698,1957.0,263 - Banning/Beaumont/Cherry Valley,True,2.0,0.096,2020.0,3.0,Banning,3.0,False,2.0,Two,4182.0,False,2.0,Beaumont,92220,100.0,4182.0,268.2677567705672,1.0,5.0,0,652.3333333333334,0.4679579148732664,13.17115354157376,12.994530005894443,13.062237698651149,470823.09061461146
True,True,2025-12-23,1950000.0,33.694554,-116.250908,3668.0,314 - Indio South of East Valley,True,0.0,0.3,2005.0,4.0,Indio,6.0,True,1.0,One,13068.0,False,0.0,Turlock Unified,92201,210.0,13068.0,531.6248636859324,1.5,20.0,0,611.3333333333334,0.28068564432200793,14.48333993053993,13.235692062711331,13.714524640747202,903945.762868184
True,False,2025-12-22,685000.0,33.543254,-117.134678,2773.0,SRCAR - Southwest Riverside County,True,2.0,0.15,2001.0,3.0,Murrieta,3.0,True,1.0,One,6534.0,False,2.0,Murrieta,92562,218.0,6534.0,247.02488279841327,1.0,24.0,0,924.3333333333334,0.4243954698500153,13.437174117244362,13.487006490992238,13.53924306743562,758609.982633804
False,False,2025-12-23,1145000.0,33.985503,-118.06471100000002,2456.0,670 - Whittier,False,3.0,0.2791,1940.0,4.0,Whittier,5.0,True,1.0,One,12158.0,False,3.0,Whittier Union High,90606,0.0,12158.0,466.2052117263844,1.25,85.0,0,491.2,0.20200690903109064,13.950915194970477,13.595482281525381,13.897004220450874,1084906.341953733
False,False,2025-12-26,640000.0,33.996726,-118.285866,1009.0,C34 - Los Angeles Southwest,True,1.0,0.1404,1922.0,2.0,Los Angeles,2.0,True,1.0,One,6114.0,False,1.0,Los Angeles Unified,90037,0.0,6114.0,634.2913776015857,1.0,103.0,0,504.5,0.16503107621851487,13.369223455335854,13.42984807715229,13.318419155698002,608297.3815108896
True,False,2025-12-09,560000.0,33.584039000000004,-117.207974,1489.0,SRCAR - Southwest Riverside County,True,2.0,0.12,1996.0,2.0,Murrieta,2.0,True,1.0,One,5227.0,False,2.0,Murrieta,92562,348.0,5227.0,376.0913364674278,1.0,29.0,0,744.5,0.2848670365410369,13.235692062711331,13.487006490992238,13.216778838045702,549508.1245383903
False,True,2025-12-04,1480000.0,34.134170000000005,-118.183228,1293.0,647 - Pasadena (SW),True,2.0,0.1486,1947.0,2.0,Pasadena,3.0,True,1.0,One,6472.0,False,2.0,Pasadena Unified,91105,0.0,6472.0,1144.6249033255997,1.5,78.0,0,431.0,0.19978368355995055,14.207552645740298,14.739643644497264,14.504772845055339,1992245.2859343514
True,True,2025-12-01,460000.0,34.530963,-117.192457,1600.0,APPV - Apple Valley,True,2.0,1.0037,1987.0,2.0,Apple Valley,3.0,True,1.0,One,43721.0,False,2.0,Apple Valley Unified,92307,0.0,43721.0,287.5,1.5,38.0,0,533.3333333333334,0.03659568628347933,13.038981768465277,13.049792684569493,12.986409917101911,436441.62763307535
True,False,2025-12-17,1629000.0,33.969729,-117.88695,3352.0,652 - Rowland Heights,True,3.0,0.1694,1997.0,5.0,Rowland Heights,5.0,True,2.0,Two,7379.0,False,3.0,Rowland Unified,91748,219.0,7379.0,485.9785202863962,1.0,28.0,0,670.4,0.4542620951348421,14.303476887584182,13.9016461684345,14.251781292061636,1546927.544094292
True,False,2025-12-09,795000.0,32.618243,-117.081072,1849.0,91911 - Chula Vista,True,5.0,0.1607,1957.0,2.0,Chula Vista,3.0,True,1.0,One,7000.0,False,2.0,Sweetwater Union,91911,0.0,7000.0,429.9621416982153,1.5,68.0,0,616.3333333333334,0.2641428571428571,13.58609739363647,13.617059619240436,13.635913965544287,835607.2337200205
False,False,2025-12-18,615000.0,34.149733000000005,-118.23653600000002,586.0,624 - Glendale-Chevy Chase/E. Glenoaks,True,1.0,0.066,1922.0,1.0,Glendale,2.0,True,1.0,One,2873.0,False,1.0,Glendale Unified,91206,0.0,2873.0,1049.4880546075085,2.0,103.0,0,293.0,0.20396797772363384,13.329377546788654,14.269765830241871,13.64164103039738,840406.5403917222
False,False,2025-12-10,645000.0,33.77005,-118.19374,804.0,5 - Wrigley Area,False,2.0,0.0797,1922.0,1.0,Long Beach,2.0,False,1.0,One,3473.0,False,2.0,Long Beach Unified,90806,0.0,3473.0,802.2388059701492,2.0,103.0,0,402.0,0.23150014396775123,13.37700559577791,13.579788224443204,13.340817231753283,622075.8015583793
True,False,2025-12-19,1225000.0,34.112919,-117.741355,2300.0,683 - Claremont,True,6.0,0.2296,1957.0,4.0,Claremont,4.0,True,1.0,One,10000.0,False,2.0,Claremont Unified,91711,0.0,10000.0,532.6086956521739,1.0,68.0,0,575.0,0.23,14.018451401960965,13.9108207377686,14.046152286803634,1259407.9490642636
False,False,2025-12-12,1400000.0,34.16885,-118.393517,2239.0,VVL - Valley Village,False,0.0,0.2158,1940.0,2.0,Valley Village,3.0,True,1.0,One,9401.0,False,2.0,Los Angeles Unified,91607,0.0,9401.0,625.2791424743189,1.5,85.0,0,746.3333333333334,0.23816615253696416,14.151982794585487,14.132142793443558,14.233149230953142,1518371.946475892
True,True,2025-12-30,725000.0,34.108961,-117.633156,1472.0,690 - Upland,True,2.0,0.2303,1962.0,2.0,Upland,4.0,True,1.0,One,10032.0,False,2.0,Upland,91786,0.0,10032.0,492.5271739130435,2.0,63.0,0,368.0,0.1467304625199362,13.493926933836812,13.554145793829866,13.535927522006913,756098.9418089639
True,True,2025-12-02,599900.0,33.850396999999994,-116.518055,1550.0,331 - North End Palm Springs,False,4.0,0.22,1989.0,2.0,Palm Springs,3.0,True,1.0,One,9583.0,False,2.0,Red Bluff Joint Union,92262,0.0,9583.0,387.03225806451616,1.5,36.0,0,516.6666666666666,0.16174475633935093,13.304518253641184,13.737549016494562,13.629377091601917,830162.7887800642
False,False,2025-12-24,843000.0,33.754090999999995,-117.895126,1479.0,70 - Santa Ana North of First,True,2.0,0.147,1954.0,2.0,Santa Ana,3.0,True,1.0,One,6405.0,False,2.0,Santa Ana Unified,92703,0.0,6405.0,569.9797160243407,1.5,71.0,0,493.0,0.23091334894613583,13.644722236983993,13.597966781776865,13.579270356389726,789590.9901534596
True,False,2025-12-03,998000.0,33.911984000000004,-118.247969,3125.0,"RN - Compton N of Rosecrans, E of Central",True,10.0,0.3928,1948.0,4.0,Compton,5.0,False,2.0,Two,17109.0,False,3.0,Compton Unified,90222,0.0,17109.0,319.36,1.25,77.0,0,625.0,0.18265240516687123,13.813508555293602,13.304684934198283,13.714350675787284,903788.5216574053
True,False,2025-12-05,1399000.0,33.990196999999995,-118.355351,2335.0,PHHT - Park Hills Heights,True,2.0,0.1628,1941.0,3.0,Los Angeles,4.0,True,2.0,Two,7093.0,False,2.0,Pasadena Unified,90043,580.0,7093.0,599.1434689507495,1.3333333333333333,84.0,0,583.75,0.3291978006485267,14.151268253647618,13.652991628466498,13.960340396186973,1155842.8732557462
True,True,2025-12-02,860000.0,33.573012,-117.258176,3070.0,SRCAR - Southwest Riverside County,True,5.0,0.14,2001.0,3.0,Murrieta,4.0,True,2.0,Two,6098.0,False,3.0,Murrieta,92562,0.0,6098.0,280.1302931596091,1.3333333333333333,24.0,0,767.5,0.5034437520498524,13.664687668229691,13.487006490992238,13.5629844468059,776835.9284885317
True,False,2025-12-15,3150000.0,37.94337429,-122.10323970000002,4490.0,252 - Riverside,True,4.0,0.3108,2013.0,5.0,Lafayette,5.0,True,2.0,Two,13540.0,False,4.0,Chino Valley Unified,94549,0.0,13540.0,701.5590200445434,1.0,12.0,0,898.0,0.3316100443131462,14.962913010801817,14.527484500631974,14.96552462369067,3158237.3322795555
True,False,2025-12-02,507000.0,39.739629,-121.881745,1934.0,SMP - South Moorpark,True,4.0,0.12,2013.0,2.0,Chico,3.0,True,1.0,One,0.12,False,2.0,Chico Unified,95926,0.0,5227.2,262.1509824198552,1.5,12.0,0,644.6666666666666,0.36998775635139275,13.13626628257332,13.060487973686241,13.09414175549901,486086.44405848323
False,False,2025-12-11,925000.0,32.70790615,-116.89052402,2688.0,91935 - Jamul,True,12.0,1.0,1978.0,3.0,Jamul,4.0,True,2.0,Two,43560.0,False,2.0,Huntington Beach Union High,91935,154.0,43560.0,344.1220238095238,1.3333333333333333,47.0,0,672.0,0.06170798898071626,13.737549016494562,13.81451005763069,14.081674854427153,1304949.4396525987
True,False,2025-12-18,771000.0,35.27488,-120.660351,1525.0,SLO - San Luis Obispo,True,2.0,0.0289999999999999,1979.0,3.0,San Luis Obispo,3.0,True,2.0,Two,1263.0,False,2.0,San Luis Coastal Unified,93401,450.0,1263.0,505.57377049180326,1.0,46.0,0,508.3333333333333,1.2074425969912905,13.555443652545467,13.997832114758229,13.698961729601693,889986.6393253863
True,False,2025-12-30,700000.0,33.785990000000005,-116.288782,2435.0,307 - Sun City,True,6.0,0.1899,2000.0,3.0,Palm Desert,3.0,False,1.0,One,8270.0,False,3.0,Coast Unified,92211,1326.0,8270.0,287.47433264887064,1.0,25.0,0,811.6666666666666,0.29443772672309554,13.458835614025542,13.226723392728571,13.403659338808907,662422.8245482169
True,False,2025-12-08,375000.0,33.767469,-116.251081,1321.0,309 - Indio North of East Valley,True,2.0,0.14,2014.0,2.0,Indio,2.0,False,1.0,One,6098.0,False,2.0,Berkeley,92203,369.0,6098.0,283.8758516275549,1.0,11.0,0,660.5,0.21662840275500164,12.834681304952548,13.255142955086335,13.090871948705406,484499.63100128144
True,False,2025-12-10,644900.0,33.780988,-116.287989,1922.0,307 - Sun City,True,2.0,0.16,2000.0,3.0,Palm Desert,3.0,False,1.0,Two,6970.0,False,2.0,Middletown Unified,92211,430.0,6970.0,335.53590010405827,1.0,25.0,0,640.6666666666666,0.2757532281205165,13.376850544998469,13.226723392728571,13.279223930776784,584916.2366666389
True,False,2025-12-11,750000.0,33.81244,-118.281211,968.0,139 - South Carson,True,0.0,0.1247,1952.0,1.0,Carson,3.0,False,1.0,One,5430.0,False,0.0,Los Angeles Unified,90745,0.0,5430.0,774.7933884297521,3.0,73.0,0,322.6666666666667,0.17826887661141805,13.527828485512494,13.592367006650065,13.436647510115387,684639.3690803925
True,False,2025-12-22,745000.0,33.727211,-116.743682,890.0,222 - Idyllwild,False,3.0,2.04,1970.0,2.0,Idyllwild,2.0,True,1.0,One,88862.0,False,0.0,Saddleback Valley Unified,92549,170.0,88862.0,837.0786516853933,1.0,55.0,0,445.0,0.010015529697733564,13.521139497361697,13.132313708257497,12.891872224779426,397071.73052811605
True,False,2025-12-22,799000.0,32.819265,-116.920199,1451.0,92021 - El Cajon,True,2.0,0.44,1965.0,2.0,El Cajon,3.0,False,1.0,One,0.44,False,2.0,Grossmont Union,92021,0.0,19166.4,550.6547208821503,1.5,60.0,0,483.6666666666667,0.07570540111862425,13.591116224748411,13.612780503903942,13.5795504473618,789812.1784364074
False,True,2025-12-05,891000.0,34.455502,-118.631254,2247.0,HSHL - Hasley Hills,True,2.0,0.1309,2003.0,3.0,Castaic,4.0,True,2.0,Two,5700.0,False,2.0,William S. Hart Union,91384,100.0,5700.0,396.5287049399199,1.3333333333333333,22.0,0,561.75,0.39421052631578946,13.700099706452946,13.602317337503232,13.65449125647661,851275.640062315
True,False,2025-12-19,1515000.0,34.168367,-118.105817,1508.0,646 - Pasadena (NE),False,2.0,0.1776,1927.0,2.0,Pasadena,3.0,True,1.0,One,7738.0,False,2.0,San Jose Unified,91104,0.0,7738.0,1004.6419098143236,1.5,98.0,0,502.6666666666667,0.19488239855259756,14.230925996925606,14.119305204063423,14.098445680100463,1327019.0648621293
False,False,2025-12-18,702918.0,38.46403161,-121.48794067,2871.0,80 - Cypress North of Katella,True,2.0,0.0939,2025.0,4.0,Sacramento,4.0,False,2.0,Two,4089.0,True,2.0,Sacramento City Unified,95832-0000,125.0,4089.0,244.83385579937303,1.0,0.0,0,717.75,0.7021276595744681,13.462995521030734,13.333426151904964,13.488548802920889,721111.3213704374
False,True,2025-12-30,700000.0,33.645323,-117.297992,2952.0,SRCAR - Southwest Riverside County,True,3.0,0.16,2017.0,3.0,Lake Elsinore,4.0,True,2.0,Two,6970.0,False,3.0,Lake Elsinore Unified,92530,122.0,6970.0,237.12737127371275,1.3333333333333333,8.0,0,738.0,0.4235294117647059,13.458835614025542,13.270783382522602,13.42218845323312,674811.3526467199
True,False,2025-12-11,3325000.0,36.97168589,-121.89845928,2716.0,699 - Not Defined,True,2.0,0.147,2017.0,4.0,Aptos,3.0,True,1.0,One,6403.0,False,2.0,Other,95003,0.0,6403.0,1224.2268041237114,0.75,8.0,0,905.3333333333334,0.42417616742152114,15.016980232072092,14.188463383490559,14.624216988433039,2245002.0413222867
True,False,2025-12-26,310000.0,34.239108,-117.290683,1059.0,286 - Crestline Area,False,1.0,0.1033,1925.0,2.0,Crestline,3.0,True,2.0,Two,4500.0,False,1.0,Rim of the World,92325,0.0,4500.0,292.7289896128423,1.5,100.0,0,353.0,0.23533333333333334,12.644327576461329,12.793859310432293,12.60986125390171,299497.47144121275
True,False,2025-12-18,2755000.0,36.58174929,-121.94731704,3176.0,699 - Not Defined,True,4.0,1.3,1974.0,3.0,Pebble Beach,4.0,True,1.0,Two,56628.0,False,2.0,Carmel Unified,93953,0.0,56628.0,867.4433249370277,1.3333333333333333,51.0,0,794.0,0.05608532881260154,14.828928000569151,14.812459192855883,15.039896851635113,3402077.5654540006
True,False,2025-12-15,1150000.0,34.174206,-118.082994,1084.0,646 - Pasadena (NE),True,2.0,0.5116,1920.0,1.0,Pasadena,2.0,False,2.0,Two,22284.0,False,2.0,Pasadena Unified,91107,0.0,22284.0,1060.8856088560883,2.0,105.0,0,542.0,0.048644767546221504,13.955272500339433,14.263026495559501,13.95008657799418,1144051.6265355786
False,False,2025-12-19,700000.0,34.070809999999994,-117.65846299999998,1695.0,686 - Ontario,True,0.0,0.1707,1958.0,2.0,Ontario,3.0,True,1.0,One,7437.0,False,0.0,Chaffey Joint Union High,91762,0.0,7437.0,412.9793510324484,1.5,67.0,0,565.0,0.22791448164582492,13.458835614025542,13.530491602931978,13.550190320797546,766960.3014511312
True,False,2025-12-12,770000.0,33.25577,-117.14335,2033.0,92026 - Escondido,True,2.0,0.1368,2003.0,3.0,Escondido,4.0,True,2.0,Two,5957.0,False,2.0,Valley Center - Pauma,92926,145.0,5957.0,378.7506148548943,1.3333333333333333,22.0,0,508.25,0.3412791673661239,13.554145793829866,13.698976741708323,13.73640755313183,923944.7487693591
True,True,2025-12-01,2510000.0,33.117028999999995,-117.221402,5150.0,92078 - San Marcos,True,5.0,1.41,1992.0,5.0,San Marcos,4.0,True,2.0,MultiSplit,1.41,False,3.0,San Marino Unified,92078,0.0,61419.6,487.378640776699,0.8,33.0,0,1287.5,0.08384945522276277,14.735793311107967,14.075178214680975,14.790448285381206,2651002.121092574
False,False,2025-12-23,460000.0,38.457512,-121.398093,1852.0,699 - Not Defined,True,2.0,0.1194,1990.0,3.0,Sacramento,3.0,True,1.0,One,5200.0,False,2.0,Other,95828,0.0,5200.0,248.3801295896328,1.0,35.0,0,617.3333333333334,0.35615384615384615,13.038981768465277,13.060487973686241,13.04886628636088,464569.4243060645
True,False,2025-12-29,4200000.0,33.605137,-116.150022,9514.0,316 - Thermal,True,16.0,0.19,2018.0,5.0,Thermal,5.0,True,1.0,"One,Two",8276.0,False,16.0,Hesperia Unified,92274,3200.0,8276.0,441.4546983392895,1.0,7.0,0,1902.8,1.1495891735137749,15.250595083253597,12.644327576461329,14.750895664580106,2548194.5954026966
True,True,2025-12-18,1354000.0,33.576956,-117.6455,2089.0,MS - Mission Viejo South,True,2.0,0.1073,1989.0,3.0,Mission Viejo,4.0,True,2.0,Two,4675.0,False,2.0,Capistrano Unified,92692,163.06,4675.0,648.1570129248444,1.3333333333333333,36.0,0,522.25,0.44684491978609625,14.118573732454358,14.006130917572923,14.005981944907338,1209819.7565006523
False,False,2025-12-01,915000.0,33.975442,-118.032678,1318.0,670 - Whittier,False,2.0,0.135,1961.0,2.0,Whittier,3.0,False,1.0,One,5882.0,False,2.0,Lowell Joint Unified,90604,0.0,5882.0,694.2336874051593,1.5,64.0,0,439.3333333333333,0.2240734444066644,13.726679344257658,13.636672835828117,13.55670906168031,771976.2479892573
False,False,2025-12-15,595000.0,33.915279,-117.477802,1375.0,252 - Riverside,True,6.0,0.15,1977.0,2.0,Riverside,3.0,True,1.0,One,6534.0,False,2.0,Riverside Unified,92505,0.0,6534.0,432.7272727272728,1.5,48.0,0,458.3333333333333,0.21043771043771045,13.296316684527767,13.38779984090879,13.304039535774612,599612.8858806555
False,False,2025-12-11,825000.0,33.237994,-117.23508,1568.0,92084 - Vista,False,1.0,0.4419,1953.0,2.0,Vista,3.0,False,1.0,One,19249.0,False,1.0,Vista Unified,92084,0.0,19249.0,526.1479591836735,1.5,72.0,0,522.6666666666666,0.08145877707932879,13.623138665316818,13.773646353865574,13.742486744454181,929578.6932306231
True,False,2025-12-09,255000.0,41.214178,-122.27168,1220.0,272 - Rialto,True,1.0,0.0777,1940.0,2.0,Dunsmuir,2.0,False,1.0,One,3386.0,False,1.0,Other,96025,0.0,3386.0,209.01639344262296,1.0,85.0,0,610.0,0.3603071470761961,12.449018824140563,13.698976741708323,13.579162192255142,789505.5893460697
True,False,2025-12-04,765000.0,34.080128,-117.192909,2877.0,268 - Redlands,True,2.0,0.109,2022.0,3.0,Redlands,4.0,True,2.0,Two,4747.0,False,2.0,Redlands Unified,92374,105.0,4747.0,265.9019812304484,1.3333333333333333,3.0,0,719.25,0.6060669896776911,13.547631112808673,13.299666780812677,13.414093300402014,669370.7027721261
True,False,2025-12-19,389000.0,34.249113,-117.30088,1380.0,286 - Crestline Area,True,0.0,0.1161,1978.0,2.0,Crestline,3.0,True,2.0,Two,5059.0,False,0.0,Rim of the World,92325,0.0,5059.0,281.8840579710145,1.5,47.0,0,460.0,0.2727811820517889,12.871334622600584,12.793859310432293,12.712689576024168,331933.38362192037
False,False,2025-12-08,740000.0,33.959545,-117.638596,2011.0,699 - Not Defined,True,2.0,0.0646,2021.0,3.0,Chino,4.0,True,2.0,Two,2814.0,False,2.0,Chino Valley Unified,91708,154.0,2814.0,367.9761312779711,1.3333333333333333,4.0,0,502.75,0.7146410803127221,13.514405465180353,13.618800958084467,13.617558412735777,820409.1126890717
True,False,2025-12-16,845000.0,34.149283000000004,-118.590882,1002.0,WHLL - Woodland Hills,False,0.0,0.061,1961.0,2.0,Woodland Hills,2.0,True,1.0,One,2658.0,False,0.0,Los Angeles Unified,91364,0.0,2658.0,843.3133732534931,1.0,64.0,0,501.0,0.37697516930022573,13.64709190633931,14.15910026235435,13.668871260716115,863605.426096442
True,True,2025-12-04,670000.0,33.779566,-116.442363,2128.0,321 - Rancho Mirage,True,2.0,0.14,1981.0,3.0,Rancho Mirage,3.0,True,2.0,One,6098.0,False,2.0,Perris Union High,92270,650.0,6098.0,314.8496240601504,1.0,44.0,0,709.3333333333334,0.34896687438504426,13.415032991367148,13.9108207377686,13.831456205239375,1016073.4575441008
True,False,2025-12-29,800000.0,33.727781,-116.368,2453.0,322 - North Palm Desert,True,2.0,0.19,2001.0,3.0,Palm Desert,3.0,True,1.0,One,8276.0,False,2.0,Desert Sands Unified,92260,0.0,8276.0,326.13126783530373,1.0,24.0,0,817.6666666666666,0.2963992266795553,13.592367006650065,13.624349319661324,13.749804575961038,936406.1440796696
True,False,2025-12-16,915000.0,37.89771199,-121.61791370000002,2099.0,29 - Lakewood Village,True,3.0,0.2342,1997.0,2.0,Discovery Bay,3.0,True,1.0,One,10200.0,False,3.0,Temecula Unified,94505,0.0,10200.0,435.921867555979,1.5,28.0,0,699.6666666666666,0.2057843137254902,13.726679344257658,13.589232200143268,13.577787118572674,788420.7070554858
True,False,2025-12-19,4500000.0,34.008288,-118.448833,3285.0,C13 - Palms - Mar Vista,True,2.0,0.1316,1953.0,5.0,Los Angeles,5.0,True,2.0,Two,5734.0,False,2.0,Bear Valley Unified,90066,325.0,5734.0,1369.86301369863,1.0,72.0,0,657.0,0.5728985001743984,15.319587954740548,14.628660530918916,14.949418212753415,3107776.9228639416
False,True,2025-12-04,1540000.0,34.204319,-118.848938,2116.0,TOE - Thousand Oaks East,True,2.0,0.31,1959.0,2.0,Thousand Oaks,3.0,True,1.0,One,13503.0,False,2.0,Conejo Valley Unified,91362,0.0,13503.0,727.7882797731569,1.5,66.0,0,705.3333333333334,0.1567059172035844,14.247292974389811,14.119312012295937,14.095454191505107,1323055.2342967668
False,False,2025-12-04,928000.0,37.66525385,-122.07023839,1507.0,77 - Anaheim Hills,True,1.0,0.2428,1949.0,2.0,Hayward,3.0,False,2.0,Two,10577.0,False,1.0,Murrieta,94542,0.0,10577.0,615.7929661579296,1.5,76.0,0,502.3333333333333,0.14247896378935426,13.740787011768338,14.155547860749984,14.014874239608217,1220625.8043862032
True,True,2025-12-30,1220000.0,34.008214,-118.046495,2174.0,670 - Whittier,True,7.0,0.2503,1980.0,3.0,Whittier,4.0,True,2.0,Two,10905.0,False,3.0,Whittier Union High,90601,80.0,10905.0,561.1775528978841,1.3333333333333333,45.0,0,543.5,0.1993580926180651,14.01436141670944,13.721199878493033,13.856376278538544,1041712.2156354301
True,True,2025-12-04,520000.0,34.47468,-117.379241,2504.0,VIC - Victorville,True,3.0,0.204,1992.0,3.0,Victorville,5.0,True,2.0,Two,8888.0,False,3.0,Victor Valley Union High,92392,0.0,8888.0,207.66773162939296,1.6666666666666667,33.0,0,500.8,0.28172817281728174,13.16158409055761,13.01477816672439,13.136996397983893,507370.30367892183
False,False,2025-12-29,713448.0,33.78305,-116.378411,2405.0,252 - Riverside,True,2.0,0.1327,2025.0,3.0,Palm Desert,3.0,False,1.0,One,5780.0,True,2.0,Desert Sands Unified,92211,368.0,5780.0,296.65197505197506,1.0,0.0,0,801.6666666666666,0.41608996539792387,13.477864833074955,13.226723392728571,13.40693555695364,664596.6252036688
True,False,2025-12-19,659400.0,34.476587,-118.181522,2069.0,ACTO - Acton,True,0.0,2.59,1986.0,3.0,Acton,4.0,True,1.0,One,2.59,False,0.0,Acton-Agua Dulce Unified,93510,0.0,112820.4,318.7046882551957,1.3333333333333333,39.0,0,517.25,0.01833888197524561,13.399085609619767,13.616449491037821,13.700254161608823,891137.6301724577
True,False,2025-12-08,950000.0,37.77484123,-122.25895244,1413.0,VC29 - Hillside above Poli St./ Foothill Rd,False,0.0,0.0574,1913.0,2.0,Alameda,3.0,True,2.0,Two,2500.0,False,0.0,San Pasqual Union,94501,320.0,2500.0,672.3283793347488,1.5,112.0,0,471.0,0.5652,13.764217263576723,14.096915897380246,13.948557320470616,1142303.4140526024
True,False,2025-12-10,675000.0,33.887234,-117.32838999999998,2400.0,252 - Riverside,True,3.0,0.25,1989.0,3.0,Riverside,5.0,True,2.0,Two,10890.0,False,3.0,Riverside Unified,92508,0.0,10890.0,281.25,1.6666666666666667,36.0,0,480.0,0.22038567493112948,13.422467969854667,13.56126305375042,13.640890636695817,839776.1411704428
True,False,2025-12-04,1139000.0,34.185833,-118.933989,1812.0,NBPK - Newbury Park,True,3.0,0.19,1985.0,3.0,Newbury Park,3.0,True,2.0,Two,8276.0,False,3.0,Long Beach Unified,91320,0.0,8276.0,628.5871964679911,1.0,40.0,0,604.0,0.21894635089415176,13.945661242429319,13.933293593620657,13.866188809231085,1051984.3641889582
True,True,2025-12-08,659000.0,34.066953000000005,-117.143008,2041.0,268 - Redlands,True,2.0,0.1377,1989.0,3.0,Redlands,4.0,True,2.0,Two,6000.0,False,2.0,Redlands Unified,92374,110.0,6000.0,322.8809407153356,1.3333333333333333,36.0,0,510.25,0.3401666666666667,13.398478813484644,13.299666780812677,13.326846955497194,613445.6538926018
True,False,2025-12-02,630650.0,34.081218,-117.682279,1446.0,685 - Montclair,False,2.0,0.166,1961.0,2.0,Montclair,4.0,True,1.0,One,7232.0,False,2.0,Ontario-Montclair,91763,0.0,7232.0,436.134163208852,2.0,64.0,0,361.5,0.19994469026548672,13.354506312515339,13.458835614025542,13.418000645812036,671991.2817346897
True,True,2025-12-16,4090000.0,33.030927,-117.284707,4301.0,92007 - Cardiff By The Sea,True,2.0,0.3031,1995.0,4.0,Cardiff By The Sea,4.0,True,2.0,ThreeOrMore,13202.0,False,2.0,San Dieguito Union,92007,0.0,13202.0,950.9416414787258,1.0,30.0,0,1075.25,0.32578397212543553,15.224055528018985,14.588392706543074,15.042388766200828,3410565.8237078195
True,False,2025-12-17,1500000.0,33.879584,-117.920876,3256.0,83 - Fullerton,False,6.0,0.1882,1952.0,4.0,Fullerton,5.0,True,2.0,Two,8200.0,False,2.0,Fullerton Joint Union High,92832,0.0,8200.0,460.6879606879607,1.25,73.0,0,651.2,0.39707317073170734,14.22097566607244,13.779883380321124,14.200749517869236,1469965.5423019063
True,False,2025-12-31,1450000.0,34.136197,-118.204874,1179.0,618 - Eagle Rock,False,2.0,0.131,1965.0,2.0,Los Angeles,3.0,False,1.0,One,5705.0,False,2.0,Bakersfield City,90041,369.0,5705.0,1229.8558100084815,1.5,60.0,0,393.0,0.20666082383873796,14.187074114396758,14.115615150414612,13.870679297692682,1056718.910094204
True,True,2025-12-18,970000.0,34.008718,-117.989713,1773.0,631 - Hacienda Heights,True,2.0,0.2565,1970.0,2.0,Hacienda Heights,4.0,True,1.0,One,11171.0,False,2.0,Hacienda La Puente Unified,91745,0.0,11171.0,547.0953186689227,2.0,55.0,0,443.25,0.15871452869035896,13.785051350479566,13.845069360205818,13.804506151379139,989055.9204066488
True,False,2025-12-16,510000.0,34.51183,-117.200703,1724.0,APPV - Apple Valley,True,3.0,1.0003,2025.0,2.0,Apple Valley,4.0,False,1.0,One,43575.0,True,3.0,Apple Valley Unified,92307,0.0,43575.0,295.8236658932715,2.0,0.0,0,431.0,0.0395639701663798,13.142166004700508,13.049792684569493,13.139067706333993,508422.3131674225
False,False,2025-12-08,788990.0,33.700047999999995,-117.378232,3188.0,SRCAR - Southwest Riverside County,True,2.0,0.1929,2024.0,5.0,Lake Elsinore,5.0,False,2.0,Two,8404.0,True,2.0,Lake Elsinore Unified,92530,184.0,8404.0,247.4874529485571,1.0,1.0,0,637.6,0.3793431699190862,13.578508925476463,13.270783382522602,13.61856892561012,821238.565675551
True,False,2025-12-11,500000.0,33.80888,-116.977369,1734.0,699 - Not Defined,True,3.0,0.17,2002.0,2.0,San Jacinto,4.0,True,1.0,One,7405.0,False,3.0,San Jacinto Unified,92583,0.0,7405.0,288.35063437139564,2.0,23.0,0,433.5,0.23416610398379473,13.122363377404328,13.064725287181727,13.063536073452413,471434.7924745264
True,False,2025-12-15,840000.0,37.77694612,-122.27089796,1031.0,CB - Capistrano Beach,True,2.0,0.0575,1918.0,1.0,Alameda,2.0,True,1.0,One,2503.0,False,1.0,Los Angeles Unified,94501,0.0,2503.0,814.7429679922406,2.0,107.0,0,515.5,0.4119057131442269,13.641157170819497,14.096915897380246,13.756728818059042,942912.5468815899
True,False,2025-12-15,840000.0,37.899817,-121.60391458,1897.0,C06 - Brentwood,True,6.0,0.1559,1986.0,3.0,Discovery Bay,4.0,True,2.0,Two,6790.0,False,3.0,Victor Valley Union High,94505,90.0,6790.0,442.8044280442804,1.3333333333333333,39.0,0,474.25,0.2793814432989691,13.641157170819497,13.589232200143268,13.563743014355811,777425.4345773144
False,True,2025-12-05,366500.0,36.302588,-119.321672,1651.0,336 - Cathedral City South,True,2.0,0.1894,1974.0,2.0,Visalia,4.0,True,1.0,One,8250.0,False,2.0,Visalia Unified,93277,0.0,8250.0,221.98667474258025,2.0,51.0,0,412.75,0.20012121212121212,12.811753800308843,12.948009990259552,12.984683495706733,435688.7955091128
True,False,2025-12-29,510000.0,39.769591,-121.814659,1881.0,699 - Not Defined,True,2.0,0.17,2001.0,3.0,Chico,4.0,True,1.0,One,7405.0,False,2.0,Chico Unified,95973,0.0,7405.0,271.13237639553427,1.3333333333333333,24.0,0,470.25,0.2540175557056043,13.142166004700508,13.151922179645874,13.243106877543655,564167.72867937
True,False,2025-12-05,455000.0,38.00865863,-121.803499,843.0,276 - Highland,True,2.0,0.1148,1943.0,1.0,Antioch,2.0,True,1.0,One,5000.0,False,1.0,Other,94509,0.0,5000.0,539.7390272835113,2.0,82.0,0,421.5,0.1686,13.028052697933088,13.199324418540456,12.951391300182378,421422.55385996005
True,False,2025-12-04,1942600.0,34.157251,-118.475317,3646.0,ENC - Encino,True,2.0,0.1171,2006.0,4.0,Encino,5.0,True,2.0,Two,5099.0,False,2.0,San Jacinto Unified,91436,0.0,5099.0,532.8030718595721,1.25,19.0,0,729.2,0.7150421651304177,14.479537839950368,14.68050799545088,14.654518571377217,2314070.3111285176
False,False,2025-12-03,890000.0,34.274355,-118.743135,1590.0,699 - Not Defined,True,2.0,0.16,1964.0,2.0,Simi Valley,4.0,False,1.0,One,6969.0,False,2.0,Simi Valley Unified,93065,0.0,6969.0,559.7484276729559,2.0,61.0,0,397.5,0.22815325010761947,13.698976741708323,13.676248490630767,13.655590024406226,852211.5084918316
False,False,2025-12-01,640000.0,33.927084,-118.331328,1188.0,102 - South Inglewood,False,440.0,0.1452,1947.0,1.0,Inglewood,3.0,False,1.0,One,6326.0,False,2.0,Inglewood Unified,90303,0.0,6326.0,538.7205387205387,3.0,78.0,0,396.0,0.18779639582674676,13.369223455335854,13.610329518603837,13.513132147741217,739058.3447353033
True,True,2025-12-11,5120000.0,33.033634,-117.219527,5804.0,92067 - Rancho Santa Fe,True,12.0,2.43,1980.0,6.0,Rancho Santa Fe,5.0,True,1.0,One,105850.0,False,2.0,San Dieguito Union,92067,650.0,105850.0,882.1502412129565,0.8333333333333334,45.0,0,1160.8,0.05483230987246103,15.44866499701569,15.37889082594447,15.518935631585565,5492728.209023881
True,False,2025-12-01,1300000.0,33.963929,-118.419502,1341.0,C29 - Westchester,False,2.0,0.1608,1948.0,2.0,Los Angeles,3.0,False,1.0,One,7005.0,False,2.0,Los Angeles Unified,90045,0.0,7005.0,969.4258016405668,1.5,77.0,0,447.0,0.19143468950749465,14.077874822431765,14.331323723241304,14.173665367547525,1430687.0874086178
True,False,2025-12-11,2775000.0,34.054109999999994,-118.386694,3118.0,C09 - Beverlywood Vicinity,True,4.0,0.147,2023.0,5.0,Los Angeles,4.0,True,2.0,"Two,MultiSplit",6402.0,True,2.0,Merced City,90035,0.0,6402.0,889.9935856318152,0.8,2.0,0,779.5,0.48703530146829116,14.836161305162673,14.626440774180603,15.061649029780725,3476890.8892473774
True,False,2025-12-19,875000.0,37.92317512,-122.30419306,1004.0,92011 - Carlsbad,False,1.0,0.1067,1944.0,1.0,El Cerrito,3.0,False,1.0,One,4650.0,False,0.0,West Contra Costa,94530,0.0,4650.0,871.5139442231076,3.0,81.0,0,334.6666666666667,0.21591397849462365,13.681979165339751,14.137594057133388,13.781105131540794,966179.7104365715
True,False,2025-12-02,2200000.0,33.531905,-117.643597,3682.0,LD - Ladera Ranch,True,4.0,0.2196,2007.0,5.0,Ladera Ranch,4.0,True,2.0,Two,9564.0,False,2.0,Capistrano Unified,92694,738.0,9564.0,597.5013579576317,0.8,18.0,0,920.5,0.3849853617733166,14.603967918328545,14.232573444874031,14.76948632003305,2596010.288557503
True,False,2025-12-16,950000.0,33.802071999999995,-117.932377,1373.0,79 - Anaheim West of Harbor,False,2.0,0.1712,1959.0,2.0,Anaheim,3.0,True,1.0,One,7458.0,False,2.0,Anaheim Union High,92802,0.0,7458.0,691.9155134741442,1.5,66.0,0,457.6666666666667,0.18409761330115312,13.764217263576723,13.815510557964274,13.730349972239544,918364.7962831537
True,False,2025-12-10,1325000.0,34.158255,-118.243575,1604.0,627 - Rossmoyne & Verdu Woodlands,False,2.0,0.1306,1927.0,2.0,Glendale,3.0,True,1.0,One,5687.0,False,2.0,Glendale Unified,91206,0.0,5687.0,826.0598503740648,1.5,98.0,0,534.6666666666666,0.28204677334271144,14.09692301740246,14.269765830241871,14.205801147754832,1477410.0517881562
False,False,2025-12-15,815000.0,33.716541,-117.856876,832.0,69 - Santa Ana South of First,True,1.0,0.1546,1952.0,1.0,Santa Ana,3.0,False,1.0,One,6736.0,False,1.0,Santa Ana Unified,92707,0.0,6736.0,979.5673076923076,3.0,73.0,0,277.3333333333333,0.12351543942992874,13.610943392223,13.695600261291716,13.440614677625334,687360.8428432776
True,False,2025-12-19,3300000.0,34.259957,-119.270082,3229.0,VC23 - Ventura Beach S. of Ventura River to S.C.,True,4.0,0.0893,2022.0,5.0,Ventura,4.0,True,1.0,ThreeOrMore,3890.0,False,2.0,San Jose Unified,93001,0.0,3890.0,1021.988231650666,0.8,3.0,0,807.25,0.8300771208226221,15.009433026436708,13.90609809121013,14.35000895347476,1706591.9933173915
True,False,2025-12-11,2310900.0,34.224540999999995,-118.215385,2718.0,634 - La Canada Flintridge,True,2.0,0.5457,1947.0,3.0,La Canada Flintridge,4.0,True,1.0,One,23770.0,False,2.0,San Jacinto Unified,91011,450.0,23770.0,850.2207505518763,1.3333333333333333,78.0,0,679.5,0.1143458140513252,14.653147617009166,14.635290389457586,14.782106772629216,2628980.726653961
False,False,2025-12-24,929000.0,33.843693,-118.147375,1726.0,24 - Lakewood Mutuals,False,3.0,0.1251,1952.0,2.0,Lakewood,4.0,True,1.0,One,5448.0,False,2.0,William S. Hart Union,90712,92.0,5448.0,538.2387022016222,2.0,73.0,0,431.5,0.3168135095447871,13.741864017795976,13.671639520838347,13.711501302738526,901216.9564162262
True,False,2025-12-12,855000.0,33.837164,-118.275133,1937.0,140 - East Carson,True,0.0,0.1196,1962.0,2.0,Carson,3.0,True,1.0,One,5208.0,False,0.0,Los Angeles Unified,90745,0.0,5208.0,441.4042333505421,1.5,63.0,0,645.6666666666666,0.3719278033794163,13.658856747918897,13.592367006650065,13.648052355451929,845811.969365373
True,False,2025-12-11,373000.0,34.495894,-117.03679,2249.0,LUV - Lucerne Valley,True,3.0,5.0,1980.0,3.0,Lucerne Valley,3.0,True,1.0,One,217800.0,False,3.0,Lucerne Valley Unified,92356,0.0,217800.0,165.8514895509115,1.0,45.0,0,749.6666666666666,0.010325987144168962,12.829333698625952,12.619802404613942,12.947807871383288,419915.1186503201
True,False,2025-12-18,4850000.0,33.682369,-117.703336,5200.0,GP - Great Park,True,2.0,0.1492,2018.0,6.0,Irvine,5.0,False,2.0,Two,6500.0,False,2.0,Irvine Unified,92618,380.0,6500.0,932.6923076923076,0.8333333333333334,7.0,0,1040.0,0.8,15.394489262913666,14.648419680899378,15.397420411733794,4864236.926860102
True,False,2025-12-22,902000.0,32.579496,-117.005243,2162.0,92154 - Otay Mesa,True,4.0,0.1707,2003.0,3.0,San Diego,4.0,False,1.0,One,7437.0,False,2.0,Sweetwater Union,92154,50.0,7437.0,417.2062904717854,1.3333333333333333,22.0,0,540.5,0.29070861906682804,13.71236979904476,13.579788224443204,13.60648650014833,811375.7154809817
True,False,2025-12-05,270000.0,34.461248,-117.248329,1200.0,APPV - Apple Valley,True,2.0,0.0782,2002.0,2.0,Apple Valley,2.0,False,1.0,One,3408.0,False,2.0,Apple Valley Unified,92308,229.0,3408.0,225.0,1.0,23.0,0,600.0,0.352112676056338,12.506177237980511,12.936033799212835,12.641000301424734,308970.25880474335
True,False,2025-12-08,650000.0,33.975925,-117.27009,2512.0,259 - Moreno Valley,True,3.0,0.19,1997.0,3.0,Moreno Valley,5.0,True,2.0,Two,8276.0,False,3.0,Moreno Valley Unified,92557,0.0,8276.0,258.7579617834395,1.6666666666666667,28.0,0,502.4,0.30352827452875786,13.38472764187182,13.262125319779487,13.379618124752554,646687.2842684794
True,False,2025-12-08,549000.0,34.033625,-117.043087,1900.0,269 - Yucaipa/Calimesa/Oak Glen,True,0.0,0.1399,1988.0,4.0,Yucaipa,4.0,True,2.0,Two,6095.0,False,0.0,Yucaipa/Calimesa Unified,92499,0.0,6095.0,288.94736842105266,1.0,37.0,0,475.0,0.3117309269893355,13.215853720491667,13.698976741708323,13.764120594633487,949908.1689426028
False,True,2025-12-24,820000.0,34.259281,-118.45687,1472.0,MHL - Mission Hills,True,2.0,0.1847,1955.0,2.0,San Fernando,3.0,True,1.0,One,8045.0,False,2.0,Los Angeles Unified,91345,0.0,8045.0,557.0652173913044,1.5,70.0,0,490.6666666666667,0.18297078931013053,13.617059619240436,13.620099142278626,13.5511137315704,767668.8479452282
False,False,2025-12-04,855000.0,32.82700248,-116.99992514,1647.0,92071 - Santee,True,6.0,0.2031,1970.0,2.0,Santee,4.0,True,1.0,One,8846.0,False,2.0,Yucaipa/Calimesa Unified,92071,0.0,8846.0,519.1256830601093,2.0,55.0,0,411.75,0.18618584671037758,13.658856747918897,13.652403046879991,13.654104446431141,850946.4217698516
False,False,2025-12-10,616000.0,33.984759999999994,-117.456996,1703.0,251 - Jurupa Valley,True,2.0,0.12,2005.0,3.0,Jurupa Valley,3.0,True,2.0,Two,5227.0,False,2.0,Jurupa Unified,92509,165.0,5227.0,361.714621256606,1.0,20.0,0,567.6666666666666,0.32580830304189784,13.331002242515657,13.422467969854667,13.30263562089933,598771.6710659212
False,False,2025-12-08,820000.0,37.92851243,-122.31796465,953.0,NR - Northridge,True,1.0,0.0968,1950.0,1.0,El Cerrito,2.0,True,1.0,One,4218.0,False,1.0,San Luis Coastal Unified,94530,0.0,4218.0,860.4407135362014,2.0,75.0,0,476.5,0.22593646277856805,13.617059619240436,14.137594057133388,13.7302662929677,918287.9514009202
True,False,2025-12-03,1290000.0,34.15996,-118.341117,1396.0,610 - Burbank,True,0.0,0.1369,1947.0,2.0,Burbank,4.0,True,1.0,One,5965.0,False,0.0,Burbank Unified,91505,0.0,5965.0,924.0687679083096,2.0,78.0,0,349.0,0.23403185247275776,14.070152776337855,13.95440217810054,13.858610697192454,1044042.4392200792
True,True,2025-12-03,950000.0,36.805471,-119.802404,2701.0,CLB - Calabasas,False,2.0,0.3076,1950.0,3.0,Fresno,4.0,True,1.0,One,13400.0,False,2.0,Fresno Unified,93704,0.0,13400.0,351.72158459829694,1.3333333333333333,75.0,0,675.25,0.20156716417910447,13.764217263576723,12.981897589863527,13.224319101474414,553667.2211901842
True,False,2025-12-05,1325000.0,33.915134,-117.358495,4602.0,252 - Riverside,True,5.0,2.93,2008.0,4.0,Riverside,4.0,True,1.0,One,127631.0,False,5.0,Riverside Unified,92506,380.0,127631.0,287.91829639287266,1.0,17.0,0,1150.5,0.03605707077434166,14.09692301740246,13.493926933836812,14.325119774910878,1664640.55450584
False,False,2025-12-05,475000.0,34.135166,-117.214518,1222.0,276 - Highland,True,2.0,0.155,1993.0,2.0,Highland,3.0,True,1.0,One,6750.0,False,2.0,Redlands Unified,92346,0.0,6750.0,388.7070376432079,1.5,32.0,0,407.3333333333333,0.18103703703703702,13.071070083016778,13.28681753563043,13.160162694473653,519261.3990829218
False,False,2025-12-05,574450.0,34.084185999999995,-117.34068,1587.0,273 - Colton,True,2.0,0.1667,1988.0,3.0,Colton,3.0,True,2.0,Two,7260.0,False,2.0,Colton Unified,92324,0.0,7260.0,361.9722747321992,1.0,37.0,0,529.0,0.21859504132231405,13.261168340281511,13.142166004700508,13.151043611177487,514547.73594034335
False,False,2025-12-12,1055000.0,33.105279,-117.066927,2700.0,92025 - Escondido,False,7.0,0.3327,1954.0,3.0,Escondido,5.0,True,1.0,MultiSplit,14492.0,False,0.0,Escondido Union,92025,0.0,14492.0,390.7407407407408,1.6666666666666667,71.0,0,540.0,0.1863096881037814,13.869051324892304,13.740514638062564,14.046888691291636,1260335.7242971754
False,False,2025-12-30,1075913.0,34.046097,-117.220637,3609.0,267 - Loma Linda,True,3.0,0.4626,2025.0,5.0,Loma Linda,4.0,True,1.0,One,20149.0,True,3.0,Redlands Unified,92373,123.0,20149.0,298.11942366306454,0.8,0.0,0,902.25,0.17911558886297085,13.888680161416335,13.621317169677567,14.479757432000827,1943026.6263573878
False,False,2025-12-26,1119274.0,34.046097,-117.220637,3890.0,267 - Loma Linda,True,3.0,0.4619,2025.0,5.0,Loma Linda,6.0,True,1.0,One,20119.0,True,3.0,Redlands Unified,92373,123.0,20119.0,287.7311053984576,1.2,0.0,0,648.3333333333334,0.19334957005815398,13.928190818803849,13.621317169677567,14.27464733583674,1582707.167297497
False,False,2025-12-02,648000.0,34.04647,-117.237718,1778.0,267 - Loma Linda,True,2.0,0.1364,1988.0,2.0,Loma Linda,3.0,True,1.0,One,5940.0,False,2.0,Redlands Unified,92354,0.0,5940.0,364.4544431946007,1.5,37.0,0,592.6666666666666,0.29932659932659933,13.381645975334411,13.422467969854667,13.356841544055941,632124.4346742131
False,False,2025-12-11,1905000.0,37.64150348,-121.80032254,2296.0,ENC - Encino,True,3.0,0.2006,1996.0,3.0,Pleasanton,4.0,True,1.0,One,8740.0,False,3.0,ABC Unified,94566,295.0,8740.0,829.7038327526133,1.3333333333333333,29.0,0,574.0,0.26270022883295197,14.459992566542939,14.430696197054507,14.37433510567664,1748615.8772686508
True,False,2025-12-12,940000.0,35.258628,-120.649673,1598.0,SLO - San Luis Obispo,True,2.0,0.0795,2021.0,3.0,San Luis Obispo,3.0,False,2.0,Two,3461.0,False,2.0,San Luis Coastal Unified,93401,100.0,3461.0,588.2352941176471,1.0,4.0,0,532.6666666666666,0.46171626697486273,13.753635154246187,13.997832114758229,13.890256657219076,1077610.510035763
False,False,2025-12-03,689990.0,33.810959999999994,-117.192494,2537.0,SRCAR - Southwest Riverside County,True,4.0,0.1793,2025.0,3.0,Perris,5.0,False,2.0,Two,7812.0,True,2.0,Val Verde,92571,0.0,7812.0,271.9708316909736,1.6666666666666667,0.0,0,507.4,0.3247567844342038,13.444432383714798,13.214938819306386,13.352808637883639,629580.2697773713
False,False,2025-12-26,1085158.0,34.046097,-117.220637,3100.0,267 - Loma Linda,True,3.0,0.4632,2025.0,4.0,Loma Linda,3.0,True,1.0,One,20178.0,True,3.0,Redlands Unified,92373,123.0,20178.0,350.0509677419355,0.75,0.0,0,1033.3333333333333,0.15363266924373079,13.89723615647464,13.621317169677567,14.407046951041776,1806762.1809626508
False,False,2025-12-08,830000.0,36.80878713,-121.35410162,1959.0,699 - Not Defined,True,1.0,0.2602,1988.0,2.0,Hollister,3.0,True,1.0,Two,11333.0,False,2.0,Other,95023,320.0,11333.0,423.6855538540072,1.5,37.0,0,653.0,0.17285802523603636,13.62918097977278,13.527828485512494,13.535593496646335,755846.4277626888
False,False,2025-12-30,1875000.0,37.6210859,-122.43614405,1460.0,699 - Not Defined,True,2.0,0.1187,1956.0,2.0,San Bruno,3.0,True,1.0,Two,5170.0,False,2.0,Other,94066,0.0,5170.0,1284.2465753424658,1.5,69.0,0,486.6666666666667,0.28239845261121854,14.444119217386648,14.144814305106875,14.038158050178572,1249380.0798963262
False,False,2025-12-01,634990.0,33.619727000000005,-117.079944,2709.0,SRCAR - Southwest Riverside County,True,2.0,0.1981,2025.0,3.0,French Valley,5.0,False,2.0,Two,8629.0,True,2.0,Temecula Unified,92596,152.0,8629.0,234.4001476559616,1.6666666666666667,0.0,0,541.8,0.31394136052845056,13.361364529719332,13.337474757021274,13.464620447864101,704061.1188105479
True,False,2025-12-22,265000.0,34.161871999999995,-116.168739,496.0,DC711 - Copper Mountain East,True,0.0,2.5,1958.0,1.0,29 Palms,1.0,True,1.0,One,108900.0,False,0.0,Morongo Unified,92277,0.0,108900.0,534.2741935483871,1.0,67.0,0,496.0,0.0045546372819100095,12.487485104968359,12.666637149787377,12.462046478018774,258343.7852855445
False,False,2025-12-29,1230000.0,37.01374304,-121.61801025,2503.0,699 - Not Defined,True,2.0,0.0981,2024.0,4.0,Gilroy,5.0,False,1.0,One,4275.0,False,2.0,Gilroy Unified,95020,272.0,4275.0,491.41030763084296,1.25,1.0,0,500.6,0.5854970760233918,14.0225247273486,13.965653216393994,14.15438049790451,1403360.8121517543
True,False,2025-12-19,475000.0,37.92597575,-122.33312895,874.0,699 - Not Defined,True,2.0,0.0574,1955.0,1.0,Richmond,3.0,True,1.0,One,2500.0,False,1.0,Los Angeles Unified,94804,53.0,2500.0,543.4782608695652,3.0,70.0,0,291.3333333333333,0.3496,13.071070083016778,13.337442237753596,13.105797084371535,491785.08668979246
True,False,2025-12-03,820000.0,34.628798,-118.233121,2350.0,MA - Mission Area,True,7.0,0.4633,1992.0,3.0,Palmdale,4.0,True,1.0,One,20183.0,False,3.0,William S. Hart Union,93551,93.0,20183.0,348.93617021276594,1.3333333333333333,33.0,0,587.5,0.11643462319774067,13.617059619240436,13.345506928718539,13.494726632334435,725580.0132977478
False,False,2025-12-03,580000.0,33.96503,-117.041536,2365.0,269 - Yucaipa/Calimesa/Oak Glen,True,2.0,0.1666,2019.0,2.0,Calimesa,4.0,False,1.0,One,7257.0,False,2.0,Beaumont,92320,94.0,7257.0,245.2431289640592,2.0,6.0,0,591.25,0.3258922419732672,13.270783382522602,13.321214236149494,13.382087816245628,648286.3761721635
True,False,2025-12-23,460000.0,39.645505,-121.806413,1781.0,92069 - San Marcos,True,2.0,0.3,1966.0,2.0,Durham,3.0,True,1.0,One,13068.0,False,2.0,Durham Unified,95938,0.0,13068.0,258.2818641212802,1.5,59.0,0,593.6666666666666,0.13628711355984083,13.038981768465277,13.217673557208654,13.181936639402727,530691.7586043753
False,False,2025-12-03,975000.0,33.621933,-117.66428,1099.0,MN - Mission Viejo North,True,2.0,0.1205,1974.0,2.0,Mission Viejo,3.0,True,1.0,One,5250.0,False,2.0,Saddleback Valley Unified,92691,0.0,5250.0,887.1701546860783,1.5,51.0,0,366.3333333333333,0.20933333333333334,13.790192749979985,14.092573789669016,13.789656347868695,974477.1481834383
True,False,2025-12-15,640000.0,37.77406425,-122.183482,1357.0,VAL1 - Valencia 1,False,3.0,0.0872,1926.0,2.0,Oakland,3.0,True,1.0,One,3800.0,False,0.0,Palm Springs Unified,94605,50.0,3800.0,471.6285924834193,1.5,99.0,0,452.3333333333333,0.35710526315789476,13.369223455335854,13.527828485512494,13.45477507429829,697163.3851820071
False,False,2025-12-01,894407.0,34.046097,-117.220637,3141.0,267 - Loma Linda,True,3.0,0.1654,2025.0,4.0,Loma Linda,4.0,True,1.0,"Two,One",7205.0,True,3.0,Redlands Unified,92373,123.0,7205.0,284.7523081821076,1.0,0.0,0,785.25,0.4359472588480222,13.703916207828195,13.621317169677567,13.847551680105996,1032559.9655093228
True,False,2025-12-24,870000.0,34.015084,-118.327797,1776.0,PHHT - Park Hills Heights,False,2.0,0.1379,1940.0,2.0,Los Angeles,3.0,True,1.0,One,6005.0,False,2.0,Los Angeles Unified,90008,0.0,6005.0,489.8648648648648,1.5,85.0,0,592.0,0.29575353871773524,13.676248490630767,14.085537695177335,14.14096906474283,1384665.3789172196
False,False,2025-12-08,544990.0,33.621389,-117.081375,1956.0,SRCAR - Southwest Riverside County,True,2.0,0.1016,2025.0,3.0,French Valley,3.0,False,2.0,Two,4425.0,True,2.0,Temecula Unified,92596,152.0,4425.0,278.6247443762781,1.0,0.0,0,652.0,0.44203389830508477,13.20852272485319,13.337474757021274,13.300539234475444,597517.7290963904
False,False,2025-12-22,1075000.0,32.79139169,-117.12634428,1200.0,92123 - San Diego,True,4.0,0.1515,1959.0,2.0,San Diego,3.0,True,1.0,One,6600.0,False,2.0,Adelanto,92123,0.0,6600.0,895.8333333333334,1.5,66.0,0,400.0,0.18181818181818182,13.8878312195439,13.856882046372755,13.686637835740177,879085.8465168237
True,False,2025-12-30,1285000.0,33.23121464,-117.27746974,3044.0,92056 - Oceanside,True,11.0,0.4173,1999.0,4.0,Oceanside,6.0,True,2.0,Two,18178.0,False,3.0,San Jose Unified,92056,0.0,18178.0,422.1419185282523,1.5,26.0,0,507.3333333333333,0.1674551655847728,14.066269276311457,13.732128949025222,14.120073300502165,1356031.9382708156
False,True,2025-12-26,2800000.0,34.117571000000005,-118.101221,3172.0,655 - San Marino,False,2.0,0.3469,1937.0,4.0,San Marino,4.0,True,2.0,Two,15110.0,False,2.0,San Marino Unified,91108,0.0,15110.0,882.7238335435056,1.0,88.0,0,793.0,0.20992720052945069,14.845129975145433,14.878494177522658,15.18068121890839,3916391.370011941
True,False,2025-12-04,675000.0,34.149085,-117.370077,2091.0,272 - Rialto,True,2.0,0.1148,2023.0,2.0,Rialto,4.0,False,1.0,One,5000.0,False,2.0,Rialto Unified,92377,280.0,5000.0,322.81205164992826,2.0,2.0,0,522.75,0.4182,13.422467969854667,13.403775836842515,13.393891421023552,655983.8318310942
True,False,2025-12-10,928000.0,33.11025752,-117.09252398,1986.0,92025 - Escondido,True,4.0,0.3099,1963.0,3.0,Escondido,4.0,True,1.0,One,13500.0,False,2.0,Hacienda La Puente Unified,92025,0.0,13500.0,467.2708962739174,1.3333333333333333,62.0,0,496.5,0.1471111111111111,13.740787011768338,13.740514638062564,13.819009035161912,1003504.6040117453
True,False,2025-12-18,1210000.0,33.19422953,-117.22095543,4500.0,92084 - Vista,True,4.0,0.2173,1974.0,5.0,Vista,7.0,True,2.0,Two,9466.0,False,2.0,West Covina,92084,142.0,9466.0,268.8888888888889,1.4,51.0,0,642.8571428571429,0.4753855905345447,14.006130917572923,13.773646353865574,14.137852223147176,1380356.3150912726
True,False,2025-12-26,4125000.0,34.065938,-118.477286,2969.0,C06 - Brentwood,True,2.0,0.1607,1940.0,4.0,Los Angeles,5.0,True,1.0,One,7002.0,False,0.0,Irvine Unified,90049,0.0,7002.0,1389.3566857527787,1.25,85.0,0,593.8,0.4240217080834047,15.232576577750919,15.137266397946593,15.233722269221728,4129728.68560723
False,False,2025-12-19,885000.0,34.222369,-118.419653,1402.0,SUNV - Sun Valley,False,2.0,0.1378,1955.0,2.0,Sun Valley,4.0,True,1.0,One,6001.0,False,0.0,Los Angeles Unified,91352,0.0,6001.0,631.2410841654779,2.0,70.0,0,350.5,0.23362772871188137,13.693342923990066,13.681979165339751,13.645757660114013,843873.3137452096
False,False,2025-12-10,1750000.0,37.33370201,-121.97419057,1254.0,699 - Not Defined,True,2.0,0.1756,1955.0,2.0,Santa Clara,3.0,True,1.0,One,7650.0,False,2.0,Other,95051,0.0,7650.0,1395.5342902711325,1.5,70.0,0,418.0,0.16392156862745097,14.375126345899696,14.526006376858833,14.315247064202028,1648286.9001590933
False,False,2025-12-19,445000.0,34.572852000000005,-117.44207,1695.0,ADL - Adelanto,True,2.0,0.2003,2007.0,2.0,Adelanto,5.0,False,1.0,One,8725.0,False,2.0,Adelanto,92301,0.0,8725.0,262.5368731563422,2.5,18.0,0,339.0,0.19426934097421203,13.005829561148378,12.907924856844918,12.931065408009932,412943.2312974867
False,False,2025-12-18,846833.0,34.046097,-117.220637,2395.0,267 - Loma Linda,True,2.0,0.177,2025.0,3.0,Loma Linda,4.0,True,1.0,One,7709.0,True,2.0,Redlands Unified,92373,123.0,7709.0,353.5837160751566,1.3333333333333333,0.0,0,598.75,0.31067583344143207,13.649258787724435,13.621317169677567,13.750876314418013,937410.2645367694
True,False,2025-12-19,7000000.0,34.099703000000005,-118.420675,6254.0,C02 - Beverly Hills Post Office,False,3.0,0.3743,1942.0,6.0,Beverly Hills,5.0,True,2.0,Two,16306.0,False,0.0,Los Angeles Unified,90210,216.0,16306.0,1119.2836584585866,0.8333333333333334,83.0,0,1250.8,0.38353980130013493,15.761420707019587,15.053884789007542,15.48665112133091,5318230.11774123
True,False,2025-12-23,450000.0,34.04027,-117.030556,1081.0,269 - Yucaipa/Calimesa/Oak Glen,True,2.0,0.3062,1925.0,1.0,Yucaipa,2.0,True,1.0,One,13340.0,False,2.0,Yucaipa/Calimesa Unified,92399,0.0,13340.0,416.2812210915818,2.0,100.0,0,540.5,0.08103448275862069,13.017002861746503,13.274219822166483,13.159500234783575,518917.5232519299
True,False,2025-12-08,950000.0,34.001228000000005,-117.528324,2811.0,251 - Jurupa Valley,True,2.0,0.18,2016.0,4.0,Jurupa Valley,5.0,False,1.0,One,7841.0,False,2.0,Jurupa Unified,91752,0.0,7841.0,337.95802205620777,1.25,9.0,0,562.2,0.35850019130212984,13.764217263576723,13.683120718347036,13.91369385789166,1103164.976637208
False,False,2025-12-22,870360.0,33.680355,-117.138163,4134.0,SRCAR - Southwest Riverside County,True,3.0,0.1377,2025.0,5.0,Menifee,5.0,False,2.0,Two,6000.0,True,3.0,Menifee Union,92584,208.0,6000.0,210.5370101596517,1.0,0.0,0,826.8,0.689,13.676662198145458,13.353475098367715,13.757924166947944,944040.3302598544
False,False,2025-12-24,685000.0,33.691989,-117.122967,2537.0,SRCAR - Southwest Riverside County,True,2.0,0.2138,2022.0,3.0,Winchester,5.0,False,2.0,Two,9311.0,False,2.0,Hemet Unified,92596,82.0,9311.0,270.003941663382,1.6666666666666667,3.0,0,507.4,0.2724734185372141,13.437174117244362,13.337474757021274,13.407853383355196,665206.8895481888
True,False,2025-12-17,1160000.0,34.136713,-117.84967,1824.0,629 - Glendora,True,2.0,0.2296,1954.0,3.0,Glendora,3.0,True,1.0,One,10003.0,False,2.0,Glendora Unified,91741,0.0,10003.0,635.9649122807018,1.0,71.0,0,608.0,0.1823452964110767,13.963930563082547,13.868095806767045,13.916870818567219,1106675.2614525822
False,False,2025-12-05,830000.0,33.832753000000004,-117.84107,1204.0,"72 - Orange & Garden Grove, E of Harbor, N of 22 F",False,5.0,0.1842,1962.0,2.0,Orange,3.0,True,1.0,One,8024.0,False,2.0,Orange Unified,92865,0.0,8024.0,689.3687707641196,1.5,63.0,0,401.3333333333333,0.15004985044865404,13.62918097977278,13.913540599416507,13.74038526798208,927627.2566450303
True,False,2025-12-05,439000.0,34.128772999999995,-117.211749,1128.0,276 - Highland,False,4.0,0.1604,1901.0,1.0,Highland,2.0,False,2.0,Two,6985.0,False,4.0,San Bernardino City Unified,92346,0.0,6985.0,389.1843971631206,2.0,124.0,0,564.0,0.1614889047959914,12.992254692057308,13.28681753563043,13.106132058495671,491949.8495625786
False,False,2025-12-17,600000.0,34.055103,-117.749991,1145.0,687 - Pomona,True,1.0,0.193,1946.0,1.0,Pomona,3.0,True,1.0,One,8406.0,False,1.0,Pomona Unified,91767,0.0,8406.0,524.0174672489082,3.0,79.0,0,381.6666666666667,0.13621222935998098,13.304684934198283,13.422467969854667,13.353157738210411,629800.0948235454
False,False,2025-12-29,588000.0,34.04357,-118.165147,956.0,BOYH - Boyle Heights,False,2.0,0.1168,1924.0,2.0,Los Angeles,3.0,False,1.0,One,5088.0,False,2.0,Los Angeles Unified,90022,0.0,5088.0,615.0627615062762,1.5,101.0,0,318.6666666666667,0.1878930817610063,13.284482226880764,13.4034268364651,13.320096557279156,609318.5967550325
False,False,2025-12-01,825000.0,33.988056,-117.655792,2667.0,681 - Chino,True,2.0,0.0955,2007.0,3.0,Chino,4.0,True,2.0,Two,4159.0,False,2.0,Chino Valley Unified,91710,220.0,4159.0,309.3363329583802,1.3333333333333333,18.0,0,666.75,0.6412599182495792,13.623138665316818,13.567049198665774,13.619064076729716,821645.30356085
True,False,2025-12-22,890000.0,33.994737,-117.670298,2862.0,681 - Chino,True,2.0,0.1056,2015.0,3.0,Chino,5.0,True,2.0,Two,4598.0,False,2.0,Chino Valley Unified,91710,215.0,4598.0,310.97134870719776,1.6666666666666667,10.0,0,572.4,0.6224445411048282,13.698976741708323,13.567049198665774,13.67874929526751,872178.4228035652
True,False,2025-12-02,1450000.0,33.674725,-117.602549,2309.0,TC - Trabuco Canyon,True,2.0,1.1846,1969.0,2.0,Trabuco Canyon,3.0,True,1.0,One,51600.0,False,2.0,Capistrano Unified,92679,0.0,51600.0,627.9774794283239,1.5,56.0,0,769.6666666666666,0.044748062015503874,14.187074114396758,14.357834848789636,14.33329739439242,1678309.1637043834
True,False,2025-12-09,2825000.0,33.640522999999995,-117.882507,2401.0,NV - East Bluff - Harbor View,False,2.0,0.0437,1968.0,3.0,Newport Beach,3.0,True,2.0,Two,1902.0,False,2.0,Newport Mesa Unified,92660,555.0,1902.0,1176.5930862140774,1.0,57.0,0,800.3333333333334,1.2623554153522607,14.854018922562679,15.133214468519324,14.891597950111183,2933180.6846758546
True,False,2025-12-11,660000.0,38.00357579,-121.73850607,2331.0,374 - Blythe,True,2.0,0.0778,2021.0,3.0,Oakley,4.0,False,2.0,Two,3388.0,False,2.0,Los Angeles Unified,94561,118.0,3388.0,283.14028314028315,1.3333333333333333,4.0,0,582.75,0.6880165289256198,13.399995114002609,13.415032991367148,13.43445104991201,683137.236243952
True,False,2025-12-23,525000.0,38.0104671,-121.81615552,1540.0,BKSF - Bakersfield,True,6.0,0.155,1949.0,2.0,Antioch,3.0,True,1.0,One,6750.0,False,2.0,San Luis Coastal Unified,94509,532.0,6750.0,340.90909090909093,1.5,76.0,0,513.3333333333334,0.22814814814814816,13.17115354157376,13.199324418540456,13.181230461708227,530317.1282151747
False,False,2025-12-26,1210000.0,34.163466,-118.355728,1170.0,610 - Burbank,True,2.0,0.1497,1929.0,1.0,Burbank,2.0,True,1.0,One,6519.0,False,2.0,Victor Valley Unified,91505,483.0,6519.0,1034.1880341880342,2.0,96.0,0,585.0,0.17947537965945698,14.006130917572923,13.95440217810054,13.751842386674832,938316.3081679364
False,True,2025-12-16,825000.0,34.469066999999995,-118.626633,1778.0,HILC - Hillcrest Area,True,2.0,0.2268,1996.0,3.0,Castaic,4.0,True,2.0,Two,9878.0,False,2.0,William S. Hart Union,91384,0.0,9878.0,464.0044994375703,1.3333333333333333,29.0,0,444.5,0.1799959505972869,13.623138665316818,13.602317337503232,13.600141435213766,806243.7823220529
True,True,2025-12-26,690000.0,33.906928,-118.165699,955.0,RL - Paramount North of Somerset,False,2.0,0.1527,1941.0,1.0,Paramount,2.0,False,1.0,One,6652.0,False,2.0,Paramount Unified,90723,0.0,6652.0,722.5130890052357,2.0,84.0,0,477.5,0.14356584485868912,13.444446876573442,13.607828587820567,13.383665732772604,649310.1254423729
False,False,2025-12-31,775000.0,33.98536,-118.074774,1300.0,699 - Not Defined,True,2.0,0.268,1961.0,2.0,Whittier,3.0,True,1.0,One,11672.0,False,2.0,Whittier Union High,90606,0.0,11672.0,596.1538461538462,1.5,64.0,0,433.3333333333333,0.1113776559287183,13.560618308335483,13.595482281525381,13.557800833435344,772819.5301044028
True,False,2025-12-05,820000.0,34.103818,-117.696735,2439.0,690 - Upland,True,2.0,0.0636,2017.0,3.0,Upland,3.0,True,2.0,Two,2772.0,False,2.0,Upland,91786,200.0,2772.0,336.20336203362035,1.0,8.0,0,813.0,0.8798701298701299,13.617059619240436,13.554145793829866,13.624521987195145,826142.0302652316
True,False,2025-12-15,900000.0,35.504219,-120.702,2077.0,ATSC - Atascadero,True,0.0,2.82,1977.0,3.0,Atascadero,5.0,True,1.0,One,122839.0,False,0.0,Atascadero Unified,93422,0.0,122839.0,433.3172845450168,1.6666666666666667,48.0,0,415.4,0.016908310878466937,13.710150042306449,13.64826835113874,13.763846913581924,949648.2326474796
True,True,2025-12-04,1300000.0,32.815847,-116.731494,3584.0,91901 - Alpine,True,11.0,2.0,1979.0,3.0,Alpine,4.0,True,2.0,Two,2.0,False,3.0,Grossmont Union,91901,152.0,87120.0,362.7232142857143,1.3333333333333333,46.0,0,896.0,0.0411386593204775,14.077874822431765,13.764217263576723,14.171017333059362,1426903.5902856756
True,False,2025-12-19,890000.0,34.391784,-118.457866,2336.0,ALIE - Aliento,True,2.0,0.2062,2017.0,3.0,Canyon Country,4.0,False,2.0,Two,8980.0,False,2.0,William S. Hart Union,91387,236.45,8980.0,380.9931506849315,1.3333333333333333,8.0,0,584.0,0.2601336302895323,13.698976741708323,13.737549016494562,13.862683072624744,1048302.8410898211
True,False,2025-12-08,649000.0,33.968573,-117.235471,2026.0,259 - Moreno Valley,True,6.0,0.16,1987.0,3.0,Moreno Valley,5.0,True,2.0,Two,6970.0,False,3.0,Moreno Valley Unified,92557,133.0,6970.0,320.3356367226061,1.6666666666666667,38.0,0,405.2,0.29067431850789094,13.383187995686226,13.262125319779487,13.314958262780785,606195.7682386221
True,False,2025-12-16,860000.0,34.251341,-119.171663,1987.0,VC36 - El Rio / Nyeland Acres,True,2.0,0.09,2015.0,3.0,Oxnard,3.0,False,2.0,Two,3920.0,False,2.0,Oxnard Union,93036,109.0,3920.0,432.8132863613488,1.0,10.0,0,662.3333333333334,0.5068877551020409,13.664687668229691,13.641157170819497,13.6422947354082,840956.0979630004
True,False,2025-12-18,470000.0,34.413779,-117.36153,2219.0,HSP - Hesperia,True,5.0,0.1548,2005.0,3.0,Hesperia,4.0,True,2.0,Two,6742.0,False,3.0,Hesperia Unified,92344,0.0,6742.0,211.80712032447047,1.3333333333333333,20.0,0,554.75,0.32913082171462477,13.060487973686241,13.180613417425775,13.177550515092685,528369.1758726155
True,False,2025-12-02,370000.0,34.735574,-117.352799,1786.0,HNDL - Helendale,True,2.0,0.1808,1999.0,2.0,Helendale,3.0,True,1.0,One,7875.0,False,2.0,Other,92342,235.0,7875.0,207.16685330347144,1.5,26.0,0,595.3333333333334,0.2267936507936508,12.821258284620408,12.86099861326992,12.88322731672681,393653.8767292427
True,True,2025-12-01,1585000.0,34.241221,-118.253795,2256.0,635 - La Crescenta/Glendale Montrose & Annex,True,2.0,0.2605,1948.0,3.0,La Crescenta,4.0,True,2.0,Two,11349.0,False,2.0,Los Angeles Unified,91214,109.0,11349.0,702.5709219858156,1.3333333333333333,77.0,0,564.0,0.19878403383558021,14.276094965293519,14.115615150414612,14.340162153973328,1689869.988356333
False,False,2025-12-19,1650000.0,34.136826,-117.821201,4184.0,629 - Glendora,True,3.0,0.2047,1989.0,5.0,Glendora,5.0,True,2.0,Two,8915.0,False,2.0,Perris Union High,91741,986.0,8915.0,394.3594646271511,1.0,36.0,0,836.8,0.46932136848008976,14.316285845876763,13.868095806767045,14.339392047135474,1688569.1088955926
False,False,2025-12-08,1604000.0,34.11527,-118.316789,1969.0,C30 - Hollywood Hills East,True,2.0,0.1203,1939.0,2.0,Los Angeles,2.0,True,2.0,Two,5240.0,False,2.0,Yucaipa/Calimesa Unified,90068,235.0,5240.0,814.6267140680549,1.0,86.0,0,984.5,0.37576335877862593,14.288011067408597,14.457364444136669,14.288619464245075,1604976.1654435846
True,True,2025-12-05,1143750.0,34.202143,-118.88027,1791.0,TOW - Thousand Oaks West,True,2.0,0.26,1962.0,2.0,Thousand Oaks,3.0,True,1.0,One,11325.0,False,2.0,Montebello Unified,91360,0.0,11325.0,638.6097152428811,1.5,63.0,0,597.0,0.15814569536423842,13.949822895571868,13.909911233385758,13.84685120153298,1031836.9326422091
True,False,2025-12-10,975000.0,32.659371,-116.955404,1675.0,91914 - Chula Vista,True,2.0,0.1351,2000.0,2.0,Chula Vista,3.0,True,1.0,One,5883.0,False,2.0,Sweetwater Union,91914,181.0,5883.0,582.0895522388059,1.5,25.0,0,558.3333333333334,0.28471868094509606,13.790192749979985,14.0623706358958,13.91132164051754,1100551.1310438395
True,False,2025-12-23,795000.0,34.503029999999995,-118.213231,2832.0,ACTO - Acton,True,12.0,5.0638,1987.0,3.0,Acton,4.0,True,1.0,One,220579.0,False,2.0,Orange Unified,93510,97.0,220579.0,280.72033898305085,1.3333333333333333,38.0,0,708.0,0.012838937523517651,13.58609739363647,13.616449491037821,13.95937678202511,1154729.6231521135
True,False,2025-12-31,365000.0,34.170795,-117.292662,1068.0,274 - San Bernardino,False,2.0,0.188,1948.0,1.0,San Bernardino,2.0,True,1.0,One,8189.0,False,2.0,San Bernardino City Unified,92407,0.0,8189.0,341.7602996254682,2.0,77.0,0,534.0,0.13041885456099647,12.80765263256463,13.304684934198283,13.113218645839222,495448.4771635262
True,False,2025-12-01,1900000.0,33.827161,-117.790815,3039.0,"72 - Orange & Garden Grove, E of Harbor, N of 22 F",True,3.0,0.2029,1998.0,4.0,Orange,5.0,True,2.0,Two,8838.0,False,3.0,Orange Unified,92867,300.0,8838.0,625.2056597564989,1.25,27.0,0,607.8,0.3438560760353021,14.457364444136669,14.026983356405268,14.231688968916579,1516156.3436391328
False,False,2025-12-03,770000.0,34.227298,-118.444561,1052.0,PC - Panorama City,True,2.0,0.1343,1949.0,2.0,Panorama City,3.0,False,1.0,One,5852.0,False,2.0,Los Angeles Unified,91402,0.0,5852.0,731.9391634980989,1.5,76.0,0,350.6666666666667,0.1797676008202324,13.554145793829866,13.554145793829866,13.49139283982209,723165.107716021
True,False,2025-12-15,4995000.0,33.492018,-117.724148,3005.0,MB - Monarch Beach,True,3.0,0.1791,1974.0,4.0,Dana Point,4.0,True,1.0,One,7800.0,False,3.0,Capistrano Unified,92629,520.0,7800.0,1662.2296173044924,1.0,51.0,0,751.25,0.3852564102564103,15.423947970064791,14.716674768252918,14.923432305610458,3028058.7803214537
False,False,2025-12-15,920000.0,33.864129,-118.34433500000002,1204.0,132 - N Torrance - West,False,2.0,0.123,1954.0,2.0,Torrance,4.0,False,1.0,One,5358.0,False,2.0,Torrance Unified,90504,0.0,5358.0,764.1196013289036,2.0,71.0,0,301.0,0.22471071295259426,13.732128949025222,13.822979494146377,13.72522922405483,913674.1016027856
True,True,2025-12-04,1580000.0,34.114907,-118.028457,1902.0,605 - Arcadia,True,2.0,0.1649,1963.0,3.0,Arcadia,3.0,True,1.0,One,7182.0,False,2.0,Arcadia Unified,91006,0.0,7182.0,830.7045215562566,1.0,62.0,0,634.0,0.264828738512949,14.27293540500315,14.32771348302841,14.30411422369382,1630038.5514406115
False,False,2025-12-22,586000.0,33.567407,-117.200823,1367.0,SRCAR - Southwest Riverside County,True,6.0,0.14,1996.0,2.0,Murrieta,3.0,True,1.0,One,6098.0,False,2.0,Murrieta,92562,0.0,6098.0,428.6759326993416,1.5,29.0,0,455.6666666666667,0.22417185962610692,13.281075068559149,13.487006490992238,13.32600691570149,612930.5515143692
True,False,2025-12-15,2000000.0,33.496768,-117.621406,3595.0,OR - Ortega/Orange County,True,3.0,0.2866,2013.0,5.0,San Juan Capistrano,5.0,True,2.0,Two,12485.0,False,3.0,Capistrano Unified,92675,350.0,12485.0,556.3282336578582,1.0,12.0,0,719.0,0.2879455346415699,14.508657738524219,14.32231001513485,14.768528926061762,2593526.0733339307
True,False,2025-12-16,440000.0,34.845459000000005,-114.600045,1584.0,DC770 - Needles,True,1.0,0.0993,2016.0,3.0,Needles,3.0,False,1.0,One,4325.0,False,1.0,Needles Unified School District,92363,130.0,4325.0,277.77777777777777,1.0,9.0,0,528.0,0.36624277456647397,12.994530005894443,12.538967060803502,12.798844922144642,361799.3017995078
True,True,2025-12-30,2000000.0,33.673952,-116.264053,2811.0,313 - La Quinta South of HWY 111,True,2.5,0.22,2005.0,4.0,La Quinta,4.0,True,2.0,One,9583.0,False,2.5,William S. Hart Union,92253,824.0,9583.0,711.490572749911,1.0,20.0,0,702.75,0.29333194198059065,14.508657738524219,13.545013310266594,13.754256018588102,940583.7936909898
False,False,2025-12-22,1375000.0,37.24340653,-121.85468676,1409.0,699 - Not Defined,True,2.0,0.1433,1972.0,2.0,San Jose,3.0,True,1.0,Two,6240.0,False,2.0,San Jose Unified,95123,0.0,6240.0,975.8694109297376,1.5,53.0,0,469.6666666666667,0.22580128205128205,14.133964289082808,14.209238987979617,14.044485982018115,1257311.1390192842
True,False,2025-12-04,1235000.0,33.661857,-117.80088,1224.0,UP - University Park,True,4.0,0.075,1974.0,2.0,Irvine,2.0,True,1.0,One,3268.0,False,2.0,Irvine Unified,92612,294.0,3268.0,1008.9869281045752,1.0,51.0,0,612.0,0.37454100367197063,14.026581528044215,14.151982794585487,13.779151978725892,964294.4555102373
False,False,2025-12-15,850000.0,37.76830348,-121.53725862,3182.0,252 - Riverside,True,3.0,0.1488,2004.0,3.0,Mountain House,4.0,True,2.0,Two,6480.0,False,3.0,Merced Union,95391,244.0,6480.0,267.12759270898806,1.3333333333333333,21.0,0,795.5,0.49104938271604937,13.652991628466498,13.827930029637734,14.019069266304925,1225757.1176952792
True,False,2025-12-01,660000.0,33.61478,-117.13017,1860.0,SRCAR - Southwest Riverside County,True,2.0,0.16,2016.0,2.0,Murrieta,4.0,True,1.0,One,0.16,False,2.0,Menifee Union,92563,46.0,6969.6,354.83870967741933,2.0,9.0,0,465.0,0.2668732782369146,13.399995114002609,13.458835614025542,13.433327867095453,682370.3789799223
True,False,2025-12-09,370000.0,34.269382,-116.858505,1408.0,BBC - Big Bear City,True,0.0,0.1695,1979.0,2.0,Big Bear City,3.0,True,2.0,Two,7383.0,False,0.0,Bear Valley Unified,92314,0.0,7383.0,262.78409090909093,1.5,46.0,0,469.3333333333333,0.19070838412569416,12.821258284620408,12.965709567358951,12.920123216444393,408449.3586010033
False,False,2025-12-17,1760000.0,34.10046,-118.35578999999998,1839.0,C03 - Sunset Strip - Hollywood Hills West,False,2.0,0.124,1920.0,2.0,Los Angeles,3.0,True,1.0,One,5401.0,False,2.0,Murrieta,90046,369.0,5401.0,957.041870581838,1.5,105.0,0,613.0,0.34049250138863174,14.380824367014334,14.637490610367188,14.508109590346754,1998904.0040566009
True,False,2025-12-16,550000.0,38.02120939,-121.87750015,1448.0,92119 - San Carlos,True,1.0,0.093,1941.0,2.0,Pittsburg,3.0,True,2.0,Two,4050.0,False,1.0,Capistrano Unified,94565,205.0,4050.0,379.8342541436464,1.5,84.0,0,482.6666666666667,0.3575308641975309,13.217673557208654,13.270783382522602,13.275306486234722,582629.3420637634
False,True,2025-12-29,850000.0,33.597078,-117.177839,3238.0,SRCAR - Southwest Riverside County,True,4.0,0.19,2004.0,3.0,Murrieta,4.0,True,2.0,Two,8276.0,False,4.0,Murrieta,92562,0.0,8276.0,262.5077208153181,1.3333333333333333,21.0,0,809.5,0.3912518124697922,13.652991628466498,13.487006490992238,13.586592284867823,795393.5358996276
False,False,2025-12-08,835000.0,32.62541974,-116.95843505,1870.0,91915 - Chula Vista,True,2.0,25.6635,2006.0,3.0,Chula Vista,3.0,False,2.0,Two,1117900.0,False,2.0,Antelope Valley Union,91915,260.85,1117900.0,446.524064171123,1.0,19.0,0,623.3333333333334,0.0016727793183647912,13.635187003832993,13.72940414664144,13.746281727152594,933113.1306107177
True,False,2025-12-17,515000.0,34.205334,-117.145331,2424.0,288 - Running Springs,True,2.0,0.2282,1983.0,3.0,Running Springs,3.0,True,2.0,Two,9940.0,False,2.0,Rim of the World,92382,0.0,9940.0,212.45874587458744,1.0,42.0,0,808.0,0.24386317907444668,13.151922179645874,12.793859310432293,13.078566874874298,478574.35749896447
False,False,2025-12-03,455000.0,33.7747,-116.999522,2057.0,SRCAR - Southwest Riverside County,True,2.0,0.07,2016.0,3.0,San Jacinto,4.0,False,2.0,Two,3049.0,False,2.0,Hemet Unified,92582,160.0,3049.0,221.19591638308216,1.3333333333333333,9.0,0,514.25,0.6746474253853723,13.028052697933088,13.154789908438397,13.200657604843933,540720.400711355
True,False,2025-12-10,366500.0,37.213875,-119.734873,1842.0,687 - Pomona,True,11.0,2.88,1996.0,2.0,Coarsegold,3.0,False,1.0,One,125453.0,False,2.0,Yosemite Unified,93614,0.0,125453.0,198.96851248642776,1.5,29.0,0,614.0,0.014682789570596159,12.811753800308843,12.837330275499196,12.984836627981007,435755.5186338465
True,False,2025-12-18,239900.0,34.392076,-116.954196,672.0,LUV - Lucerne Valley,False,2.0,4.2,1958.0,1.0,Lucerne Valley,2.0,False,1.0,One,4.2,False,2.0,Lucerne Valley Unified,92356,0.0,182952.0,356.9940476190476,2.0,67.0,0,336.0,0.0036730945821854912,12.387977448827787,12.619802404613942,12.482861135255074,263777.4766596692
True,False,2025-12-10,3050000.0,37.85506981,-122.23965759,3674.0,699 - Not Defined,True,2.0,0.2452,1909.0,5.0,Berkeley,4.0,True,2.0,Two,10680.0,False,2.0,Berkeley,94705,0.0,10680.0,830.1578660860098,0.8,116.0,0,918.5,0.3440074906367041,14.930652148583594,14.521080258522776,14.983163049008034,3214437.8528855033
True,False,2025-12-02,675000.0,33.871074,-118.196356,1039.0,7 - North Long Beach,False,2.0,0.1036,1948.0,2.0,Long Beach,2.0,True,1.0,One,4513.0,False,2.0,Long Beach Unified,90805,0.0,4513.0,649.6631376323388,1.0,77.0,0,519.5,0.2302237979171283,13.422467969854667,13.526494262499357,13.395947205120775,657333.780086251
True,True,2025-12-30,725000.0,33.732378999999995,-116.187816,2595.0,309 - Indio North of East Valley,True,3.0,0.26,2005.0,3.0,Indio,4.0,True,1.0,One,11326.0,False,3.0,Desert Sands Unified,92203,325.0,11326.0,279.383429672447,1.3333333333333333,20.0,0,648.75,0.22911884160339044,13.493926933836812,13.255142955086335,13.4005997654706,660399.1906423166
True,False,2025-12-01,500000.0,34.701132,-118.095251,1720.0,LAC - Lancaster,True,2.0,0.26,2005.0,2.0,Lancaster,4.0,False,1.0,One,11325.0,False,2.0,Antelope Valley Union,93535,0.0,11325.0,290.69767441860466,2.0,20.0,0,430.0,0.15187637969094922,13.122363377404328,12.994530005894443,12.989373774857102,437737.09738152137
True,False,2025-12-03,568000.0,33.718309999999995,-117.137558,1609.0,699 - Not Defined,True,4.0,0.1,2021.0,3.0,Menifee,3.0,False,2.0,Two,4356.0,False,2.0,Romoland,92585,80.0,4356.0,353.01429459291484,1.0,4.0,0,536.3333333333334,0.3693755739210285,13.249876697703288,13.304684934198283,13.245585185565032,565567.6440810184
True,False,2025-12-03,4050000.0,34.141781,-118.671828,5237.0,CLB - Calabasas,True,0.0,0.4983,2002.0,7.0,Calabasas,6.0,True,2.0,Two,21704.0,False,3.0,Las Virgenes,91302,422.0,21704.0,773.343517280886,0.8571428571428571,23.0,0,872.8333333333334,0.2412919277552525,15.214227439082721,14.473030560881067,15.124175112728024,3701227.623531869
True,False,2025-12-29,290000.0,33.832721,-116.476226,1461.0,335 - Cathedral City North,True,2.0,0.15,1990.0,2.0,Cathedral City,2.0,True,2.0,One,6534.0,False,2.0,Murrieta,92234,954.0,6534.0,198.49418206707733,1.0,35.0,0,730.5,0.22359963269054178,12.577636201962656,13.224919965729422,13.029745137249527,455770.71189657215
True,False,2025-12-05,1660000.0,37.22740257,-121.80583074,2386.0,699 - Not Defined,True,2.0,0.1446,1975.0,3.0,San Jose,4.0,True,1.0,One,6300.0,False,2.0,Other,95123,0.0,6300.0,695.7250628667225,1.3333333333333333,50.0,0,596.5,0.37873015873015875,14.322328160332725,14.209238987979617,14.305908216678453,1632965.4538027337
True,True,2025-12-09,2115000.0,34.102222999999995,-118.503619,2307.0,C06 - Brentwood,False,2.0,0.2424,1958.0,2.0,Los Angeles,3.0,True,1.0,One,10561.0,False,2.0,Walnut Valley Unified,90049,0.0,10561.0,916.7750325097528,1.5,67.0,0,769.0,0.21844522299024713,14.564565370462516,15.137266397946593,14.927476674135335,3040330.1642166246
True,False,2025-12-18,495000.0,39.740396,-121.628776,2160.0,699 - Not Defined,True,2.0,1.0,2022.0,3.0,Paradise,3.0,True,1.0,One,43560.0,False,2.0,Paradise Unified,95969,0.0,43560.0,229.16666666666663,1.0,3.0,0,720.0,0.049586776859504134,13.112313041550827,12.89921982609012,13.318336991368321,608247.4032175355
True,False,2025-12-22,2700000.0,33.611672,-117.834095,2265.0,N26 - Newport Coast,True,2.0,0.0847,1996.0,3.0,Newport Coast,4.0,True,2.0,Two,3690.0,False,2.0,Newport Mesa Unified,92657,368.0,3690.0,1192.0529801324503,1.3333333333333333,29.0,0,566.25,0.6138211382113821,14.808762330974558,15.524055765796309,15.128329443867823,3716635.731735632
False,True,2025-12-22,1510000.0,34.185305,-118.470385,2596.0,VN - Van Nuys,False,2.0,0.4235,1947.0,3.0,Van Nuys,4.0,True,1.0,One,18447.0,False,2.0,Placentia-Yorba Linda Unified,91411,0.0,18447.0,581.6640986132511,1.3333333333333333,78.0,0,649.0,0.14072748956469885,14.227620208791107,13.961752072660685,14.223690536103701,1504077.8379422568
True,False,2025-12-24,398900.0,33.731737,-117.208217,1326.0,SRCAR - Southwest Riverside County,True,2.0,0.11,1989.0,2.0,Menifee,3.0,True,1.0,One,4791.0,False,2.0,Perris Union High,92585,225.0,4791.0,300.82956259426845,1.5,36.0,0,442.0,0.2767689417658109,12.896466037893498,13.304684934198283,13.179525433284386,529413.6928482746
False,False,2025-12-02,680000.0,34.262034,-118.767772,1032.0,SVW - West Simi,True,2.0,0.18,1962.0,2.0,Simi Valley,3.0,False,1.0,One,7840.0,False,2.0,Simi Valley Unified,93065,0.0,7840.0,658.9147286821706,1.5,63.0,0,344.0,0.13163265306122449,13.42984807715229,13.676248490630767,13.498633615591105,728420.3872948234
True,False,2025-12-11,2300000.0,32.79436908,-117.19862735,2324.0,92117 - Clairemont Mesa,True,3.0,0.1613,1953.0,3.0,San Diego,5.0,True,2.0,Two,0.17,False,1.0,San Luis Coastal Unified,92117,0.0,7800.0,989.6729776247848,1.6666666666666667,72.0,0,464.8,0.29794871794871797,14.648419680899378,13.964016766263498,14.148278760540935,1394823.9443986074
False,True,2025-12-05,749000.0,34.036885,-117.93314,1200.0,633 - Industry/La Puente/Valinda,False,2.0,0.204,1955.0,2.0,La Puente,4.0,False,1.0,One,8887.0,False,2.0,Hacienda La Puente Unified,91744,0.0,8887.0,624.1666666666666,2.0,70.0,0,300.0,0.13502869359738945,13.526494262499357,13.547631112808673,13.513954226745101,739666.1588845497
True,False,2025-12-22,1000000.0,34.480098,-118.568805,2327.0,TSRO - Tesoro de Valle,True,2.0,0.1474,2024.0,4.0,Valencia,3.0,False,1.0,One,6422.0,True,2.0,William S. Hart Union,91354,483.0,6422.0,429.7378599054577,0.75,1.0,0,775.6666666666666,0.3623481781376518,13.815510557964274,13.710150042306449,13.904280001551424,1092828.6686210586
False,False,2025-12-18,1175000.0,34.10471,-118.19486,4480.0,632 - Highland Park,True,9.0,0.1996,1964.0,5.0,Los Angeles,11.0,False,2.0,Two,8693.0,False,0.0,Los Angeles Unified,90042,0.0,8693.0,262.2767857142857,2.2,61.0,0,407.27272727272725,0.5153571839411021,13.976778705560397,14.018451401960965,14.372169720811485,1744833.5474907833
True,False,2025-12-12,650000.0,34.861201,-120.432449,1720.0,ORCT - Orcutt,True,2.0,0.18,1962.0,2.0,Santa Maria,3.0,True,1.0,One,7841.0,False,2.0,Santa Maria Joint Union,93455,0.0,7841.0,377.90697674418607,1.5,63.0,0,573.3333333333334,0.21935977553883435,13.38472764187182,13.538369041771391,13.5426454815977,761195.4839611412
True,False,2025-12-30,919990.0,34.47994,-118.568937,2257.0,TSRO - Tesoro de Valle,True,2.0,0.1711,2024.0,3.0,Valencia,2.0,False,1.0,One,7455.0,True,2.0,William S. Hart Union,91354,483.0,7455.0,407.6163048294195,0.6666666666666666,1.0,0,1128.5,0.30274983232729713,13.732118079400932,13.710150042306449,13.81334579184205,997837.5752941133
True,False,2025-12-31,829000.0,36.70319652,-121.61660428,2191.0,699 - Not Defined,True,2.0,0.1853,1989.0,3.0,Salinas,4.0,True,1.0,One,8071.0,False,2.0,Other,93906,130.0,8071.0,378.3660429027841,1.3333333333333333,36.0,0,547.75,0.27146574154379877,13.627975434117433,13.472921052508891,13.5335986768722,754340.1532349794
True,True,2025-12-23,800000.0,34.226787,-117.406129,2876.0,699 - Not Defined,True,4.0,1.2,2003.0,3.0,Devore,3.0,True,1.0,One,52272.0,False,4.0,San Bernardino City Unified,92407,0.0,52272.0,278.1641168289291,1.0,22.0,0,958.6666666666666,0.05501989592898684,13.592367006650065,13.304684934198283,13.624642620057575,826241.696154486
False,False,2025-12-10,720000.0,32.581136,-117.123259,1120.0,91932 - Imperial Beach,True,2.0,0.14,1955.0,1.0,Imperial Beach,3.0,False,1.0,"One,MultiSplit",6100.0,False,2.0,Sweetwater Union,91932,0.0,6100.0,642.8571428571429,3.0,70.0,0,373.3333333333333,0.18360655737704917,13.487006490992238,13.667485396903125,13.557557122628465,772631.2085820761
True,True,2025-12-03,1850000.0,37.04246047,-122.02189897,3500.0,699 - Not Defined,True,2.0,0.23,1987.0,5.0,Scotts Valley,5.0,True,2.0,One,10019.0,False,2.0,Other,95066,0.0,10019.0,528.5714285714286,1.0,38.0,0,700.0,0.3493362611039026,14.430696197054507,14.187074114396758,14.547404977982884,2079015.4078228392
False,False,2025-12-16,3275000.0,37.82898834,-121.9544805,4470.0,248 - Corona,True,3.0,0.2557,2025.0,6.0,Danville,5.0,True,2.0,Two,11138.0,False,3.0,Irvine Unified,94506,221.0,11138.0,732.6621923937361,0.8333333333333334,0.0,0,894.0,0.4013287843418926,15.001828427051489,14.68050799545088,15.21624568111845,4058182.1342309625
True,True,2025-12-22,5400000.0,33.784988,-116.420152,5048.0,321 - Rancho Mirage,True,8.0,0.61,2023.0,6.0,Rancho Mirage,4.0,True,1.0,One,26572.0,False,4.0,Long Beach Unified,92270,189.0,26572.0,1069.73058637084,0.6666666666666666,2.0,0,1262.0,0.18997440915249134,15.501909511534503,13.9108207377686,15.007473730156644,3293540.6522301817
True,False,2025-12-19,355000.0,34.476842,-117.36152,878.0,699 - Not Defined,False,2.0,0.1116,1987.0,2.0,Victorville,2.0,False,1.0,One,4860.0,False,2.0,Victor Valley Unified,92392,0.0,4860.0,404.3280182232346,1.0,38.0,0,439.0,0.18065843621399177,12.779873068457553,13.01477816672439,12.747037058420398,343532.5199202768
True,False,2025-12-17,475000.0,34.564693,-117.160909,1889.0,APPV - Apple Valley,True,2.0,0.4132,1990.0,2.0,Apple Valley,3.0,True,1.0,One,18000.0,False,2.0,Apple Valley Unified,92307,0.0,18000.0,251.4557967178401,1.5,35.0,0,629.6666666666666,0.10494444444444445,13.071070083016778,13.049792684569493,13.03119792137497,456433.3295553226
True,False,2025-12-16,1775000.0,33.693209,-117.698887,2238.0,PS - Portola Springs,True,2.0,0.3757,2022.0,3.0,Irvine,3.0,False,2.0,Two,16365.0,False,2.0,Irvine Unified,92618,291.0,16365.0,793.1188561215371,1.0,3.0,0,746.0,0.13675527039413382,14.389310980891652,14.648419680899378,14.612292866190362,2218391.33252106
True,False,2025-12-30,660000.0,33.761864,-116.693582,1485.0,222 - Idyllwild,True,6.0,0.56,1979.0,2.0,Idyllwild,2.0,True,1.0,ThreeOrMore,24393.0,False,1.0,Temecula Unified,92549,0.0,24393.0,444.44444444444446,1.0,46.0,0,742.5,0.060878120772352724,13.399995114002609,13.132313708257497,12.95723459694263,423892.25948791875
False,False,2025-12-17,555000.0,33.95751,-116.956046,2195.0,263 - Banning/Beaumont/Cherry Valley,True,2.0,0.1869,2025.0,3.0,Beaumont,4.0,False,2.0,Two,8143.0,True,2.0,Beaumont,92220,161.0,8143.0,252.8473804100228,1.3333333333333333,0.0,0,548.75,0.269556674444308,13.226723392728571,12.994530005894443,13.177267387238318,528219.6010169404
False,False,2025-12-23,1900000.0,37.89143609,-122.26652293,2454.0,SYL - Sylmar,True,4.0,0.1148,1925.0,3.0,Berkeley,5.0,True,2.0,Two,5000.0,False,1.0,Berkeley,94707,0.0,5000.0,774.2461287693561,1.6666666666666667,100.0,0,490.8,0.4908,14.457364444136669,14.331212327451603,14.4617711113354,1908391.1425852212
False,False,2025-12-07,1130000.0,32.81319875,-117.05258151,1738.0,92119 - San Carlos,True,6.0,0.38,1980.0,2.0,San Diego,3.0,False,1.0,One,16552.0,False,2.0,Lake Elsinore Unified,92119,1300.0,16552.0,650.1726121979286,1.5,45.0,0,579.3333333333334,0.10500241662638957,13.937728190688523,13.8878312195439,13.784319174445685,969290.049183338
True,False,2025-12-19,1020000.0,34.17829477,-118.22673808,1364.0,627 - Rossmoyne & Verdu Woodlands,True,4.0,0.25,1953.0,2.0,Glendale,2.0,True,1.0,"One,MultiSplit",0.25,False,2.0,Glendale Unified,91208,0.0,10890.0,747.8005865102639,1.0,72.0,0,682.0,0.12525252525252525,13.835313185260453,14.246322223230198,14.038318433616647,1249580.4758386684
True,False,2025-12-08,2771000.0,33.899021000000005,-118.400523,1225.0,143 - Manhattan Bch Tree,True,2.0,0.1064,1955.0,2.0,Manhattan Beach,3.0,True,1.0,One,4636.0,False,2.0,Manhattan Unified,90266,0.0,4636.0,2262.0408163265306,1.5,70.0,0,408.3333333333333,0.2642364106988783,14.834718823845115,15.040754419423045,14.775603246005506,2611938.5576725155
False,True,2025-12-26,2800000.0,37.28085674,-121.90751773,2796.0,699 - Not Defined,True,2.0,0.1446,1959.0,4.0,San Jose,6.0,True,2.0,One,6300.0,False,2.0,San Jose Unified,95125,138.0,6300.0,1001.4306151645208,1.5,66.0,0,466.0,0.4438095238095238,14.845129975145433,14.462613800022813,14.51814535334595,2019065.5298303342
True,False,2025-12-17,810000.0,34.130092,-117.847266,1388.0,629 - Glendora,True,2.0,0.2068,1960.0,2.0,Glendora,3.0,False,1.0,One,9010.0,False,2.0,Glendora Unified,91741,0.0,9010.0,583.5734870317003,1.5,65.0,0,462.6666666666667,0.15405105438401775,13.604789526648622,13.868095806767045,13.744114500363914,931093.052611437
False,False,2025-12-09,1150000.0,33.926637,-118.377788,2002.0,107 - Holly Glen/Del Aire,False,2.0,0.1889999999999999,1939.0,2.0,Inglewood,3.0,False,1.0,One,8233.0,False,2.0,Wiseburn Unified,90304,0.0,8233.0,574.4255744255744,1.5,86.0,0,667.3333333333334,0.24316773958459856,13.955272500339433,13.520328065005813,13.645499214843198,843655.2468584972
True,False,2025-12-11,800000.0,33.884401000000004,-118.126883,1314.0,"RG - Bellflower North of 91 Frwy, S of Alondra",True,2.0,0.1495,1938.0,2.0,Bellflower,3.0,False,1.0,One,6512.0,False,2.0,Bellflower Unified,90706,0.0,6512.0,608.8280060882801,1.5,87.0,0,438.0,0.2017813267813268,13.592367006650065,13.586096602527896,13.570141679102004,782415.8683276962
True,False,2025-12-05,800000.0,33.210568,-117.250833,1370.0,92083 - Vista,True,5.0,0.26,1962.0,2.0,Vista,3.0,True,1.0,One,0.26,False,2.0,Vista Unified,92083,0.0,11325.6,583.9416058394161,1.5,63.0,0,456.6666666666667,0.12096489369216641,13.592367006650065,13.614617615584883,13.558173373913869,773107.4902970447
True,True,2025-12-02,1080000.0,33.1638,-117.183609,1884.0,92069 - San Marcos,True,8.0,0.2747,1998.0,3.0,San Marcos,4.0,True,2.0,Two,11967.0,False,2.0,San Marcos Unified,92069,0.0,11967.0,573.2484076433121,1.3333333333333333,27.0,0,471.0,0.1574329405866132,13.892471599100402,13.859515996625632,13.790738431104824,975532.1842849728
True,False,2025-12-02,1476000.0,34.156766999999995,-118.83556000000002,1896.0,WV - Westlake Village,True,2.0,0.22,1976.0,2.0,Westlake Village,3.0,True,1.0,One,9583.0,False,2.0,Conejo Valley Unified,91361,260.0,9583.0,778.4810126582279,1.5,49.0,0,632.0,0.19785036001252218,14.204846284142555,14.450755865652397,14.286839239835157,1602121.4894324031
False,True,2025-12-09,1375000.0,34.243827,-119.001749,2478.0,VC45 - Mission Oaks,True,2.0,0.1033,2021.0,4.0,Camarillo,3.0,False,2.0,Two,4500.0,False,2.0,Morongo Unified,93012,419.0,4500.0,554.8829701372074,0.75,4.0,0,826.0,0.5506666666666666,14.133964289082808,13.710150042306449,13.905662203253906,1094340.222662983
True,False,2025-12-10,724000.0,34.065812,-117.767633,2013.0,687 - Pomona,True,2.0,0.1428,1994.0,3.0,Pomona,4.0,True,2.0,Two,6220.0,False,2.0,Pomona Unified,91768,0.0,6220.0,359.6621957277695,1.3333333333333333,31.0,0,503.25,0.32363344051446946,13.492546671367853,13.373053959873324,13.391134537547988,654177.8514274962
True,False,2025-12-29,279000.0,38.967101,-122.642293,1702.0,LCCLW - Clearlake West,True,0.0,0.17,1955.0,2.0,Clearlake,4.0,False,1.0,One,7405.0,False,0.0,Konocti Unified,95422,0.0,7405.0,163.92479435957696,2.0,70.0,0,425.5,0.22984469952734637,12.538967060803502,12.524526376648708,12.599059777612508,296279.8653364102
False,False,2025-12-09,945000.0,38.850766,-121.276069,2801.0,84 - Placentia,True,3.0,0.1728,2002.0,3.0,Lincoln,2.0,True,1.0,One,0.1728,False,3.0,Placerville Union,95648,528.0,7527.17,337.3795073188147,0.6666666666666666,23.0,0,1400.5,0.37211860500028565,13.758940206475879,13.355455298975764,13.5302555115018,751822.4802007828
True,False,2025-12-11,2300000.0,34.126448,-118.385334,2140.0,STUD - Studio City,True,2.0,0.1864,1960.0,3.0,Studio City,3.0,True,1.0,One,8121.0,False,2.0,Los Angeles Unified,91604,0.0,8121.0,1074.766355140187,1.0,65.0,0,713.3333333333334,0.26351434552395026,14.648419680899378,14.603967918328545,14.567650561881633,2121535.255925418
False,False,2025-12-22,980000.0,33.970153,-117.557414,3050.0,249 - Eastvale,True,3.0,0.17,2006.0,3.0,Eastvale,5.0,True,2.0,Two,7405.0,False,3.0,Corona-Norco Unified,91752,0.0,7405.0,321.3114754098361,1.6666666666666667,19.0,0,610.0,0.41188386225523294,13.795307850646754,13.683120718347036,13.81773401817473,1002225.9339311772
False,False,2025-12-02,645000.0,33.821828000000004,-118.277319,1584.0,699 - Not Defined,True,2.0,0.1189,1955.0,1.0,Carson,4.0,False,1.0,One,5178.0,False,2.0,Los Angeles Unified,90745,0.0,5178.0,407.1969696969697,4.0,70.0,0,396.0,0.30590961761297797,13.37700559577791,13.592367006650065,13.503024578350834,731625.8865524804
True,False,2025-12-12,1250000.0,34.166186,-118.599087,2352.0,WHLL - Woodland Hills,True,2.0,0.248,1981.0,2.0,Woodland Hills,3.0,True,1.0,ThreeOrMore,10802.0,False,3.0,Lemon Grove,91364,0.0,10802.0,531.4625850340136,1.5,44.0,0,784.0,0.21773745602666172,14.038654109278484,14.15910026235435,14.155181274678595,1404485.0409638719
True,False,2025-12-27,1050000.0,34.124857,-117.662918,2619.0,690 - Upland,True,3.0,0.228,1976.0,3.0,Upland,4.0,True,1.0,One,9933.0,False,2.0,New Haven,91784,200.0,9933.0,400.9163802978236,1.3333333333333333,49.0,0,654.75,0.2636665659921474,13.864300722133706,13.815510557964274,14.021877333173896,1229203.9628678171
False,False,2025-12-18,1075000.0,33.825987,-118.10348700000002,1753.0,25 - Carson Park,True,0.0,0.125,1953.0,2.0,Long Beach,3.0,True,1.0,One,5447.0,False,0.0,Long Beach Unified,90808,0.0,5447.0,613.2344552196236,1.5,72.0,0,584.3333333333334,0.32182852946576096,13.8878312195439,13.869051324892304,13.911481100165496,1100726.638532562
True,False,2025-12-02,607000.0,33.992546999999995,-118.301769,1087.0,C34 - Los Angeles Southwest,False,2.0,0.1139,1911.0,2.0,Los Angeles,3.0,True,1.0,One,4961.0,False,0.0,Los Angeles Unified,90062,0.0,4961.0,558.4176632934683,1.5,114.0,0,362.3333333333333,0.21910905059463817,13.316284070041636,13.567049198665774,13.51208906669964,738287.8489019476
False,False,2025-12-30,287000.0,34.686766,-118.126072,943.0,LAC - Lancaster,True,2.0,0.1402,1952.0,1.0,Lancaster,3.0,True,1.0,One,6105.0,False,2.0,Lancaster,93535,0.0,6105.0,304.3478260869565,3.0,73.0,0,314.3333333333333,0.15446355446355448,12.567237494741757,12.994530005894443,12.765287892197104,349859.83862810855
True,False,2025-12-29,820000.0,33.96915,-117.598076,2549.0,249 - Eastvale,True,2.0,0.09,2015.0,3.0,Eastvale,4.0,False,2.0,Two,3920.0,False,2.0,Corona-Norco Unified,92880,55.0,3920.0,321.6947822675559,1.3333333333333333,10.0,0,637.25,0.6502551020408164,13.617059619240436,13.764217263576723,13.84839777060479,1033433.9743787353
True,False,2025-12-18,2788000.0,34.145005,-118.05888,2700.0,605 - Arcadia,True,8.0,0.4025,1939.0,3.0,Arcadia,3.0,True,1.0,One,17534.0,False,2.0,Arcadia Unified,91007,0.0,17534.0,1032.5925925925926,1.0,86.0,0,900.0,0.15398654043572488,14.840835050862552,14.550138498881392,14.59766953761431,2186187.107519119
False,False,2025-12-22,605000.0,37.96532938,-122.34842742,1252.0,MB - Monarch Beach,False,4.0,0.1119,1959.0,2.0,San Pablo,3.0,True,1.0,One,4875.0,False,2.0,Hemet Unified,94806,410.0,4875.0,483.2268370607029,1.5,66.0,0,417.3333333333333,0.2568205128205128,13.312983737012978,13.321214236149494,13.223400214910622,553158.697493398
True,False,2025-12-11,1060000.0,33.798243,-117.815117,2172.0,"75 - Orange, Orange Park Acres E of 55",True,2.0,0.1561,1994.0,3.0,Orange,4.0,True,2.0,Two,6800.0,False,2.0,Orange Unified,92869,170.0,6800.0,488.0294659300184,1.3333333333333333,31.0,0,543.0,0.31941176470588234,13.87377946608825,14.115985383678474,14.153925570930834,1402722.5306612481
True,False,2025-12-16,470000.0,33.717940000000006,-117.018296,1947.0,SRCAR - Southwest Riverside County,True,2.0,0.18,2003.0,2.0,Hemet,5.0,True,1.0,One,7840.0,False,2.0,Hemet Unified,92545,0.0,7840.0,241.397021058038,2.5,22.0,0,389.4,0.24834183673469387,13.060487973686241,12.990536830078119,13.03636825890455,458799.35523376346
False,False,2025-12-19,716178.0,33.581068,-117.246338,1898.0,SRCAR - Southwest Riverside County,True,6.0,0.2467,2025.0,3.0,Wildomar,4.0,False,1.0,One,10747.0,True,3.0,Lake Elsinore Unified,92595,190.0,10747.0,377.33298208640673,1.3333333333333333,0.0,0,474.5,0.1766074253279985,13.481684018398045,13.442996549995796,13.442334938341503,688544.3003349198
True,False,2025-12-02,215000.0,33.755571,-116.99417,847.0,SRCAR - Southwest Riverside County,True,1.0,0.1,1975.0,1.0,Hemet,2.0,False,1.0,One,4356.0,False,1.0,Hemet Unified,92545,85.0,4356.0,253.8370720188902,2.0,50.0,0,423.5,0.19444444444444445,12.2783933071098,12.990536830078119,12.640507607013026,308818.0683796109
True,False,2025-12-29,1300000.0,34.257637,-118.796607,2374.0,SVW - West Simi,True,10.0,0.88,1963.0,3.0,Simi Valley,4.0,True,1.0,One,38332.0,False,5.0,Los Angeles Unified,93065,0.0,38332.0,547.5989890480203,1.3333333333333333,62.0,0,593.5,0.06193258895961599,14.077874822431765,13.676248490630767,13.923795389405555,1114365.1064064945
False,False,2025-12-04,1365000.0,37.589223,-122.074455,1440.0,670 - Whittier,True,2.0,0.1241,1971.0,2.0,Union City,3.0,True,1.0,One,5405.0,False,2.0,New Haven,94587,0.0,5405.0,947.9166666666666,1.5,54.0,0,480.0,0.2664199814986124,14.126664986601197,14.117095535585046,13.954154157922304,1148714.6250989055
True,True,2025-12-24,1260000.0,33.958866,-117.935284,2826.0,88 - La Habra Heights,True,2.0,0.975,1966.0,3.0,La Habra Heights,4.0,True,1.0,One,42470.0,False,2.0,Fullerton Joint Union High,90631,0.0,42470.0,445.859872611465,1.3333333333333333,59.0,0,706.5,0.0665410878267012,14.04662227892766,13.792724135316895,14.122314159650633,1359074.0220129245
True,False,2025-12-31,606000.0,35.650344,-120.672876,1605.0,PRNE - PR North 46-East 101,True,2.0,0.0687,2003.0,3.0,Paso Robles,3.0,True,2.0,Two,2993.0,False,2.0,Paso Robles Joint Unified,93446,330.0,2993.0,377.5700934579439,1.0,22.0,0,535.0,0.5362512529234882,13.314635265051452,13.591116224748411,13.429317297744877,679639.1657731194
True,False,2025-12-23,228500.0,33.75201,-116.997518,820.0,SRCAR - Southwest Riverside County,True,1.0,0.09,1976.0,2.0,Hemet,3.0,False,1.0,One,3920.0,False,1.0,Hemet Unified,92545,85.0,3920.0,278.6585365853659,1.5,49.0,0,273.3333333333333,0.20918367346938777,12.339291489316397,12.990536830078119,12.736172425817577,339820.36740604776
False,True,2025-12-02,1569000.0,34.175075,-118.64692,2566.0,WHLL - Woodland Hills,True,2.0,0.2739999999999999,1963.0,3.0,Woodland Hills,4.0,True,1.0,One,11934.0,False,2.0,Los Angeles Unified,91367,0.0,11934.0,611.4575214341387,1.3333333333333333,62.0,0,641.5,0.21501592089827384,14.26594903171517,14.130321297804308,14.21575497313624,1492189.3667948095
False,False,2025-12-23,699000.0,36.60791577,-121.83572335,784.0,699 - Not Defined,True,1.0,0.0861,1957.0,1.0,Seaside,2.0,True,1.0,One,3750.0,False,1.0,Other,93955,0.0,3750.0,891.5816326530612,2.0,68.0,0,392.0,0.20906666666666668,13.457406021215947,13.564794368589576,13.305889814496501,600723.36387486
True,False,2025-12-05,675000.0,33.595384,-117.2819,2816.0,SRCAR - Southwest Riverside County,True,3.0,0.17,2007.0,3.0,Wildomar,5.0,True,2.0,Two,7405.0,False,3.0,Lake Elsinore Unified,92595,69.0,7405.0,239.70170454545453,1.6666666666666667,18.0,0,563.2,0.38028359216745444,13.422467969854667,13.442996549995796,13.477267716245613,713022.1153564382
True,False,2025-12-08,830000.0,34.453272,-118.514007,1701.0,BOUQ - Bouquet Canyon,True,2.0,0.1286,1987.0,3.0,Saugus,4.0,True,2.0,Two,5600.0,False,2.0,William S. Hart Union,91350,63.98,5600.0,487.94826572604353,1.3333333333333333,38.0,0,425.25,0.30375,13.62918097977278,13.652991628466498,13.625613917134165,827044.612170384
True,True,2025-12-30,987870.0,33.855249,-117.598717,2540.0,248 - Corona,True,6.0,0.2,1986.0,3.0,Corona,4.0,True,2.0,Two,8712.0,False,3.0,Corona-Norco Unified,92882,0.0,8712.0,388.9251968503937,1.3333333333333333,39.0,0,635.0,0.29155188246097336,13.803306389125368,13.623138665316818,13.733219146700176,921003.5287839362
True,False,2025-12-26,410000.0,34.495856,-117.368909,2019.0,VIC - Victorville,True,2.0,0.154,2006.0,3.0,Victorville,4.0,True,1.0,One,6710.0,False,2.0,Victor Valley Unified,92392,0.0,6710.0,203.0708271421496,1.3333333333333333,19.0,0,504.75,0.30089418777943366,12.92391243868049,13.01477816672439,13.016373836509885,449717.02765122685
True,True,2025-12-15,730000.0,34.123628000000004,-117.528754,1417.0,688 - Rancho Cucamonga,True,2.0,0.1033,1986.0,2.0,Rancho Cucamonga,4.0,True,1.0,One,4500.0,False,2.0,Chaffey Joint Union High,91739,0.0,4500.0,515.1729004940014,2.0,39.0,0,354.25,0.3148888888888889,13.500799813124575,13.862273807960708,13.639018216853476,838205.1988513466
False,False,2025-12-31,500000.0,34.263593,-118.43403700000002,2075.0,PAC - Pacoima,True,0.0,0.2066,1948.0,3.0,Pacoima,5.0,False,1.0,One,9001.0,False,0.0,Los Angeles Unified,91331,0.0,9001.0,240.9638554216868,1.6666666666666667,77.0,0,415.0,0.2305299411176536,13.122363377404328,13.541073712262515,13.632530951615708,832785.13909376
False,False,2025-12-26,1235000.0,34.167265,-118.074468,1929.0,699 - Not Defined,True,2.0,0.1814,1951.0,2.0,Pasadena,2.0,False,1.0,One,7900.0,False,2.0,Pasadena Unified,91107,0.0,7900.0,640.2280974598237,1.0,74.0,0,964.5,0.24417721518987343,14.026581528044215,14.263026495559501,14.241377132270605,1530916.4979099524
True,False,2025-12-23,3280000.0,34.14434,-118.038134,4734.0,605 - Arcadia,True,2.0,0.2079,2016.0,5.0,Arcadia,4.0,True,2.0,Two,9056.0,False,2.0,Arcadia Unified,91007,0.0,9056.0,692.8601605407689,0.8,9.0,0,1183.5,0.5227473498233216,15.003353980360327,14.550138498881392,15.140366083374431,3761641.8540758155
True,False,2025-12-01,1470000.0,33.66005,-117.963634,1635.0,14 - South Huntington Beach,True,2.0,0.1377,1970.0,3.0,Huntington Beach,3.0,True,1.0,One,6000.0,False,2.0,Huntington Beach Union High,92646,0.0,6000.0,899.0825688073395,1.0,55.0,0,545.0,0.2725,14.20077295875492,14.19394699368452,14.113048478881232,1346539.4363947771
True,False,2025-12-01,340000.0,34.747875,-118.288781,848.0,LAC - Lancaster,True,0.0,4.1958,1951.0,1.0,Lancaster,2.0,True,1.0,One,182770.0,False,0.0,Antelope Valley Union,93536,0.0,182770.0,400.9433962264151,2.0,74.0,0,424.0,0.004639711112326968,12.736700896592344,13.224918336616522,12.984261435109245,435504.9472360464
True,True,2025-12-04,4450000.0,34.12279,-118.135455,5502.0,648 - Pasadena (SE),True,6.0,0.4579999999999999,1912.0,5.0,Pasadena,5.0,True,2.0,Two,19950.0,False,2.0,Fontana Unified,91106,0.0,19950.0,808.7968011632133,1.0,113.0,0,1100.4,0.27578947368421053,15.308414654142423,14.686803923907693,15.316358719430214,4485491.87877967
False,False,2025-12-12,715000.0,34.127368,-117.503785,2290.0,264 - Fontana,True,2.0,0.0376,2022.0,3.0,Fontana,4.0,False,2.0,Two,1637.0,False,2.0,Etiwanda,92336,199.0,1637.0,312.22707423580783,1.3333333333333333,3.0,0,572.5,1.3989004276114845,13.480037821676145,13.487006490992238,13.50971417732857,736536.577298072
True,False,2025-12-10,1225000.0,33.098896999999994,-117.306564,1338.0,92011 - Carlsbad,True,2.0,0.0,1984.0,2.0,Carlsbad,3.0,True,1.0,One,0.07,False,2.0,Carlsbad Unified,92011,403.0,0.07,915.5455904334827,1.5,41.0,0,446.0,19114.285714285714,14.018451401960965,14.406071149749119,13.941408621446287,1134166.549401369
True,False,2025-12-30,385000.0,34.519646,-117.180222,1454.0,APPV - Apple Valley,True,2.0,0.419,1985.0,2.0,Apple Valley,3.0,True,1.0,One,18250.0,False,2.0,Apple Valley Unified,92307,0.0,18250.0,264.78679504814306,1.5,40.0,0,484.6666666666667,0.07967123287671232,12.86099861326992,13.049792684569493,12.919664461952381,408262.0235966585
True,False,2025-12-19,2800000.0,33.644901000000004,-117.871464,2555.0,NV - East Bluff - Harbor View,True,2.0,0.096,1972.0,4.0,Newport Beach,5.0,True,2.0,Two,4180.0,False,2.0,Newport Mesa Unified,92660,375.0,4180.0,1095.890410958904,1.25,53.0,0,511.0,0.611244019138756,14.845129975145433,15.133214468519324,14.946455224947469,3098582.2463220316
True,False,2025-12-12,840000.0,37.8174294,-121.3656107,2842.0,699 - Not Defined,True,2.0,0.1486,2025.0,4.0,Lathrop,4.0,False,1.0,Two,6472.0,False,2.0,Tracy Joint Unified,95330,0.0,6472.0,295.5665024630542,1.0,0.0,0,710.5,0.43912237330037085,13.641157170819497,13.541073712262515,13.72739987106986,915659.5196054109
True,True,2025-12-02,1750000.0,34.208729,-118.158149,3311.0,604 - Altadena,True,3.0,0.1484,1998.0,5.0,Altadena,5.0,True,2.0,Two,6464.0,False,3.0,San Jose Unified,91001,513.0,6464.0,528.5412262156448,1.0,27.0,0,662.2,0.5122215346534653,14.375126345899696,13.926582083454587,14.348532698073198,1704074.4863678182
True,True,2025-12-11,1988888.0,33.949486,-117.943085,3931.0,88 - La Habra Heights,True,4.0,1.1535,1976.0,4.0,La Habra Heights,5.0,True,1.0,One,50247.0,False,4.0,Fullerton Joint Union High,90631,0.0,50247.0,505.94963113711526,1.25,49.0,0,786.2,0.07823352637968436,14.50308624654729,13.792724135316895,14.37371358891094,1747529.4208445752
True,False,2025-12-19,707000.0,34.444333,-118.42741200000002,1839.0,CAN2 - Canyon Country 2,True,2.0,5.7185,2004.0,3.0,Canyon Country,4.0,True,2.0,Two,249099.0,False,2.0,William S. Hart Union,91387,125.0,249099.0,384.4480696030451,1.3333333333333333,21.0,0,459.75,0.0073826069153228235,13.468785944878709,13.737549016494562,13.66080368698679,856666.2544246289
False,False,2025-12-22,1212049.0,37.53582502,-122.0400233,1175.0,607 - Azusa,True,1.0,0.1304,1959.0,2.0,Newark,3.0,False,1.0,One,5680.0,False,1.0,Newark,94560,0.0,5680.0,1031.5310638297872,1.5,66.0,0,391.6666666666667,0.2068661971830986,14.00782287383707,14.151982794585487,13.91569075720726,1105370.0869829592
True,True,2025-12-02,6230000.0,37.2420486,-122.0112265,3731.0,699 - Not Defined,False,4.0,2.6,1936.0,5.0,Saratoga,5.0,True,2.0,Two,113256.0,False,4.0,Other,95070,0.0,113256.0,1669.7936210131331,1.0,89.0,0,746.2,0.03294306703397613,15.644886890763637,15.226497531674536,15.446765286777442,5110282.716514021
True,True,2025-12-10,4220000.0,34.108543,-118.045256,7187.0,605 - Arcadia,True,3.0,0.3767,2014.0,8.0,Arcadia,6.0,True,2.0,Two,16409.0,False,3.0,Arcadia Unified,91007,0.0,16409.0,587.1712814804508,0.75,11.0,0,1197.8333333333333,0.4379913462124444,15.255345686012195,14.550138498881392,15.490768929901083,5340174.722129877
False,False,2025-12-12,485000.0,33.721768,-117.200398,1801.0,SRCAR - Southwest Riverside County,True,2.0,0.16,2018.0,3.0,Menifee,2.0,False,1.0,One,6970.0,False,2.0,Menifee Union,92586,170.0,6970.0,269.29483620210993,0.6666666666666666,7.0,0,900.5,0.25839311334289816,13.091904169919621,12.89921982609012,13.100420348008482,489147.9837879754
True,False,2025-12-10,3800000.0,37.24046475,-122.01644419,2571.0,699 - Not Defined,True,3.0,1.4343,1960.0,3.0,Los Gatos,4.0,True,1.0,One,62480.0,False,2.0,Other,95030,0.0,62480.0,1478.0241151302996,1.3333333333333333,65.0,0,642.75,0.041149167733674774,15.150511624696614,15.107414985656664,14.990448904133247,3237943.30607434
True,False,2025-12-22,518000.0,33.959798,-117.420987,1039.0,252 - Riverside,True,2.0,0.15,1985.0,2.0,Riverside,2.0,False,1.0,One,6534.0,False,2.0,Riverside Unified,92504,0.0,6534.0,498.5563041385948,1.0,40.0,0,519.5,0.15901438628711356,13.15773052124162,13.353475098367715,13.079055258107031,478808.1422744185
False,False,2025-12-19,510000.0,37.34227,-120.454341,3054.0,ENC - Encino,True,3.0,0.1478,2003.0,3.0,Merced,5.0,True,2.0,Two,6439.0,False,3.0,Merced City,95340,0.0,6439.0,166.9941060903733,1.6666666666666667,22.0,0,610.8,0.4742972511259512,13.142166004700508,12.934827526010142,13.184167121765412,531876.7783034396
False,False,2025-12-19,350000.0,33.916124,-117.466428,1010.0,252 - Riverside,False,1.0,0.16,1959.0,2.0,Riverside,3.0,False,1.0,One,6970.0,False,1.0,Riverside Unified,92505,0.0,6970.0,346.53465346534654,1.5,66.0,0,336.6666666666667,0.1449067431850789,12.765688433465597,13.38779984090879,13.279342722206238,584985.7238296614
True,False,2025-12-02,490000.0,34.473337,-117.380736,2504.0,VIC - Victorville,True,3.0,0.1722,1990.0,3.0,Victorville,5.0,True,2.0,Two,7500.0,False,3.0,Victor Valley Union High,92392,0.0,7500.0,195.68690095846645,1.6666666666666667,35.0,0,500.8,0.33386666666666664,13.102160670086809,13.01477816672439,13.12339824277463,500517.7005141155
True,False,2025-12-10,579500.0,33.958025,-116.956108,2195.0,263 - Banning/Beaumont/Cherry Valley,True,2.0,0.3421,2025.0,3.0,Beaumont,4.0,False,2.0,Two,14901.0,False,2.0,Beaumont,92223,161.0,14901.0,264.0091116173121,1.3333333333333333,0.0,0,548.75,0.14730554996308973,13.269920941761944,13.197470849891134,13.365302324991212,637495.3902391817
False,False,2025-12-22,725000.0,34.206996000000004,-118.537934,1388.0,RES - Reseda,False,2.0,0.1434,1946.0,2.0,Reseda,3.0,False,1.0,One,6248.0,False,2.0,Los Angeles Unified,91335,0.0,6248.0,522.3342939481269,1.5,79.0,0,462.6666666666667,0.22215108834827144,13.493926933836812,13.652991628466498,13.647780859874695,845582.3663260338
True,False,2025-12-03,1260000.0,37.03312095,-121.99900042,1951.0,699 - Not Defined,False,2.0,3.633,1980.0,2.0,Santa Cruz,3.0,True,2.0,One,158253.0,False,0.0,Other,95065,0.0,158253.0,645.8226550486929,1.5,45.0,0,650.3333333333334,0.01232836028384928,14.04662227892766,14.17161767960286,14.167866851532871,1422415.230843596
False,False,2025-12-12,604000.0,33.835621,-117.196951,3881.0,232 - Gavilan Hills,True,3.0,0.21,2004.0,3.0,Perris,5.0,True,2.0,Two,9148.0,False,3.0,Val Verde,92571,0.0,9148.0,155.62999227003348,1.6666666666666667,21.0,0,776.2,0.42424573677306515,13.311329476916953,13.214938819306386,13.441389697440538,687893.7676036261
False,False,2025-12-03,630000.0,33.995217,-118.26146,993.0,C37 - Metropolitan South,False,1.0,0.0951,1911.0,2.0,Los Angeles,3.0,True,1.0,One,4141.0,False,1.0,Los Angeles Unified,90011,0.0,4141.0,634.441087613293,1.5,114.0,0,331.0,0.23979715044675198,13.353475098367715,13.174002552131078,13.114908567435386,496286.4541031079
True,False,2025-12-22,820000.0,34.322723,-118.456283,1118.0,SYL - Sylmar,True,2.0,0.1331,1953.0,2.0,Sylmar,3.0,False,1.0,One,5798.0,False,2.0,Los Angeles Unified,91342,0.0,5798.0,733.4525939177101,1.5,72.0,0,372.6666666666667,0.19282511210762332,13.617059619240436,13.667586227071855,13.610779303714617,814866.2788370212
True,False,2025-12-17,699000.0,34.102019,-117.506719,1766.0,264 - Fontana,True,2.0,0.179,1998.0,2.0,Fontana,4.0,True,1.0,One,7797.0,False,2.0,Fontana Unified,92335,0.0,7797.0,395.8097395243488,2.0,27.0,0,441.5,0.22649737078363474,13.457406021215947,13.226723392728571,13.217359669302944,549827.3887435697
True,False,2025-12-05,610000.0,33.951096,-117.215331,2185.0,259 - Moreno Valley,True,2.0,0.19,1989.0,3.0,Moreno Valley,4.0,True,2.0,Two,8276.0,False,2.0,Moreno Valley Unified,92557,0.0,8276.0,279.1762013729977,1.3333333333333333,36.0,0,546.25,0.264016433059449,13.321214236149494,13.262125319779487,13.357499174604632,632540.2757329338
True,True,2025-12-10,845000.0,33.112628,-117.075746,1472.0,92025 - Escondido,True,0.0,0.1607,1948.0,2.0,Escondido,3.0,True,1.0,One,7000.0,False,0.0,Escondido Union,92025,0.0,7000.0,574.0489130434783,1.5,77.0,0,490.6666666666667,0.2102857142857143,13.64709190633931,13.740514638062564,13.732157102230788,920025.9013137207
True,False,2025-12-16,738000.0,34.091803000000006,-117.653421,1353.0,690 - Upland,True,5.0,0.1722,1958.0,2.0,Upland,3.0,False,1.0,One,7500.0,False,2.0,Upland,91786,0.0,7500.0,545.4545454545455,1.5,67.0,0,451.0,0.1804,13.51169910358261,13.554145793829866,13.531331659769414,752631.9881575733
True,False,2025-12-08,1075000.0,37.95544647,-121.99395586,2307.0,DC727 - Adobe,True,2.0,0.1722,1974.0,3.0,Concord,4.0,True,2.0,Two,7500.0,False,2.0,Mount Diablo,94521,114.0,7500.0,465.9731252709146,1.3333333333333333,51.0,0,576.75,0.3076,13.8878312195439,13.656514826473817,13.830127411467096,1014724.202101184
True,False,2025-12-15,500000.0,33.923325,-117.249999,1474.0,259 - Moreno Valley,True,4.0,0.16,1979.0,2.0,Moreno Valley,4.0,True,1.0,One,6970.0,False,2.0,Moreno Valley Unified,92553,0.0,6970.0,339.21302578019,2.0,46.0,0,368.5,0.2114777618364419,13.122363377404328,13.159174447339636,13.098605688209961,488261.1514990799
False,True,2025-12-02,800000.0,34.199873,-118.433755,1266.0,VN - Van Nuys,True,1.5,0.1494,1954.0,2.0,Van Nuys,3.0,True,1.0,One,6507.0,False,1.5,Los Angeles Unified,91405,0.0,6507.0,631.911532385466,1.5,71.0,0,422.0,0.19455970493314892,13.592367006650065,13.68482817589707,13.641609640918622,840380.1608824958
True,False,2025-12-17,1250000.0,37.44298734,-122.42851975,1145.0,699 - Not Defined,False,4.0,0.4788,1949.0,2.0,Half Moon Bay,3.0,True,1.0,One,20858.0,False,0.0,Other,94019,0.0,20858.0,1091.703056768559,1.5,76.0,0,381.6666666666667,0.054895004314891166,14.038654109278484,14.346138809026444,14.14726513100554,1393410.8259621728
True,True,2025-12-11,345000.0,34.430219,-117.315367,824.0,HSP - Hesperia,False,2.0,0.2583,1957.0,1.0,Hesperia,2.0,False,1.0,One,11250.0,False,2.0,Hesperia Unified,92345,0.0,11250.0,418.68932038834953,2.0,68.0,0,412.0,0.07324444444444445,12.751299696013497,13.064514272196533,12.671866490941433,318655.7007629028
False,False,2025-12-01,540000.0,36.597724,-119.461396,2457.0,87 - La Habra,True,2.0,0.2066,1995.0,3.0,Reedley,3.0,True,2.0,Two,9000.0,False,2.0,Kings Canyon Joint Unified,93654,0.0,9000.0,219.78021978021977,1.0,30.0,0,819.0,0.273,13.199324418540456,12.487485104968359,12.948748050964332,420310.0999182131
True,True,2025-12-22,2960000.0,32.98244004,-117.16798762,5272.0,92127 - Rancho Bernardo,True,6.0,0.3708,2004.0,6.0,San Diego,5.0,True,2.0,Two,16154.0,False,3.0,Claremont Unified,92127,300.0,16154.0,561.4567526555387,0.8333333333333334,21.0,0,1054.4,0.3263587965828897,14.900699826300244,14.53335035111459,15.187704264938777,3943993.177809245
False,False,2025-12-05,565000.0,36.799599,-119.677745,2019.0,272 - Rialto,True,3.0,0.1543,2017.0,3.0,Clovis,3.0,True,1.0,One,6720.0,False,3.0,Clovis Unified,93611,0.0,6720.0,279.84150569588905,1.0,8.0,0,673.0,0.30044642857142856,13.244581010128577,13.10910924746393,13.207823500144011,544609.062721644
True,False,2025-12-04,699000.0,33.850658,-117.607051,1905.0,248 - Corona,True,2.0,0.09,1978.0,2.0,Corona,4.0,False,1.0,One,3920.0,False,2.0,Corona-Norco Unified,92882,229.0,3920.0,366.9291338582677,2.0,47.0,0,476.25,0.48596938775510207,13.457406021215947,13.623138665316818,13.593183952151115,800653.8234335333
False,False,2025-12-05,836000.0,37.95611883,-121.78170465,3264.0,SRCAR - Southwest Riverside County,True,7.0,0.184,2001.0,3.0,Antioch,5.0,True,2.0,Two,8015.0,False,3.0,Desert Sands Unified,94531,0.0,8015.0,256.1274509803921,1.6666666666666667,24.0,0,652.8,0.40723643169058016,13.636383892066839,13.415032991367148,13.532649314721068,753624.3510759193
True,False,2025-12-30,623000.0,34.125415000000004,-117.351552,1688.0,272 - Rialto,True,2.0,0.253,2004.0,2.0,Rialto,4.0,True,1.0,One,11020.0,False,2.0,Rialto Unified,92376,0.0,11020.0,369.07582938388623,2.0,21.0,0,422.0,0.1531760435571688,13.34230179776959,13.253391639810733,13.194134531579666,537204.7209066488
True,False,2025-12-29,1039000.0,34.26345,-118.598629,2354.0,CHT - Chatsworth,True,2.0,0.1723,1977.0,3.0,Chatsworth,4.0,True,2.0,Two,7506.0,False,2.0,Conejo Valley Unified,91311,0.0,7506.0,441.3763806287171,1.3333333333333333,48.0,0,588.5,0.31361577404742874,13.853769270081365,13.944283046980045,14.04552991036067,1258624.3670914585
True,False,2025-12-18,1620000.0,35.651241,-120.67715,2996.0,PRNE - PR North 46-East 101,True,3.0,0.71,2024.0,3.0,Paso Robles,4.0,True,1.0,MultiSplit,30927.0,False,3.0,Paso Robles Joint Unified,93446,215.0,30927.0,540.7209612817089,1.3333333333333333,1.0,0,749.0,0.0968732822452873,14.297936707208567,13.591116224748411,14.064077122856393,1282186.16811272
False,False,2025-12-31,620000.0,33.949908,-118.271975,912.0,C37 - Metropolitan South,True,0.0,0.1282,1946.0,1.0,Los Angeles,3.0,False,1.0,One,5585.0,False,0.0,Los Angeles Unified,90003,0.0,5585.0,679.8245614035088,3.0,79.0,0,304.0,0.16329453894359894,13.337474757021274,13.304684934198283,13.14297554219896,510413.0312838094
False,False,2025-12-17,569000.0,34.086708,-117.346087,1574.0,274 - San Bernardino,True,2.0,0.1653,1989.0,3.0,San Bernardino,3.0,True,2.0,Two,7200.0,False,2.0,San Bernardino City Unified,92410,0.0,7200.0,361.4993646759848,1.0,36.0,0,524.6666666666666,0.21861111111111112,13.251635713108469,12.971540487669746,13.009882997739748,446807.4399800976
True,True,2025-12-30,3255500.0,34.097879,-118.462709,2649.0,C04 - Bel Air - Holmby Hills,True,2.0,1.952,1972.0,3.0,Los Angeles,4.0,True,1.0,One,85029.0,False,2.0,Other,90077,0.0,85029.0,1228.954322385806,1.3333333333333333,53.0,0,662.25,0.031154076844370743,14.995856431659053,14.844970510943792,14.817590993164329,2723942.9243883933
False,False,2025-12-17,875000.0,34.195747,-119.202213,1947.0,VC33 - Oxnard - Southwest / Port Huenem,True,3.0,0.1369999999999999,1996.0,3.0,Oxnard,4.0,True,2.0,Two,5967.0,False,3.0,Huntington Beach Union High,93035,0.0,5967.0,449.4093477144325,1.3333333333333333,29.0,0,486.75,0.3262946204122675,13.681979165339751,14.077874822431765,14.058917312027699,1275587.3689560983
False,False,2025-12-15,690000.0,34.113582,-117.599805,1512.0,688 - Rancho Cucamonga,True,0.0,0.1708,1971.0,2.0,Rancho Cucamonga,3.0,True,1.0,One,7440.0,False,0.0,Alta Loma,91730,0.0,7440.0,456.3492063492063,1.5,54.0,0,504.0,0.2032258064516129,13.444446876573442,13.500799813124575,13.49509385923277,725846.5147257756
True,False,2025-12-05,616000.0,39.727353,-121.776867,2188.0,165 - PV Dr North,True,4.0,0.18,2007.0,3.0,Chico,4.0,True,1.0,One,7841.0,False,2.0,Chico Unified,95928,0.0,7841.0,281.53564899451555,1.3333333333333333,18.0,0,547.0,0.2790460400459125,13.331002242515657,13.078384738024758,13.150072121285113,514048.1007502981
False,False,2025-12-11,571605.0,33.783476,-116.995409,2259.0,SRCAR - Southwest Riverside County,True,6.0,0.1653,2025.0,3.0,San Jacinto,4.0,False,2.0,Two,7201.0,True,3.0,San Jacinto Unified,92582,0.0,7201.0,253.03452855245683,1.3333333333333333,0.0,0,564.75,0.31370642966254686,13.256203472375379,13.154789908438397,13.27952492950338,585092.3222084732
True,False,2025-12-30,1350000.0,39.398443,-123.776944,2600.0,FBS - Fort Bragg South,True,2.0,0.9,1979.0,4.0,Fort Bragg,4.0,True,1.0,"Two,One",0.9,False,2.0,Glendale Unified,95437,0.0,39204.0,519.2307692307693,1.0,46.0,0,650.0,0.06631976328946027,14.115615150414612,13.317924750600472,13.640554068882926,839493.5471099913
True,True,2025-12-16,1250000.0,33.837868,-116.495088,2579.0,332 - Central Palm Springs,True,4.0,0.15,2014.0,3.0,Palm Springs,3.0,True,1.0,One,6534.0,False,2.0,Long Beach Unified,92262,240.0,6534.0,484.6839860411012,1.0,11.0,0,859.6666666666666,0.39470462197734923,14.038654109278484,13.737549016494562,13.912631495295015,1101993.637731586
False,False,2025-12-24,940000.0,33.72202,-117.894205,1523.0,69 - Santa Ana South of First,True,2.0,0.1651,1964.0,2.0,Santa Ana,3.0,True,1.0,One,7192.0,False,2.0,Santa Ana Unified,92704,0.0,7192.0,617.2028890347997,1.5,61.0,0,507.6666666666667,0.2117630700778643,13.753635154246187,13.737549016494562,13.689774078443417,881847.2009639578
False,False,2025-12-08,1340000.0,37.33683658,-121.9301619,1086.0,699 - Not Defined,False,1.0,0.1061,1930.0,2.0,San Jose,2.0,True,2.0,Two,4620.0,False,1.0,San Jose Unified,95126,235.0,4620.0,1233.8858195211787,1.0,95.0,0,543.0,0.23506493506493506,14.108180171927094,14.17318500223609,13.944908318839731,1138142.7427965426
False,False,2025-12-11,710000.0,34.118078999999994,-118.184415,1008.0,632 - Highland Park,True,0.0,0.1448,1899.0,1.0,Los Angeles,2.0,False,1.0,One,6309.0,False,3.0,Other,90042,0.0,6309.0,704.3650793650794,2.0,126.0,0,504.0,0.15977175463623394,13.473020249017498,14.018451401960965,13.663438227064155,858926.1515925416
True,True,2025-12-11,1275000.0,33.681365,-116.279369,2577.0,313 - La Quinta South of HWY 111,True,3.0,0.17,2000.0,4.0,La Quinta,3.0,True,1.0,One,7405.0,False,3.0,Kern Union,92253,530.0,7405.0,494.76135040745055,0.75,25.0,0,859.0,0.34800810263335585,14.058456736574664,13.545013310266594,13.92264124857809,1113079.7140450734
False,False,2025-12-01,3050000.0,37.48183225,-122.244447,2180.0,699 - Not Defined,False,0.0,0.1492,1926.0,3.0,Redwood City,4.0,True,1.0,Two,6500.0,False,0.0,Other,94062,219.0,6500.0,1399.0825688073394,1.3333333333333333,99.0,0,545.0,0.3353846153846154,14.930652148583594,14.793836680757881,14.738962343680397,2517966.888754315
False,False,2025-12-22,803000.0,33.857039,-117.59902,2405.0,248 - Corona,True,3.0,0.19,1986.0,3.0,Corona,4.0,True,2.0,Two,8276.0,False,3.0,Corona-Norco Unified,92882,0.0,8276.0,333.8877338877339,1.3333333333333333,39.0,0,601.25,0.2905993233446109,13.596109992928898,13.623138665316818,13.707091344839098,897251.3780238475
False,True,2025-12-23,900000.0,33.816489000000004,-117.984887,1418.0,79 - Anaheim West of Harbor,True,2.0,0.1656,1959.0,2.0,Anaheim,4.0,True,1.0,One,7215.0,False,2.0,Anaheim Union High,92804,0.0,7215.0,634.6967559943582,2.0,66.0,0,354.5,0.19653499653499654,13.710150042306449,13.766841941519797,13.689021015886269,881183.3648422214
True,False,2025-12-03,1046000.0,32.719788,-116.964485,2577.0,91978 - Spring Valley,True,2.0,0.1149,2003.0,3.0,Spring Valley,4.0,True,2.0,Two,5007.0,False,2.0,La Mesa-Spring Valley,91978,240.0,5007.0,405.8983313930928,1.3333333333333333,22.0,0,644.25,0.5146794487717196,13.860483923607005,13.693279081298371,13.843531108592753,1028416.8188162268
True,False,2025-12-04,570000.0,33.710826000000004,-117.175951,1982.0,SRCAR - Southwest Riverside County,True,3.0,0.2,2003.0,2.0,Menifee,4.0,True,1.0,One,8712.0,False,3.0,Menifee Union,92585,0.0,8712.0,287.5882946518668,2.0,22.0,0,495.5,0.22750229568411387,13.253391639810733,13.304684934198283,13.338793217870467,620817.9848485041
False,False,2025-12-02,1335000.0,37.54338928,-122.50464657,1560.0,699 - Not Defined,True,2.0,0.1435,1973.0,2.0,Montara,3.0,True,2.0,One,6250.0,False,2.0,Other,94037,171.0,6250.0,855.7692307692307,1.5,52.0,0,520.0,0.2496,14.104441849816487,14.163924507164033,14.069825072591009,1289577.3314253886
True,False,2025-12-29,406000.0,39.727046,-121.784046,1569.0,614 - Covina,True,2.0,0.03,2007.0,2.0,Chico,2.0,False,2.0,ThreeOrMore,1307.0,False,2.0,Chico Unified,95928,0.0,1307.0,258.76354365838114,1.0,18.0,0,784.5,1.200459066564652,12.91410843858387,13.078384738024758,12.90660259073452,402964.0337767173
True,True,2025-12-31,1180000.0,34.164501,-118.594804,1490.0,WHLL - Woodland Hills,False,2.0,0.1506,1955.0,3.0,Woodland Hills,4.0,True,1.0,One,6562.0,False,2.0,Los Angeles Unified,91364,0.0,6562.0,791.9463087248322,1.3333333333333333,70.0,0,372.5,0.22706491923194147,13.981024996441848,14.15910026235435,14.02925517798991,1238306.375759009
False,False,2025-12-10,1070000.0,32.830392,-116.991613,2217.0,92071 - Santee,True,3.0,0.162,2018.0,3.0,Santee,4.0,True,2.0,Two,7057.0,False,3.0,Santee,92071,0.0,7057.0,482.6341903473162,1.3333333333333333,7.0,0,554.25,0.3141561570072269,13.883169206438088,13.652403046879991,13.786176182825079,971091.701250481
False,False,2025-12-04,785000.0,32.56616958,-117.09297989,1370.0,92154 - Otay Mesa,True,2.0,0.1331,1973.0,2.0,San Diego,4.0,False,1.0,One,5800.0,False,2.0,Other,92154,0.0,5800.0,572.992700729927,2.0,52.0,0,342.5,0.23620689655172414,13.573438996764546,13.579788224443204,13.526115924569488,748716.6784895452
True,False,2025-12-03,535000.0,33.814245,-116.472025,2337.0,336 - Cathedral City South,True,3.0,0.32,2012.0,3.0,Cathedral City,4.0,True,1.0,Two,13939.0,False,3.0,Bonsall Unified,92234,0.0,13939.0,228.92597347026103,1.3333333333333333,13.0,0,584.25,0.1676590860176483,13.190022025878143,13.224919965729422,13.426982552148191,678054.2321518529
True,False,2025-12-05,510000.0,38.273729,-122.039984,1391.0,699 - Not Defined,True,2.0,0.16,1966.0,2.0,Fairfield,3.0,False,1.0,One,6970.0,False,2.0,Other,94533,0.0,6970.0,366.6427030913012,1.5,59.0,0,463.6666666666667,0.19956958393113342,13.142166004700508,13.127239523125667,13.08550557072454,481906.58670053154
True,True,2025-12-08,450000.0,33.811791,-116.502051,1464.0,334 - South End Palm Springs,False,2.0,0.15,1946.0,2.0,Palm Springs,3.0,True,1.0,One,6534.0,False,0.0,West Covina,92264,0.0,6534.0,307.37704918032784,1.5,79.0,0,488.0,0.22405876951331496,13.017002861746503,14.077874822431765,13.986800732762045,1186835.0886917976
True,False,2025-12-15,2385000.0,34.06264,-118.423472,2751.0,C05 - Westwood - Century City,False,2.0,0.1725,1948.0,3.0,Los Angeles,4.0,True,2.0,MultiSplit,7515.0,False,2.0,Morongo Unified,90024,450.0,7515.0,866.9574700109051,1.3333333333333333,77.0,0,687.75,0.3660678642714571,14.684709682304579,14.982491872307424,15.080124446518568,3541724.971522144
False,True,2025-12-01,998000.0,33.09645367,-116.65386888,2866.0,92070 - Santa Ysabel,True,7.0,2.5,1982.0,3.0,Santa Ysabel,3.0,False,2.0,Two,2.5,False,2.0,Long Beach Unified,92070,22.0,108900.0,348.2205163991626,1.0,43.0,0,955.3333333333334,0.026317722681359044,13.813508555293602,13.693342923990066,13.97043032668298,1167564.2821688328
True,False,2025-12-12,512000.0,34.499396999999995,-117.274234,3104.0,VIC - Victorville,True,4.0,0.1974,1985.0,3.0,Victorville,6.0,True,2.0,Two,8599.0,False,4.0,Victor Valley Unified,92395,86.0,8599.0,164.94845360824743,2.0,40.0,0,517.3333333333334,0.3609722060704733,13.146079904021645,12.947950462906661,13.218453396820614,550429.079071261
False,True,2025-12-02,770000.0,34.09084,-117.969982,1462.0,608 - Baldwin Pk/Irwindale,True,2.0,0.1693,1951.0,2.0,Baldwin Park,3.0,False,1.0,One,7373.0,False,2.0,Baldwin Park Unified,91706,0.0,7373.0,526.6757865937072,1.5,74.0,0,487.3333333333333,0.19829106198291063,13.554145793829866,13.527828485512494,13.529066120263023,750928.8007023534
False,False,2025-12-05,588000.0,33.707737,-117.30985,2710.0,SRCAR - Southwest Riverside County,True,7.0,0.18,2008.0,3.0,Lake Elsinore,4.0,True,2.0,Two,7841.0,False,3.0,Lake Elsinore Unified,92532,130.8,7841.0,216.9741697416974,1.3333333333333333,17.0,0,677.5,0.34561918122688434,13.284482226880764,13.353475098367715,13.389433987856908,653066.3348467923
True,False,2025-12-31,1595000.0,33.635891,-117.561347,2683.0,DC - Dove Canyon,True,3.0,0.1377,1994.0,3.0,Rancho Santa Margarita,4.0,True,2.0,Two,6000.0,False,3.0,Saddleback Valley Unified,92679,320.0,6000.0,594.4837868058144,1.3333333333333333,31.0,0,670.75,0.44716666666666666,14.282384294201082,14.357834848789636,14.350145995840819,1706825.8847482055
True,False,2025-12-19,4750000.0,32.964756,-117.264027,3179.0,92014 - Del Mar,True,2.0,0.2433,1991.0,4.0,Del Mar,3.0,True,2.0,Two,10600.0,False,2.0,San Dieguito Union,92014,0.0,10600.0,1494.1805599245045,0.75,34.0,0,1059.6666666666667,0.2999056603773585,15.373655176010823,14.859308410932126,15.184263759541267,3930447.1639222945
True,False,2025-12-18,720000.0,34.132424,-117.564829,1717.0,688 - Rancho Cucamonga,True,2.0,0.0996,1988.0,3.0,Rancho Cucamonga,4.0,True,2.0,Two,4340.0,False,2.0,Chaffey Joint Union High,91701,0.0,4340.0,419.33605125218406,1.3333333333333333,37.0,0,429.25,0.3956221198156682,13.487006490992238,13.654166717138976,13.622782533767976,824706.2437832387
False,False,2025-12-16,447000.0,34.492823,-117.315888,2239.0,VIC - Victorville,True,2.0,0.1833,2007.0,3.0,Victorville,4.0,False,1.0,One,7986.0,False,2.0,Victor Valley Unified,92395,0.0,7986.0,199.64269763287183,1.3333333333333333,18.0,0,559.75,0.2803656398697721,13.010313873595706,12.947950462906661,13.06884503725516,473944.27821343293
True,False,2025-12-04,795000.0,33.883067,-118.24428799999998,1271.0,"RP - Compton S of Rosecrans, E of Central,W of Ala",False,5.0,0.1421,1954.0,2.0,Compton,4.0,True,1.0,One,6192.0,False,2.0,Compton Unified,90220,0.0,6192.0,625.4917387883556,2.0,71.0,0,317.75,0.20526485788113696,13.58609739363647,13.386264921190707,13.329485121292587,615066.1618785198
False,False,2025-12-01,1475000.0,33.684614,-117.663574,1919.0,FH - Foothill Ranch,True,3.0,0.1515,1991.0,3.0,Lake Forest,3.0,True,2.0,Two,6600.0,False,3.0,Saddleback Valley Unified,92610,110.0,6600.0,768.6294945284002,1.0,34.0,0,639.6666666666666,0.29075757575757577,14.204168547756057,14.20077295875492,14.11311465263133,1346628.5449072272
True,False,2025-12-11,2200000.0,37.83861433,-122.1357034,2910.0,682 - Chino Hills,True,2.0,0.2548,2000.0,4.0,Moraga,4.0,True,1.0,One,11100.0,False,2.0,Moraga,94556,300.0,11100.0,756.0137457044674,1.0,25.0,0,727.5,0.26216216216216215,14.603967918328545,14.389310980891652,14.622337786442317,2240787.190535415
True,False,2025-12-09,1790000.0,34.10412,-117.722241,2500.0,683 - Claremont,False,2.0,0.1836,1927.0,2.0,Claremont,5.0,True,2.0,Two,7997.0,False,2.0,Claremont Unified,91711,0.0,7997.0,716.0,2.5,98.0,0,500.0,0.31261723146179815,14.397726177816939,13.9108207377686,13.951561253760422,1145739.9763228528
False,False,2025-12-02,430000.0,37.333089,-120.579971,1348.0,APPV - Apple Valley,True,2.0,0.3489,1970.0,2.0,Atwater,3.0,True,1.0,One,15200.0,False,2.0,Merced Union,95301,0.0,15200.0,318.99109792284867,1.5,55.0,0,449.3333333333333,0.0886842105263158,12.971540487669746,13.038981768465277,12.959368706492397,424797.8579864594
False,False,2025-12-11,550000.0,34.57363,-118.039494,1670.0,PLM - Palmdale,True,2.0,0.1503,1990.0,3.0,Palmdale,4.0,True,2.0,Two,6548.0,False,2.0,Antelope Valley Union,93552,0.0,6548.0,329.34131736526945,1.3333333333333333,35.0,0,417.5,0.2550397067806964,13.217673557208654,13.122363377404328,13.103650681114143,490730.64960620034
True,False,2025-12-30,510000.0,33.751996000000005,-117.05746,2071.0,SRCAR - Southwest Riverside County,True,2.0,0.12,2004.0,2.0,Hemet,2.0,True,1.0,One,5227.0,False,2.0,Hemet Unified,92545,184.0,5227.0,246.25784645098983,1.0,21.0,0,1035.5,0.39621197627702315,13.142166004700508,12.990536830078119,12.935189736131417,414649.8616114426
True,False,2025-12-08,850000.0,33.867348,-117.615273,1893.0,248 - Corona,True,2.0,0.11,1989.0,3.0,Corona,3.0,True,2.0,Two,4792.0,False,2.0,Corona-Norco Unified,92882,0.0,4792.0,449.0227152667723,1.0,36.0,0,631.0,0.39503338898163604,13.652991628466498,13.623138665316818,13.57092634746476,783030.0462375651
True,False,2025-12-24,840000.0,33.905186,-118.11203799999998,1781.0,RF - Bellflower South of 91 Frwy,True,2.0,0.1247,1952.0,2.0,Bellflower,4.0,True,1.0,One,5430.0,False,2.0,Bellflower Unified,90706,0.0,5430.0,471.6451431779899,2.0,73.0,0,445.25,0.3279926335174954,13.641157170819497,13.586096602527896,13.605473622277392,810554.3070371975
False,False,2025-12-19,1450000.0,34.306541,-118.755306,4396.0,SVC - Central Simi,True,3.0,0.17,2007.0,5.0,Simi Valley,5.0,True,2.0,Two,7405.0,False,3.0,Moreno Valley Unified,93065,260.0,7405.0,329.84531392174705,1.0,18.0,0,879.2,0.5936529372045914,14.187074114396758,13.676248490630767,14.091444379158302,1317760.6533149916
True,False,2025-12-29,665000.0,34.043567,-117.235983,1944.0,267 - Loma Linda,True,6.0,0.2282,1980.0,3.0,Loma Linda,4.0,True,2.0,Two,9940.0,False,3.0,Redlands Unified,92354,0.0,9940.0,342.0781893004115,1.3333333333333333,45.0,0,486.0,0.19557344064386317,13.407542319637992,13.422467969854667,13.441208842640123,687769.3699628733
True,False,2025-12-05,1400000.0,35.545902000000005,-121.089948,2322.0,CAMB - Cambria,True,2.0,0.1205,1997.0,3.0,Cambria,3.0,True,1.0,MultiSplit,5250.0,False,2.0,Coast Unified,93428,0.0,5250.0,602.9285099052541,1.0,28.0,0,774.0,0.4422857142857143,14.151982794585487,13.716772655681458,13.86300556502422,1048640.9653067368
True,False,2025-12-22,725000.0,33.981381,-117.587582,2121.0,686 - Ontario,True,2.0,0.089,2016.0,3.0,Ontario,3.0,False,2.0,Two,3877.0,False,2.0,Ontario-Montclair,91762,154.0,3877.0,341.8198962753418,1.0,9.0,0,707.0,0.5470724787206603,13.493926933836812,13.530491602931978,13.532420195049752,753451.7006918603
False,False,2025-12-12,800000.0,33.0194507,-117.06877013,1618.0,92128 - Rancho Bernardo,False,3.0,0.1997,1964.0,2.0,San Diego,3.0,False,1.0,One,8700.0,False,1.0,Apple Valley Unified,92128,560.0,8700.0,494.4375772558715,1.5,61.0,0,539.3333333333334,0.1859770114942529,13.592367006650065,13.983960916083914,13.921521672180441,1111834.2336038754
False,False,2025-12-10,420000.0,33.937648,-116.86893899999998,1421.0,263 - Banning/Beaumont/Cherry Valley,True,2.0,0.15,1992.0,2.0,Banning,3.0,False,1.0,One,6534.0,False,2.0,Beaumont,92220,0.0,6534.0,295.5665024630542,1.5,33.0,0,473.6666666666667,0.21747780838689929,12.948009990259552,12.994530005894443,12.926475096856638,411052.03728244593
False,False,2025-12-15,468599.0,33.942926,-116.932925,1741.0,263 - Banning/Beaumont/Cherry Valley,True,2.0,0.1265,2025.0,3.0,Banning,3.0,False,2.0,Two,5512.0,True,2.0,Beaumont,92220,202.0,5512.0,269.1550832854681,1.0,0.0,0,580.3333333333334,0.31585631349782295,13.057502671037337,12.994530005894443,13.074803682682964,476776.77466009214
False,False,2025-12-17,506288.0,33.944292,-116.930061,2282.0,263 - Banning/Beaumont/Cherry Valley,True,2.0,0.1033,2025.0,3.0,Banning,4.0,False,2.0,Two,4500.0,True,2.0,Beaumont,92220,220.0,4500.0,221.8615249780894,1.3333333333333333,0.0,0,570.5,0.5071111111111111,13.13486095631429,12.994530005894443,13.126145970489011,501894.8780593356
False,False,2025-12-11,735000.0,34.102647999999995,-117.878058,1010.0,614 - Covina,True,2.0,0.1945,1960.0,2.0,Covina,3.0,False,1.0,One,8473.0,False,2.0,Covina Valley Unified,91722,0.0,8473.0,727.7227722772277,1.5,65.0,0,336.6666666666667,0.11920217160391833,13.507625778194974,13.592367006650065,13.474168727686557,710815.8882804951
False,True,2025-12-20,830000.0,33.941169,-117.561437,1826.0,250 - Norco,False,8.0,0.24,1962.0,2.0,Norco,4.0,True,1.0,One,10454.0,False,2.0,Corona-Norco Unified,92860,0.0,10454.0,454.54545454545456,2.0,63.0,0,456.5,0.17466998278171034,13.62918097977278,13.753635154246187,13.759270135525787,945311.8343909457
True,False,2025-12-19,415000.0,34.117551,-116.468108,1494.0,DC541 - Country Club,True,2.0,0.5016,2004.0,2.0,Yucca Valley,3.0,True,1.0,One,21850.0,False,2.0,Yucca Valley,92284,0.0,21850.0,277.77777777777777,1.5,21.0,0,498.0,0.06837528604118993,12.936033799212835,12.86876061860541,12.852686073102877,381812.93668331206
False,False,2025-12-16,490000.0,34.517197,-117.35822,2792.0,VIC - Victorville,True,6.0,0.1607,2000.0,3.0,Victorville,4.0,False,2.0,Two,7000.0,False,3.0,Victor Valley Union High,92394,0.0,7000.0,175.50143266475644,1.3333333333333333,25.0,0,698.0,0.39885714285714285,13.102160670086809,12.948009990259552,13.176868692072441,528009.0443922366
True,False,2025-12-04,699000.0,37.74362913,-121.46616158,1450.0,322 - North Palm Desert,False,0.0,1.03,1968.0,2.0,Tracy,4.0,True,1.0,One,44866.0,False,0.0,Torrance Unified,95377,0.0,44866.0,482.0689655172414,2.0,57.0,0,362.5,0.032318459412472696,13.457406021215947,13.569648381962956,13.579756852541134,789975.2165861182
True,False,2025-12-17,1075000.0,33.179501,-117.213339,2150.0,92084 - Vista,True,18.0,0.61,1965.0,3.0,Vista,4.0,True,1.0,One,0.61,False,3.0,Vista Unified,92084,0.0,26571.6,500.0,1.3333333333333333,60.0,0,537.5,0.08091345647232384,13.8878312195439,13.773646353865574,13.899439559815393,1087551.6769118572
False,False,2025-12-02,1400000.0,37.0070113,-121.62050812,2579.0,699 - Not Defined,True,2.0,0.1604,2012.0,3.0,Gilroy,4.0,True,2.0,Two,6988.0,False,2.0,Gilroy Unified,95020,195.0,6988.0,542.8460643660334,1.3333333333333333,13.0,0,644.75,0.36906124785346306,14.151982794585487,13.965653216393994,14.081224142044306,1304361.4153060399
True,False,2025-12-10,785000.0,35.71868,-120.867258,2195.0,PRNW - PR North 46-West 101,True,2.0,0.2686,2001.0,2.0,Paso Robles,3.0,True,1.0,One,11700.0,False,2.0,Paso Robles Joint Unified,93446,185.0,11700.0,357.63097949886105,1.5,24.0,0,731.6666666666666,0.1876068376068376,13.573438996764546,13.591116224748411,13.630313793668556,830940.7682905848
True,True,2025-12-19,460000.0,33.9475,-116.463579,1759.0,340 - Desert Hot Springs,True,2.0,0.22,2004.0,2.0,Desert Hot Springs,4.0,True,1.0,One,9583.0,False,2.0,Desert Center Unified,92240,0.0,9583.0,261.5122228538943,2.0,21.0,0,439.75,0.1835542105812376,13.038981768465277,12.911642346088676,12.966187391761286,427704.3187423509
True,False,2025-12-05,1450000.0,37.84570311,-122.25985101,2167.0,RES - Reseda,False,1.0,0.0689,1906.0,2.0,Oakland,4.0,False,2.0,Two,3000.0,False,0.0,West Contra Costa,94609,660.0,3000.0,669.1278264882326,2.0,119.0,0,541.75,0.7223333333333334,14.187074114396758,14.050582680143757,14.099055654933945,1327828.7600169745
True,True,2025-12-04,4300000.0,32.98402032,-117.22423792,3965.0,92067 - Rancho Santa Fe,False,5.0,1.01,1987.0,4.0,Rancho Santa Fe,3.0,True,2.0,Two,43995.0,False,2.0,Tracy Joint Unified,92067,202.0,43995.0,1084.4892812105927,0.75,38.0,0,1321.6666666666667,0.09012387771337652,15.27412558066379,15.37889082594447,15.215286071137403,4054289.730043696
False,False,2025-12-23,658990.0,33.699836,-117.125251,2259.0,SRCAR - Southwest Riverside County,True,4.0,0.1378,2025.0,3.0,Winchester,4.0,False,2.0,Two,6002.0,True,2.0,Perris Union High,92596,0.0,6002.0,291.71757414785304,1.3333333333333333,0.0,0,564.75,0.37637454181939356,13.398463638862681,13.337474757021274,13.358600755621856,633237.4540219941
True,True,2025-12-03,650000.0,33.267739,-116.39840900000002,1497.0,92004 - Borrego Springs,True,2.0,2.2,1991.0,2.0,Borrego Springs,2.0,True,1.0,One,2.2,False,2.0,Borrego Springs Unified,92004,0.0,95832.0,434.2017368069472,1.0,34.0,0,748.5,0.015621086902078637,13.38472764187182,12.821258284620408,12.774607065215758,353135.482435642
True,False,2025-12-31,367000.0,34.212339,-117.124032,2074.0,288 - Running Springs,True,1.0,0.1669,1965.0,2.0,Running Springs,4.0,True,2.0,Two,7270.0,False,1.0,Rim of the World,92382,0.0,7270.0,176.95274831243972,2.0,60.0,0,518.5,0.28528198074277855,12.813117127036707,12.793859310432293,12.902982129163345,401507.75576785614
True,False,2025-12-05,440000.0,33.897027,-117.239126,854.0,259 - Moreno Valley,True,2.0,0.11,1984.0,1.0,Moreno Valley,2.0,False,1.0,One,4792.0,False,2.0,Moreno Valley Unified,92551,0.0,4792.0,515.2224824355972,2.0,41.0,0,427.0,0.1782136894824708,12.994530005894443,13.180632285528304,12.833000669951081,374370.2911780131
True,False,2025-12-23,538000.0,33.910294,-116.956011,2076.0,263 - Banning/Beaumont/Cherry Valley,True,2.0,0.12,2009.0,2.0,Beaumont,2.0,True,1.0,One,5227.0,False,2.0,Beaumont,92223,268.0,5227.0,259.1522157996146,1.0,16.0,0,1038.0,0.3971685479242395,13.195613839143922,13.197470849891134,13.052665048237701,466337.5691786414
True,False,2025-12-15,1380000.0,34.079693,-117.821621,2613.0,689 - San Dimas,True,3.0,0.2777,1986.0,4.0,San Dimas,4.0,True,2.0,Two,12095.0,False,3.0,Bonita Unified,91773,325.0,12095.0,528.1285878300804,1.0,39.0,0,653.25,0.21603968582058702,14.137594057133388,13.785051350479566,14.034567784271882,1244902.5158234478
True,True,2025-12-29,720000.0,34.138874,-117.20533,2531.0,276 - Highland,True,2.0,0.3292,1966.0,3.0,Highland,5.0,True,2.0,Two,14340.0,False,2.0,San Bernardino City Unified,92346,0.0,14340.0,284.47254049782697,1.6666666666666667,59.0,0,506.2,0.17649930264993027,13.487006490992238,13.28681753563043,13.460458116381634,701136.673527644
False,False,2025-12-18,1150000.0,32.92750029,-117.14547549,1568.0,92126 - Mira Mesa,True,4.0,0.1171,1972.0,2.0,San Diego,3.0,True,1.0,One,5100.0,False,2.0,West Contra Costa,92126,0.0,5100.0,733.4183673469388,1.5,53.0,0,522.6666666666666,0.30745098039215685,13.955272500339433,13.885500212990994,13.838898721056418,1023663.8109493558
True,False,2025-12-23,960000.0,33.169841,-117.136936,2090.0,92026 - Escondido,True,4.0,0.17,1996.0,3.0,Escondido,4.0,True,1.0,One,0.17,False,2.0,Escondido Union,92026,250.0,7405.2,459.3301435406698,1.3333333333333333,29.0,0,522.5,0.28223410576351754,13.77468856344402,13.709594177880103,13.759670988875229,945690.8417641408
True,True,2025-12-03,2500000.0,33.15306728,-117.32178814,3472.0,92008 - Carlsbad,True,6.0,0.4339,1980.0,4.0,Carlsbad,6.0,True,1.0,One,18900.0,False,0.0,Hesperia Unified,92008,185.0,18900.0,720.0460829493088,1.5,45.0,0,578.6666666666666,0.1837037037037037,14.73180128983843,14.403297222866392,14.695467122795744,2410794.9908563383
False,True,2025-12-04,1049000.0,37.634749,-122.4689935,1160.0,699 - Not Defined,True,1.0,0.1263,1958.0,2.0,San Bruno,4.0,True,2.0,One,5500.0,False,1.0,Other,94066,0.0,5500.0,904.3103448275862,2.0,67.0,0,290.0,0.2109090909090909,13.863347887378435,14.144814305106875,13.908036769066545,1096941.8932396444
False,False,2025-12-04,925000.0,33.89805,-118.123922,1712.0,"RG - Bellflower North of 91 Frwy, S of Alondra",True,2.0,0.209,1954.0,2.0,Bellflower,3.0,True,1.0,One,9102.0,False,2.0,Bellflower Unified,90706,0.0,9102.0,540.303738317757,1.5,71.0,0,570.6666666666666,0.18809052955394417,13.737549016494562,13.586096602527896,13.587915685383608,796446.8569443651
True,True,2025-12-08,1095000.0,33.626543,-117.612308,2026.0,92024 - Encinitas,True,2.0,0.104,1998.0,3.0,Rancho Santa Margarita,3.0,True,2.0,Two,4531.0,False,2.0,Hemet Unified,92688,166.0,4531.0,540.4738400789734,1.0,27.0,0,675.3333333333334,0.4471419112778636,13.906264921232738,14.041051233878205,13.986826041751964,1186865.1266692064
True,False,2025-12-12,720000.0,37.92430932,-121.70078517,2087.0,699 - Not Defined,True,2.0,0.1795,1986.0,3.0,Brentwood,4.0,True,2.0,Two,7820.0,False,2.0,Escondido Union,94513,0.0,7820.0,344.99281264973644,1.3333333333333333,39.0,0,521.75,0.26687979539641943,13.487006490992238,13.591116224748411,13.604014584510663,809372.5400222432
False,False,2025-12-08,1048400.0,33.682613,-117.657265,1517.0,FH - Foothill Ranch,True,2.0,0.0742,1990.0,3.0,Lake Forest,3.0,True,2.0,Two,3233.0,False,2.0,Saddleback Valley Unified,92610,110.0,3233.0,691.1008569545155,1.0,35.0,0,505.6666666666667,0.4692236313021961,13.862775750431389,14.20077295875492,13.997741213669556,1199890.9236512475
True,False,2025-12-24,1250000.0,34.002068,-116.975482,4240.0,269 - Yucaipa/Calimesa/Oak Glen,True,3.0,4.7,2005.0,5.0,Yucaipa,5.0,True,2.0,Two,4.7,False,3.0,Yucaipa/Calimesa Unified,92399,175.0,204732.0,294.811320754717,1.0,20.0,0,848.0,0.0207100013676416,14.038654109278484,13.274219822166483,13.965377309525806,1161679.4404434913
False,False,2025-12-01,2100000.0,32.86701808,-117.24022209,2168.0,92037 - La Jolla,True,4.0,0.186,1961.0,2.0,La Jolla,4.0,True,1.0,One,8100.0,False,2.0,Rialto Unified,92037,0.0,8100.0,968.6346863468634,2.0,64.0,0,542.0,0.26765432098765435,14.557447902693651,15.084846812896313,14.904084912833413,2970036.8343303674
True,True,2025-12-16,2242500.0,33.147517,-117.315892,3371.0,92008 - Carlsbad,True,2.0,0.2296,1977.0,5.0,Carlsbad,4.0,True,1.0,MultiSplit,10000.0,False,2.0,Carlsbad Unified,92008,0.0,10000.0,665.2328685849897,0.8,48.0,0,842.75,0.3371,14.623101872915088,14.403297222866392,14.753722980260651,2555409.3403140176
True,False,2025-12-12,3225000.0,34.073284,-118.503996,3516.0,C06 - Brentwood,True,2.0,0.4679999999999999,1966.0,4.0,Los Angeles,4.0,True,2.0,Two,20387.0,False,2.0,Chawanakee Unified,90049,0.0,20387.0,917.235494880546,1.0,59.0,0,879.0,0.17246284396919606,14.98644350821201,15.137266397946593,15.294645414741877,4389146.797262724
False,False,2025-12-06,865000.0,33.718788,-117.86181100000002,1146.0,69 - Santa Ana South of First,False,2.0,0.1289,1940.0,2.0,Santa Ana,3.0,False,1.0,One,5616.0,False,2.0,Santa Ana Unified,92707,0.0,5616.0,754.7993019197207,1.5,85.0,0,382.0,0.20405982905982906,13.670484785914017,13.695600261291716,13.646724491186196,844689.5912235543
False,False,2025-12-24,615000.0,38.0340385,-121.8916595,2017.0,C29 - Westchester,True,2.0,0.0558,2014.0,3.0,Pittsburg,4.0,True,2.0,Two,2429.0,False,2.0,Pomona Unified,94565,135.0,2429.0,304.9082796232028,1.3333333333333333,11.0,0,504.25,0.8303828736105393,13.329377546788654,13.270783382522602,13.286472899581224,589171.6813780107
False,False,2025-12-16,765000.0,33.93034,-118.088077,1462.0,M2 - Santa Fe Springs,True,2.0,0.2074,1954.0,2.0,Santa Fe Springs,3.0,False,1.0,One,9034.0,False,2.0,Whittier Union High,90670,0.0,9034.0,523.2558139534884,1.5,71.0,0,487.3333333333333,0.16183307504981181,13.547631112808673,13.591116224748411,13.551450063773798,767927.0831243068
True,False,2025-12-12,1225000.0,33.202919,-117.209616,2984.0,92084 - Vista,True,8.0,0.92,1979.0,5.0,Vista,5.0,True,2.0,Two,0.92,False,2.0,Vista Unified,92084,0.0,40075.2,410.52278820375335,1.0,46.0,0,596.8,0.07446001517147763,14.018451401960965,13.773646353865574,14.19240077840191,1457744.2700588568
True,False,2025-12-22,800000.0,34.131890000000006,-117.61426000000002,1417.0,688 - Rancho Cucamonga,True,2.0,0.1653,1977.0,2.0,Rancho Cucamonga,3.0,True,1.0,One,7200.0,False,2.0,Alta Loma,91701,0.0,7200.0,564.5730416372618,1.5,48.0,0,472.3333333333333,0.19680555555555557,13.592367006650065,13.654166717138976,13.568211897413006,780907.4324559029
False,False,2025-12-02,1425000.0,33.82189,-118.359193,1907.0,129 - South Torrance,True,2.0,0.1189,1953.0,3.0,Torrance,3.0,True,1.0,One,5179.0,False,2.0,Torrance Unified,90505,0.0,5179.0,747.2469847928684,1.0,72.0,0,635.6666666666666,0.3682178026646071,14.169682371684887,14.214722054279537,14.267485808433394,1571413.0563604047
False,False,2025-12-16,985000.0,34.371241,-118.539015,2496.0,NEW1 - Newhall 1,True,2.0,0.2061,1973.0,3.0,Newhall,5.0,True,1.0,One,8977.0,False,2.0,William S. Hart Union,91321,0.0,8977.0,394.6314102564103,1.6666666666666667,52.0,0,499.2,0.27804388994096024,13.800396920154226,13.723939611375346,13.903388629194783,1091854.9853769387
True,False,2025-12-08,1175000.0,33.530949,-117.13555,2875.0,SRCAR - Southwest Riverside County,True,2.0,0.53,1987.0,4.0,Temecula,4.0,True,2.0,Two,0.53,False,2.0,Temecula Unified,92591,118.0,23086.8,408.69565217391306,1.0,38.0,0,718.75,0.12453003447857651,13.976778705560397,13.514405465180353,13.921113673841065,1111380.6996097525
True,False,2025-12-01,539000.0,33.697146999999994,-117.185294,2085.0,SRCAR - Southwest Riverside County,True,2.0,0.2,2001.0,3.0,Menifee,2.0,True,1.0,One,8712.0,False,2.0,Menifee Union,92584,330.0,8712.0,258.51318944844127,0.6666666666666666,24.0,0,1042.5,0.2393250688705234,13.197470849891134,13.353475098367715,13.22838608602734,555923.5623685278
True,True,2025-12-15,1444000.0,32.762721,-116.995009,3348.0,91941 - La Mesa,True,7.0,0.4092,1963.0,3.0,La Mesa,5.0,True,2.0,Two,17823.0,False,2.0,Grossmont Union,91941,0.0,17823.0,431.3022700119474,1.6666666666666667,62.0,0,669.6,0.1878471637771419,14.182927598434908,13.903955641362648,14.291022044716783,1608836.8858248007
True,False,2025-12-23,1274000.0,34.29173,-118.548017,2450.0,PORA - Porter Ranch,True,2.0,0.1791,1966.0,3.0,Porter Ranch,4.0,True,2.0,Two,7800.0,False,2.0,Lompoc Unified,91326,0.0,7800.0,520.0,1.3333333333333333,59.0,0,612.5,0.3141025641025641,14.057672115114245,14.126664986601197,14.191255642759877,1456075.910569517
False,False,2025-12-22,5100052.0,34.025658,-118.50825,2000.0,C14 - Santa Monica,True,2.0,0.244,1971.0,2.0,Santa Monica,2.0,False,1.0,One,10629.0,False,2.0,Other,90402,0.0,10629.0,2550.026,1.0,54.0,0,1000.0,0.1881644557343118,15.444761293721006,15.464169183551656,15.082394893898034,3549775.4072896354
True,False,2025-12-19,905000.0,34.235154,-119.031544,1896.0,VC41 - Camarillo Central,True,2.0,0.15,1964.0,3.0,Camarillo,4.0,True,1.0,"Two,One",6534.0,False,2.0,Apple Valley Unified,93010,0.0,6534.0,477.3206751054853,1.3333333333333333,61.0,0,474.0,0.29017447199265384,13.715690222682063,13.790192749979985,13.811378200197499,995876.1686747689
True,False,2025-12-03,800000.0,34.056328,-118.199666,1200.0,C16 - Mid Los Angeles,True,0.0,0.1565,1997.0,2.0,Los Angeles,3.0,False,2.0,Two,6816.0,False,0.0,Los Angeles Unified,90033,0.0,6816.0,666.6666666666666,1.5,28.0,0,400.0,0.176056338028169,13.592367006650065,13.458835614025542,13.311629234755864,604181.0808735528
True,False,2025-12-09,550000.0,33.934393,-117.215285,2260.0,259 - Moreno Valley,True,3.0,0.17,1990.0,3.0,Moreno Valley,4.0,True,2.0,Two,7405.0,False,3.0,Riverside Unified,92553,0.0,7405.0,243.36283185840708,1.3333333333333333,35.0,0,565.0,0.30519918973666443,13.217673557208654,13.159174447339636,13.235531117316633,559909.8778315369
True,False,2025-12-12,598000.0,37.98792058,-121.80964387,1951.0,658 - So. Pasadena,True,2.0,0.2057,1969.0,2.0,Antioch,3.0,True,1.0,One,8960.0,False,2.0,Other,94509-5528,0.0,8960.0,306.5094823167606,1.5,56.0,0,650.3333333333334,0.2177455357142857,13.301346032932768,13.698976741708323,13.766788190671223,952445.5230234675
False,False,2025-12-05,3650000.0,37.5693494,-122.34724201,2375.0,699 - Not Defined,True,2.0,0.146,1926.0,3.0,San Mateo,4.0,True,1.0,One,6360.0,False,2.0,Other,94402,0.0,6360.0,1536.842105263158,1.3333333333333333,99.0,0,593.75,0.37342767295597484,15.110237725558674,14.777515526790612,14.761937101462674,2576486.2279029414
True,False,2025-12-05,564900.0,33.722526,-117.131261,2207.0,SRCAR - Southwest Riverside County,True,2.0,0.1556,2024.0,3.0,Menifee,4.0,False,2.0,Two,6778.0,False,2.0,Perris Union High,92585,98.0,6778.0,255.95831445401,1.3333333333333333,1.0,0,551.75,0.32561227500737683,13.244404003313354,13.304684934198283,13.372163784561964,641884.5799897548
True,False,2025-12-12,750000.0,33.851406,-117.894601,868.0,78 - Anaheim East of Harbor,True,1.0,0.1385,1954.0,1.0,Anaheim,2.0,False,1.0,One,6032.0,False,1.0,Anaheim Union High,92805,0.0,6032.0,864.0552995391705,2.0,71.0,0,434.0,0.14389920424403183,13.527828485512494,13.670484785914017,13.451174818721137,694657.9316591017
False,False,2025-12-30,1825000.0,34.054859,-118.350378,2012.0,C19 - Beverly Center-Miracle Mile,True,0.0,0.1492,1935.0,4.0,Los Angeles,3.0,True,1.0,One,6499.0,False,2.0,Ontario-Montclair,90019,40.0,6499.0,907.0576540755468,0.75,90.0,0,670.6666666666666,0.3095860901677181,14.417090544998729,14.151982794585487,14.376946383501776,1753187.9660326447
True,False,2025-12-31,690000.0,33.898913,-117.300902,2540.0,252 - Riverside,True,3.0,0.16,1992.0,3.0,Riverside,4.0,True,2.0,Two,6970.0,False,3.0,Riverside Unified,92508,0.0,6970.0,271.65354330708664,1.3333333333333333,33.0,0,635.0,0.36441893830703015,13.444446876573442,13.56126305375042,13.592598274154643,800185.0353991755
True,False,2025-12-03,1091000.0,35.447809,-118.921857,3523.0,BKSF - Bakersfield,True,4.0,3.15,1950.0,6.0,Bakersfield,6.0,True,1.0,One,137214.0,False,4.0,Kern Union,93308,0.0,137214.0,309.6792506386602,1.0,75.0,0,587.1666666666666,0.025675222644919615,13.902605264815207,12.736406735684207,13.276559394920529,583359.780918081
False,False,2025-12-03,1650000.0,32.74506172,-117.1338965,2217.0,92104 - North Park,True,4.0,0.1349,1916.0,3.0,San Diego,3.0,False,2.0,Two,5876.0,False,0.0,Sweetwater Union,92104,0.0,5876.0,744.2489851150203,1.0,109.0,0,739.0,0.3772974812797822,14.316285845876763,13.980515688011007,14.295688199159812,1616361.5090820282
False,False,2025-12-12,880000.0,34.275336,-119.212732,1285.0,645 - Pasadena (NW),True,2.0,0.13,1960.0,2.0,Ventura,3.0,True,1.0,One,5662.0,False,2.0,Los Angeles Unified,93003,0.0,5662.0,684.8249027237354,1.5,65.0,0,428.3333333333333,0.2269516072059343,13.687677186454389,13.825460888817442,13.733644754931193,921395.5988947975
False,False,2025-12-08,6735000.0,34.056767,-118.48229,3848.0,C06 - Brentwood,True,2.0,0.1836,1947.0,5.0,Los Angeles,4.0,True,2.0,Two,7997.0,False,2.0,Torrance Unified,90049,0.0,7997.0,1750.2598752598751,0.8,78.0,0,962.0,0.48118044266599974,15.722828367826601,15.137266397946593,15.387245127958378,4814992.896647673
True,False,2025-12-02,2250000.0,32.7319391,-117.12747889,2560.0,92104 - North Park,True,1.0,0.1128,1946.0,4.0,San Diego,5.0,True,2.0,Two,4914.0,False,0.0,Other,92104,730.0,4914.0,878.90625,1.25,79.0,0,512.0,0.5209605209605209,14.626440774180603,13.980515688011007,14.282235419105987,1594762.5618980725
False,False,2025-12-10,425000.0,34.026861,-117.10761200000002,748.0,269 - Yucaipa/Calimesa/Oak Glen,True,2.0,0.144,1952.0,1.0,Yucaipa,2.0,False,1.0,One,6272.0,False,2.0,Yucaipa/Calimesa Unified,92399,0.0,6272.0,568.1818181818181,2.0,73.0,0,374.0,0.11926020408163265,12.959844447906553,13.274219822166483,13.006167031584123,445150.19968645833
True,False,2025-12-08,689900.0,33.85807,-117.211487,2802.0,SRCAR - Southwest Riverside County,True,3.0,0.1385,2022.0,3.0,Perris,5.0,False,2.0,Two,6033.0,False,3.0,Val Verde,92571,0.0,6033.0,246.21698786581013,1.6666666666666667,3.0,0,560.4,0.4644455494778717,13.4443019385342,13.214938819306386,13.35969566960923,633931.1742804348
True,False,2025-12-03,380000.0,37.39846,-119.826375,2264.0,MP2 - Mariposa 2,True,9.0,6.5,1982.0,3.0,Mariposa,4.0,True,1.0,"ThreeOrMore,One",6.5,False,2.0,Mariposa County Unified,95338,0.0,283140.0,167.84452296819788,1.3333333333333333,43.0,0,566.0,0.007996044359680723,12.84792653170257,12.89921982609012,13.14952571491792,513767.29831810895
True,False,2025-12-04,300000.0,39.76613,-121.608243,1093.0,699 - Not Defined,True,6.0,0.34,1950.0,1.0,Paradise,2.0,True,1.0,One,0.34,False,1.0,Paradise Unified,95969,0.0,14810.4,274.4739249771272,2.0,75.0,0,546.5,0.07379949224869012,12.611537753638338,12.89921982609012,12.637847904256699,307997.7954365939
True,True,2025-12-16,1100000.0,34.221511,-118.631628,2314.0,WEH - West Hills,True,2.0,0.1807,1969.0,3.0,West Hills,4.0,True,2.0,Two,7872.0,False,2.0,Los Angeles Unified,91304,250.0,7872.0,475.3673292999136,1.3333333333333333,56.0,0,578.5,0.2939532520325203,13.9108207377686,13.846039762999096,13.983564056022848,1182999.897152734
True,False,2025-12-19,1050000.0,34.115775,-118.22413600000002,2775.0,623 - Glassel Park,True,2.0,0.1679,1947.0,4.0,Los Angeles,4.0,True,2.0,Two,7314.0,False,2.0,Call Listing Office,90065,45.0,7314.0,378.3783783783784,1.0,78.0,0,693.75,0.37940935192780967,13.864300722133706,14.050977780915009,14.412655424380723,1816923.8275100891
False,False,2025-12-12,1170000.0,34.160282,-118.248835,1166.0,627 - Rossmoyne & Verdu Woodlands,False,2.0,0.15,1926.0,1.0,Glendale,3.0,True,1.0,One,6535.0,False,2.0,Glendale Unified,91207,0.0,6535.0,1003.4305317324186,3.0,99.0,0,388.6666666666667,0.1784238714613619,13.972514306773938,14.557447902693651,14.194338695543397,1460571.9967327402
True,False,2025-12-10,660000.0,38.64586248,-121.53168858,2567.0,699 - Not Defined,True,2.0,0.1331,2000.0,3.0,Sacramento,5.0,True,2.0,"One,Two",5796.0,False,2.0,Other,95834,120.0,5796.0,257.1094663030775,1.6666666666666667,25.0,0,513.4,0.44289164941338854,13.399995114002609,13.180632285528304,13.272019986723798,580717.6740846328
True,True,2025-12-22,729000.0,34.02302,-117.662979,1846.0,681 - Chino,True,2.0,0.1699,1975.0,2.0,Chino,4.0,True,1.0,"Two,One",7400.0,False,2.0,Yosemite Unified,91710,350.0,7400.0,394.907908992416,2.0,50.0,0,461.5,0.24945945945945946,13.499429010990795,13.567049198665774,13.580625226475147,790661.5084085567
True,False,2025-12-15,1100000.0,33.523625,-117.700728,1502.0,LNSEA - Sea Country,True,2.0,0.0478,1989.0,3.0,Laguna Niguel,3.0,True,2.0,Two,2080.0,False,2.0,Capistrano Unified,92677,395.0,2080.0,732.3568575233022,1.0,36.0,0,500.6666666666667,0.7221153846153846,13.9108207377686,14.349075668699754,14.01258624469085,1217836.2112541557
True,True,2025-12-09,1825000.0,33.49558055,-117.1187572,4640.0,SRCAR - Southwest Riverside County,True,6.0,3.75,1989.0,5.0,Temecula,4.0,True,1.0,One,3.75,False,3.0,Corona-Norco Unified,92592,0.0,163350.0,393.3189655172414,0.8,36.0,0,1160.0,0.028405264768901133,14.417090544998729,13.580420735596498,14.564890349865355,2115687.443133384
True,True,2025-12-10,880000.0,34.252023,-118.434732,1425.0,ARL - Arleta,True,8.0,0.1493,1949.0,2.0,Arleta,4.0,False,1.0,One,6502.0,False,0.0,Los Angeles Unified,91331,0.0,6502.0,617.5438596491229,2.0,76.0,0,356.25,0.21916333435865887,13.687677186454389,13.541073712262515,13.523646318792194,746869.924770223
True,False,2025-12-19,3465000.0,33.673351000000004,-118.010342,3272.0,15 - West Huntington Beach,True,3.0,0.2196,1995.0,4.0,Huntington Beach,5.0,True,2.0,Two,9564.0,False,3.0,Huntington Beach Union High,92648,0.0,9564.0,1058.9853300733496,1.25,30.0,0,654.4,0.34211626934337097,15.05822319060614,14.580978400103845,14.805847804963726,2692142.2361615906
True,False,2025-12-17,1240000.0,34.026504,-118.09292,2562.0,674 - Montebello,True,2.0,0.2217,1969.0,3.0,Montebello,5.0,True,2.0,Two,9659.0,False,2.0,Montebello Unified,90640,0.0,9659.0,483.9968774395004,1.6666666666666667,56.0,0,512.4,0.2652448493632881,14.03062193758122,13.66988634579858,13.893110674514588,1080690.4220396979
False,False,2025-12-10,650000.0,34.146162,-117.437126,2031.0,264 - Fontana,True,2.0,0.1013,1999.0,3.0,Fontana,3.0,True,2.0,Two,4412.0,False,2.0,Fontana Unified,92336,0.0,4412.0,320.03938946331857,1.0,26.0,0,677.0,0.4603354487760653,13.38472764187182,13.487006490992238,13.452060001313145,695273.102996918
False,False,2025-12-10,830000.0,37.707583,-122.18332825,1042.0,CAN1 - Canyon Country 1,True,2.0,0.1148,1951.0,2.0,San Leandro,3.0,False,1.0,One,5000.0,False,2.0,Oakland,94577,0.0,5000.0,796.5451055662188,1.5,74.0,0,347.3333333333333,0.2084,13.62918097977278,13.667799101765917,13.575251058582529,786423.7581063843
True,False,2025-12-03,510000.0,33.931584,-117.206804,1304.0,259 - Moreno Valley,True,2.0,0.11,1986.0,2.0,Moreno Valley,3.0,True,1.0,One,4792.0,False,2.0,Moreno Valley Unified,92555,0.0,4792.0,391.1042944785276,1.5,39.0,0,434.6666666666667,0.27212020033388984,13.142166004700508,13.304684934198283,13.166341266200776,522479.6246631664
False,False,2025-12-01,980000.0,34.137959,-117.996979,1222.0,639 - Monrovia,False,2.0,0.249,1942.0,2.0,Monrovia,2.0,False,2.0,Two,10847.0,False,2.0,Monrovia Unified,91016,0.0,10847.0,801.9639934533551,1.0,83.0,0,611.0,0.11265787775421776,13.795307850646754,13.819990428650009,13.738606660309078,925978.8380681959
True,False,2025-12-22,345000.0,34.57563,-117.442233,1526.0,ADL - Adelanto,True,0.0,0.1707,1995.0,2.0,Adelanto,3.0,True,1.0,One,7437.0,False,0.0,Victor Valley Union High,92301,0.0,7437.0,226.08125819135,1.5,30.0,0,508.6666666666667,0.20519026489175743,12.751299696013497,12.907924856844918,12.869083656354862,388125.3588935244
False,True,2025-12-16,1075000.0,34.234003,-118.99429,1967.0,VC45 - Mission Oaks,True,2.0,0.14,1983.0,3.0,Camarillo,4.0,True,2.0,Two,6098.0,False,2.0,Redlands Unified,93012,0.0,6098.0,546.5175394001017,1.3333333333333333,42.0,0,491.75,0.3225647753361758,13.8878312195439,13.710150042306449,13.733737550764978,921481.104534865
False,True,2025-12-24,1300000.0,32.820167,-116.782966,3111.0,91901 - Alpine,True,14.0,1.51,1993.0,3.0,Alpine,4.0,True,2.0,Two,1.51,False,4.0,Grossmont Union,91901,0.0,65775.6,417.8720668595307,1.3333333333333333,32.0,0,777.75,0.04729717402805903,14.077874822431765,13.764217263576723,14.111942412160486,1345050.897299541
True,False,2025-12-07,364000.0,34.597186,-118.110076,1040.0,PLM - Palmdale,True,2.0,0.1557,1956.0,1.0,Palmdale,3.0,False,1.0,One,6781.0,False,2.0,Palmdale,93550,0.0,6781.0,350.0,3.0,69.0,0,346.6666666666667,0.15336970948237724,12.804909146618877,13.049792684569493,12.797907584505971,361460.3325854058
True,False,2025-12-12,392000.0,38.786195,-122.545005,1611.0,LCHVL - Hidden Valley Lake,True,6.0,0.22,2003.0,2.0,Hidden Valley Lake,3.0,True,1.0,One,9583.0,False,2.0,Middletown Unified,95467,310.0,9583.0,243.32712600869024,1.5,22.0,0,537.0,0.16811019513722217,12.8790171187726,12.818551923022664,12.805314016842,364147.4025986648
True,False,2025-12-01,1100000.0,37.71213574,-121.92284727,1249.0,120 - South Gardena,True,2.0,0.1243,1968.0,2.0,Dublin,3.0,True,1.0,One,5414.0,False,2.0,Dublin,94568,0.0,5414.0,880.7045636509207,1.5,57.0,0,416.3333333333333,0.23069818987809382,13.9108207377686,14.288629462085328,14.019926237661046,1226808.006661263
True,False,2025-12-22,750000.0,33.842775,-117.361317,2546.0,252 - Riverside,True,2.0,2.46,1977.0,2.0,Riverside,3.0,True,1.0,One,107158.0,False,2.0,Riverside Unified,92504,0.0,107158.0,294.5797329143755,1.5,48.0,0,848.6666666666666,0.023759308684372607,13.527828485512494,13.353475098367715,13.605263356813477,810383.8933764816
True,True,2025-12-02,562300.0,34.04694,-117.168075,1399.0,268 - Redlands,True,2.0,0.2893,1968.0,2.0,Redlands,4.0,True,1.0,One,12600.0,False,2.0,Redlands Unified,92374,0.0,12600.0,401.9299499642602,2.0,57.0,0,349.75,0.11103174603174604,13.239790794280292,13.299666780812677,13.235622798127924,559961.2131765836
True,False,2025-12-11,1700000.0,33.643586,-117.878127,1860.0,NV - East Bluff - Harbor View,True,2.0,0.047,1970.0,3.0,Newport Beach,3.0,True,2.0,Two,2048.0,False,2.0,Newport Mesa Unified,92660,397.0,2048.0,913.978494623656,1.0,55.0,0,620.0,0.908203125,14.346138809026444,15.133214468519324,14.590427338570851,2170411.4993392243
True,True,2025-12-08,800000.0,34.02497,-117.633926,1584.0,686 - Ontario,True,4.0,0.1653,1978.0,2.0,Ontario,4.0,True,1.0,One,7200.0,False,2.0,Ontario-Montclair,91761,0.0,7200.0,505.050505050505,2.0,47.0,0,396.0,0.22,13.592367006650065,13.532323657186438,13.477471153962572,713167.185703617
True,False,2025-12-04,1248888.0,33.700809,-117.794738,1420.0,WN - Walnut (Irvine),True,2.0,0.1148,1972.0,2.0,Irvine,3.0,True,1.0,One,5000.0,False,2.0,Irvine Unified,92606,60.0,5000.0,879.4985915492957,1.5,53.0,0,473.3333333333333,0.284,14.037764113349574,14.394928973195876,14.138272530006192,1380936.6102608694
False,True,2025-12-19,950000.0,34.28295,-119.222257,2289.0,670 - Whittier,True,2.0,0.24,1962.0,3.0,Ventura,5.0,True,1.0,One,10454.0,False,2.0,Fullerton Joint Union High,93003,182.0,10454.0,415.0283966797728,1.6666666666666667,63.0,0,457.8,0.21895925004782857,13.764217263576723,13.825460888817442,13.981895025666294,1181027.0812153956
True,False,2025-12-05,257000.0,33.774418,-116.952958,1106.0,SRCAR - Southwest Riverside County,True,1.0,0.0643,1986.0,2.0,San Jacinto,2.0,True,1.0,One,2802.0,False,1.0,San Jacinto Unified,92583,100.0,2802.0,232.36889692585896,1.0,39.0,0,553.0,0.3947180585296217,12.456831363877356,13.064725287181727,12.693183433409155,325521.383701737
True,False,2025-12-10,785000.0,34.121756,-117.546764,1380.0,688 - Rancho Cucamonga,True,2.0,0.0826,1994.0,3.0,Rancho Cucamonga,3.0,True,2.0,Two,3600.0,False,2.0,Chaffey Joint Union High,91701,0.0,3600.0,568.8405797101449,1.0,31.0,0,460.0,0.38333333333333336,13.573438996764546,13.654166717138976,13.496784565033698,727074.7456347944
False,False,2025-12-01,450000.0,34.482585,-117.209875,1592.0,APPV - Apple Valley,True,10.0,0.4163,2004.0,2.0,Apple Valley,3.0,True,1.0,One,18135.0,False,6.0,Apple Valley Unified,92308,0.0,18135.0,282.66331658291455,1.5,21.0,0,530.6666666666666,0.08778604907637166,13.017002861746503,12.936033799212835,12.940375707748936,416805.80953544873
True,True,2025-12-05,945000.0,37.04392449,-122.09098768,2072.0,699 - Not Defined,True,4.0,0.7240000000000001,1970.0,2.0,Felton,3.0,True,1.0,One,31537.0,False,2.0,Other,95018,242.0,31537.0,456.0810810810811,1.5,55.0,0,690.6666666666666,0.06570060563782223,13.758940206475879,13.693342923990066,13.81535927067204,999848.7241511114
False,False,2025-12-17,1450000.0,37.34352834,-121.80269146,2135.0,699 - Not Defined,True,2.0,0.1894,1981.0,3.0,San Jose,5.0,True,2.0,One,8250.0,False,2.0,San Jose Unified,95148,0.0,8250.0,679.1569086651053,1.6666666666666667,44.0,0,427.0,0.2587878787878788,14.187074114396758,14.239034472530271,14.231202091878494,1515418.3416019692
False,False,2025-12-17,615000.0,34.018124,-117.314633,1334.0,252 - Riverside,True,2.0,0.22,1977.0,2.0,Riverside,4.0,True,1.0,One,9583.0,False,2.0,Colton Unified,92507,0.0,9583.0,461.01949025487255,2.0,48.0,0,333.5,0.13920484190754462,13.329377546788654,13.38472764187182,13.311837887173995,604307.1578697436
True,True,2025-12-02,2325000.0,33.961958,-118.429546,2545.0,C31 - Playa Del Rey,True,2.0,0.1126,1985.0,3.0,Playa Del Rey,4.0,True,1.0,MultiSplit,4906.0,False,2.0,Merced Union,90293,170.0,4906.0,913.555992141454,1.3333333333333333,40.0,0,636.25,0.5187525479005299,14.659230597003594,14.51364528003526,14.43703894347032,1861771.3728217152
True,False,2025-12-26,397500.0,34.407693,-117.371737,1900.0,HSP - Hesperia,True,2.0,0.2185,2008.0,2.0,Hesperia,4.0,False,1.0,One,9520.0,False,2.0,Hesperia Unified,92344,0.0,9520.0,209.21052631578948,2.0,17.0,0,475.0,0.19957983193277312,12.892950213076524,13.180613417425775,13.167923073406211,523306.7406947391
False,False,2025-12-15,675000.0,34.392623,-118.475127,1272.0,NEW4 - Newhall 4,False,2.0,0.252,1992.0,2.0,Newhall,3.0,False,1.0,One,10975.0,False,2.0,Sulphur Springs Union,91321,229.0,10975.0,530.6603773584906,1.5,33.0,0,424.0,0.1158997722095672,13.422467969854667,13.723939611375346,13.542158171916254,760824.6363984763
True,False,2025-12-05,900000.0,37.8035414,-122.231078,2428.0,LNLAK - Lake Area,True,1.0,0.0803,1913.0,3.0,Oakland,5.0,True,2.0,Two,3500.0,False,1.0,Capistrano Unified,94610,0.0,3500.0,370.67545304777593,1.6666666666666667,112.0,0,485.6,0.6937142857142857,13.710150042306449,14.297936707208567,14.346132595354586,1699989.4367906586
False,False,2025-12-04,428000.0,36.344784,-119.24600900000002,2432.0,WHLL - Woodland Hills,True,2.0,0.1722,2019.0,4.0,Visalia,5.0,False,2.0,Two,7501.0,False,2.0,Visalia Unified,93292,0.0,7501.0,175.98684210526315,1.25,6.0,0,486.4,0.3242234368750833,12.966878474563934,12.948009990259552,13.189344022229157,534637.3909868001
True,False,2025-12-12,860000.0,34.272659999999995,-118.735246,1781.0,SVC - Central Simi,True,2.0,0.17,1968.0,3.0,Simi Valley,4.0,True,2.0,Two,7405.0,False,2.0,Simi Valley Unified,93063,0.0,7405.0,482.8747894441325,1.3333333333333333,57.0,0,445.25,0.24051316677920323,13.664687668229691,13.637546696375418,13.706818101958794,897006.2439650527
False,False,2025-12-01,800000.0,34.045994,-117.967167,1364.0,633 - Industry/La Puente/Valinda,True,2.0,0.136,1957.0,2.0,La Puente,3.0,False,1.0,One,5924.0,False,2.0,Hacienda La Puente Unified,91744,0.0,5924.0,586.5102639296188,1.5,68.0,0,454.6666666666667,0.23024983119513842,13.592367006650065,13.547631112808673,13.530270856785407,751834.017218483
True,True,2025-12-02,970000.0,33.928512,-117.548833,1885.0,250 - Norco,True,2.0,0.54,1976.0,2.0,Norco,4.0,True,1.0,One,23522.0,False,2.0,Corona-Norco Unified,92860,0.0,23522.0,514.5888594164456,2.0,49.0,0,471.25,0.08013774338916758,13.785051350479566,13.753635154246187,13.753386358892506,939766.1614577177
True,True,2025-12-24,1875000.0,33.191626,-117.188239,3722.0,92084 - Vista,True,3.0,0.95,1984.0,4.0,Vista,4.0,True,1.0,One,0.95,False,3.0,Vista Unified,92084,0.0,41382.0,503.7614185921548,1.0,41.0,0,930.5,0.08994248707167367,14.444119217386648,13.773646353865574,14.284492329216167,1598365.8622803946
True,False,2025-12-03,1100000.0,38.00622814,-122.10152363,2929.0,46 - Eastgate,True,2.0,0.1903,2008.0,3.0,Martinez,4.0,True,2.0,Two,8289.0,False,2.0,Martinez,94553,190.0,8289.0,375.5547968589962,1.3333333333333333,17.0,0,732.25,0.353359874532513,13.9108207377686,13.604789526648622,13.736952034536573,924447.9564852645
True,False,2025-12-17,900000.0,37.803704,-121.35413,3410.0,PLUM - Plum Canyon,True,3.0,0.1529,2025.0,4.0,Lathrop,6.0,False,2.0,Two,6660.0,True,3.0,Berkeley,95330,0.0,6660.0,263.92961876832845,1.5,0.0,0,568.3333333333334,0.512012012012012,13.710150042306449,13.541073712262515,13.762624402136746,948487.9861659787
False,False,2025-12-18,1525000.0,34.065351,-118.34261200000002,1502.0,C18 - Hancock Park-Wilshire,False,2.0,0.1792,1923.0,1.0,Los Angeles,3.0,True,1.0,One,7807.0,False,1.0,San Bernardino City Unified,90036,104.0,7807.0,1015.3129161118508,3.0,102.0,0,500.6666666666667,0.1923914435762777,14.237504968023648,14.676279640441766,14.247592502801703,1540461.3428435083
True,False,2025-12-19,3350000.0,33.900562,-118.414981,3700.0,142 - Manhattan Bch Sand,True,2.0,0.062,1987.0,4.0,Manhattan Beach,5.0,True,1.0,ThreeOrMore,2701.0,False,2.0,Chaffey Joint Union High,90266,295.0,2701.0,905.4054054054054,1.25,38.0,0,740.0,1.36986301369863,15.02447090380125,15.040754419423045,15.290509188030466,4371029.784904178
True,False,2025-12-09,665000.0,34.519844,-117.197827,2875.0,APPV - Apple Valley,True,3.0,0.8437,2007.0,3.0,Apple Valley,5.0,True,1.0,One,36750.0,False,3.0,Apple Valley Unified,92307,0.0,36750.0,231.30434782608697,1.6666666666666667,18.0,0,575.0,0.0782312925170068,13.407542319637992,13.049792684569493,13.308755516665649,602447.3271245849
True,False,2025-12-12,817500.0,38.54813326,-121.51559554,3123.0,HSP - Hesperia,True,2.0,0.1305,2025.0,4.0,West Sacramento,4.0,True,2.0,Two,5686.0,True,2.0,Los Angeles Unified,95691,281.0,5686.0,261.7675312199808,1.0,0.0,0,780.75,0.549243756595146,13.614006181753545,13.415018862185562,13.609498696593093,813823.423163973
False,False,2025-12-03,700000.0,37.7186225,-122.388293,1192.0,C03 - Sunset Strip - Hollywood Hills West,True,4.0,0.0574,1988.0,3.0,San Francisco,4.0,False,2.0,Two,2500.0,False,2.0,Santa Maria Joint Union,94124,58.0,2500.0,587.248322147651,1.3333333333333333,37.0,0,298.0,0.4768,13.458835614025542,13.696727021974308,13.455507973334642,697674.5228384555
True,False,2025-12-16,886000.0,32.581421,-117.076093,1806.0,92154 - Otay Mesa,True,2.0,0.2296,1973.0,2.0,San Diego,4.0,True,1.0,One,10000.0,False,2.0,Sweetwater Union,92154,0.0,10000.0,490.5869324473976,2.0,52.0,0,451.5,0.1806,13.694472229587218,13.579788224443204,13.594314571916309,801559.5704026131
True,False,2025-12-22,905000.0,32.995954100000006,-116.8164838,2626.0,92065 - Ramona,True,10.0,0.5,1987.0,3.0,Ramona,3.0,True,1.0,One,21780.0,False,3.0,Hemet Unified,92065,175.0,21780.0,344.6306169078446,1.0,38.0,0,875.3333333333334,0.12056932966023876,13.715690222682063,13.623138665316818,13.82641558311627,1010964.7016661348
False,False,2025-12-30,1260000.0,34.178088,-118.523356,1834.0,ENC - Encino,True,1.0,0.1276,1949.0,3.0,Encino,3.0,True,1.0,One,5559.0,False,1.0,Los Angeles Unified,91316,0.0,5559.0,687.0229007633587,1.0,76.0,0,611.3333333333334,0.32991545241949993,14.04662227892766,14.300596894375873,14.350021966843368,1706614.2019725693
False,False,2025-12-09,1300000.0,33.908899,-117.945547,2365.0,87 - La Habra,True,3.0,0.2238,1972.0,3.0,La Habra,4.0,True,2.0,Two,9750.0,False,3.0,Fullerton Joint Union High,90631,125.0,9750.0,549.6828752642706,1.3333333333333333,53.0,0,591.25,0.24256410256410257,14.077874822431765,13.792724135316895,13.971183357674043,1168443.8253774492
False,False,2025-12-12,630000.0,33.873641,-117.524793,1335.0,248 - Corona,True,0.0,0.22,1946.0,2.0,Corona,4.0,False,1.0,One,9583.0,False,0.0,Corona-Norco Unified,92879,0.0,9583.0,471.91011235955057,2.0,79.0,0,333.75,0.13930919336324743,13.353475098367715,13.500799813124575,13.50830976868819,735502.9049840207
True,False,2025-12-02,785000.0,38.0032465,-122.26428286,1629.0,649 - Pico Rivera,True,2.0,0.4644,1979.0,2.0,Hercules,3.0,True,1.0,One,20230.0,False,2.0,West Contra Costa,94547,80.0,20230.0,481.89073050951504,1.5,46.0,0,543.0,0.0805239742956006,13.573438996764546,13.633374406790827,13.526686562018545,749144.046189435
True,False,2025-12-15,720000.0,35.136139,-120.616263,1280.0,PSMO - Pismo Beach,True,2.0,0.1102,1986.0,3.0,Pismo Beach,2.0,True,2.0,Two,4800.0,False,2.0,Lucia Mar Unified,93449,0.0,4800.0,562.5,0.6666666666666666,39.0,0,640.0,0.26666666666666666,13.487006490992238,14.164329100880673,13.872994920791715,1059168.708121379
True,False,2025-12-22,930000.0,33.160592,-117.239508,1535.0,92081 - Vista,True,2.0,0.0906,1988.0,3.0,Vista,3.0,True,2.0,Two,3945.0,False,2.0,Vista Unified,92081,147.0,3945.0,605.8631921824104,1.0,37.0,0,511.6666666666667,0.38910012674271227,13.742939865129438,13.835313185260453,13.688609335011241,880820.6731652596
True,False,2025-12-11,1100000.0,34.274307,-118.488866,2274.0,GH - Granada Hills,True,2.0,0.1768,2013.0,3.0,Granada Hills,3.0,False,1.0,One,7702.0,False,2.0,Los Angeles Unified,91344,0.0,7702.0,483.7291116974494,1.0,12.0,0,758.0,0.295247987535705,13.9108207377686,13.892471599100402,13.896648096289393,1084520.049380561
True,False,2025-12-03,799000.0,33.31929425,-117.14749683,2462.0,92028 - Fallbrook,True,4.0,0.1223,2002.0,3.0,Fallbrook,4.0,True,2.0,Two,5329.0,False,2.0,Perris Union High,92028,80.0,5329.0,324.53290008123474,1.3333333333333333,23.0,0,615.5,0.46200037530493526,13.591116224748411,13.681979165339751,13.801770851311826,986354.2523019186
False,False,2025-12-09,3750000.0,34.032841,-118.495507,1920.0,C14 - Santa Monica,True,2.0,0.1722,1925.0,2.0,Santa Monica,3.0,True,1.0,One,7500.0,False,3.0,Santa Monica-Malibu Unified,90402,175.0,7500.0,1953.125,1.5,100.0,0,640.0,0.256,15.137266397946593,15.464169183551656,15.10153742151493,3618381.6343839755
True,False,2025-12-01,465000.0,39.646304,-121.873939,1297.0,LV - Laguna Village,True,2.0,0.25,1985.0,2.0,Chico,3.0,True,1.0,One,10890.0,False,2.0,Durham Unified,95928,0.0,10890.0,358.5196607555898,1.5,40.0,0,432.3333333333333,0.11910009182736456,13.049792684569493,13.078384738024758,12.982663936476008,434809.78408699756
True,False,2025-12-10,650000.0,32.660627000000005,-116.719958,1300.0,91935 - Jamul,False,0.0,22.65,1959.0,2.0,Jamul,3.0,True,1.0,One,22.65,False,0.0,Grossmont Union,91935,0.0,986634.0,500.0,1.5,66.0,0,433.3333333333333,0.0013176111911813297,13.38472764187182,13.81451005763069,13.790749197152653,975542.6869676638
True,False,2025-12-10,1410000.0,34.244644,-119.080526,2445.0,VC43 - Las Posas Estates,False,2.0,1.08,1964.0,3.0,Camarillo,3.0,True,1.0,One,1.08,False,2.0,Norwalk - La Mirada,93010,0.0,47044.8,576.6871165644171,1.0,61.0,0,815.0,0.05197173757779818,14.15910026235435,13.790192749979985,14.023200923579898,1230832.002631316
True,False,2025-12-12,639900.0,33.722897,-117.145581,2604.0,SRCAR - Southwest Riverside County,True,2.0,0.1235,2021.0,3.0,Menifee,4.0,False,2.0,Two,5380.0,False,2.0,Perris Union High,92585,76.5,5380.0,245.7373271889401,1.3333333333333333,4.0,0,651.0,0.48401486988847586,13.369067193127552,13.304684934198283,13.375456127218403,644001.3666544014
False,True,2025-12-11,2638000.0,34.161347,-118.173715,2824.0,645 - Pasadena (NW),True,6.0,0.2592,1948.0,3.0,Pasadena,4.0,True,1.0,One,11290.0,False,2.0,Jurupa Unified,91103,0.0,11290.0,934.1359773371104,1.3333333333333333,77.0,0,706.0,0.250132860938884,14.785531612259398,14.182799053125816,14.583087716759115,2154539.8170815012
False,False,2025-12-26,250000.0,35.378342,-118.93159,1289.0,BKSF - Bakersfield,True,2.0,0.1427,1955.0,2.0,Bakersfield,3.0,True,1.0,One,6218.0,False,2.0,Bakersfield City,93306,0.0,6218.0,193.9487975174554,1.5,70.0,0,429.6666666666667,0.20730138308137666,12.429216196844383,12.873902018105829,12.746020040453326,343183.31877726153
True,False,2025-12-24,3200000.0,34.113434000000005,-118.313995,3560.0,637 - Los Feliz,True,4.0,0.1119999999999999,1924.0,5.0,Los Angeles,5.0,True,1.0,"ThreeOrMore,MultiSplit",4879.0,False,4.0,Murrieta,90068,0.0,4879.0,898.876404494382,1.0,101.0,0,712.0,0.7296577167452347,14.978661367769956,14.457364444136669,14.81631016559374,2720456.256576918
True,False,2025-12-22,1620000.0,37.7958071,-121.92162788,2059.0,91906 - Campo,True,2.0,0.1584,1995.0,3.0,Danville,4.0,True,2.0,Two,6900.0,False,2.0,Centeniela Valley Union High,94506,97.0,6900.0,786.7897037396795,1.3333333333333333,30.0,0,514.75,0.29840579710144927,14.297936707208567,14.68050799545088,14.39294025543643,1781453.6662966092
True,False,2025-12-03,675000.0,33.721222999999995,-117.147426,2926.0,SRCAR - Southwest Riverside County,True,5.0,0.1127,2021.0,3.0,Menifee,4.0,False,2.0,Two,4909.0,False,3.0,Menifee Union,92585,71.0,4909.0,230.69036226930965,1.3333333333333333,4.0,0,731.5,0.5960480749643512,13.422467969854667,13.304684934198283,13.405450813056106,663610.6015974802
False,False,2025-12-16,670000.0,34.004738,-118.086364,1400.0,649 - Pico Rivera,True,1.0,0.1494,1949.0,2.0,Pico Rivera,4.0,False,1.0,One,6506.0,False,1.0,El Rancho Unified,90660,0.0,6506.0,478.57142857142856,2.0,76.0,0,350.0,0.21518598217030432,13.415032991367148,13.527828485512494,13.519154271422208,743522.4737720371
True,False,2025-12-22,370000.0,39.71817,-121.853701,1120.0,287A - Arrowhead Woods,True,0.0,0.16,1960.0,2.0,Chico,3.0,False,1.0,One,6970.0,False,0.0,Chico Unified,95928,0.0,6970.0,330.35714285714283,1.5,65.0,0,373.3333333333333,0.1606886657101865,12.821258284620408,13.078384738024758,12.942852124814676,417839.2736712378
True,False,2025-12-29,2050000.0,33.766049,-118.37315,2346.0,174 - Crest,True,3.0,0.3787,1967.0,4.0,Rancho Palos Verdes,5.0,True,2.0,Two,16495.0,False,3.0,Lompoc Unified,90275,0.0,16495.0,873.8277919863598,1.25,58.0,0,469.2,0.1422249166414065,14.53335035111459,14.438232971730155,14.475617247658436,1934998.7678164183
True,False,2025-12-18,646750.0,37.77522176,-122.18363064,1054.0,92119 - San Carlos,True,1.0,0.096,1925.0,1.0,Oakland,2.0,True,1.0,One,4180.0,False,1.0,Compton Unified,94605,0.0,4180.0,613.6148007590133,2.0,100.0,0,527.0,0.2521531100478469,13.379715100048276,13.527828485512494,13.24352395723243,564403.0806569178
True,False,2025-12-15,390000.0,34.240606,-117.188348,928.0,287 - Arrowhead Area,True,0.0,0.1386,1967.0,2.0,Lake Arrowhead,2.0,True,2.0,ThreeOrMore,6037.0,False,0.0,Rim of the World,92352,280.0,6037.0,420.2586206896552,1.0,58.0,0,464.0,0.15371873447076362,12.873902018105829,13.412043452518782,13.104980753441458,491383.79112985113
False,False,2025-12-09,2100000.0,34.06596,-118.365115,3037.0,C19 - Beverly Center-Miracle Mile,True,2.0,0.1419,1937.0,3.0,Los Angeles,5.0,True,2.0,Two,6179.0,False,2.0,Los Angeles Unified,90048,0.0,6179.0,691.471847217649,1.6666666666666667,88.0,0,607.4,0.4915034795274316,14.557447902693651,14.718711430946737,14.87411153984853,2882335.7273256606
True,False,2025-12-11,1100000.0,34.082951,-118.312154,1763.0,C18 - Hancock Park-Wilshire,True,2.0,0.0277,2014.0,4.0,Los Angeles,3.0,False,1.0,ThreeOrMore,1205.0,False,2.0,Bellflower Unified,90004,228.81,1205.0,623.9364719228588,0.75,11.0,0,587.6666666666666,1.463070539419087,13.9108207377686,14.65917278350986,14.346677503597698,1700916.0274784944
False,False,2025-12-12,920000.0,33.897633,-118.314787,1770.0,117 - McCarthy,True,2.0,0.1488,1955.0,2.0,Gardena,3.0,False,1.0,One,6483.0,False,2.0,Los Angeles Unified,90249,0.0,6483.0,519.7740112994351,1.5,70.0,0,590.0,0.27302174919018973,13.732128949025222,13.579082711707093,13.606199507480225,811142.8900107597
False,True,2025-12-30,2200000.0,34.184032,-118.470367,4520.0,VN - Van Nuys,False,6.0,0.4385,1950.0,4.0,Van Nuys,4.0,True,1.0,One,19103.0,False,6.0,Los Angeles Unified,91411,0.0,19103.0,486.72566371681415,1.0,75.0,0,1130.0,0.23661205046327802,14.603967918328545,13.961752072660685,14.741995040122548,2525614.708876158
True,False,2025-12-04,930000.0,33.011691,-117.059375,1402.0,92128 - Rancho Bernardo,True,1.0,0.163,1965.0,2.0,San Diego,3.0,True,1.0,One,7100.0,False,1.0,Poway Unified,92128,47.0,7100.0,663.3380884450785,1.5,60.0,0,467.3333333333333,0.19746478873239437,13.742939865129438,13.983960916083914,13.844915638526654,1029841.6788394697
True,False,2025-12-08,1220000.0,33.85655,-117.728285,2328.0,77 - Anaheim Hills,True,2.0,0.1265,1999.0,3.0,Anaheim,3.0,True,2.0,Two,5510.0,False,2.0,Orange Unified,92808,104.0,5510.0,524.0549828178695,1.0,26.0,0,776.0,0.4225045372050817,14.01436141670944,14.137594057133388,14.18804500409142,1451408.4736829135
True,True,2025-12-24,2290000.0,33.160983,-117.324755,3013.0,92008 - Carlsbad,True,3.0,0.178,2000.0,4.0,Carlsbad,5.0,True,1.0,One,7753.0,False,3.0,Carlsbad Unified,92008,0.0,7753.0,760.0398274145371,1.25,25.0,0,602.6,0.3886237585450793,14.644062375530423,14.403297222866392,14.628828783776555,2255379.4421141916
False,False,2025-12-15,821000.0,32.75675495,-117.05362784,1098.0,92115 - San Diego,True,6.0,0.1423,1944.0,1.0,San Diego,3.0,False,1.0,One,6200.0,False,2.0,Long Beach Unified,92115,0.0,6200.0,747.7231329690346,3.0,81.0,0,366.0,0.17709677419354838,13.618278388434565,13.748301808270824,13.553895479779523,769807.2823022158
True,True,2025-12-11,947250.0,33.804327,-118.121734,1584.0,"34 - Los Altos, X-100",True,2.0,0.147,1954.0,2.0,Long Beach,3.0,True,1.0,One,6403.0,False,2.0,Long Beach Unified,90815,0.0,6403.0,598.0113636363636,1.5,71.0,0,528.0,0.24738403873184445,13.761318328880847,13.937728190688523,13.859667524027277,1045146.3945285892
False,False,2025-12-08,400000.0,33.06957066,-116.57983967,1041.0,92036 - Julian,True,6.0,2.52,2004.0,2.0,Julian,2.0,True,1.0,One,109771.0,False,0.0,Huntington Beach Union High,92036,513.0,109771.0,384.24591738712775,1.0,21.0,0,520.5,0.009483379034535533,12.89921982609012,13.303016877097587,13.111261968377683,494479.9921103382
True,False,2025-12-12,690000.0,33.720547,-117.423831,2255.0,248 - Corona,True,3.0,0.16,2000.0,3.0,Corona,4.0,True,2.0,Two,6970.0,False,3.0,Lake Elsinore Unified,92883,110.0,6970.0,305.9866962305987,1.3333333333333333,25.0,0,563.75,0.3235294117647059,13.444446876573442,13.547957803444275,13.595840832748348,802783.8934599598
True,False,2025-12-22,1150000.0,33.525249,-117.587098,1785.0,RIEN - Rienda,True,2.0,0.0531,2022.0,3.0,Rancho Mission Viejo,3.0,False,2.0,Two,2314.0,False,2.0,Capistrano Unified,92694,306.0,2314.0,644.2577030812325,1.0,3.0,0,595.0,0.7713915298184961,13.955272500339433,14.232573444874031,14.04886175001906,1262824.8955304772
False,True,2025-12-10,625000.0,34.101545,-117.874385,1540.0,614 - Covina,True,1.0,0.175,1953.0,1.0,Covina,3.0,False,1.0,One,7623.0,False,1.0,Covina Valley Unified,91722,0.0,7623.0,405.8441558441559,3.0,72.0,0,513.3333333333334,0.20202020202020202,13.345506928718539,13.592367006650065,13.50714559482622,734647.1499471093
True,False,2025-12-03,765000.0,33.907529,-117.488939,2421.0,252 - Riverside,True,4.0,0.17,2002.0,3.0,Riverside,5.0,True,2.0,Two,7405.0,False,2.0,Alvord Unified,92505,170.0,7405.0,315.98513011152414,1.6666666666666667,23.0,0,484.2,0.32694125590817014,13.547631112808673,13.38779984090879,13.448105150745269,692528.8319385704
True,True,2025-12-15,1135000.0,33.679491,-116.217478,2398.0,314 - Indio South of East Valley,True,2.0,0.1531,2019.0,4.0,Indio,3.0,True,1.0,One,6669.0,False,2.0,Coachella Valley Unified,92201,245.0,6669.0,473.3110925771476,0.75,6.0,0,799.3333333333334,0.35957414904783325,13.94214320889764,13.235692062711331,13.557818994882641,772833.5657530226
False,False,2025-12-29,975000.0,34.211395,-119.199182,2312.0,VC31 - Oxnard - Northwest,True,3.0,0.163,1987.0,3.0,Oxnard,4.0,True,2.0,Two,7100.0,False,3.0,San Bernardino City Unified,93030,205.0,7100.0,421.7128027681661,1.3333333333333333,38.0,0,578.0,0.3256338028169014,13.790192749979985,13.617059619240436,13.7068217075403,897009.4782000075
True,False,2025-12-12,801000.0,34.230901,-118.448525,1078.0,PC - Panorama City,True,2.0,0.1385,1948.0,2.0,Panorama City,3.0,False,1.0,One,6032.0,False,2.0,Los Angeles Unified,91402,0.0,6032.0,743.0426716141002,1.5,77.0,0,359.3333333333333,0.1787135278514589,13.593616226050496,13.554145793829866,13.49139283982209,723165.107716021
True,False,2025-12-22,477500.0,34.195275,-116.374402,1520.0,DC571 - Yucca Mesa,True,10.0,2.3,1979.0,2.0,Yucca Valley,3.0,True,1.0,One,100188.0,False,10.0,Morongo Unified,92284,0.0,100188.0,314.14473684210526,1.5,46.0,0,506.6666666666667,0.015171477622070507,13.076319438902923,12.86876061860541,12.829465071155001,373049.00517223123
False,False,2025-12-22,1098000.0,33.864536,-118.068192,1480.0,"RB - Cerritos South of 91 Frwy, E of Norwalk",True,8.0,0.1817,1970.0,2.0,Cerritos,4.0,True,1.0,One,7914.0,False,2.0,ABC Unified,90703,0.0,7914.0,741.8918918918919,2.0,55.0,0,370.0,0.18701036138488755,13.909000901051613,14.01436141670944,13.911666696486911,1100930.9483065424
True,True,2025-12-30,2350000.0,34.140428,-118.47357,4040.0,SO - Sherman Oaks,True,2.0,0.2567,1954.0,5.0,Sherman Oaks,4.0,True,2.0,Two,11183.0,False,2.0,Los Angeles Unified,91403,0.0,11183.0,581.6831683168317,0.8,71.0,0,1010.0,0.3612626307788608,14.669925886120343,14.557447902693651,15.025468510048018,3353343.648471672
True,True,2025-12-12,717000.0,34.505764,-117.196245,3601.0,APPV - Apple Valley,True,3.0,0.9718,2007.0,3.0,Apple Valley,5.0,True,1.0,One,42330.0,False,3.0,Apple Valley Unified,92307,0.0,42330.0,199.1113579561233,1.6666666666666667,18.0,0,720.2,0.08506969052681314,13.482831119581757,13.049792684569493,13.504045489530137,732373.1930009759
False,False,2025-12-22,440000.0,34.153220000000005,-117.282402,1124.0,274 - San Bernardino,False,2.0,0.1924,1947.0,1.0,San Bernardino,2.0,True,1.0,One,8379.0,False,2.0,San Bernardino City Unified,92404,0.0,8379.0,391.4590747330961,2.0,78.0,0,562.0,0.13414488602458527,12.994530005894443,13.142166004700508,12.94340580450933,418070.68685117626
False,False,2025-12-15,785000.0,33.78011,-116.37399,3416.0,322 - North Palm Desert,True,2.0,0.25,2006.0,4.0,Palm Desert,6.0,True,1.0,One,0.25,False,2.0,Desert Sands Unified,92211,80.0,10890.0,229.80093676814988,1.5,19.0,0,569.3333333333334,0.31368227731864096,13.573438996764546,13.226723392728571,13.622518869456494,824488.8268430996
False,True,2025-12-16,929000.0,33.572334999999995,-117.238526,3720.0,SRCAR - Southwest Riverside County,True,3.0,0.19,2003.0,5.0,Murrieta,5.0,True,2.0,Two,8276.0,False,3.0,Murrieta,92562,0.0,8276.0,249.7311827956989,1.0,22.0,0,744.0,0.4494925084581924,13.741864017795976,13.487006490992238,13.749458022906817,936081.6858946818
False,False,2025-12-09,575000.0,33.915687,-118.195361,724.0,RM - Lynwood,True,0.0,0.0562,1951.0,1.0,Lynwood,2.0,False,1.0,One,2446.0,False,0.0,Lynwood Unified,90262,0.0,2446.0,794.1988950276243,2.0,74.0,0,362.0,0.29599345870809485,13.262125319779487,13.458835614025542,13.131193527002113,504434.62518628495
True,False,2025-12-05,875000.0,33.808128,-117.534455,2942.0,248 - Corona,True,3.0,0.15,2000.0,3.0,Corona,4.0,True,2.0,Two,6534.0,False,3.0,Corona-Norco Unified,92883,126.0,6534.0,297.4167233174711,1.3333333333333333,25.0,0,735.5,0.4502601775329048,13.681979165339751,13.547957803444275,13.69078592340522,882739.9451945416
False,False,2025-12-05,2400000.0,37.86770657,-122.24270664,3650.0,335 - Cathedral City North,True,4.0,0.2143,1978.0,5.0,Berkeley,7.0,True,1.0,ThreeOrMore,9336.0,False,2.0,Temecula Unified,94704,0.0,9336.0,657.5342465753424,1.4,47.0,0,521.4285714285714,0.39095972579263066,14.690979295318174,13.965562854189443,14.41531317100606,1821759.1733970025
True,False,2025-12-02,610000.0,32.771636,-116.769442,1750.0,91935 - Jamul,True,10.0,5.42,1936.0,3.0,Jamul,3.0,False,1.0,One,5.42,False,0.0,Jamul-Dulzara Union,91935,0.0,236095.2,348.57142857142856,1.0,89.0,0,583.3333333333334,0.007412264205286681,13.321214236149494,13.81451005763069,14.132706000859402,1373270.9417477674
False,False,2025-12-01,3147864.0,34.046061,-118.474971,1924.0,C06 - Brentwood,True,2.0,0.0955,1930.0,3.0,Los Angeles,3.0,True,2.0,Two,4160.0,False,2.0,Baldwin Park Unified,90049,0.0,4160.0,1636.1039501039502,1.0,95.0,0,641.3333333333334,0.4625,14.96223468555316,15.137266397946593,14.861122127135252,2845137.9903775332
True,False,2025-12-10,1200000.0,34.171541999999995,-118.874315,2865.0,TOE - Thousand Oaks East,True,2.0,0.16,1979.0,3.0,Thousand Oaks,4.0,True,2.0,Two,6969.0,False,2.0,Conejo Valley Unified,91361,97.0,6969.0,418.848167539267,1.3333333333333333,46.0,0,716.25,0.41110632802410674,13.997832114758229,14.450755865652397,14.401839997995893,1797378.9054590017
True,False,2025-12-18,3498000.0,34.060103000000005,-118.422028,3068.0,C05 - Westwood - Century City,True,2.0,0.1393,1946.0,6.0,Los Angeles,5.0,False,2.0,Two,6066.0,False,2.0,Riverside Unified,90024,0.0,6066.0,1140.1564537157758,0.8333333333333334,79.0,0,613.6,0.50576986482031,15.067701934560684,14.982491872307424,15.297044212149832,4399688.1094044885
True,True,2025-12-01,3550000.0,33.826965,-117.806589,5125.0,73 - Villa Park,True,2.0,0.5451,2024.0,7.0,Villa Park,7.0,True,1.0,"One,Two",23745.0,False,2.0,Orange Unified,92861,0.0,23745.0,692.6829268292682,1.0,1.0,0,732.1428571428571,0.21583491261318172,15.082458161451598,14.637490610367188,15.362530521975767,4697450.731497352
True,True,2025-12-01,969000.0,33.826955,-116.524397,2431.0,332 - Central Palm Springs,True,2.0,0.22,1956.0,2.0,Palm Springs,3.0,True,1.0,One,9583.0,False,2.0,Lake Elsinore Unified,92262,0.0,9583.0,398.6013986013986,1.5,69.0,0,810.3333333333334,0.25367838881352395,13.784019890872903,13.737549016494562,13.90130424399882,1089581.5092324147
True,False,2025-12-24,720000.0,34.061351,-118.196507,1552.0,621 - El Sereno,False,2.0,0.1721,1910.0,3.0,Los Angeles,4.0,False,1.0,One,7495.0,False,1.0,Los Angeles Unified,90033,0.0,7495.0,463.9175257731959,1.3333333333333333,115.0,0,388.0,0.20707138092061375,13.487006490992238,13.458835614025542,13.508895885289071,735934.121805953
True,False,2025-12-02,575000.0,39.46341,-123.787628,900.0,FBN - Fort Bragg North,True,8.0,9.3,2000.0,3.0,Fort Bragg,2.0,True,1.0,One,9.3,False,0.0,Long Beach Unified,95437,0.0,405108.0,638.8888888888889,0.6666666666666666,25.0,0,450.0,0.002221629787612192,13.262125319779487,13.317924750600472,13.278247904380628,584345.6214931464
True,False,2025-12-05,2175000.0,37.65656383,-121.84469418,2835.0,"75 - Orange, Orange Park Acres E of 55",True,3.0,0.2612,1988.0,3.0,Pleasanton,5.0,True,2.0,Two,11378.0,False,3.0,Pleasanton,94566,156.0,11378.0,767.1957671957672,1.6666666666666667,37.0,0,567.0,0.2491650553700123,14.592539222504922,14.430696197054507,14.484120392265144,1951522.4944111933
True,True,2025-12-12,860000.0,33.660841999999995,-117.390241,3278.0,SRCAR - Southwest Riverside County,True,5.0,1.61,1980.0,4.0,Lake Elsinore,3.0,True,2.0,ThreeOrMore,70132.0,False,5.0,Lake Elsinore Unified,92530,0.0,70132.0,262.35509456985966,0.75,45.0,0,1092.6666666666667,0.04674043232761079,13.664687668229691,13.270783382522602,13.829650225290477,1014240.1052502092
True,True,2025-12-23,1250000.0,33.793571,-116.547324,3652.0,334 - South End Palm Springs,True,14.0,0.46,1951.0,4.0,Palm Springs,3.0,True,1.0,One,20038.0,False,5.0,Other,92264,0.0,20038.0,342.27820372398685,0.75,74.0,0,1217.3333333333333,0.18225371793592174,14.038654109278484,14.077874822431765,14.722478305497168,2476800.8498388273
False,True,2025-12-04,830000.0,34.277524,-118.76028,1650.0,SVC - Central Simi,True,2.0,0.14,1972.0,2.0,Simi Valley,3.0,True,1.0,One,6098.0,False,2.0,Simi Valley Unified,93065,0.0,6098.0,503.030303030303,1.5,53.0,0,550.0,0.2705805182026894,13.62918097977278,13.676248490630767,13.645586396742962,843728.8015319351
True,False,2025-12-04,484900.0,34.87591,-118.21208,1872.0,ROSA - Rosamond,True,2.0,2.5,1987.0,2.0,Rosamond,3.0,True,1.0,One,108900.0,False,2.0,Kern Union,93560,0.0,108900.0,259.02777777777777,1.5,38.0,0,624.0,0.0171900826446281,13.091697963093443,13.005829561148378,13.076108772250553,477399.4172685794
True,False,2025-12-19,540000.0,34.65155,-118.212232,1924.0,LAC - Lancaster,True,3.0,0.1724,1989.0,3.0,Lancaster,4.0,True,2.0,Two,7508.0,False,3.0,Antelope Valley Union,93536,0.0,7508.0,280.66528066528065,1.3333333333333333,36.0,0,481.0,0.256259989344699,13.199324418540456,13.224918336616522,13.255444093269462,571171.0998743583
True,False,2025-12-12,3480000.0,34.284812,-118.58073,5800.0,PORA - Porter Ranch,True,3.0,0.3737,2021.0,6.0,Porter Ranch,4.0,True,1.0,ThreeOrMore,16278.0,False,3.0,Bear Valley Unified,91326,392.27,16278.0,600.0,0.6666666666666666,4.0,0,1450.0,0.3563091288856125,15.062542851750656,14.126664986601197,15.294401781138957,4388077.583868204
False,False,2025-12-26,415000.0,35.384097,-118.965089,1593.0,699 - Not Defined,True,1.0,0.1383,1955.0,2.0,Bakersfield,4.0,False,1.0,One,6024.0,False,1.0,Bakersfield City,93505,0.0,6024.0,260.5147520401758,2.0,70.0,0,398.25,0.2644422310756972,12.936033799212835,12.608198852372823,12.594081587530928,294808.5930245032
False,True,2025-12-05,1627000.0,32.96808176,-117.04903882,2736.0,92064 - Poway,True,9.0,0.4472,1990.0,3.0,Poway,4.0,True,2.0,Two,19479.0,False,3.0,Riverside Unified,92064,276.0,19479.0,594.6637426900585,1.3333333333333333,35.0,0,684.0,0.14045895579855228,14.302248386201175,14.042638194103073,14.262680247560919,1563879.6508792376
True,False,2025-12-08,960000.0,33.54638,-117.088155,2949.0,SRCAR - Southwest Riverside County,True,2.0,0.2568,2022.0,4.0,Temecula,5.0,True,2.0,Two,11186.0,False,2.0,Temecula Unified,92591,75.0,11186.0,325.53407934893187,1.25,3.0,0,589.8,0.26363311281959595,13.77468856344402,13.514405465180353,13.899150642652463,1087237.5099531228
True,False,2025-12-30,1255000.0,32.626898,-117.002272,3213.0,91913 - Chula Vista,True,4.0,0.1722,2000.0,4.0,Chula Vista,5.0,True,2.0,Two,7500.0,False,2.0,Sweetwater Union,91913,116.0,7500.0,390.60068471833176,1.25,25.0,0,642.6,0.4284,14.042646130548022,13.764217263576723,13.982448826755787,1181681.3164410635
True,True,2025-12-22,746500.0,33.782288,-116.447351,2316.0,336 - Cathedral City South,False,2.0,0.13,2009.0,3.0,Cathedral City,3.0,True,1.0,One,5663.0,False,2.0,Vista Unified,92234,240.0,5663.0,322.3229706390328,1.0,16.0,0,772.0,0.40897051033021364,13.523150895961383,13.224919965729422,13.283137797785983,587210.0068561445
True,False,2025-12-24,861000.0,37.91166077,-122.31590659,1914.0,CTER - City Terrace,True,4.0,0.1148,1952.0,2.0,Richmond,3.0,True,2.0,Two,5000.0,False,2.0,Palmdale,94804,0.0,5000.0,449.84326018808775,1.5,73.0,0,638.0,0.3828,13.665849783409868,13.337442237753596,13.352167416455094,629176.6988204018
True,False,2025-12-09,700000.0,33.917534,-118.236255,966.0,C37 - Metropolitan South,False,2.0,0.4543,1946.0,2.0,Compton,3.0,False,1.0,One,19788.0,False,2.0,Atascadero Unified,90222,0.0,19788.0,724.6376811594203,1.5,79.0,0,322.0,0.04881746513038205,13.458835614025542,13.304684934198283,13.181014259316845,530202.4847774031
True,False,2025-12-03,1510000.0,37.69553801,-121.74622354,2483.0,36 - Park Estates,True,2.0,0.2322,1995.0,3.0,Livermore,5.0,True,2.0,Two,10113.0,False,2.0,Morongo Unified,94551,372.0,10113.0,608.135320177205,1.6666666666666667,30.0,0,496.6,0.2455255611589044,14.227620208791107,13.87377946608825,14.098791761431338,1327478.400865416
False,False,2025-12-01,1015000.0,32.613018100000005,-117.01613014,2585.0,91911 - Chula Vista,True,5.0,0.1567,2003.0,3.0,Chula Vista,4.0,False,2.0,Two,3528.0,False,2.0,Temecula Unified,91911,0.0,109335.6,392.6499032882012,1.3333333333333333,22.0,0,646.25,0.023642802527264677,13.830399170458024,13.617059619240436,13.855359994912499,1040654.0783425041
True,False,2025-12-29,2490000.0,33.682895,-118.009342,2193.0,15 - West Huntington Beach,True,3.0,0.1722,1972.0,3.0,Huntington Beach,4.0,True,2.0,Two,7500.0,False,3.0,Huntington Beach Union High,92648,0.0,7500.0,1135.4309165526677,1.3333333333333333,53.0,0,548.25,0.2924,14.727793268440891,14.580978400103845,14.606105860532479,2204708.5043102284
False,False,2025-12-08,4600000.0,37.4501299,-122.12747889,3645.0,699 - Not Defined,True,2.0,0.2331,1956.0,4.0,Palo Alto,6.0,True,1.0,One,10156.0,False,1.0,Palo Alto Unified,94303,0.0,10156.0,1262.002743484225,1.5,69.0,0,607.5,0.3589011421819614,15.341566861459324,14.978661367769956,15.190155234945802,3953671.6427645455
False,False,2025-12-08,726825.0,33.822378,-116.447198,2929.0,699 - Not Defined,True,2.0,0.1778,2025.0,3.0,Cathedral City,4.0,False,2.0,Two,7743.0,True,2.0,Palm Springs Unified,92234,261.0,7743.0,248.14783202458176,1.3333333333333333,0.0,0,732.25,0.3782771535580524,13.49644101227086,13.224919965729422,13.410451625858387,666937.5056686131
True,False,2025-12-05,1255000.0,34.119852,-118.353817,1272.0,C03 - Sunset Strip - Hollywood Hills West,True,2.0,0.2621,1952.0,1.0,Los Angeles,2.0,True,1.0,One,11419.0,False,4.0,Vista Unified,90046,0.0,11419.0,986.6352201257862,2.0,73.0,0,636.0,0.11139329188195113,14.042646130548022,14.637490610367188,14.220601033034887,1499438.1556929639
True,False,2025-12-05,1825000.0,33.433695,-117.602525,2451.0,SC - San Clemente Central,True,2.0,0.2514,1964.0,3.0,San Clemente,4.0,True,2.0,Two,10950.0,False,2.0,Capistrano Unified,92672,0.0,10950.0,744.594043247654,1.3333333333333333,61.0,0,612.75,0.22383561643835617,14.417090544998729,14.43202387032261,14.450576191184137,1887145.996862304
True,True,2025-12-18,689000.0,34.065481,-117.145159,1750.0,268 - Redlands,True,1.0,0.1997,1988.0,2.0,Redlands,3.0,True,1.0,One,8700.0,False,1.0,Redlands Unified,92374,0.0,8700.0,393.7142857142857,1.5,37.0,0,583.3333333333334,0.20114942528735633,13.442996549995796,13.299666780812677,13.249929142183227,568029.789245739
True,False,2025-12-11,999000.0,33.612675,-117.647272,1503.0,MC - Mission Viejo Central,True,2.0,0.0798,1977.0,2.0,Mission Viejo,3.0,True,1.0,One,3478.0,False,2.0,Capistrano Unified,92692,584.0,3478.0,664.6706586826348,1.5,48.0,0,501.0,0.43214491086831514,13.81451005763069,14.006130917572923,13.809244268667307,993753.302948888
False,False,2025-12-16,1500000.0,34.10842,-118.033085,2188.0,605 - Arcadia,True,2.0,1.1084,2020.0,4.0,Arcadia,4.0,False,2.0,Two,48280.0,False,2.0,Arcadia Unified,91007,115.2,48280.0,685.5575868372944,1.0,5.0,0,547.0,0.04531897265948633,14.22097566607244,14.550138498881392,14.425387067004241,1840204.1361740544
False,False,2025-12-16,690000.0,34.016684999999995,-117.654114,1667.0,681 - Chino,True,2.0,0.0909,2006.0,3.0,Chino,3.0,True,2.0,Two,3959.0,False,2.0,Chino Valley Unified,91710,205.0,3959.0,413.9172165566887,1.0,19.0,0,555.6666666666666,0.42106592573882295,13.444446876573442,13.567049198665774,13.451161520349704,694648.6939013312
True,False,2025-12-02,1070000.0,34.437285,-118.448728,3104.0,CAN1 - Canyon Country 1,True,3.0,0.1393,2020.0,3.0,Santa Clarita,5.0,False,2.0,Two,6066.0,False,3.0,Antelope Valley Union,91350,220.0,6066.0,344.71649484536084,1.6666666666666667,5.0,0,620.8,0.5117045829212001,13.883169206438088,13.652991628466498,13.88275500708965,1069556.898469687
True,False,2025-12-12,1950000.0,33.746587,-118.119628,2370.0,"1 - Belmont Shore/Park,Naples,Marina Pac,Bay Hrbr",True,2.0,0.0543,1934.0,3.0,Long Beach,3.0,True,2.0,Two,2367.0,False,2.0,Long Beach Unified,90803,0.0,2367.0,822.7848101265823,1.0,91.0,0,790.0,1.0012674271229405,14.48333993053993,14.288556669519746,14.507874028527509,1998433.1940475167
True,True,2025-12-17,888088.0,34.126646,-117.455669,3498.0,264 - Fontana,True,3.0,0.1629,2013.0,4.0,Fontana,5.0,True,2.0,Two,7095.0,False,3.0,Fontana Unified,92336,0.0,7095.0,253.88450543167525,1.25,12.0,0,699.6,0.4930232558139535,13.696826116163415,13.487006490992238,13.651796919828188,848985.1040306421
True,True,2025-12-26,443000.0,34.485788,-117.168161,1710.0,APPV - Apple Valley,True,3.0,1.0122,1979.0,2.0,Apple Valley,3.0,True,1.0,One,44092.0,False,3.0,Other,92308,0.0,44092.0,259.0643274853801,1.5,46.0,0,570.0,0.038782545586500954,13.001325049027272,12.936033799212835,12.968931554715462,428879.6209620463
False,False,2025-12-30,775000.0,33.553562,-117.114714,2191.0,SRCAR - Southwest Riverside County,True,2.0,0.13,2015.0,3.0,Temecula,3.0,False,1.0,One,5663.0,False,2.0,Temecula Unified,92591,293.0,5663.0,353.7197626654496,1.0,10.0,0,730.3333333333334,0.3868974042027194,13.560618308335483,13.514405465180353,13.569716906791049,782083.5903074259
False,False,2025-12-08,1450000.0,36.53176138,-121.83000652,1695.0,59 - Westminster North of 405 & Westminster,True,2.0,0.33,1974.0,2.0,Carmel,3.0,True,2.0,One,14375.0,False,2.0,Carmel Unified,93923,150.0,14375.0,855.457227138643,1.5,51.0,0,565.0,0.11791304347826087,14.187074114396758,14.65737492047145,14.46324546582989,1911206.862818379
False,False,2025-12-12,1418000.0,33.863314,-118.383987,750.0,154 - N Redondo Bch/Golden Hills,False,2.0,0.1186,1952.0,2.0,Redondo Beach,2.0,False,1.0,One,5166.0,False,2.0,Redondo Unified,90278,0.0,5166.0,1890.6666666666667,1.0,73.0,0,375.0,0.14518002322880372,14.16475798607421,14.253765488895429,13.810719858803818,995220.7579356316
True,True,2025-12-18,1015000.0,33.678203,-117.247909,3089.0,SRCAR - Southwest Riverside County,True,3.0,0.24,1992.0,3.0,Canyon Lake,4.0,True,2.0,Two,10454.0,False,3.0,Lake Elsinore Unified,92587,345.0,10454.0,328.5853026869537,1.3333333333333333,33.0,0,772.25,0.2954849818251387,13.830399170458024,13.407542319637992,13.605562418083242,810626.284055657
False,False,2025-12-08,959000.0,32.82369615,-117.09909111,1558.0,92124 - Tierrasanta,False,3.0,0.0666,1973.0,3.0,San Diego,4.0,True,2.0,Two,2900.0,False,2.0,Tustin Unified,92124,190.0,2900.0,615.5327342747112,1.3333333333333333,52.0,0,389.5,0.5372413793103449,13.773646353865574,13.981024996441848,13.790151233986515,974959.5227466003
False,False,2025-12-18,860000.0,34.160853,-118.365564,1188.0,NHO - North Hollywood,False,2.0,0.1551,1925.0,1.0,North Hollywood,2.0,False,1.0,One,6754.0,False,2.0,Los Angeles Unified,91601,0.0,6754.0,723.9057239057239,2.0,100.0,0,594.0,0.1758957654723127,13.664687668229691,13.878386160617055,13.703109829913245,893686.0606620694
True,False,2025-12-12,2250000.0,34.199731,-118.242116,4724.0,624 - Glendale-Chevy Chase/E. Glenoaks,True,3.0,0.1853,1998.0,5.0,Glendale,5.0,True,1.0,ThreeOrMore,8073.0,False,3.0,Other,91208,220.0,8073.0,476.2912785774767,1.0,27.0,0,944.8,0.5851604112473677,14.626440774180603,14.246322223230198,14.86448983271542,2854735.729572983
False,False,2025-12-05,1050000.0,34.458363,-118.646668,2757.0,HASC - Hasley Canyon,True,7.0,0.8528,1988.0,3.0,Castaic,4.0,True,1.0,One,37150.0,False,3.0,William S. Hart Union,91384,0.0,37150.0,380.8487486398259,1.3333333333333333,37.0,0,689.25,0.07421265141318976,13.864300722133706,13.602317337503232,13.929330190505304,1120549.9959005462
True,False,2025-12-04,2120000.0,34.097763,-118.114026,3673.0,601 - Alhambra,True,9.0,0.2435,2015.0,4.0,Alhambra,4.0,True,2.0,Two,10609.0,False,3.0,Alhambra,91801,0.0,10609.0,577.1848625102097,1.0,10.0,0,918.25,0.346215477424828,14.566926646648195,13.91065542118584,14.274323738289345,1582195.0899978634
False,False,2025-12-22,658000.0,33.642542,-117.143508,2900.0,SRCAR - Southwest Riverside County,True,2.0,0.1443,2022.0,3.0,Menifee,5.0,False,2.0,Two,6286.0,False,2.0,Menifee Union,92584,110.0,6286.0,226.8965517241379,1.6666666666666667,3.0,0,580.0,0.4613426662424435,13.396960210307455,13.353475098367715,13.45720828409697,698861.7954183727
False,False,2025-12-04,1675000.0,34.047102,-118.380254,1273.0,C09 - Beverlywood Vicinity,False,4.0,0.1327,1935.0,1.0,Los Angeles,2.0,True,1.0,One,5782.0,False,2.0,Long Beach Unified,90035,0.0,5782.0,1315.7894736842106,2.0,90.0,0,636.5,0.2201660325147008,14.331323723241304,14.626440774180603,14.178613565348625,1437783.9539780142
False,False,2025-12-05,829000.0,32.71866553,-116.991547,1896.0,91977 - Spring Valley,True,4.0,0.1391,1995.0,3.0,Spring Valley,4.0,True,1.0,"Two,One",6061.0,False,2.0,Glendora Unified,91977,268.0,6061.0,437.2362869198312,1.3333333333333333,30.0,0,474.0,0.3128196667216631,13.627975434117433,13.592367006650065,13.60365564624152,809082.0773758342
False,False,2025-12-19,377000.0,34.465941,-117.327049,1296.0,HSP - Hesperia,False,2.0,1.06,1971.0,2.0,Hesperia,3.0,True,1.0,One,46173.0,False,2.0,Hesperia Unified,92345,0.0,46173.0,290.89506172839504,1.5,54.0,0,432.0,0.02806835163407186,12.840000466430148,13.064514272196533,12.905745311576949,402618.72914169065
False,False,2025-12-23,270000.0,36.566671,-119.607629,996.0,SRCAR - Southwest Riverside County,True,0.0,0.168,1930.0,1.0,Selma,3.0,False,1.0,One,7320.0,False,0.0,Selma Unified,93662,0.0,7320.0,271.0843373493976,3.0,95.0,0,332.0,0.1360655737704918,12.506177237980511,12.896716695872,12.662186832558497,315586.10273521265
False,False,2025-12-29,1825000.0,33.01041133,-117.05473609,2950.0,92064 - Poway,True,9.0,0.7,1973.0,3.0,Poway,4.0,False,1.0,One,30492.0,False,3.0,Tustin Unified,92064,398.0,30492.0,618.6440677966102,1.3333333333333333,52.0,0,737.5,0.09674668765577857,14.417090544998729,14.042638194103073,14.290062227570164,1607293.437428283
True,True,2025-12-08,860000.0,33.882162,-117.486157,2255.0,252 - Riverside,True,3.0,0.18,1991.0,3.0,Riverside,4.0,True,2.0,Two,7841.0,False,3.0,Riverside Unified,92503,109.0,7841.0,381.3747228381375,1.3333333333333333,34.0,0,563.75,0.28759086851166943,13.664687668229691,13.399995114002609,13.456079859823532,698073.6275821376
False,False,2025-12-29,603990.0,33.774695,-117.453052,1366.0,248 - Corona,True,2.0,0.0897,2025.0,2.0,Corona,2.0,False,1.0,One,3909.0,True,2.0,Corona-Norco Unified,92883,340.0,3909.0,442.1595900439239,1.0,0.0,0,683.0,0.3494499872090049,13.311312920488504,13.547957803444275,13.351550382315285,628788.5950662037
False,False,2025-12-02,1498000.0,37.88756707,-122.18688884,2212.0,699 - Not Defined,True,2.0,0.1686,1980.0,2.0,Orinda,3.0,True,2.0,One,7344.0,False,2.0,Other,94563,365.0,7344.0,677.2151898734177,1.5,45.0,0,737.3333333333334,0.30119825708061004,14.219641443059302,14.408837403242009,14.33171602414043,1675657.2329141393
True,False,2025-12-16,2500000.0,34.16167,-118.409728,2999.0,VVL - Valley Village,True,2.0,0.2239,1949.0,4.0,Valley Village,4.0,True,2.0,Two,9753.0,False,2.0,William S. Hart Union,91607,0.0,9753.0,833.6112037345782,1.0,76.0,0,749.75,0.3074951297036809,14.73180128983843,14.132142793443558,14.489324114556988,1961704.1437807947
False,False,2025-12-03,644990.0,34.002737,-117.288265,1865.0,252 - Riverside,True,2.0,0.1514,2025.0,2.0,Riverside,3.0,False,1.0,One,6594.0,True,2.0,Riverside Unified,92507,103.0,6594.0,345.83914209115284,1.5,0.0,0,621.6666666666666,0.2828328783742797,13.376990091781755,13.38472764187182,13.352446262933057,629352.1669900878
False,False,2025-12-15,1410000.0,33.724099,-117.824333,2243.0,71 - Tustin,True,2.0,0.1492,1969.0,3.0,Tustin,4.0,True,2.0,Two,6500.0,False,2.0,Tustin Unified,92780,55.0,6500.0,628.6223807400803,1.3333333333333333,56.0,0,560.75,0.34507692307692306,14.15910026235435,14.077874822431765,14.18307663728315,1444215.2281351397
True,False,2025-12-24,1226000.0,34.382708,-118.412597,2947.0,SAND - Sand Canyon,True,4.0,0.9264,1964.0,3.0,Canyon Country,5.0,True,1.0,One,40352.0,False,4.0,Los Angeles Unified,91387,0.0,40352.0,416.0162877502545,1.6666666666666667,61.0,0,589.4,0.07303231562252181,14.019267395478293,13.737549016494562,14.09103739574726,1317224.4557085359
True,True,2025-12-24,470000.0,33.286815000000004,-116.396174,1729.0,92004 - Borrego Springs,True,4.0,0.39,1992.0,3.0,Borrego Springs,2.0,True,1.0,One,0.39,False,2.0,Borrego Springs Unified,92004,0.0,16988.4,271.8334297281665,0.6666666666666666,33.0,0,864.5,0.1017753290480563,13.060487973686241,12.821258284620408,12.868462174584538,387884.2209975363
False,False,2025-12-11,849561.0,34.413977,-118.606368,2335.0,FPTV - FivePoint Valencia,True,2.0,0.057,2025.0,3.0,Valencia,3.0,False,1.0,ThreeOrMore,2484.0,True,2.0,William S. Hart Union,91381,275.0,2484.0,363.837687366167,1.0,0.0,0,778.3333333333334,0.9400161030595813,13.65247502446139,14.038654109278484,14.059618042823393,1276481.5255530688
True,True,2025-12-19,570000.0,34.660545,-118.191028,2064.0,LAC - Lancaster,True,2.0,0.2239,1980.0,3.0,Lancaster,3.0,True,1.0,One,9752.0,False,2.0,Lancaster,93536,0.0,9752.0,276.16279069767444,1.0,45.0,0,688.0,0.21164889253486463,13.253391639810733,13.224918336616522,13.308642252194847,602379.0951110967
True,False,2025-12-01,709000.0,34.039623,-117.057102,2966.0,269 - Yucaipa/Calimesa/Oak Glen,True,2.0,0.14,2004.0,3.0,Yucaipa,4.0,True,2.0,Two,6098.0,False,2.0,Yucaipa/Calimesa Unified,92399,83.0,6098.0,239.0424814565071,1.3333333333333333,21.0,0,741.5,0.4863889799934405,13.471610805514265,13.274219822166483,13.411592093812141,667698.5604177708
True,False,2025-12-05,599000.0,38.09045974,-120.94920199,1480.0,SRCAR - Southwest Riverside County,True,2.0,1.87,1987.0,2.0,Linden,3.0,True,1.0,One,81457.0,False,2.0,Escondido Union,95236,0.0,81457.0,404.72972972972974,1.5,38.0,0,493.3333333333333,0.018169095350921344,13.303016877097587,13.687677186454389,13.590302057578109,798349.7451749129
False,False,2025-12-30,565000.0,34.248028000000005,-117.492607,1634.0,698 - Lytle Creek,True,2.0,0.7367,1983.0,2.0,Lytle Creek,3.0,True,1.0,One,32089.0,False,2.0,Rialto Unified,92358,0.0,32089.0,345.77723378212977,1.5,42.0,0,544.6666666666666,0.05092087631275515,13.244581010128577,12.971999984418034,12.992759865953156,439221.82736625685
False,False,2025-12-12,905000.0,32.75610462,-116.91706677,1464.0,92019 - El Cajon,True,4.0,0.1474,1984.0,2.0,El Cajon,4.0,True,1.0,One,6419.0,False,2.0,Torrance Unified,92019,0.0,6419.0,618.1693989071039,2.0,41.0,0,366.0,0.22807290855273407,13.715690222682063,13.773646353865574,13.626942504604537,828144.1435296098
False,False,2025-12-01,630000.0,37.732505,-121.456236,2241.0,249 - Eastvale,True,2.0,0.1313,2000.0,3.0,Tracy,3.0,True,2.0,Two,5720.0,False,2.0,Tracy Joint Unified,95377,0.0,5720.0,281.12449799196787,1.0,25.0,0,747.0,0.39178321678321676,13.353475098367715,13.569648381962956,13.608827391585598,813277.2827586904
True,True,2025-12-19,1089000.0,33.986486,-117.857157,1785.0,668 - Walnut,True,2.0,0.1989999999999999,1972.0,2.0,Walnut,3.0,True,1.0,One,8668.0,False,2.0,Rowland Unified,91789,0.0,8668.0,610.0840336134454,1.5,53.0,0,595.0,0.20592985694508537,13.900770401915098,13.963930563082547,13.929801621200683,1121078.382103272
True,False,2025-12-15,732000.0,33.860975,-118.132047,728.0,"21 - Crest Gardens, Mayfair, Signature",False,1.0,0.1435,1942.0,1.0,Lakewood,2.0,False,1.0,One,6253.0,False,1.0,Long Beach Unified,90712,0.0,6253.0,1005.4945054945056,2.0,83.0,0,364.0,0.11642411642411643,13.503535792943449,13.671639520838347,13.39160651859027,654486.683847442
True,False,2025-12-19,927000.0,33.123901000000004,-117.213968,1735.0,92078 - San Marcos,True,2.0,0.1102,1979.0,2.0,San Marcos,2.0,True,1.0,One,4800.0,False,2.0,San Marcos Unified,92078,285.0,4800.0,534.2939481268012,1.0,46.0,0,867.5,0.3614583333333333,13.739708844547993,14.075178214680975,13.878058926663696,1064545.9483756083
False,False,2025-12-03,800000.0,34.212251,-118.52047,1257.0,RES - Reseda,True,2.0,0.1384,1953.0,2.0,Reseda,3.0,True,1.0,One,6027.0,False,2.0,Los Angeles Unified,91335,0.0,6027.0,636.4359586316627,1.5,72.0,0,419.0,0.20856147336983574,13.592367006650065,13.652991628466498,13.602133659404121,807851.6017250916
False,False,2025-12-05,1229990.0,33.863741,-117.434333,4485.0,252 - Riverside,True,3.0,0.2658,2024.0,6.0,Riverside,6.0,False,2.0,Two,11577.0,True,3.0,Riverside Unified,92503,277.0,11577.0,274.2452619843924,1.0,1.0,0,747.5,0.38740606374708475,14.022516597234251,13.399995114002609,13.98901675232635,1189468.0547425973
True,False,2025-12-12,600000.0,37.73424871,-121.43326017,2135.0,637 - Los Feliz,True,2.0,0.0884,2001.0,3.0,Tracy,3.0,True,2.0,Two,3852.0,False,2.0,Riverside Unified,95376,170.0,3852.0,281.0304449648712,1.0,24.0,0,711.6666666666666,0.5542575285565939,13.304684934198283,13.279367126213993,13.328741548632372,614608.9854893204
True,False,2025-12-05,1047000.0,36.57197597,-121.72484232,1934.0,699 - Not Defined,True,0.0,0.14,1981.0,2.0,Salinas,3.0,True,1.0,One,6098.0,False,2.0,Other,93908,380.0,6098.0,541.3650465356774,1.5,44.0,0,644.6666666666666,0.317153164972122,13.861439489852675,13.99543183135603,13.959208572003575,1154535.4023927334
True,False,2025-12-15,1569000.0,34.451767,-119.81947,2073.0,VC81 - Santa Barbara,True,6.0,0.23,1962.0,3.0,Santa Barbara,4.0,True,1.0,One,10019.0,False,2.0,Garden Grove Unified,93111,0.0,10019.0,756.8740955137482,1.3333333333333333,63.0,0,518.25,0.20690687693382573,14.26594903171517,15.14839148508171,14.882804034454685,2907499.6251643333
False,False,2025-12-04,699990.0,33.798732,-117.194777,3237.0,SRCAR - Southwest Riverside County,True,2.0,0.1747,2025.0,4.0,Perris,5.0,False,2.0,Two,7608.0,True,2.0,Perris Union High,92571,0.0,7608.0,216.2465245597776,1.25,0.0,0,647.4,0.42547318611987384,13.458821328209215,13.214938819306386,13.475292173209153,711614.8999465754
True,False,2025-12-22,6080000.0,34.115386,-118.128876,5342.0,655 - San Marino,True,2.0,0.5024,1928.0,6.0,San Marino,5.0,True,2.0,Two,21884.0,False,2.0,Fountain Valley,91108,0.0,21884.0,1138.1505054286783,0.8333333333333334,97.0,0,1068.4,0.24410528239809906,15.620515253942349,14.878494177522658,15.495309172494446,5364475.53490757
False,False,2025-12-23,515000.0,34.782358,-118.280946,2333.0,LAC - Lancaster,True,3.0,2.5035,1989.0,2.0,Lancaster,4.0,True,1.0,One,109053.0,False,3.0,Antelope Valley Union,93536,0.0,109053.0,220.74582083154732,2.0,36.0,0,583.25,0.021393267493787425,13.151922179645874,13.224918336616522,13.365956902786401,637912.8171704628
True,False,2025-12-11,664900.0,34.584883000000005,-117.138145,2033.0,APPV - Apple Valley,True,3.0,0.7543,2025.0,2.0,Apple Valley,4.0,False,1.0,One,32856.0,True,3.0,Apple Valley Unified,92307,0.0,32856.0,327.05361534677814,2.0,0.0,0,508.25,0.061876065254443634,13.407391932390546,13.049792684569493,13.172187610046768,525543.1667357266
True,False,2025-12-24,1700000.0,33.74115,-118.098603,903.0,1A - Seal Beach,True,4.0,0.0861,1941.0,1.0,Seal Beach,2.0,True,1.0,One,3750.0,False,2.0,Los Alamitos Unified,90740,0.0,3750.0,1882.6135105204871,2.0,84.0,0,451.5,0.2408,14.346138809026444,14.28551418721001,13.844911642907043,1029837.563992082
True,False,2025-12-15,584000.0,34.087224,-117.197991,1648.0,268 - Redlands,True,2.0,0.0803,2025.0,3.0,Redlands,3.0,False,2.0,Two,3500.0,True,2.0,Redlands Unified,92374,145.0,3500.0,354.36893203883494,1.0,0.0,0,549.3333333333334,0.47085714285714286,13.277656261810364,13.299666780812677,13.241331526501673,563167.0214805325
True,False,2025-12-05,739990.0,33.74029,-117.461364,2079.0,248 - Corona,True,4.0,0.093,2025.0,3.0,Corona,4.0,False,2.0,Two,4050.0,False,2.0,Corona-Norco Unified,92883,195.0,4050.0,355.9355459355459,1.3333333333333333,0.0,0,519.75,0.5133333333333333,13.514391951575531,13.547957803444275,13.557750409511497,772780.5624937275
True,False,2025-12-03,8500000.0,34.103839,-118.383941,5100.0,C03 - Sunset Strip - Hollywood Hills West,True,2.0,0.3711,1960.0,8.0,Los Angeles,4.0,True,1.0,MultiSplit,16167.0,False,2.0,Ontario-Montclair,90069,0.0,16167.0,1666.6666666666667,0.5,65.0,0,1275.0,0.31545741324921134,15.955576721460545,14.827111469642754,15.547823726649769,5653716.794920314
True,False,2025-12-26,429900.0,34.496219,-117.27565,1693.0,VIC - Victorville,True,2.0,0.1953,1985.0,2.0,Victorville,3.0,True,1.0,One,8508.0,False,2.0,Victor Valley Unified,92395,412.75,8508.0,253.9279385705848,1.5,40.0,0,564.3333333333334,0.19898918664786083,12.971307902484373,12.947950462906661,12.956537997485741,423597.0791933328
True,False,2025-12-02,610000.0,33.5818,-117.201495,1767.0,SRCAR - Southwest Riverside County,True,2.0,0.1,2000.0,2.0,Murrieta,3.0,False,1.0,One,4356.0,False,2.0,Murrieta,92562,333.0,4356.0,345.217883418223,1.5,25.0,0,589.0,0.4056473829201102,13.321214236149494,13.487006490992238,13.354826608923151,630852.0272821658
True,True,2025-12-04,635000.0,33.724491,-116.374607,1655.0,322 - North Palm Desert,False,2.0,0.21,1956.0,2.0,Palm Desert,3.0,True,1.0,One,9148.0,False,0.0,Desert Sands Unified,92260,0.0,9148.0,383.6858006042296,1.5,69.0,0,551.6666666666666,0.18091386095321382,13.36138027787483,13.624349319661324,13.577858853515664,788477.266398575
True,False,2025-12-22,445000.0,34.494694,-117.215418,2247.0,APPV - Apple Valley,True,0.0,0.6887,1979.0,2.0,Apple Valley,3.0,True,1.0,One,30000.0,False,0.0,Apple Valley Unified,92308,0.0,30000.0,198.04183355585224,1.5,46.0,0,749.0,0.0749,13.005829561148378,12.936033799212835,13.091775834110516,484937.76112640795
True,False,2025-12-11,1065000.0,34.152838,-118.59012,2856.0,WHLL - Woodland Hills,False,0.0,0.1031,1965.0,3.0,Woodland Hills,4.0,True,2.0,Two,4493.0,False,0.0,Torrance Unified,91364,398.0,4493.0,372.89915966386553,1.3333333333333333,60.0,0,714.0,0.635655464055197,13.878485357125662,14.15910026235435,14.28596409670309,1600720.017148058
False,False,2025-12-12,565000.0,34.199436,-118.59078999999998,1322.0,CP - Canoga Park,False,2.0,0.1155,1955.0,1.0,Canoga Park,3.0,True,1.0,One,5032.0,False,2.0,Fremont Unified,91303,0.0,5032.0,427.3827534039334,3.0,70.0,0,440.6666666666667,0.2627186009538951,13.244581010128577,13.651814465293484,13.509558482529718,736421.9113105027
True,False,2025-12-05,1030000.0,34.035854,-118.342685,1092.0,C16 - Mid Los Angeles,True,1.0,0.0722,1923.0,2.0,Los Angeles,2.0,False,1.0,One,3147.0,False,3.0,Lompoc Unified,90016,220.0,3147.0,943.2234432234432,1.0,102.0,0,546.0,0.34699714013346045,13.845069360205818,13.849900315661687,13.662825870874558,858400.3438544491
True,False,2025-12-11,597000.0,33.722859,-117.132608,2207.0,SRCAR - Southwest Riverside County,True,2.0,0.1465,2023.0,3.0,Menifee,4.0,True,2.0,Two,6382.0,False,2.0,Menifee Union,92585,98.0,6382.0,270.50294517444496,1.3333333333333333,2.0,0,551.75,0.3458163585083046,13.29967239237474,13.304684934198283,13.367180854827296,638694.069875343
False,False,2025-12-01,1510000.0,33.929431,-117.890834,2538.0,86 - Brea,True,8.0,0.1784,1965.0,3.0,Brea,5.0,True,2.0,Two,7770.0,False,2.0,Brea-Olinda Unified,92821,0.0,7770.0,594.956658786446,1.6666666666666667,60.0,0,507.6,0.32664092664092664,14.227620208791107,13.997832114758229,14.156417781317744,1406222.7701770552
False,False,2025-12-19,810000.0,33.963131,-118.114463,1629.0,"D2 - Northwest Downey, N of Firestone, W of Downey",True,1.0,0.1186,1949.0,2.0,Downey,3.0,True,1.0,One,5166.0,False,1.0,Downey Unified,90240,0.0,5166.0,497.2375690607735,1.5,76.0,0,543.0,0.3153310104529617,13.604789526648622,13.835929041168361,13.8500330031859,1035125.261731284
True,True,2025-12-11,1145000.0,34.230507,-118.60966299999998,1795.0,WEH - West Hills,True,2.0,0.3028,1962.0,3.0,West Hills,4.0,True,1.0,One,13192.0,False,2.0,Los Angeles Unified,91304,0.0,13192.0,637.8830083565459,1.3333333333333333,63.0,0,448.75,0.13606731352334747,13.950915194970477,13.846039762999096,13.830425686872779,1015026.9145178123
True,False,2025-12-11,1700000.0,34.283261,-119.281301,1875.0,SRCAR - Southwest Riverside County,True,2.0,0.21,1977.0,2.0,Ventura,3.0,False,2.0,Two,9147.0,True,2.0,Paradise Unified,93001,0.0,9147.0,906.6666666666666,1.5,48.0,0,625.0,0.2049852410626435,14.346138809026444,13.90609809121013,13.8107613605045,995262.0621467318
True,True,2025-12-02,1359000.0,32.756725,-116.98055,3292.0,91941 - La Mesa,True,4.0,0.2433,1973.0,4.0,La Mesa,5.0,True,2.0,Two,10600.0,False,2.0,Grossmont Union,91941,0.0,10600.0,412.81895504252736,1.25,52.0,0,658.4,0.31056603773584907,14.12225969313328,13.903955641362648,14.225056261907579,1506133.3992035987
False,False,2025-12-01,2250000.0,37.26270178,-121.96321155,2165.0,699 - Not Defined,True,2.0,0.0664,2018.0,3.0,Los Gatos,4.0,False,1.0,Two,2893.0,False,2.0,Other,95032,200.0,2893.0,1039.2609699769052,1.3333333333333333,7.0,0,541.25,0.7483581057725545,14.626440774180603,14.927301792587102,14.747338272557124,2539145.7729232227
False,False,2025-12-30,1700000.0,34.078441999999995,-118.38531100000002,1536.0,C10 - West Hollywood Vicinity,True,1.0,0.0892,1924.0,2.0,West Hollywood,3.0,True,1.0,One,3886.0,False,0.0,Los Angeles Unified,90048,0.0,3886.0,1106.7708333333333,1.5,101.0,0,512.0,0.3952650540401441,14.346138809026444,14.718711430946737,14.393570655790283,1782577.0493715552
True,False,2025-12-08,1210000.0,34.110116999999995,-118.4379,1200.0,C02 - Beverly Hills Post Office,True,2.0,0.5311,1923.0,1.0,Beverly Hills,2.0,True,1.0,One,23134.0,False,3.0,Los Angeles Unified,90210,0.0,23134.0,1008.3333333333334,2.0,102.0,0,600.0,0.05187170398547592,14.006130917572923,15.053884789007542,14.634357310710595,2267882.8991088565
True,False,2025-12-08,1150000.0,33.007882,-116.825848,3777.0,92065 - Ramona,True,9.0,0.91,2001.0,4.0,Ramona,7.0,True,1.0,One,0.91,False,3.0,Ramona Unified,92065,175.0,39639.6,304.4744506221869,1.75,24.0,0,539.5714285714286,0.09528350437441346,13.955272500339433,13.623138665316818,14.131374092953896,1371443.088860122
True,False,2025-12-22,2779050.0,34.101043,-118.267922,2633.0,C21 - Silver Lake - Echo Park,True,2.0,0.1304,1989.0,4.0,Los Angeles,3.0,True,2.0,ThreeOrMore,5680.0,False,2.0,See Remarks,90039,0.0,5680.0,1055.469046714774,0.75,36.0,0,877.6666666666666,0.46355633802816903,14.837619700646268,14.283164926819232,14.383930722211531,1765475.6854559442
True,False,2025-12-03,396000.0,39.746811,-121.785955,1346.0,699 - Not Defined,True,2.0,0.21,1997.0,2.0,Chico,3.0,True,1.0,One,0.21,False,2.0,Chico Unified,95928,465.0,9147.6,294.2050520059435,1.5,28.0,0,448.6666666666667,0.1471424198696926,12.889169490236618,13.078384738024758,13.003461594289293,443947.50138043606
True,False,2025-12-17,637000.0,33.84427,-118.007694,1216.0,82 - Buena Park,True,1.0,0.0202,1965.0,2.0,Buena Park,3.0,False,2.0,Two,879.0,False,1.0,Anaheim Union High,90620,270.0,879.0,523.8486842105264,1.5,60.0,0,405.3333333333333,1.3833902161547214,13.3645249345543,13.741593969296583,13.444910139250078,690319.7252995599
True,False,2025-12-19,1250000.0,37.61930683,-122.48342544,1315.0,699 - Not Defined,True,2.0,0.135,1957.0,2.0,Pacifica,3.0,True,1.0,Two,5882.0,False,2.0,Other,94044,0.0,5882.0,950.5703422053232,1.5,68.0,0,438.3333333333333,0.22356341380482828,14.038654109278484,14.038654109278484,13.918854876137045,1108873.1485286567
True,False,2025-12-17,1060000.0,34.166303000000006,-118.598229,1384.0,WHLL - Woodland Hills,True,3.0,0.1303,2021.0,3.0,Woodland Hills,2.0,False,2.0,Two,5675.0,False,3.0,Los Angeles Unified,91364,0.0,5675.0,765.8959537572255,0.6666666666666666,4.0,0,692.0,0.24387665198237884,13.87377946608825,14.15910026235435,13.89009919689694,1077440.842496019
False,False,2025-12-03,899000.0,33.99935,-118.298371,2008.0,287A - Arrowhead Woods,True,2.0,0.1492,1910.0,2.0,Los Angeles,3.0,False,1.0,One,6500.0,False,0.0,Los Angeles Unified,90037,157.0,6500.0,447.7091633466136,1.5,115.0,0,669.3333333333334,0.3089230769230769,13.709038313453757,13.42984807715229,13.485823575561628,719148.8044354008
False,True,2025-12-12,7750000.0,34.221148,-118.195966,9173.0,634 - La Canada Flintridge,True,3.0,0.9233,2005.0,8.0,La Canada Flintridge,5.0,True,2.0,Two,40220.0,False,3.0,Other,91011,0.0,40220.0,844.8708165267633,0.625,20.0,0,1834.6,0.22807061163600198,15.86320340132953,14.635290389457586,15.616912121757066,6058132.375941647
True,False,2025-12-08,850000.0,34.176303000000004,-118.908448,1816.0,NBPK - Newbury Park,True,2.0,0.13,1979.0,3.0,Newbury Park,3.0,True,2.0,Two,5662.0,False,2.0,Los Angeles Unified,91320,0.0,5662.0,468.0616740088106,1.0,46.0,0,605.3333333333334,0.32073472271282233,13.652991628466498,13.933293593620657,13.844813082259943,1029736.0675372276
True,False,2025-12-23,1200000.0,34.296673,-118.75863,3181.0,SVC - Central Simi,True,3.0,0.15,2005.0,5.0,Simi Valley,5.0,True,2.0,Two,6534.0,False,3.0,Simi Valley Unified,93065,260.0,6534.0,377.2398616787174,1.0,20.0,0,636.2,0.48683807774716864,13.997832114758229,13.676248490630767,13.925307060434376,1116050.9337405176
False,False,2025-12-26,538000.0,33.941878,-118.234067,1235.0,699 - Not Defined,True,1.0,0.0746,1957.0,2.0,Los Angeles,4.0,False,1.0,One,3251.0,False,1.0,Los Angeles Unified,90002,0.0,3251.0,435.6275303643725,2.0,68.0,0,308.75,0.37988311288834203,13.195613839143922,13.287734158360443,13.199998645562617,540364.2053567164
False,False,2025-12-10,1462500.0,32.96528711,-117.03127356,2060.0,92064 - Poway,True,4.0,1.31,1972.0,3.0,Poway,4.0,True,1.0,One,57063.0,False,0.0,El Monte Union High,92064,0.0,57063.0,709.9514563106796,1.3333333333333333,53.0,0,515.0,0.03610045037940522,14.195657858088149,14.042638194103073,14.062547514538803,1280226.4246872994
True,False,2025-12-04,355000.0,34.4868,-117.188048,1632.0,699 - Not Defined,True,2.0,0.3857,1980.0,2.0,Apple Valley,3.0,True,1.0,One,16800.0,False,2.0,Apple Valley Unified,92308,0.0,16800.0,217.52450980392155,1.5,45.0,0,544.0,0.09714285714285714,12.779873068457553,12.936033799212835,12.926598853050539,411102.91066595836
True,False,2025-12-09,1250000.0,33.760431,-117.991236,2379.0,59 - Westminster North of 405 & Westminster,False,2.0,0.1627,1947.0,4.0,Westminster,5.0,False,1.0,One,7088.0,False,2.0,Westminster Unified,92683,0.0,7088.0,525.4308532997057,1.25,78.0,0,475.8,0.33563769751693,14.038654109278484,13.933293593620657,14.173547488053845,1430518.4486788602
False,False,2025-12-30,887000.0,36.92458908,-121.74867749,1772.0,699 - Not Defined,False,2.0,0.151,1953.0,2.0,Watsonville,3.0,True,2.0,One,6578.0,False,2.0,Other,95076,0.0,6578.0,500.5643340857788,1.5,72.0,0,590.6666666666666,0.26938279112192154,13.695600261291716,13.723849529400505,13.803842782069902,988400.0286372197
True,False,2025-12-18,1540000.0,33.544459,-117.635485,2539.0,LD - Ladera Ranch,True,3.0,0.1171,2002.0,3.0,Ladera Ranch,4.0,True,2.0,Two,5099.0,False,3.0,Capistrano Unified,92694,231.0,5099.0,606.5380070894053,1.3333333333333333,23.0,0,634.75,0.4979407727005295,14.247292974389811,14.232573444874031,14.3054486788243,1632215.2167565501
True,False,2025-12-19,1550000.0,34.27961,-118.595433,3980.0,CHT - Chatsworth,True,2.0,0.6681,2022.0,5.0,Chatsworth,4.0,True,2.0,Two,29104.0,False,2.0,Downey Unified,91311,440.0,29104.0,389.4472361809045,0.8,3.0,0,995.0,0.13675096206706983,14.253765488895429,13.944283046980045,14.714626933617643,2457430.705901318
True,False,2025-12-05,1266000.0,35.623339,-120.65179,3568.0,PRIC - PR Inside City Limit,True,2.0,0.8,2004.0,3.0,Paso Robles,3.0,True,1.0,One,34848.0,False,2.0,Paso Robles Joint Unified,93446,0.0,34848.0,354.8206278026906,1.0,21.0,0,1189.3333333333333,0.10238751147842057,14.051372881686259,13.591116224748411,14.071601144797505,1291869.74902885
False,False,2025-12-02,815000.0,32.61206339,-117.03212159,1414.0,91911 - Chula Vista,True,4.0,2.5,1970.0,2.0,San Diego,4.0,False,1.0,One,5400.0,False,2.0,William S. Hart Union,91911,0.0,18819.0,576.3790664780764,2.0,55.0,0,353.5,0.07513682979967054,13.610943392223,13.617059619240436,13.58547027026863,794501.5932201715
True,True,2025-12-24,1300000.0,33.744931,-118.315915,1484.0,186 - Miraleste Pines,True,2.0,0.1623,1955.0,2.0,San Pedro,3.0,True,1.0,One,7068.0,False,2.0,Los Angeles Unified,90732,0.0,7068.0,876.0107816711591,1.5,70.0,0,494.6666666666667,0.20996038483305038,14.077874822431765,13.946538820370678,13.851460411743371,1036603.8634212335
True,False,2025-12-02,2600000.0,35.186801,-120.542398,2945.0,AG-East of Hwy 101,True,3.0,0.68,2003.0,4.0,Arroyo Grande,4.0,True,1.0,One,29621.0,False,3.0,Lucia Mar Unified,93420,730.0,29621.0,882.8522920203735,1.0,22.0,0,736.25,0.09942270686337396,14.77102200299171,13.953093847654955,14.257154513396669,1555261.8992934471
True,True,2025-12-19,610000.0,33.537368,-117.125856,2626.0,699 - Not Defined,True,3.0,0.17,1988.0,3.0,Temecula,5.0,True,2.0,Two,7405.0,False,3.0,Temecula Unified,92591,0.0,7405.0,232.29246001523228,1.6666666666666667,37.0,0,525.2,0.3546252532072924,13.321214236149494,13.514405465180353,13.604444618156924,809720.6722957426
False,False,2025-12-18,2495000.0,32.68862806,-117.17134055,1064.0,92118 - Coronado,False,3.0,0.1882,1944.0,1.0,Coronado,2.0,False,1.0,One,6098.0,False,2.0,Los Angeles Unified,92118,112.0,4000.0,2344.924812030076,2.0,81.0,0,532.0,0.266,14.729799287167756,14.925872877186109,14.558210279405634,2101601.601529443
True,False,2025-12-17,790000.0,33.886553,-117.536658,1990.0,248 - Corona,True,3.0,0.12,1988.0,3.0,Corona,4.0,True,2.0,Two,5227.0,False,3.0,Corona-Norco Unified,92879,0.0,5227.0,396.9849246231156,1.3333333333333333,37.0,0,497.5,0.38071551559211786,13.579788224443204,13.500799813124575,13.532221116914325,753301.7198615994
False,False,2025-12-23,1066667.0,34.154374,-119.218975,1071.0,VC32 - Oxnard - Port Hueneme Beaches,False,0.0,0.0562,1956.0,1.0,Oxnard,2.0,False,1.0,One,2450.0,False,0.0,Hesperia Unified,93035,0.0,2450.0,995.9542483660132,2.0,69.0,0,535.5,0.43714285714285717,13.880049391601796,14.077874822431765,13.822930870714934,1007447.9114928528
True,False,2025-12-16,700000.0,37.93633862,-121.68327897,2286.0,C03 - Sunset Strip - Hollywood Hills West,True,2.0,0.1099,2004.0,3.0,Brentwood,4.0,True,2.0,Two,4788.0,False,2.0,Paso Robles Joint Unified,94513,0.0,4788.0,306.2117235345582,1.3333333333333333,21.0,0,571.5,0.4774436090225564,13.458835614025542,13.591116224748411,13.575965835586606,786986.0766663858
True,False,2025-12-05,1190000.0,35.124429,-120.607118,3074.0,GRVC - Grover Beach,True,6.0,0.1761,1959.0,3.0,Grover Beach,4.0,True,1.0,MultiSplit,7670.0,False,2.0,Lucia Mar Unified,93433,0.0,7670.0,387.11776187378007,1.3333333333333333,66.0,0,768.5,0.4007822685788788,13.989463865087712,13.576613610603875,13.806511161834553,991040.9772328946
True,False,2025-12-08,2275000.0,33.51379,-117.700564,2579.0,LNSLT - Salt Creek,True,6.0,0.2231,1990.0,3.0,Laguna Niguel,4.0,True,2.0,Two,9720.0,False,3.0,Capistrano Unified,92677,225.0,9720.0,882.1248545948042,1.3333333333333333,35.0,0,644.75,0.2653292181069959,14.637490610367188,14.349075668699754,14.419089554840923,1828651.8417797587
True,True,2025-12-17,1000000.0,33.787681,-116.368941,2541.0,322 - North Palm Desert,True,2.0,0.4,2018.0,3.0,Palm Desert,3.0,True,1.0,One,17424.0,False,2.0,Laguna Beach Unified,92211,274.0,17424.0,393.5458480913026,1.0,7.0,0,847.0,0.14583333333333334,13.815510557964274,13.226723392728571,13.532964927654978,753862.242207213
True,True,2025-12-08,945000.0,32.724671,-117.111768,1432.0,92105 - East San Diego,False,5.0,0.1469,1958.0,2.0,San Diego,4.0,True,2.0,Two,6400.0,False,1.0,San Diego Unified,92105,0.0,6400.0,659.9162011173185,2.0,67.0,0,358.0,0.22375,13.758940206475879,13.422467969854667,13.40151238400367,661002.1582807923
True,False,2025-12-30,2290000.0,33.066626,-117.244717,3881.0,92009 - Carlsbad,True,5.0,0.223,2003.0,5.0,Carlsbad,5.0,True,2.0,Two,9716.0,False,3.0,Carlsbad Unified,92009,175.0,9716.0,590.0541097655243,1.0,22.0,0,776.2,0.39944421572663646,14.644062375530423,14.457364444136669,14.756491166836646,2562492.9900546926
False,False,2025-12-22,1460000.0,33.68424,-117.804997,1851.0,WB - Woodbridge,True,2.0,0.0552,1977.0,3.0,Irvine,3.0,True,2.0,Two,2406.0,False,2.0,Irvine Unified,92604,147.0,2406.0,788.762830902215,1.0,48.0,0,617.0,0.7693266832917706,14.19394699368452,14.271780330445122,14.033274504849356,1243293.549662355
True,False,2025-12-15,1199000.0,36.78919936,-121.62715244,2892.0,699 - Not Defined,True,8.0,7.46,1979.0,3.0,Salinas,4.0,True,2.0,MultiSplit,324958.0,False,2.0,Other,93907,420.0,324958.0,414.5919778699862,1.3333333333333333,46.0,0,723.0,0.008899611642119904,13.996998434009651,13.635187003832993,14.02850253221374,1237374.7203429257
True,True,2025-12-08,1542500.0,33.171879,-117.233933,3510.0,92081 - Vista,True,4.0,0.46,1984.0,3.0,Vista,4.0,True,1.0,One,0.46,False,2.0,Vista Unified,92081,46.0,20037.6,439.45868945868943,1.3333333333333333,41.0,0,877.5,0.1751706791232483,14.24891503476168,13.835313185260453,14.282986099227752,1595960.1679054967
True,False,2025-12-05,600000.0,33.877798,-117.208613,2145.0,259 - Moreno Valley,True,3.0,0.17,2004.0,3.0,Moreno Valley,5.0,True,1.0,One,7405.0,False,3.0,Moreno Valley Unified,92555,35.0,7405.0,279.72027972027973,1.6666666666666667,21.0,0,429.0,0.28966914247130315,13.304684934198283,13.304684934198283,13.340171360817736,621674.1505997487
False,False,2025-12-24,640000.0,33.946835,-117.406798,1347.0,252 - Riverside,False,2.0,0.2,1952.0,2.0,Riverside,3.0,True,1.0,One,8712.0,False,2.0,Riverside Unified,92504,0.0,8712.0,475.1299183370453,1.5,73.0,0,449.0,0.15461432506887052,13.369223455335854,13.353475098367715,13.312814477584675,604897.6067116357
True,False,2025-12-05,750000.0,34.632907,-120.479205,2953.0,LOMP - Lompoc,True,2.0,0.17,2005.0,3.0,Lompoc,4.0,True,2.0,Two,7405.0,False,2.0,Lompoc Unified,93436,0.0,7405.0,253.9790044023027,1.3333333333333333,20.0,0,738.25,0.3987846049966239,13.527828485512494,13.315443355929407,13.39694725532137,657991.4756743731
True,False,2025-12-09,989000.0,33.20929,-117.337192,1672.0,92054 - Oceanside,True,2.0,0.3605,1980.0,2.0,Oceanside,4.0,True,1.0,One,15704.0,False,2.0,Oceanside Unified,92054,0.0,15704.0,591.5071770334928,2.0,45.0,0,418.0,0.10646968925114621,13.804449610604848,14.09692301740246,14.018710252075383,1225317.1324332757
False,False,2025-12-22,700000.0,34.218557000000004,-118.442078,1180.0,PC - Panorama City,True,1.0,0.133,1949.0,1.0,Panorama City,2.0,False,1.0,One,5793.0,False,2.0,Menifee Union,91402,0.0,5793.0,593.2203389830509,2.0,76.0,0,590.0,0.20369411358536163,13.458835614025542,13.554145793829866,13.426299058160808,677590.9445062536
False,False,2025-12-04,720000.0,37.95847031,-121.77400574,2580.0,160 - Lunada Bay/Margate,True,2.0,0.1538,1997.0,3.0,Antioch,4.0,True,2.0,Two,6700.0,False,2.0,Mount Diablo,94531,0.0,6700.0,279.06976744186045,1.3333333333333333,28.0,0,645.0,0.3850746268656716,13.487006490992238,13.415032991367148,13.509815043568866,736610.8727203511
True,False,2025-12-04,680000.0,33.762559,-117.496078,1888.0,248 - Corona,True,2.0,0.1,2003.0,2.0,Corona,2.0,True,1.0,One,4356.0,False,2.0,Corona-Norco Unified,92883,359.0,4356.0,360.1694915254237,1.0,22.0,0,944.0,0.43342516069788795,13.42984807715229,13.547957803444275,13.409445132331767,666266.5750867801
True,True,2025-12-10,670000.0,34.665993,-118.203007,2170.0,LAC - Lancaster,True,2.0,0.6251,1988.0,2.0,Lancaster,4.0,True,1.0,One,27230.0,False,2.0,Antelope Valley Union,93536,0.0,27230.0,308.7557603686636,2.0,37.0,0,542.5,0.07969151670951156,13.415032991367148,13.224918336616522,13.330055220305844,615416.9104617058
False,False,2025-12-09,660000.0,33.899618,-118.051592,776.0,M1 - Norwalk,False,1.0,0.1183,1950.0,1.0,Norwalk,2.0,False,1.0,One,5152.0,False,1.0,Norwalk - La Mirada,90650,0.0,5152.0,850.5154639175257,2.0,75.0,0,388.0,0.15062111801242237,13.399995114002609,13.541073712262515,13.315747366185196,606674.3081669906
False,False,2025-12-05,795000.0,34.222165999999994,-118.609113,1144.0,WEH - West Hills,True,2.0,0.1929,1959.0,2.0,West Hills,3.0,True,1.0,One,8402.0,False,2.0,Los Angeles Unified,91304,0.0,8402.0,694.93006993007,1.5,66.0,0,381.3333333333333,0.13615805760533206,13.58609739363647,13.846039762999096,13.65854637123002,854734.6691094019
True,True,2025-12-05,649900.0,33.698319,-116.300755,1852.0,313 - La Quinta South of HWY 111,True,4.0,0.13,1990.0,2.0,La Quinta,3.0,True,1.0,One,5662.0,False,2.0,Lucia Mar Unified,92253,730.0,5662.0,350.9179265658747,1.5,35.0,0,617.3333333333334,0.3270929000353232,13.38457378388244,13.545013310266594,13.389507446254683,653114.3098154517
True,False,2025-12-12,445000.0,34.203602000000004,-117.108888,1657.0,288 - Running Springs,True,4.0,0.0964,1985.0,3.0,Running Springs,3.0,True,2.0,Two,4200.0,False,2.0,Rim of the World,92382,0.0,4200.0,268.55763427881715,1.0,40.0,0,552.3333333333334,0.3945238095238095,13.005829561148378,12.793859310432293,12.769034530232862,351173.09541940474
True,False,2025-12-12,990000.0,33.491054,-117.683045,1649.0,DO - Del Obispo,False,2.0,0.0534,1975.0,3.0,San Juan Capistrano,3.0,True,2.0,Two,2324.0,False,2.0,Capistrano Unified,92675,350.0,2324.0,600.3638568829593,1.0,50.0,0,549.6666666666666,0.709552495697074,13.805460222110773,14.32231001513485,13.981547438747853,1180616.642987253
False,False,2025-12-30,709000.0,34.859272,-120.432441,1216.0,ORCT - Orcutt,True,4.0,0.17,1976.0,2.0,Santa Maria,3.0,True,1.0,One,7405.0,False,2.0,Orcutt Union,93455,0.0,7405.0,583.0592105263158,1.5,49.0,0,405.3333333333333,0.16421336934503714,13.471610805514265,13.538369041771391,13.404618611106754,663058.5732925951
True,True,2025-12-01,2770000.0,33.675384,-116.258464,4449.0,313 - La Quinta South of HWY 111,True,3.0,0.3,2004.0,5.0,La Quinta,4.0,True,1.0,One,13068.0,False,3.0,Orange Unified,92253,545.0,13068.0,622.6118228815465,0.8,21.0,0,1112.25,0.34044995408631773,14.834357878163521,13.545013310266594,14.607694367608065,2208213.4824732123
True,False,2025-12-19,850000.0,33.273914000000005,-117.083525,1572.0,92082 - Valley Center,True,2.0,2.01,1995.0,2.0,Valley Center,3.0,True,1.0,One,2.01,False,2.0,Valley Center - Pauma,92082,0.0,87555.6,540.7124681933842,1.5,30.0,0,524.0,0.01795430560695147,13.652991628466498,13.710150042306449,13.618935353393653,821539.54544323
True,False,2025-12-04,537000.0,33.956601,-116.961371,1948.0,263 - Banning/Beaumont/Cherry Valley,True,2.0,0.13,2016.0,3.0,Beaumont,4.0,False,2.0,Two,5663.0,False,2.0,Beaumont,92223,161.0,5663.0,275.66735112936345,1.3333333333333333,9.0,0,487.0,0.3439872858908706,13.193753373491,13.197470849891134,13.223526979836057,553228.8230590766
True,False,2025-12-10,265000.0,34.209812,-117.124708,1404.0,288 - Running Springs,True,0.0,0.1653,1963.0,2.0,Running Springs,2.0,True,2.0,Two,7200.0,False,0.0,Rim of the World,92382,0.0,7200.0,188.7464387464387,1.0,62.0,0,702.0,0.195,12.487485104968359,12.793859310432293,12.673501606199967,319177.1657729538
True,True,2025-12-29,2700000.0,33.765148,-117.774866,4973.0,NTS - North Tustin,True,3.0,0.414,1993.0,5.0,North Tustin,4.0,True,2.0,Two,18036.0,False,3.0,Tustin Unified,92705,175.0,18036.0,542.9318318922179,0.8,32.0,0,1243.25,0.2757263251275227,14.808762330974558,14.376839163903371,15.07713071274837,3531137.8452960066
True,True,2025-12-03,915000.0,34.912477,-120.427525,2236.0,OREA - SM/Orcutt East,True,3.0,0.32,2000.0,3.0,Santa Maria,4.0,True,1.0,One,0.32,False,3.0,ABC Unified,93455,0.0,13939.2,409.2128801431127,1.3333333333333333,25.0,0,559.0,0.160410927456382,13.726679344257658,13.538369041771391,13.640146419114126,839151.3975029453
False,False,2025-12-04,1455000.0,34.140515,-118.628777,2700.0,CLB - Calabasas,True,7.0,0.2964,1962.0,3.0,Calabasas,4.0,True,1.0,One,12911.0,False,2.0,Las Virgenes,91302,0.0,12911.0,538.8888888888889,1.3333333333333333,63.0,0,675.0,0.20912400278832002,14.19051645858773,14.473030560881067,14.546718788068825,2077589.2977659432
True,True,2025-12-15,1710000.0,33.724587,-116.36876200000002,5365.0,322 - North Palm Desert,True,4.0,0.43,1949.0,7.0,Palm Desert,7.0,True,1.0,One,18731.0,False,2.0,Desert Sands Unified,92260,0.0,18731.0,318.7325256290774,1.0,76.0,0,766.4285714285714,0.2864235758902354,14.352003928478842,13.624349319661324,14.489933589682517,1962900.1180813485
True,True,2025-12-15,565000.0,33.732108000000004,-116.935532,1923.0,SRCAR - Southwest Riverside County,True,2.0,0.24,1985.0,2.0,Hemet,3.0,True,1.0,One,10454.0,False,2.0,Hemet Unified,92544,0.0,10454.0,293.8117524700988,1.5,40.0,0,641.0,0.1839487277597092,13.244581010128577,13.081541382884074,13.109945801465436,493829.602010808
False,False,2025-12-04,490000.0,34.573935,-118.011466,1983.0,PLM - Palmdale,True,2.0,0.1751,2011.0,2.0,Palmdale,4.0,True,1.0,One,7629.0,False,2.0,Antelope Valley Union,93552,73.0,7629.0,247.1003530005043,2.0,14.0,0,495.75,0.2599292174596933,13.102160670086809,13.122363377404328,13.159160657650405,518741.3406425181
False,False,2025-12-29,389000.0,34.695187,-118.125717,1122.0,LAC - Lancaster,True,1.0,0.1535,1955.0,2.0,Lancaster,4.0,False,1.0,One,6686.0,False,1.0,Antelope Valley Union,93535,0.0,6686.0,346.70231729055257,2.0,70.0,0,280.5,0.16781334131020043,12.871334622600584,12.994530005894443,12.85122058793044,381253.80528541264
False,False,2025-12-08,535000.0,33.714128,-117.029502,1678.0,SRCAR - Southwest Riverside County,True,2.0,0.13,2022.0,2.0,Hemet,3.0,True,1.0,One,0.13,False,2.0,Other,92545,100.0,5662.8,318.83194278903454,1.5,3.0,0,559.3333333333334,0.2963198417743872,13.190022025878143,12.990536830078119,13.053664037773688,466803.66830580053
True,False,2025-12-10,775000.0,35.742369000000004,-120.880798,2462.0,PRNW - PR North 46-West 101,True,2.0,0.2534,2011.0,3.0,Paso Robles,3.0,True,1.0,One,11039.0,False,2.0,Paso Robles Joint Unified,93446,180.0,11039.0,314.7847278635256,1.0,14.0,0,820.6666666666666,0.22302744813841832,13.560618308335483,13.591116224748411,13.692925104216185,884630.3067380704
False,False,2025-12-16,319000.0,34.047417,-117.300892,914.0,273 - Colton,True,2.0,0.021,1984.0,2.0,Colton,2.0,True,1.0,One,914.0,False,1.0,Colton Unified,92324,384.0,914.0,349.0153172866521,1.0,41.0,0,457.0,1.0,12.672946381766982,13.142166004700508,12.80630935776904,364510.03385287226
True,False,2025-12-19,460000.0,37.76303869,-122.17750055,1176.0,624 - Glendale-Chevy Chase/E. Glenoaks,True,2.0,0.1038,1941.0,1.0,Oakland,2.0,True,1.0,One,4520.0,False,2.0,Fontana Unified,94605,0.0,4520.0,391.156462585034,2.0,84.0,0,588.0,0.26017699115044246,13.038981768465277,13.527828485512494,13.40331772293382,662196.5690437679
True,False,2025-12-03,1230000.0,33.792375,-117.957346,2024.0,"62 - Garden Grove N of Chapman, W of Euclid",True,2.0,0.1947,1955.0,3.0,Garden Grove,3.0,True,1.0,One,8480.0,False,2.0,Garden Grove Unified,92840,0.0,8480.0,607.7075098814229,1.0,70.0,0,674.6666666666666,0.23867924528301887,14.0225247273486,13.864300722133706,13.953957775553663,1148489.0599491706
True,False,2025-12-29,455000.0,39.743393,-121.781163,1564.0,263 - Banning/Beaumont/Cherry Valley,True,2.0,0.09,2017.0,3.0,Chico,3.0,False,2.0,Two,3920.0,False,2.0,Chico Unified,95928,0.0,3920.0,290.920716112532,1.0,8.0,0,521.3333333333334,0.3989795918367347,13.028052697933088,13.078384738024758,13.082450062810876,480436.3645927128
True,False,2025-12-30,420000.0,34.271705,-116.943808,1762.0,FAWN - Fawnskin,False,0.0,1.07,1932.0,2.0,Fawnskin,4.0,True,2.0,Two,46609.0,False,0.0,Bear Valley Unified,92333,0.0,46609.0,238.3654937570942,2.0,93.0,0,440.5,0.03780385762406402,12.948009990259552,13.081541382884074,13.10194078595932,489892.26862217416
True,False,2025-12-15,275000.0,39.527582,-121.55884,1144.0,WIN - Winnetka,True,4.0,0.14,1979.0,2.0,Oroville,3.0,False,1.0,One,6098.0,False,2.0,Oroville Union,95965,0.0,6098.0,240.3846153846154,1.5,46.0,0,381.3333333333333,0.18760249262053133,12.524526376648708,12.732278280413873,12.588534317454226,293177.7377175678
True,True,2025-12-26,1285000.0,33.738954,-118.314899,2063.0,186 - Miraleste Pines,True,2.0,0.1455,1955.0,2.0,San Pedro,4.0,True,1.0,One,6336.0,False,2.0,Los Angeles Unified,90732,0.0,6336.0,622.879301987397,2.0,70.0,0,515.75,0.32559974747474746,14.066269276311457,13.946538820370678,13.993397039022055,1194689.6936264944
False,False,2025-12-03,620000.0,36.969881,-120.10338,2797.0,23 - Lakewood Park,True,3.0,0.19,2022.0,4.0,Madera,5.0,False,2.0,Two,8276.0,False,3.0,Madera Unified,93637,0.0,8276.0,221.6660707901323,1.25,3.0,0,559.4,0.33796520057999035,13.337474757021274,12.92391243868049,13.273691230291563,581689.0062023291
True,False,2025-12-09,396500.0,34.862797,-118.194784,1368.0,ROSA - Rosamond,True,2.0,0.14,1993.0,2.0,Rosamond,3.0,True,1.0,One,6098.0,False,2.0,ABC Unified,93560,0.0,6098.0,289.8391812865497,1.5,32.0,0,456.0,0.22433584781895705,12.89043132005704,13.005829561148378,12.934958796181325,414554.11344956007
True,False,2025-12-04,539000.0,34.019488,-117.113023,963.0,268 - Redlands,True,2.0,0.6973,1955.0,1.0,Redlands,2.0,False,1.0,One,30375.0,False,2.0,Yucaipa/Calimesa Unified,92373,0.0,30375.0,559.7092419522326,2.0,70.0,0,481.5,0.031703703703703706,13.197470849891134,13.621317169677567,13.351317740671078,628642.3296679602
True,False,2025-12-18,783000.0,34.254853000000004,-118.606816,1636.0,CHT - Chatsworth,True,2.0,0.0993,1977.0,3.0,Chatsworth,4.0,True,2.0,Two,4326.0,False,2.0,Los Angeles Unified,91311,60.0,4326.0,478.6063569682151,1.3333333333333333,48.0,0,409.0,0.37817845584835874,13.57088797497294,13.944283046980045,13.812496818760671,996990.7975497158
True,False,2025-12-04,403000.0,34.242703000000006,-116.859719,1118.0,289 - Big Bear Area,True,0.0,0.1653,1970.0,1.0,Big Bear Lake,2.0,True,1.0,One,7200.0,False,0.0,Bear Valley Unified,92315,0.0,7200.0,360.4651162790698,2.0,55.0,0,559.0,0.15527777777777776,12.90669184092882,13.398478813484644,13.125050335729481,501345.2857165193
False,False,2025-12-17,2100000.0,34.171994,-118.082282,2334.0,699 - Not Defined,False,3.0,0.322,1978.0,3.0,Pasadena,4.0,False,1.0,One,14025.0,False,3.0,Pasadena Unified,91107,0.0,14025.0,899.7429305912597,1.3333333333333333,47.0,0,583.5,0.16641711229946524,14.557447902693651,14.263026495559501,14.367429444746792,1736582.127244614
True,False,2025-12-24,460000.0,34.687737,-118.06556,2850.0,LAC - Lancaster,True,2.0,0.1562,2018.0,3.0,Lancaster,4.0,False,2.0,Two,6806.0,False,2.0,Antelope Valley Union,93535,0.0,6806.0,161.40350877192984,1.3333333333333333,7.0,0,712.5,0.4187481633852483,13.038981768465277,12.994530005894443,13.217711765741022,550021.015094278
True,False,2025-12-05,464000.0,39.753883,-121.797697,994.0,LNSMT - Summit,True,2.0,0.19,1972.0,2.0,Chico,2.0,False,1.0,One,8276.0,False,2.0,Chico Unified,95928,0.0,8276.0,466.80080482897387,1.0,53.0,0,497.0,0.12010633156114064,13.047639831208393,13.078384738024758,12.846515770395948,379464.28867274005
True,False,2025-12-09,760000.0,33.929129,-117.89227,1122.0,86 - Brea,True,2.0,0.0588,1977.0,2.0,Brea,3.0,True,1.0,One,2560.0,False,2.0,Brea-Olinda Unified,92821,394.0,2560.0,677.3618538324421,1.5,48.0,0,374.0,0.43828125,13.541073712262515,13.997832114758229,13.632291321828422,832585.6028763896
False,False,2025-12-29,1190000.0,34.248321000000004,-118.60773,2860.0,CHT - Chatsworth,True,2.0,0.1686,1968.0,3.0,Chatsworth,3.0,False,1.0,One,7346.0,False,2.0,Los Angeles Unified,91311,0.0,7346.0,416.0839160839161,1.0,57.0,0,953.3333333333334,0.3893275251837735,13.989463865087712,13.944283046980045,14.133100987493437,1373813.4725538213
True,False,2025-12-08,2150000.0,33.544266,-117.755066,1892.0,LV - Laguna Village,True,2.0,0.1962,1962.0,2.0,Laguna Beach,3.0,True,2.0,Two,8547.0,False,2.0,Capistrano Unified,92651,0.0,8547.0,1136.3636363636365,1.5,63.0,0,630.6666666666666,0.22136422136422138,14.580978400103845,14.914122846632385,14.806343072021626,2693475.895757914
True,False,2025-12-19,2095000.0,37.93535774,-122.01887781,5096.0,632 - Highland Park,True,2.0,0.3857,1978.0,4.0,Walnut Creek,4.0,True,1.0,One,16800.0,False,2.0,Mount Diablo,94598,405.0,16800.0,411.1067503924647,1.0,47.0,0,1274.0,0.30333333333333334,14.555064111338375,14.240778293368619,14.823459536597639,2739975.499669016
False,False,2025-12-23,995665.0,34.414499,-118.60608899999998,2822.0,FPTV - FivePoint Valencia,True,2.0,0.0697,2025.0,8.0,Valencia,4.0,False,1.0,ThreeOrMore,3034.0,True,2.0,William S. Hart Union,91381,275.0,3034.0,352.82246633593195,0.5,0.0,0,705.5,0.9301252471984179,13.811166134608415,14.038654109278484,14.37776460817684,1754623.0547188986
False,False,2025-12-22,670000.0,33.978676,-117.586344,1801.0,249 - Eastvale,True,2.0,0.05,2020.0,3.0,Eastvale,3.0,False,2.0,Two,2178.0,False,2.0,Corona-Norco Unified,92880,130.0,2178.0,372.0155469183787,1.0,5.0,0,600.3333333333334,0.8269054178145088,13.415032991367148,13.764217263576723,13.610020516174973,814248.2029819478
False,False,2025-12-09,410000.0,34.082976,-117.613011,816.0,686 - Ontario,True,2.0,0.0739,1971.0,1.0,Ontario,2.0,False,1.0,One,3220.0,False,2.0,Ontario-Montclair,91764,274.0,3220.0,502.4509803921569,2.0,54.0,0,408.0,0.253416149068323,12.92391243868049,13.414286165238757,13.007956407268061,445947.4537102344
False,False,2025-12-24,1620000.0,33.099909999999994,-117.05617,3601.0,92025 - Escondido,True,5.0,0.2517,2025.0,5.0,Escondido,4.0,True,1.0,One,10962.0,True,3.0,Escondido Union,92025,465.0,10962.0,449.8750347125799,0.8,0.0,0,900.25,0.32849844918810434,14.297936707208567,13.740514638062564,14.410964878844032,1813854.8299139966
True,False,2025-12-19,530000.0,33.898315000000004,-117.196692,1772.0,259 - Moreno Valley,True,2.0,0.14,2004.0,2.0,Moreno Valley,4.0,True,1.0,One,6098.0,False,2.0,Moreno Valley Unified,92555,35.0,6098.0,299.097065462754,2.0,21.0,0,443.0,0.29058707773040343,13.180632285528304,13.304684934198283,13.245238778318026,565371.7612800061
True,False,2025-12-16,785000.0,34.225078,-118.577089,1406.0,WIN - Winnetka,False,2.0,0.1734,1954.0,2.0,Winnetka,3.0,True,1.0,One,7552.0,False,2.0,Los Angeles Unified,91306,0.0,7552.0,558.3214793741109,1.5,71.0,0,468.6666666666667,0.1861758474576271,13.573438996764546,13.65680576350189,13.639413399968264,838536.5088524079
False,False,2025-12-09,302000.0,35.126444,-117.992787,367.0,CAC - California City,True,2.0,0.1741,2025.0,2.0,California City,4.0,False,1.0,One,7582.0,True,2.0,Mojave Unified,93505,0.0,7582.0,822.8882833787466,2.0,0.0,0,91.75,0.04840411500923239,12.618182296357007,12.608198852372823,12.661131011547797,315253.07613643684
True,True,2025-12-10,4600000.0,34.157868,-118.679022,5770.0,CLB - Calabasas,True,3.0,0.356,1990.0,6.0,Calabasas,5.0,True,2.0,Two,15507.0,False,3.0,Las Virgenes,91302,595.0,15507.0,797.2270363951474,0.8333333333333334,35.0,0,1154.0,0.3720900238601922,15.341566861459324,14.473030560881067,15.240893687181671,4159451.1447781404
False,True,2025-12-18,580000.0,34.434175,-117.260175,2086.0,HSP - Hesperia,True,6.0,1.21,2003.0,2.0,Hesperia,4.0,True,1.0,One,52707.0,False,3.0,Hesperia Unified,92345,0.0,52707.0,278.04410354745926,2.0,22.0,0,521.5,0.039577285749520935,13.270783382522602,13.064514272196533,13.191836487056804,535971.6179455357
True,False,2025-12-18,949000.0,33.01431566,-117.06972957,1779.0,92128 - Rancho Bernardo,True,4.0,0.1377,1968.0,2.0,San Diego,3.0,True,1.0,One,7147.0,False,2.0,Burbank Unified,92128,615.0,4992.0,533.4457560427206,1.5,57.0,0,593.0,0.3563701923076923,13.763164077592064,13.983960916083914,13.957563987855238,1152638.2322268542
True,False,2025-12-19,870000.0,34.186018,-118.366271,1528.0,NHO - North Hollywood,False,8.0,0.155,1951.0,3.0,North Hollywood,3.0,True,1.0,One,6750.0,False,2.0,Los Angeles Unified,91606,0.0,6750.0,569.3717277486911,1.0,74.0,0,509.3333333333333,0.22637037037037036,13.676248490630767,13.741864017795976,13.78148296976393,966544.8390370195
True,False,2025-12-09,468000.0,39.729002,-121.785568,1373.0,TSRO - Tesoro de Valle,True,4.0,0.13,1993.0,2.0,Chico,3.0,True,1.0,One,0.13,False,2.0,Chico Unified,95928,0.0,5662.8,340.85943190094684,1.5,32.0,0,457.6666666666667,0.2424595606413788,13.056223574899784,13.078384738024758,12.996520436303427,440876.66155743314
False,False,2025-12-18,640000.0,34.253325,-118.416609,1112.0,PAC - Pacoima,False,1.0,0.1377,1949.0,2.0,Pacoima,3.0,False,1.0,One,6000.0,False,1.0,Los Angeles Unified,91331,0.0,6000.0,575.5395683453237,1.5,76.0,0,370.6666666666667,0.18533333333333332,13.369223455335854,13.541073712262515,13.48106895876482,715737.6432587055
True,True,2025-12-10,2130000.0,33.954302,-118.007721,2710.0,670 - Whittier,False,3.0,0.6409999999999999,1949.0,3.0,Whittier,4.0,True,1.0,One,27922.0,False,3.0,East Whittier Unified,90605,0.0,27922.0,785.9778597785978,1.3333333333333333,76.0,0,677.5,0.09705608480767854,14.571632537685607,13.602934236950354,13.952572270530966,1146898.924412857
True,False,2025-12-12,640000.0,33.595868,-117.204864,2990.0,SRCAR - Southwest Riverside County,True,3.0,0.14,2001.0,3.0,Murrieta,5.0,True,2.0,Two,6098.0,False,3.0,Murrieta,92562,0.0,6098.0,214.0468227424749,1.6666666666666667,24.0,0,598.0,0.49032469662184325,13.369223455335854,13.487006490992238,13.54412189028558,762320.149615613
True,False,2025-12-02,840000.0,34.14966,-117.451138,3340.0,264 - Fontana,True,5.0,0.1449,2002.0,4.0,Fontana,5.0,True,2.0,Two,6313.0,False,3.0,Fontana Unified,92336,0.0,6313.0,251.49700598802391,1.25,23.0,0,668.0,0.5290670045936956,13.641157170819497,13.487006490992238,13.651365510627544,848618.9230381575
False,False,2025-12-03,532000.0,34.696197999999995,-118.152016,1794.0,LAC - Lancaster,False,2.0,0.4756,1951.0,2.0,Lancaster,3.0,True,1.0,One,20719.0,False,2.0,Antelope Valley Union,93534,0.0,20719.0,296.5440356744705,1.5,74.0,0,598.0,0.08658719050147208,13.184398768323781,12.971540487669746,13.019025998027052,450911.33289071824
True,True,2025-12-05,1290000.0,33.544991,-117.20053500000002,3480.0,SRCAR - Southwest Riverside County,True,3.0,0.51,2007.0,5.0,Murrieta,5.0,True,2.0,Two,22216.0,False,3.0,Murrieta,92562,115.0,22216.0,370.6896551724138,1.0,18.0,0,696.0,0.15664386028087865,14.070152776337855,13.487006490992238,13.968116372546008,1164865.7153519501
True,True,2025-12-05,1300000.0,39.728284,-121.837998,6068.0,259 - Moreno Valley,True,3.0,2.88,1995.0,6.0,Chico,6.0,True,2.0,Two,2.88,False,3.0,Chico Unified,95973,0.0,125452.8,214.2386288727752,1.0,30.0,0,1011.3333333333334,0.04836878889909193,14.077874822431765,13.151922179645874,14.205022128118022,1476259.5685289023
True,False,2025-12-16,654285.0,33.938495,-118.309744,1455.0,C36 - Metropolitan Southwest,False,2.0,0.1638,1930.0,1.0,Los Angeles,2.0,False,1.0,One,7133.0,False,2.0,Los Angeles Unified,90047,0.0,7133.0,449.680412371134,2.0,95.0,0,727.5,0.20398149446235805,13.391298315331401,13.493926933836812,13.40194827107426,661290.3433787356
True,False,2025-12-22,810000.0,33.800463,-118.125774,1235.0,"34 - Los Altos, X-100",False,2.0,0.1444,1951.0,1.0,Long Beach,2.0,True,1.0,One,6289.0,False,2.0,Long Beach Unified,90815,0.0,6289.0,655.8704453441295,2.0,74.0,0,617.5,0.19637462235649547,13.604789526648622,13.937728190688523,13.728139910992972,916337.395002388
True,True,2025-12-31,1075000.0,34.440667,-118.38843500000002,2928.0,CAN2 - Canyon Country 2,True,3.0,0.1539,1991.0,3.0,Canyon Country,6.0,True,2.0,Two,6705.0,False,3.0,William S. Hart Union,91387,0.0,6705.0,367.1448087431694,2.0,34.0,0,488.0,0.4366890380313199,13.8878312195439,13.737549016494562,13.907447770872254,1096295.9866828555
True,False,2025-12-08,560000.0,37.768658,-120.825926,2182.0,SVC - Central Simi,True,2.0,0.175,2012.0,3.0,Oakdale,4.0,True,1.0,One,7625.0,False,2.0,Oakdale Joint Unified,95361,0.0,7625.0,256.64527956003667,1.3333333333333333,13.0,0,545.5,0.2861639344262295,13.235692062711331,13.213106397994984,13.2911968132915,591961.4617142569
True,False,2025-12-02,1780000.0,35.254327,-120.633788,2584.0,SLO - San Luis Obispo,True,2.0,0.1019,2024.0,4.0,San Luis Obispo,4.0,True,2.0,Two,4438.0,False,2.0,San Luis Coastal Unified,93401,143.0,4438.0,688.8544891640867,1.0,1.0,0,646.0,0.5822442541685444,14.392123922268269,13.997832114758229,14.259192515831902,1558434.758881222
True,True,2025-12-11,955000.0,33.575717,-117.248591,3441.0,SRCAR - Southwest Riverside County,True,3.0,0.18,2000.0,4.0,Murrieta,5.0,True,2.0,Two,7841.0,False,3.0,Murrieta,92562,0.0,7841.0,277.5356001162453,1.25,25.0,0,688.2,0.43884708583088894,13.769466619462868,13.487006490992238,13.674963203918018,868882.518855579
False,True,2025-12-04,815000.0,36.6769961,-121.59909340000002,2012.0,699 - Not Defined,True,2.0,0.1303,2015.0,3.0,Salinas,4.0,True,1.0,Two,5675.0,False,2.0,Other,93905,205.0,5675.0,405.0695825049702,1.3333333333333333,10.0,0,503.0,0.3545374449339207,13.610943392223,13.403597805863242,13.39978785746113,659863.2248568852
True,False,2025-12-01,1900000.0,35.091567,-120.567723,3104.0,AG-West of Hwy 101,True,4.0,5.03,2003.0,3.0,Arroyo Grande,4.0,True,1.0,One,219107.0,False,4.0,Lucia Mar Unified,93420,0.0,219107.0,612.1134020618557,1.3333333333333333,22.0,0,776.0,0.014166594403647533,14.457364444136669,13.953093847654955,14.252388470445501,1547867.0902676696
False,False,2025-12-16,1700000.0,33.04242555,-117.23533887,1807.0,92024 - Encinitas,True,4.0,0.1565,2000.0,3.0,Encinitas,3.0,True,2.0,Two,6818.0,False,2.0,Colton Unified,92024,63.98,6818.0,940.7858328721638,1.0,25.0,0,602.3333333333334,0.2650337342329129,14.346138809026444,14.603967918328545,14.425266839568508,1839982.9064487442
True,False,2025-12-16,570000.0,35.148569,-118.474955,2026.0,THP - Tehachapi,True,2.0,0.5653,2021.0,2.0,Tehachapi,3.0,True,1.0,One,24624.0,False,2.0,Other,93561,0.0,24624.0,281.3425468904245,1.5,4.0,0,675.3333333333334,0.08227745289148798,13.253391639810733,13.060487973686241,13.18455321967134,532082.174462716
False,False,2025-12-03,1385000.0,34.119245,-118.015314,1718.0,605 - Arcadia,False,2.0,0.1744,1954.0,2.0,Arcadia,3.0,True,1.0,One,7598.0,False,2.0,Arcadia Unified,91006,0.0,7598.0,806.1699650756694,1.5,71.0,0,572.6666666666666,0.22611213477230852,14.141210697603576,14.32771348302841,14.25388768378979,1550189.4136587142
True,False,2025-12-05,844000.0,37.69234696,-122.07325913,978.0,RQ - Compton West of Central,True,2.0,0.1148,1948.0,1.0,Castro Valley,3.0,False,1.0,One,5000.0,False,1.0,Oakdale Joint Unified,94546,0.0,5000.0,862.9856850715746,3.0,77.0,0,326.0,0.1956,13.645907773578093,13.885500212990994,13.626488567761134,827768.3037014395
False,False,2025-12-12,502260.0,34.52239,-117.424454,1874.0,ADL - Adelanto,True,2.0,0.1683,2025.0,3.0,Adelanto,4.0,False,2.0,Two,7331.0,True,2.0,Victor Valley Union High,92301,0.0,7331.0,268.0149413020277,1.3333333333333333,0.0,0,468.5,0.25562679034238167,13.126873192882156,12.907924856844918,13.121303401500676,499470.2928361842
True,True,2025-12-12,344000.0,33.960042,-117.009035,1392.0,263 - Banning/Beaumont/Cherry Valley,True,2.0,0.15,2006.0,2.0,Beaumont,2.0,False,1.0,One,6534.0,False,2.0,Lancaster,92223,307.0,6534.0,247.1264367816092,1.0,19.0,0,696.0,0.2130394857667585,12.748396936355535,13.197470849891134,12.926031255891383,410869.63603101636
False,False,2025-12-18,1300000.0,34.199071999999994,-118.872981,2085.0,TOW - Thousand Oaks West,True,2.0,0.21,1962.0,3.0,Thousand Oaks,4.0,True,1.0,One,9147.0,False,2.0,Conejo Valley Unified,91360,0.0,9147.0,623.5011990407673,1.3333333333333333,63.0,0,521.25,0.22794358806165957,14.077874822431765,13.909911233385758,13.948627647631238,1142383.7518332116
False,True,2025-12-15,750000.0,36.84910814,-121.38890488,2534.0,699 - Not Defined,True,2.0,0.1122,2020.0,3.0,Hollister,4.0,False,2.0,One,4889.0,False,2.0,Other,95023,134.0,4889.0,295.97474348855565,1.3333333333333333,5.0,0,633.5,0.5183064021272243,13.527828485512494,13.527828485512494,13.597340561387512,803988.754712675
True,False,2025-12-22,1099000.0,34.443908,-118.566587,2698.0,VALC - Valencia Copperhill,True,3.0,0.1848,2004.0,3.0,Valencia,4.0,True,2.0,Two,8051.0,False,3.0,William S. Hart Union,91355,100.0,8051.0,407.3387694588584,1.3333333333333333,21.0,0,674.5,0.33511365047820146,13.909911233385758,13.697852514496041,13.855697570450399,1041005.4370044764
True,True,2025-12-09,4550000.0,34.221792,-118.191218,5431.0,634 - La Canada Flintridge,True,3.0,0.3558,1988.0,5.0,La Canada Flintridge,5.0,True,2.0,Two,15500.0,False,3.0,San Diego Unified,91011,225.0,15500.0,837.7830970355367,1.0,37.0,0,1086.2,0.35038709677419355,15.330637790927133,14.635290389457586,15.168026885734863,3867144.3003596496
True,False,2025-12-01,637500.0,33.657158,-117.261445,3552.0,SRCAR - Southwest Riverside County,True,3.0,0.23,2002.0,3.0,Lake Elsinore,6.0,True,2.0,Two,10019.0,False,3.0,Lake Elsinore Unified,92532,134.0,10019.0,179.47635135135135,2.0,23.0,0,592.0,0.35452639984030343,13.365309556014719,13.353475098367715,13.546866106557875,764414.9940132884
True,True,2025-12-18,872000.0,33.859872,-116.538658,1894.0,331 - North End Palm Springs,True,4.0,0.12,2022.0,4.0,Palm Springs,3.0,False,1.0,One,5227.0,False,2.0,Capistrano Unified,92262,530.0,5227.0,460.4012671594509,0.75,3.0,0,631.3333333333334,0.3623493399655634,13.678544702891116,13.737549016494562,13.789072241651228,973908.1162261358
True,False,2025-12-23,1700000.0,34.66932,-120.367425,2764.0,LOMP - Lompoc,True,6.0,9.72,1985.0,5.0,Lompoc,3.0,True,2.0,Two,423403.0,False,6.0,Lompoc Unified,93436,0.0,423403.0,615.0506512301013,0.6,40.0,0,921.3333333333334,0.006528059555553456,14.346138809026444,13.315443355929407,13.913728288062906,1103202.9594501392
True,False,2025-12-26,2300000.0,33.700837,-117.815357,3932.0,71 - Tustin,True,3.0,0.1263,2017.0,6.0,Tustin,5.0,False,2.0,Two,5500.0,False,3.0,Tustin Unified,92782,330.0,5500.0,584.9440488301119,0.8333333333333334,8.0,0,786.4,0.7149090909090909,14.648419680899378,14.43804873756645,15.031324379479752,3373037.998529544
False,False,2025-12-29,2020000.0,33.966924,-118.408727,2070.0,C29 - Westchester,True,2.0,0.157,1945.0,2.0,Los Angeles,3.0,True,1.0,One,6841.0,False,1.0,Yucca Valley,90045,20.0,6841.0,975.8454106280192,1.5,80.0,0,690.0,0.30258734103201285,14.518608069377388,14.331323723241304,14.386117557905516,1769340.7152540276
True,False,2025-12-22,925000.0,34.235209999999995,-118.787205,2069.0,SWR - Simi Wood Ranch,True,2.0,0.09,2000.0,3.0,Simi Valley,4.0,True,2.0,Two,3920.0,False,2.0,Simi Valley Unified,93065,263.0,3920.0,447.0758820686322,1.3333333333333333,25.0,0,517.25,0.5278061224489796,13.737549016494562,13.676248490630767,13.74688035443809,933671.8848172273
True,False,2025-12-15,1775000.0,35.02715,-120.545145,2638.0,NPMO - Nipomo,True,2.0,0.2035,2017.0,3.0,Nipomo,3.0,True,1.0,One,8863.0,False,2.0,Lucia Mar Unified,93444,556.0,8863.0,672.8582259287339,1.0,8.0,0,879.3333333333334,0.29764188198127045,14.389310980891652,13.855084652589102,14.044958289559027,1257905.116810569
True,False,2025-12-10,1602500.0,35.031951,-120.507292,3255.0,NPMO - Nipomo,True,3.0,1.99,2003.0,4.0,Nipomo,4.0,True,1.0,One,86684.0,False,3.0,Lucia Mar Unified,93444,0.0,86684.0,492.3195084485407,1.0,22.0,0,813.75,0.03755018227123806,14.287075467776962,13.855084652589102,14.270613096268198,1576335.0094656856
True,True,2025-12-03,436000.0,33.754873,-116.907973,1906.0,SRCAR - Southwest Riverside County,True,6.0,0.2,1983.0,2.0,Hemet,3.0,True,1.0,One,0.2,False,2.0,Hemet Unified,92544,0.0,8712.0,228.7513116474292,1.5,42.0,0,635.3333333333334,0.21877869605142333,12.985397522331171,13.081541382884074,13.1008694002978,489367.68613513955
False,False,2025-12-16,549990.0,33.779205,-116.992104,2545.0,SRCAR - Southwest Riverside County,True,2.0,0.1684,2024.0,3.0,San Jacinto,4.0,False,2.0,Two,7334.0,True,2.0,Hemet Unified,92582,0.0,7334.0,216.10609037328092,1.3333333333333333,1.0,0,636.25,0.3470139078265612,13.217655375225181,13.154789908438397,13.309003144438663,602596.5282869723
False,False,2025-12-16,445000.0,33.806327,-116.982388,1662.0,SRCAR - Southwest Riverside County,True,2.0,0.17,1996.0,3.0,San Jacinto,4.0,True,2.0,Two,7405.0,False,2.0,San Jacinto Unified,92582,0.0,7405.0,267.7496991576414,1.3333333333333333,29.0,0,415.5,0.22444294395678596,13.005829561148378,13.154789908438397,13.163964776287786,521239.43134255684
True,False,2025-12-29,1435000.0,33.489706,-117.650737,1675.0,OR - Ortega/Orange County,True,2.0,0.1833,1989.0,2.0,San Juan Capistrano,3.0,True,1.0,One,7985.0,False,2.0,Capistrano Unified,92675,358.0,7985.0,856.7164179104477,1.5,36.0,0,558.3333333333334,0.2097683155917345,14.176675407175859,14.32231001513485,14.154242056150524,1403166.5418673144
True,False,2025-12-01,300000.0,39.045818,-122.924341,1326.0,LCLPN - Lakeport North,True,2.0,0.18,1979.0,2.0,Lakeport,2.0,True,1.0,One,0.18,False,2.0,Lakeport Unified,95453,0.0,7840.8,226.2443438914027,1.0,46.0,0,663.0,0.16911539638812365,12.611537753638338,12.89167886987763,12.725101532941498,336079.00086865964
True,False,2025-12-16,645000.0,34.452738000000004,-117.323083,2623.0,HSP - Hesperia,True,3.0,2.04,2006.0,3.0,Hesperia,4.0,True,1.0,One,88862.0,False,3.0,Hesperia Unified,92345,0.0,88862.0,245.9016393442623,1.3333333333333333,19.0,0,655.75,0.029517679097927123,13.37700559577791,13.064514272196533,13.319224575924727,608787.5138805883
True,True,2025-12-02,1195000.0,33.930217,-117.920071,2363.0,86 - Brea,True,2.0,0.0878,1995.0,3.0,Brea,4.0,True,2.0,Two,3825.0,False,2.0,Brea-Olinda Unified,92821,45.0,3825.0,505.7130765975455,1.3333333333333333,30.0,0,590.75,0.6177777777777778,13.993656743347747,13.997832114758229,14.121576752973585,1358072.2011745735
True,True,2025-12-01,925000.0,33.15568711,-117.06220451,2140.0,92027 - Escondido,True,4.0,0.4675,2000.0,3.0,Escondido,4.0,True,2.0,Two,20366.0,False,2.0,Yucaipa/Calimesa Unified,92027,0.0,20366.0,432.2429906542056,1.3333333333333333,25.0,0,535.0,0.10507708926642444,13.737549016494562,13.658839648348096,13.793866476583991,978588.4709335625
False,False,2025-12-02,707000.0,37.75381726,-122.15921632,1277.0,NEW4 - Newhall 4,True,1.0,0.066,1927.0,3.0,Oakland,3.0,True,1.0,One,2875.0,False,1.0,San Diego Unified,94605,0.0,2875.0,553.6413469068128,1.0,98.0,0,425.6666666666667,0.44417391304347825,13.468785944878709,13.527828485512494,13.504197029955991,732484.1855562446
False,False,2025-12-08,1589000.0,37.33019944,-121.9596335,1131.0,699 - Not Defined,True,2.0,0.1444,1953.0,2.0,Santa Clara,3.0,True,2.0,One,6290.0,False,2.0,Other,95050,0.0,6290.0,1404.951370468612,1.5,72.0,0,377.0,0.17980922098569158,14.278615445518852,14.349071368752643,14.137571793645973,1379969.2767293733
True,True,2025-12-16,575000.0,33.492556,-116.73001,2720.0,SRCAR - Southwest Riverside County,True,4.0,9.97,2001.0,4.0,Aguanga,6.0,True,1.0,One,434293.0,False,4.0,Hemet Unified,92536,0.0,434293.0,211.39705882352945,1.5,24.0,0,453.3333333333333,0.006263052823784864,13.262125319779487,13.280860619963631,13.695282317998327,886718.0291265128
False,False,2025-12-22,505000.0,33.19736349,-117.24162591,1234.0,92083 - Vista,True,0.0,0.105,1958.0,2.0,Vista,5.0,False,1.0,One,4573.0,False,0.0,Vista Unified,92083,0.0,4573.0,409.2382495948136,2.5,67.0,0,246.8,0.26984474087032584,13.132313708257497,13.614617615584883,13.503174563413886,731735.6277367689
False,False,2025-12-03,1450000.0,37.66980103,-121.88482612,1716.0,NBPK - Newbury Park,True,2.0,0.1641,1964.0,2.0,Pleasanton,4.0,True,1.0,One,7150.0,False,2.0,Pleasanton,94566,0.0,7150.0,844.988344988345,2.0,61.0,0,429.0,0.24,14.187074114396758,14.430696197054507,14.217837667411393,1495300.3795661898
True,False,2025-12-02,3733880.0,33.597717,-117.887124,1125.0,NP - Balboa Peninsula,True,2.0,0.0747,1954.0,2.0,Newport Beach,2.0,True,1.0,One,3252.0,False,2.0,Newport Mesa Unified,92661,0.0,3252.0,3319.0044444444443,1.0,71.0,0,562.5,0.3459409594095941,15.132958465449025,15.189226136877304,14.87740565022289,2891846.1148806936
False,False,2025-12-08,630000.0,34.186896999999995,-117.406392,2111.0,274 - San Bernardino,True,4.0,0.1341,2018.0,2.0,San Bernardino,4.0,True,1.0,One,5843.0,False,2.0,San Bernardino City Unified,92407,125.0,5843.0,298.43675982946473,2.0,7.0,0,527.75,0.36128701009755265,13.353475098367715,13.304684934198283,13.338803138955448,620824.1440670426
False,True,2025-12-04,1380000.0,37.389017,-121.862499,1752.0,646 - Pasadena (NE),True,2.0,0.1377,1972.0,2.0,San Jose,4.0,True,1.0,One,6000.0,False,2.0,East Side Union,95132,0.0,6000.0,787.6712328767123,2.0,53.0,0,438.0,0.292,14.137594057133388,14.316285845876763,14.244872592743091,1536277.1194773575
True,False,2025-12-16,3610000.0,32.829729,-117.24852,3566.0,92037 - La Jolla,True,6.0,0.4775,1957.0,3.0,La Jolla,4.0,True,2.0,Two,20800.0,False,2.0,La Jolla,92037,0.0,20800.0,1012.3387549074594,1.3333333333333333,68.0,0,891.5,0.1714423076923077,15.099218330309064,15.084846812896313,15.253666867534378,4212921.329587518
True,False,2025-12-01,265000.0,37.112636,-120.265307,1066.0,"62 - Garden Grove N of Chapman, W of Euclid",True,0.0,0.16,1939.0,1.0,Chowchilla,3.0,False,1.0,One,6970.0,False,0.0,Chowchilla Union,93610,0.0,6970.0,248.5928705440901,3.0,86.0,0,355.3333333333333,0.15294117647058825,12.487485104968359,12.896716695872,12.670458025615527,318207.20117967547
True,True,2025-12-15,1301000.0,36.962751,-119.466861,4668.0,699 - Not Defined,True,2.0,39.95,2003.0,5.0,Clovis,5.0,True,2.0,Two,1740222.0,False,2.0,Sierra Unified,93619,0.0,1740222.0,278.7060839760069,1.0,22.0,0,933.6,0.0026824163813582405,14.078643757494643,13.392361377937213,14.4480788355059,1882439.0020578548
False,False,2025-12-05,880000.0,32.85363351,-116.98876085,1485.0,92071 - Santee,True,4.0,0.2594,1960.0,3.0,Santee,4.0,False,1.0,One,11300.0,False,2.0,Morongo Unified,92071,195.0,11300.0,592.5925925925926,1.3333333333333333,65.0,0,371.25,0.1314159292035398,13.687677186454389,13.652403046879991,13.666609901387373,861654.7103756721
False,False,2025-12-17,434990.0,34.678771000000005,-118.109601,1521.0,LAC - Lancaster,True,2.0,0.1424,1987.0,2.0,Lancaster,3.0,True,1.0,One,6205.0,False,2.0,Antelope Valley Union,93535,0.0,6205.0,285.9894806048652,1.5,38.0,0,507.0,0.2451248992747784,12.983078321300834,12.994530005894443,12.932229338960232,413424.14852804237
False,False,2025-12-08,865000.0,34.038087,-117.959159,1719.0,633 - Industry/La Puente/Valinda,False,0.0,0.1567,1955.0,3.0,La Puente,5.0,False,1.0,One,6825.0,False,0.0,Hacienda La Puente Unified,91744,0.0,6825.0,503.1995346131472,1.6666666666666667,70.0,0,343.8,0.2518681318681319,13.670484785914017,13.547631112808673,13.605001563607306,810171.7681464888
True,False,2025-12-16,280000.0,34.664835,-118.180954,936.0,LAC - Lancaster,False,2.0,6.829,1990.0,2.0,Lancaster,2.0,True,1.0,One,297472.0,False,2.0,Antelope Valley Union,93536,395.0,297472.0,299.14529914529913,1.0,35.0,0,468.0,0.0031465146299483647,12.542544882151386,13.224918336616522,13.08206167139289,480249.80346353207
True,False,2025-12-19,272500.0,37.304534,-120.472703,938.0,267 - Loma Linda,True,1.0,0.0861,1927.0,1.0,Merced,2.0,False,1.0,One,3750.0,False,1.0,Merced City,95340,0.0,3750.0,290.5117270788913,2.0,98.0,0,469.0,0.2501333333333333,12.515393893085436,12.934827526010142,12.644041519957343,309911.33516594506
False,False,2025-12-23,225000.0,39.754943,-121.826761,1075.0,325 - Indian Wells,True,1.0,0.21,1957.0,1.0,Chico,3.0,True,1.0,One,9148.0,False,1.0,Chico Unified,95926,0.0,9148.0,209.30232558139537,3.0,68.0,0,358.3333333333333,0.1175120244862265,12.323855681186558,13.060487973686241,12.771841430888488,352160.18809863686
True,False,2025-12-15,730000.0,33.001354,-116.777408,1645.0,92065 - Ramona,True,2.0,0.44,1984.0,2.0,Ramona,3.0,False,1.0,One,0.44,False,2.0,Ramona Unified,92065,165.0,19166.4,443.76899696048633,1.5,41.0,0,548.3333333333334,0.08582728107521495,13.500799813124575,13.623138665316818,13.526336394140182,748881.7659319333
True,False,2025-12-26,1190000.0,33.927820000000004,-117.888219,2562.0,86 - Brea,True,5.0,0.1655,1966.0,3.0,Brea,5.0,True,2.0,Two,7210.0,False,2.0,Brea-Olinda Unified,92821,0.0,7210.0,464.4808743169399,1.6666666666666667,59.0,0,512.4,0.3553398058252427,13.989463865087712,13.997832114758229,14.15678516915798,1406739.4942367363
True,False,2025-12-01,1524000.0,32.80866263,-117.09837193,2845.0,92124 - Tierrasanta,True,6.0,0.1711,1980.0,3.0,San Diego,4.0,True,2.0,Two,7454.0,False,2.0,Las Virgenes,92124,0.0,7454.0,535.676625659051,1.3333333333333333,45.0,0,711.25,0.3816742688489402,14.236849015228728,13.981024996441848,14.20431814162518,1475220.6674617939
False,True,2025-12-10,525000.0,33.700524,-116.272816,1760.0,313 - La Quinta South of HWY 111,True,4.0,0.16,2001.0,3.0,La Quinta,3.0,True,1.0,One,6970.0,False,2.0,Westminster Unified,92253,331.0,6970.0,298.29545454545456,1.0,24.0,0,586.6666666666666,0.25251076040172166,13.17115354157376,13.545013310266594,13.412654234513694,668408.1269982237
True,False,2025-12-22,1975000.0,34.453298,-119.273048,4099.0,VC11 - Ojai,True,3.0,3.0,1989.0,3.0,Ojai,5.0,True,2.0,Two,3.0,False,3.0,Victor Valley Unified,93023,0.0,130680.0,481.8248353256892,1.6666666666666667,36.0,0,819.8,0.03136669727578818,14.496078956317358,13.983564142960525,14.513497061825111,2009702.1034749944
True,False,2025-12-15,1470000.0,33.030592,-117.251539,1572.0,92024 - Encinitas,True,4.0,0.0,1986.0,2.0,Encinitas,3.0,True,1.0,One,0.2,False,2.0,Encinitas Union,92024,211.0,0.2,935.114503816794,1.5,39.0,0,524.0,7860.0,14.20077295875492,14.603967918328545,14.169407210822277,1424607.9497117002
True,False,2025-12-19,444900.0,35.40209,-118.88636499999998,2256.0,BKSF - Bakersfield,True,2.0,0.16,2007.0,3.0,Bakersfield,4.0,True,1.0,One,6970.0,False,2.0,Bakersfield City,93306,127.0,6970.0,197.20744680851064,1.3333333333333333,18.0,0,564.0,0.3236728837876614,13.005604816794133,12.873902018105829,12.984193732249134,435475.46330361057
True,False,2025-12-19,827000.0,37.98539133,-122.08391642,1512.0,684 - La Verne,True,2.0,0.2346,1966.0,2.0,Martinez,4.0,True,1.0,One,10218.0,False,2.0,Orange Unified,94553,0.0,10218.0,546.957671957672,2.0,59.0,0,378.0,0.1479741632413388,13.625559974005828,13.604789526648622,13.581112372524657,791046.7698705582
True,True,2025-12-29,635000.0,33.837356,-116.485557,1870.0,335 - Cathedral City North,True,2.0,0.1262,2004.0,3.0,Cathedral City,3.0,True,1.0,One,5498.0,False,2.0,Walnut Valley Unified,92234,995.0,5498.0,339.572192513369,1.0,21.0,0,623.3333333333334,0.3401236813386686,13.36138027787483,13.224919965729422,13.243333830588698,564295.782793895
True,False,2025-12-17,925000.0,34.399299,-118.450972,2531.0,CAN3 - Canyon Country 3,True,6.0,0.1261,1999.0,3.0,Canyon Country,4.0,True,2.0,Two,5495.0,False,3.0,William S. Hart Union,91387,134.0,5495.0,365.46819438956936,1.3333333333333333,26.0,0,632.75,0.4606005459508644,13.737549016494562,13.737549016494562,13.877947213597059,1064427.0313255568
True,False,2025-12-02,1100000.0,34.005984999999995,-118.044539,2177.0,670 - Whittier,True,3.0,0.1838,1980.0,3.0,Whittier,4.0,True,2.0,Two,8008.0,False,3.0,Whittier Union High,90601,80.0,8008.0,505.2824988516307,1.3333333333333333,45.0,0,544.25,0.2718531468531469,13.9108207377686,13.721199878493033,13.834248696527743,1018914.799187127
False,False,2025-12-05,1600000.0,33.90796,-117.952573,2630.0,87 - La Habra,True,3.0,0.2342,1994.0,3.0,La Habra,5.0,True,2.0,Two,10200.0,False,3.0,Fullerton Joint Union High,90631,210.0,10200.0,608.3650190114068,1.6666666666666667,31.0,0,526.0,0.257843137254902,14.28551418721001,13.792724135316895,13.993015430421403,1194233.8767416498
False,False,2025-12-16,215000.0,39.493797,-121.5423,1227.0,263 - Banning/Beaumont/Cherry Valley,True,0.0,0.11,1945.0,2.0,Oroville,4.0,False,1.0,One,4792.0,False,0.0,Oroville Union,95966,0.0,4792.0,175.2241238793806,2.0,80.0,0,306.75,0.25605175292153587,12.2783933071098,12.821258284620408,12.594877942030198,295043.45867973013
False,False,2025-12-12,1780000.0,33.05616518,-117.25114785,1857.0,92024 - Encinitas,True,4.0,0.1868,1984.0,3.0,Encinitas,3.0,True,2.0,Two,8136.0,False,2.0,Los Angeles Unified,92024,73.0,8136.0,958.5352719439956,1.0,41.0,0,619.0,0.2282448377581121,14.392123922268269,14.603967918328545,14.41399474445257,1819358.9003682681
True,False,2025-12-15,777000.0,34.437313,-118.145688,1840.0,ACTO - Acton,False,1.0,8.4,1948.0,2.0,Acton,3.0,True,2.0,Two,8.4,False,1.0,Acton-Agua Dulce Unified,93550,0.0,365904.0,422.2826086956522,1.5,77.0,0,613.3333333333334,0.005028641392277756,13.563195629349785,13.049792684569493,13.187686278124126,533751.8332204468
True,False,2025-12-12,671000.0,34.003283,-117.874115,1225.0,669 - West Covina,True,2.0,0.1321,1963.0,2.0,West Covina,3.0,True,1.0,One,5754.0,False,2.0,Rowland Unified,91792,0.0,5754.0,547.7551020408164,1.5,62.0,0,408.3333333333333,0.21289537712895376,13.41652441595382,13.636980191648608,13.532009515425754,753142.3369597578
True,False,2025-12-29,402000.0,33.917087,-116.947277,1442.0,263 - Banning/Beaumont/Cherry Valley,True,4.0,0.1,2008.0,2.0,Beaumont,2.0,False,1.0,One,4356.0,False,2.0,Beaumont,92223,344.0,4356.0,278.77947295423024,1.0,17.0,0,721.0,0.3310376492194674,12.904207367601158,13.197470849891134,12.885371215318877,394498.73604406964
False,False,2025-12-19,1670000.0,34.093729,-118.06689,2533.0,661 - Temple City,True,2.0,0.1428,2019.0,4.0,Temple City,4.0,True,2.0,Two,6222.0,False,2.0,Temple City Unified,91780,0.0,6222.0,659.2972759573628,1.0,6.0,0,633.25,0.40710382513661203,14.328334184392938,13.981024996441848,14.253345285717332,1549348.8218970848
True,True,2025-12-05,1808000.0,33.941248,-117.673086,3791.0,682 - Chino Hills,True,3.0,0.231,2018.0,5.0,Chino Hills,5.0,True,2.0,Two,10062.0,False,3.0,Chino Valley Unified,91709,250.0,10062.0,476.91901872856766,1.0,7.0,0,758.2,0.37676406281057445,14.40773181993426,13.901688254205327,14.340373776831312,1690227.6413153263
False,True,2025-12-02,1140000.0,34.2271,-118.252597,1615.0,635 - La Crescenta/Glendale Montrose & Annex,True,4.0,0.152,1947.0,4.0,La Crescenta,3.0,False,2.0,Two,6619.0,False,0.0,Grossmont Union,91214,0.0,6619.0,705.8823529411765,0.75,78.0,0,538.3333333333334,0.24399456111195045,13.946538820370678,14.115615150414612,14.205941324759332,1477617.1652195652
False,True,2025-12-05,785000.0,34.221491,-119.064975,1511.0,VC41 - Camarillo Central,True,2.0,0.0347,1997.0,3.0,Camarillo,3.0,True,2.0,Two,1511.0,False,2.0,Beaumont,93010,170.0,1511.0,519.5234943745863,1.0,28.0,0,503.6666666666667,1.0,13.573438996764546,13.790192749979985,13.629831706438576,830540.2789004893
False,False,2025-12-12,595000.0,38.01095406,-121.90446499,1349.0,SEND - Sendero,True,2.0,0.1663,1975.0,2.0,Pittsburg,3.0,True,1.0,One,7242.0,False,2.0,Other,94565,0.0,7242.0,441.0674573758339,1.5,50.0,0,449.6666666666667,0.18627450980392157,13.296316684527767,13.270783382522602,13.18495478310315,532295.8821124149
True,False,2025-12-11,590000.0,33.765765,-116.288657,2032.0,307 - Sun City,True,5.0,0.14,1997.0,2.0,Palm Desert,2.0,False,1.0,One,6098.0,False,2.0,William S. Hart Union,92211,398.0,6098.0,290.3543307086614,1.0,28.0,0,1016.0,0.33322400787143325,13.287877815881902,13.226723392728571,13.146926187729813,512433.48065651924
True,False,2025-12-22,2700000.0,33.544734000000005,-117.765206,2140.0,LV - Laguna Village,True,2.0,0.1676,1965.0,3.0,Laguna Beach,4.0,True,2.0,Two,7300.0,False,2.0,Laguna Beach Unified,92651,0.0,7300.0,1261.6822429906542,1.3333333333333333,60.0,0,535.0,0.29315068493150687,14.808762330974558,14.914122846632385,14.836627804818072,2776294.838541119
False,False,2025-12-02,659000.0,33.970012,-117.464771,1586.0,251 - Jurupa Valley,True,2.0,0.09,2024.0,3.0,Jurupa Valley,3.0,False,2.0,Two,3920.0,False,2.0,Jurupa Unified,92509,158.0,3920.0,415.5107187894073,1.0,1.0,0,528.6666666666666,0.4045918367346939,13.398478813484644,13.422467969854667,13.354264111056354,630497.27414585
False,False,2025-12-01,695000.0,36.70786747,-121.62610605,1130.0,699 - Not Defined,True,2.0,0.16,1962.0,2.0,Salinas,3.0,False,2.0,One,6970.0,False,2.0,Other,93906,200.0,6970.0,615.0442477876106,1.5,63.0,0,376.6666666666667,0.16212338593974174,13.45166712454693,13.472921052508891,13.380800966056837,647452.6652721614
True,False,2025-12-22,955000.0,32.794715000000004,-117.077132,1174.0,92120 - Del Cerro,True,5.0,0.1377,1956.0,2.0,San Diego,3.0,False,1.0,One,6000.0,False,2.0,San Diego Unified,92120,0.0,6000.0,813.4582623509369,1.5,69.0,0,391.3333333333333,0.19566666666666666,13.769466619462868,13.996998434009651,13.83001707124823,1014612.2433875238
False,False,2025-12-31,600000.0,33.826694,-117.207148,2496.0,232 - Gavilan Hills,True,2.0,0.14,2006.0,3.0,Perris,4.0,True,2.0,Two,6098.0,False,2.0,Val Verde,92571,0.0,6098.0,240.3846153846154,1.3333333333333333,19.0,0,624.0,0.4093145293538865,13.304684934198283,13.214938819306386,13.258825998572123,573106.016453888
False,False,2025-12-08,1125000.0,34.251468,-118.50766000000002,2885.0,NR - Northridge,True,2.0,0.255,1960.0,3.0,Northridge,6.0,True,1.0,One,11107.0,False,0.0,Los Angeles Unified,91325,0.0,11107.0,389.948006932409,2.0,65.0,0,480.8333333333333,0.2597461060592419,13.933293593620657,13.955272500339433,14.130617893357218,1370406.3961721573
False,False,2025-12-24,1375000.0,34.179497,-118.515179,2193.0,ENC - Encino,False,2.0,0.126,1949.0,5.0,Encino,4.0,False,1.0,One,5489.0,False,0.0,Los Angeles Unified,91316,0.0,5489.0,626.9949840401276,0.8,76.0,0,548.25,0.3995263253780288,14.133964289082808,14.300596894375873,14.507444256428398,1997574.5077517016
True,True,2025-12-03,3395000.0,33.475154,-117.591251,4689.0,TL - Talega,True,5.0,0.235,2005.0,6.0,San Clemente,5.0,True,2.0,Two,10237.0,False,3.0,Capistrano Unified,92673,331.0,10237.0,724.0349754745148,0.8333333333333334,20.0,0,937.8,0.4580443489303507,15.037814318974933,14.446782334806132,15.06453841959881,3486951.5099094957
True,False,2025-12-01,1250000.0,36.62780139,-121.83272461,2681.0,699 - Not Defined,True,2.0,0.12,2004.0,3.0,Seaside,4.0,True,2.0,Two,5227.0,False,2.0,Other,93955,260.0,5227.0,466.2439388287953,1.3333333333333333,21.0,0,670.25,0.5129137172374211,14.038654109278484,13.564794368589576,13.596165543330297,803044.6082113136
True,False,2025-12-12,619888.0,34.066754,-117.145147,1674.0,268 - Redlands,True,2.0,0.1774,1988.0,4.0,Redlands,4.0,True,2.0,Two,7727.0,False,2.0,Redlands Unified,92374,0.0,7727.0,370.3034647550776,1.0,37.0,0,418.5,0.21664294033907078,13.337294095541681,13.299666780812677,13.354536754650146,630669.1986245381
False,False,2025-12-08,2080000.0,32.96869075,-117.181188,2624.0,92130 - Carmel Valley,True,2.0,0.1056,2013.0,3.0,San Diego,4.0,False,2.0,Two,6534.0,False,2.0,Capistrano Unified,92130,103.0,9496.0,792.6829268292682,1.3333333333333333,12.0,0,656.0,0.2763268744734625,14.547878451677501,14.674172177001793,14.718141118894257,2466081.7645146823
True,False,2025-12-03,725000.0,35.899986,-121.090508,1304.0,SRCAR - Southwest Riverside County,False,2.0,10.01,1982.0,2.0,Bradley,3.0,True,1.0,One,436036.0,False,2.0,King City Joint Union,93426,0.0,436036.0,555.9815950920246,1.5,43.0,0,434.6666666666667,0.0029905787595519637,13.493926933836812,13.217673557208654,13.221936577722698,552349.6660615953
True,False,2025-12-29,569000.0,34.087645,-117.198063,1465.0,268 - Redlands,True,2.0,0.0436,2025.0,3.0,Redlands,3.0,False,2.0,Two,1900.0,True,2.0,Redlands Unified,92374,145.0,1900.0,388.39590443686006,1.0,0.0,0,488.3333333333333,0.7710526315789473,13.251635713108469,13.299666780812677,13.184549100830532,532079.982905456
True,False,2025-12-16,860000.0,33.917235999999995,-118.012009,1701.0,M3 - La Mirada,False,2.0,0.2045,1954.0,2.0,La Mirada,4.0,False,1.0,One,8909.0,False,2.0,ABC Unified,90638,0.0,8909.0,505.58495002939446,2.0,71.0,0,425.25,0.1909305196991806,13.664687668229691,13.709037694795391,13.730609561273072,918603.2246584034
True,True,2025-12-12,800000.0,33.97731,-117.46546399999998,2308.0,251 - Jurupa Valley,True,3.0,0.21,1980.0,3.0,Jurupa Valley,5.0,True,2.0,Two,9148.0,False,3.0,Jurupa Unified,92509,0.0,9148.0,346.6204506065858,1.6666666666666667,45.0,0,461.6,0.25229558373414956,13.592367006650065,13.422467969854667,13.47900411622368,714261.2824754333
True,False,2025-12-22,995000.0,33.84149,-117.746504,1887.0,77 - Anaheim Hills,True,2.0,0.0687,1976.0,3.0,Anaheim Hills,4.0,True,2.0,Two,2992.0,False,2.0,Orange Unified,92807,250.0,2992.0,527.2919978802332,1.3333333333333333,49.0,0,471.75,0.6306818181818182,13.81049801614073,13.997832114758229,13.917116457403715,1106947.1372664468
True,True,2025-12-24,799000.0,33.959153,-117.322644,2206.0,252 - Riverside,True,4.0,0.18,1991.0,3.0,Riverside,4.0,True,2.0,Two,7841.0,False,2.0,Riverside Unified,92507,0.0,7841.0,362.1940163191297,1.3333333333333333,34.0,0,551.5,0.2813416656038771,13.591116224748411,13.38472764187182,13.425218644955555,676859.2616331421
False,False,2025-12-08,879000.0,34.209259,-119.174797,2317.0,VC35 - Oxnard - Northeast,True,2.0,0.1067,2005.0,3.0,Oxnard,4.0,True,2.0,Two,4647.0,False,2.0,Other,93030,20.0,4647.0,379.3698748381528,1.3333333333333333,20.0,0,579.25,0.4986012481170648,13.686540176667314,13.617059619240436,13.645814668515268,843921.4229849902
True,False,2025-12-18,1925000.0,33.748768,-118.40403899999998,2906.0,171 - Country Club,True,2.0,0.1237,1987.0,4.0,Rancho Palos Verdes,4.0,True,2.0,Two,5390.0,False,2.0,Palos Verdes Peninsula Unified,90275,0.0,5390.0,662.4225739848589,1.0,38.0,0,726.5,0.5391465677179963,14.470436525704022,14.438232971730155,14.562917151629364,2111516.888421461
True,False,2025-12-05,1150000.0,37.58777066,-122.05501751,1276.0,688 - Rancho Cucamonga,True,2.0,0.079,1970.0,2.0,Fremont,3.0,False,1.0,One,3440.0,False,2.0,Chico Unified,94555,0.0,3440.0,901.253918495298,1.5,55.0,0,425.3333333333333,0.37093023255813956,13.955272500339433,14.346138809026444,14.096281012860508,1324149.6169860018
True,False,2025-12-02,920000.0,33.791299,-117.988316,1163.0,"61 - N of Gar Grv, S Of Ball, E of Knott, W of Dal",True,1.0,0.1653,1952.0,2.0,Anaheim,4.0,False,1.0,One,7200.0,False,1.0,Garden Grove Unified,92804,0.0,7200.0,791.0576096302666,2.0,73.0,0,290.75,0.16152777777777777,13.732128949025222,13.766841941519797,13.634745543880866,834631.462293279
True,False,2025-12-31,629000.0,37.7100409,-121.4459107,1560.0,SRCAR - Southwest Riverside County,True,2.0,0.1156,2025.0,2.0,Tracy,2.0,False,1.0,One,5035.0,False,2.0,El Monte Union High,95377,375.0,5035.0,403.2051282051282,1.0,0.0,0,780.0,0.3098311817279047,13.351886535682578,13.569648381962956,13.4620942052955,702284.734375027
True,False,2025-12-05,1770000.0,37.65713498,-121.77031284,2874.0,N6 - Newport Heights,True,8.0,0.4597,1988.0,3.0,Livermore,3.0,True,1.0,One,20023.0,False,2.0,Livermore Valley,94550,450.0,20023.0,615.866388308977,1.0,37.0,0,958.0,0.1435349348249513,14.386490104550012,14.077490059042251,14.331078558287713,1674589.3990372745
True,False,2025-12-04,2100000.0,33.019174,-117.277529,572.0,92007 - Cardiff By The Sea,False,1.0,0.1148,1928.0,1.0,Cardiff By The Sea,2.0,False,1.0,One,5000.0,False,1.0,San Dieguito Union,92007,0.0,5000.0,3671.328671328671,2.0,97.0,0,286.0,0.1144,14.557447902693651,14.588392706543074,13.96159297985618,1157291.5702806592
False,False,2025-12-03,1157015.0,33.922085,-117.66494,2386.0,682 - Chino Hills,True,4.0,0.1761,2025.0,3.0,Chino Hills,4.0,False,1.0,One,7670.0,True,2.0,Chino Valley Unified,91709,595.0,7670.0,484.9182732606874,1.3333333333333333,0.0,0,596.5,0.3110821382007823,13.961353970655301,13.901688254205327,13.985725749633549,1185559.9464961141
True,False,2025-12-09,3000000.0,33.05626996,-117.27001981,4332.0,92024 - Encinitas,True,6.0,0.243,2003.0,5.0,Encinitas,6.0,True,2.0,Two,10586.0,False,3.0,Arcadia Unified,92024,280.0,10586.0,692.5207756232687,1.2,22.0,0,722.0,0.40921972416399016,14.914122846632385,14.603967918328545,15.043928109412214,3415819.8979297765
True,False,2025-12-19,293000.0,39.867162,-121.604,1232.0,SRCAR - Southwest Riverside County,True,2.0,1.0,1979.0,2.0,Magalia,2.0,True,1.0,One,43560.0,False,1.0,Paradise Unified,95954,0.0,43560.0,237.82467532467533,1.0,46.0,0,616.0,0.028282828282828285,12.587927887999204,12.587927887999204,12.478909388141957,262737.15168222296
False,False,2025-12-22,799000.0,34.259367,-118.417869,1184.0,PAC - Pacoima,True,2.0,0.1406,1950.0,1.0,Pacoima,3.0,False,1.0,One,6124.0,False,2.0,Los Angeles Unified,91331,0.0,6124.0,674.831081081081,3.0,75.0,0,394.6666666666667,0.19333768778576094,13.591116224748411,13.541073712262515,13.463306215550102,703136.4267003965
True,False,2025-12-22,395000.0,34.528858,-117.340607,1648.0,VIC - Victorville,False,1.0,0.1656,2006.0,2.0,Victorville,4.0,True,1.0,One,7215.0,False,1.0,Victor Valley Union High,92394,0.0,7215.0,239.68446601941747,2.0,19.0,0,412.0,0.2284130284130284,12.886641043883259,12.948009990259552,12.966152529827804,427689.408402744
False,False,2025-12-11,675702.0,34.151978,-117.454575,1805.0,264 - Fontana,True,2.0,0.0692,2025.0,3.0,Fontana,4.0,False,1.0,"Two,One",3014.0,False,2.0,Fontana Unified,92336,250.0,3014.0,374.3501385041551,1.3333333333333333,0.0,0,451.25,0.5988719309887193,13.42350742942933,13.487006490992238,13.404250659124438,662814.6444559621
True,False,2025-12-23,485000.0,33.996312,-117.366398,1009.0,252 - Riverside,False,2.0,0.25,1941.0,1.0,Riverside,3.0,False,1.0,One,10890.0,False,2.0,Riverside Unified,92501,0.0,10890.0,480.6739345887017,3.0,84.0,0,336.3333333333333,0.09265381083562901,13.091904169919621,13.304684934198283,13.194283777237418,537284.9023617863
False,False,2025-12-10,1250000.0,33.893148,-117.873511,1737.0,84 - Placentia,True,4.0,0.1768,1963.0,2.0,Placentia,3.0,True,1.0,One,7700.0,False,2.0,Placentia-Yorba Linda Unified,92870,0.0,7700.0,719.6315486470927,1.5,62.0,0,579.0,0.22558441558441558,14.038654109278484,13.980176819817759,13.940829772954515,1133510.228778257
True,False,2025-12-08,891000.0,35.116993,-120.605043,1464.0,ARRG - Arroyo Grande,True,2.0,0.14,2002.0,2.0,Arroyo Grande,3.0,False,1.0,One,6098.0,False,2.0,Lucia Mar Unified,93420,0.0,6098.0,608.6065573770492,1.5,23.0,0,488.0,0.24007871433256806,13.700099706452946,13.953093847654955,13.705708733482624,896011.685283095
False,False,2025-12-24,655000.0,33.971518,-118.076772,1246.0,670 - Whittier,False,0.0,0.1236,1950.0,1.0,Whittier,3.0,False,1.0,One,5383.0,False,0.0,Los Nietos Unified,90606,0.0,5383.0,525.6821829855538,3.0,75.0,0,415.3333333333333,0.23146944083224968,13.39239051461739,13.595482281525381,13.510287857147162,736959.2346915394
True,False,2025-12-23,555000.0,33.767152,-117.49767,1290.0,246 - Glen Ivy/Alber Hill,True,4.0,0.1,2002.0,2.0,Corona,2.0,True,1.0,One,4356.0,False,2.0,Corona-Norco Unified,92883,324.0,4356.0,430.2325581395349,1.0,23.0,0,645.0,0.29614325068870523,13.226723392728571,13.547957803444275,13.242053099087281,563573.5340108619
True,False,2025-12-18,470000.0,33.746019,-116.92621,1653.0,SRCAR - Southwest Riverside County,True,2.0,0.18,2007.0,2.0,Hemet,3.0,True,1.0,One,7841.0,False,2.0,Hemet Unified,92544,0.0,7841.0,284.33151845130067,1.5,18.0,0,551.0,0.2108149470730774,13.060487973686241,13.081541382884074,13.037659585279359,459392.19763605535
True,False,2025-12-23,1650000.0,33.805963,-117.821456,2234.0,73 - Villa Park,True,4.0,0.198,1969.0,3.0,Villa Park,4.0,False,1.0,One,8625.0,False,2.0,Orange Unified,92861,0.0,8625.0,738.585496866607,1.3333333333333333,56.0,0,558.5,0.2590144927536232,14.316285845876763,14.637490610367188,14.54385403042998,2071646.0250373823
False,False,2025-12-12,1010000.0,32.612662,-116.99165,2833.0,91913 - Chula Vista,True,2.0,0.0952,2019.0,4.0,Chula Vista,5.0,False,1.0,ThreeOrMore,4149.0,False,2.0,Sweetwater Union,91913,64.0,4149.0,356.51253088598656,1.25,6.0,0,566.6,0.6828151361773921,13.825460888817442,13.764217263576723,13.961087189905045,1156706.3718400998
True,False,2025-12-15,1300000.0,37.71610114,-121.93665723,1321.0,RCR - Ridgecrest,True,2.0,0.1653,1960.0,2.0,Dublin,4.0,True,1.0,One,7200.0,False,2.0,Garden Grove Unified,94568,0.0,7200.0,984.102952308857,2.0,65.0,0,330.25,0.18347222222222223,14.077874822431765,14.288629462085328,14.063515405973519,1281466.1447386781
True,False,2025-12-04,1900000.0,34.165581,-118.356609,2669.0,NHO - North Hollywood,True,6.0,0.1936,1941.0,5.0,North Hollywood,4.0,False,1.0,One,8433.0,False,2.0,Los Angeles Unified,91601,0.0,8433.0,711.8771075309105,0.8,84.0,0,667.25,0.31649472311158544,14.457364444136669,13.878386160617055,14.431286859710085,1851093.0486925603
False,False,2025-12-10,878298.0,33.726511,-117.182628,4184.0,SRCAR - Southwest Riverside County,True,3.0,0.1792,2025.0,4.0,Menifee,5.0,False,2.0,Two,7806.0,True,3.0,Perris Union High,92586,94.0,7806.0,209.91826003824093,1.25,0.0,0,836.8,0.5359979502946451,13.685741222776349,12.89921982609012,13.589845794606811,797985.5708339956
True,False,2025-12-26,665000.0,33.604683,-117.099738,3333.0,SRCAR - Southwest Riverside County,True,3.0,0.2,2004.0,3.0,Winchester,4.0,True,1.0,One,8712.0,False,3.0,Temecula Unified,92596,0.0,8712.0,199.5199519951995,1.3333333333333333,21.0,0,833.25,0.38257575757575757,13.407542319637992,13.337474757021274,13.457841798604278,699304.6747748104
True,True,2025-12-12,350000.0,33.978666,-116.53222,2653.0,341 - Mission Lakes,True,2.0,0.17,1989.0,4.0,Desert Hot Springs,4.0,True,1.0,One,7405.0,False,2.0,Chaffey Joint Union High,92240,465.0,7405.0,131.92612137203167,1.0,36.0,0,663.25,0.35827143821742063,12.765688433465597,12.911642346088676,13.105277285508805,491529.523787431
False,False,2025-12-19,875000.0,33.838764000000005,-118.243431,1569.0,136 - Central Carson,True,2.0,0.1309,1963.0,2.0,Carson,4.0,True,2.0,Two,5701.0,False,2.0,Los Angeles Unified,90745,0.0,5701.0,557.6800509878904,2.0,62.0,0,392.25,0.27521487458340643,13.681979165339751,13.592367006650065,13.578419294910843,788919.285549167
False,False,2025-12-15,330000.0,37.582242,-120.951166,1118.0,264 - Fontana,True,0.0,0.4926,1945.0,1.0,Ceres,3.0,False,1.0,One,21457.0,False,0.0,Ceres Unified,95307,0.0,21457.0,295.169946332737,3.0,80.0,0,372.6666666666667,0.052104208416833664,12.706847933442663,13.000052085908663,12.820301649778818,369646.21435742866
True,False,2025-12-02,3600000.0,36.96100566,-121.87179423,3113.0,699 - Not Defined,False,2.0,0.166,2005.0,4.0,Aptos,3.0,True,1.0,One,7231.0,False,2.0,Other,95003,350.0,7231.0,1156.4407324124638,0.75,20.0,0,1037.6666666666667,0.4305075369935002,15.096444403426338,14.188463383490559,14.564112779319231,2114042.9863162483
True,False,2025-12-05,1800000.0,34.224363000000004,-118.225985,1683.0,634 - La Canada Flintridge,False,2.0,0.3397,1955.0,2.0,La Canada Flintridge,3.0,True,1.0,One,14799.0,False,2.0,Glendale Unified,91011,0.0,14799.0,1069.51871657754,1.5,70.0,0,561.0,0.11372390026353132,14.403297222866392,14.635290389457586,14.419058092938627,1828594.3098192166
True,False,2025-12-16,1165000.0,33.873918,-117.857473,2765.0,84 - Placentia,True,2.0,0.2204,1979.0,3.0,Placentia,4.0,True,2.0,Two,9600.0,False,2.0,Placentia-Yorba Linda Unified,92870,0.0,9600.0,421.3381555153707,1.3333333333333333,46.0,0,691.25,0.28802083333333334,13.968231644981937,13.980176819817759,14.169199413424014,1424311.9506411895
False,False,2025-12-02,720000.0,34.069187,-118.093662,774.0,651 - Rosemead/S. San Gabriel,False,1.0,0.1344,1946.0,1.0,Rosemead,2.0,False,1.0,One,5855.0,False,1.0,Alhambra,91770,0.0,5855.0,930.2325581395348,2.0,79.0,0,387.0,0.13219470538001707,13.487006490992238,13.726664413759128,13.408428535444012,665589.5947264986
True,False,2025-12-16,245000.0,35.125134,-117.9663,1828.0,CAC - California City,True,2.0,0.23,1987.0,2.0,California City,3.0,True,1.0,One,10019.0,False,2.0,Mojave Unified,93505,0.0,10019.0,134.0262582056893,1.5,38.0,0,609.3333333333334,0.18245333865655256,12.409013489526863,12.608198852372823,12.737188047186438,340165.67155221297
True,False,2025-12-19,575000.0,34.546752000000005,-117.24206,2403.0,APPV - Apple Valley,True,2.0,0.8035,1983.0,3.0,Apple Valley,4.0,True,1.0,One,35000.0,False,2.0,Apple Valley Unified,92307,0.0,35000.0,239.28422804827292,1.3333333333333333,42.0,0,600.75,0.06865714285714286,13.262125319779487,13.049792684569493,13.216209098078242,549195.1369666276
True,False,2025-12-03,900000.0,33.263851,-117.299928,2069.0,92057 - Oceanside,True,6.0,0.3224,2003.0,3.0,Oceanside,4.0,True,1.0,One,14045.0,False,3.0,Oceanside Unified,92057,75.0,14045.0,434.9927501208313,1.3333333333333333,22.0,0,517.25,0.147312210751157,13.710150042306449,13.681979165339751,13.775671084973828,960943.6841877172
True,True,2025-12-03,1173000.0,36.61834713,-121.83684711,2100.0,699 - Not Defined,True,7.0,0.3329,1948.0,2.0,Seaside,3.0,True,1.0,One,14500.0,False,5.0,Other,93955,0.0,14500.0,558.5714285714286,1.5,77.0,0,700.0,0.14482758620689656,13.975075127635613,13.564794368589576,13.666679062637971,861714.3055538405
True,True,2025-12-15,265000.0,34.522695,-117.319601,1446.0,VIC - Victorville,True,2.0,0.1722,1964.0,2.0,Victorville,5.0,True,1.0,One,7500.0,False,2.0,Victor Valley Union High,92394,0.0,7500.0,183.26417704011064,2.5,61.0,0,289.2,0.1928,12.487485104968359,12.948009990259552,12.896722730697318,399002.4079025674
False,False,2025-12-19,690702.0,33.969623,-117.466895,1880.0,251 - Jurupa Valley,True,2.0,0.092,2025.0,3.0,Jurupa Valley,4.0,False,2.0,Two,4007.0,True,2.0,Jurupa Unified,92509,158.0,4007.0,367.3946808510638,1.3333333333333333,0.0,0,470.0,0.4691789368604941,13.445463750686018,13.422467969854667,13.393192696109885,655525.6396786089
False,False,2025-12-15,754990.0,33.700241,-117.378049,2792.0,SRCAR - Southwest Riverside County,True,3.0,0.1885,2024.0,4.0,Lake Elsinore,5.0,False,2.0,Two,8210.0,True,3.0,Lake Elsinore Unified,92530,184.0,8210.0,270.4118911174785,1.25,1.0,0,558.4,0.34007308160779537,13.534459783110332,13.270783382522602,13.48086959937586,715594.9684617426
True,False,2025-12-30,915000.0,33.844435,-118.179408,1655.0,"6 - Bixby, Bixby Knolls, Los Cerritos",False,4.0,0.1415,1947.0,2.0,Long Beach,3.0,True,1.0,One,6162.0,False,2.0,Long Beach Unified,90807,0.0,6162.0,552.8700906344411,1.5,78.0,0,551.6666666666666,0.268581629341123,13.726679344257658,13.924364962876357,13.921073100224255,1111335.6077898925
True,True,2025-12-17,822000.0,34.032990000000005,-117.179364,1792.0,268 - Redlands,True,2.0,0.3227,1955.0,2.0,Redlands,3.0,True,2.0,Two,14058.0,False,0.0,Redlands Unified,92373,0.0,14058.0,458.7053571428572,1.5,70.0,0,597.3333333333334,0.12747190211978945,13.619495674038317,13.621317169677567,13.625309812148545,826793.1420190941
False,False,2025-12-05,675990.0,33.703588,-117.376984,2824.0,SRCAR - Southwest Riverside County,True,2.0,0.2062,2025.0,3.0,Lake Elsinore,5.0,False,2.0,Two,8981.0,True,2.0,Lake Elsinore Unified,92530,184.0,8981.0,239.3732294617564,1.6666666666666667,0.0,0,564.8,0.3144415989310767,13.423933562016277,13.270783382522602,13.434628000190536,683258.1282637996
True,False,2025-12-29,385000.0,39.768261,-121.631817,1538.0,SRCAR - Southwest Riverside County,True,3.0,0.34,2025.0,2.0,Paradise,3.0,True,1.0,One,0.34,True,1.0,Paradise Unified,95969,0.0,14810.4,250.3250975292588,1.5,0.0,0,512.6666666666666,0.1038459460919354,12.86099861326992,12.89921982609012,12.999269861232104,442090.4867371523
True,False,2025-12-22,839990.0,34.473662,-118.569876,2327.0,TSRO - Tesoro de Valle,True,2.0,0.1378,2025.0,4.0,Valencia,3.0,False,1.0,One,6002.0,True,2.0,William S. Hart Union,91354,483.0,6002.0,360.9755049419854,0.75,0.0,0,775.6666666666666,0.38770409863378874,13.64114526598673,13.710150042306449,13.875682908131866,1062019.5700237225
False,False,2025-12-24,883000.0,33.836286,-117.996557,1171.0,82 - Buena Park,True,2.0,0.1377,1956.0,2.0,Buena Park,3.0,True,1.0,One,6000.0,False,2.0,Anaheim Union High,90620,0.0,6000.0,754.0563620836891,1.5,69.0,0,390.3333333333333,0.19516666666666665,13.691080479586097,13.741593969296583,13.637876321729765,837248.6026922981
True,False,2025-12-15,635000.0,33.864508,-118.148747,1300.0,"21 - Crest Gardens, Mayfair, Signature",False,2.0,0.1184,1950.0,2.0,Long Beach,4.0,True,1.0,One,5158.0,False,2.0,Paramount Unified,90805,0.0,5158.0,488.46153846153845,2.0,75.0,0,325.0,0.2520356727413726,13.36138027787483,13.526494262499357,13.511470976766281,737831.6616115301
True,False,2025-12-18,1275000.0,34.156292,-118.119506,1605.0,646 - Pasadena (NE),False,1.0,0.1378,1922.0,2.0,Pasadena,3.0,True,2.0,Two,6004.0,False,1.0,Orange Unified,91106,0.0,6004.0,794.392523364486,1.5,103.0,0,535.0,0.2673217854763491,14.058456736574664,14.686803923907693,14.445289273185953,1877195.1385905808
True,True,2025-12-23,1177000.0,32.81203918,-116.99175526,2012.0,92020 - El Cajon,True,4.0,0.3444,1968.0,2.0,El Cajon,3.0,True,1.0,One,15000.0,False,2.0,Corona-Norco Unified,92020,95.0,15000.0,584.9900596421471,1.5,57.0,0,670.6666666666666,0.13413333333333333,13.978479386242414,13.7694117933985,13.818017974116957,1002510.5623496232
False,False,2025-12-16,820000.0,33.72852,-118.290452,1425.0,185 - Plaza,False,4.0,0.1034,1933.0,2.0,San Pedro,3.0,False,1.0,One,4502.0,False,4.0,Los Angeles Unified,90731,0.0,4502.0,575.438596491228,1.5,92.0,0,475.0,0.31652598844957797,13.617059619240436,13.693342923990066,13.706481701784883,896704.5416577832
True,False,2025-12-01,338000.0,37.199057,-119.771871,1847.0,92129 - Rancho Penasquitos,True,2.0,1.11,2004.0,2.0,Coarsegold,4.0,False,1.0,One,48352.0,False,2.0,Yosemite Unified,93614,168.0,48352.0,182.99945858148348,2.0,21.0,0,461.75,0.038199040370615486,12.730801174465157,12.837330275499196,12.999754750782428,442304.9037745578
True,False,2025-12-12,300000.0,34.464799,-116.857456,1592.0,LUV - Lucerne Valley,True,2.0,5.0,1964.0,2.0,Lucerne Valley,3.0,False,1.0,One,217800.0,False,1.0,Mariposa County Unified,92356,0.0,217800.0,188.4422110552764,1.5,61.0,0,530.6666666666666,0.007309458218549128,12.611537753638338,12.619802404613942,12.670794263013416,318314.2123305569
False,True,2025-12-03,435000.0,35.351733,-119.115243,1979.0,BKSF - Bakersfield,True,2.0,0.14,1998.0,2.0,Bakersfield,4.0,True,1.0,One,6098.0,False,2.0,Kern Union,93311,39.0,6098.0,219.80798383021727,2.0,27.0,0,494.75,0.32453263365037716,12.983101310070822,13.112313041550827,13.120830129630779,499233.9635251544
True,False,2025-12-19,700000.0,38.00585166,-122.25951927,1581.0,LAC - Lancaster,True,2.0,0.1515,1977.0,2.0,Hercules,3.0,True,1.0,One,6600.0,False,2.0,Pasadena Unified,94547,0.0,6600.0,442.75774826059455,1.5,48.0,0,527.0,0.23954545454545453,13.458835614025542,13.633374406790827,13.52358362154532,746823.099550089
False,False,2025-12-10,616461.0,33.875089,-117.326614,1618.0,252 - Riverside,True,2.0,0.1224,2025.0,2.0,Riverside,3.0,False,1.0,One,5330.0,True,2.0,Riverside Unified,92508,196.0,5330.0,381.0018541409147,1.5,0.0,0,539.3333333333334,0.30356472795497186,13.331750339244884,13.56126305375042,13.473540869691007,710369.7369161812
True,False,2025-12-12,975000.0,34.082808,-118.599507,950.0,TOP - Topanga,True,2.0,0.0782,1987.0,1.0,Topanga,1.0,True,1.0,MultiSplit,3405.0,False,2.0,Los Angeles Unified,90290,176.0,3405.0,1026.3157894736842,1.0,38.0,0,950.0,0.2790014684287812,13.790192749979985,14.266581106099132,13.570398596472407,782616.9103796397
True,True,2025-12-05,980000.0,33.816401,-117.376149,2794.0,SRCAR - Southwest Riverside County,True,2.0,2.25,1977.0,2.0,Perris,3.0,True,1.0,One,98010.0,False,2.0,Perris Union High,92570,0.0,98010.0,350.7516105941303,1.5,48.0,0,931.3333333333334,0.02850729517396184,13.795307850646754,13.32666315004938,13.620047763005553,822453.9424278412
True,False,2025-12-16,880000.0,34.041409,-118.046169,2283.0,657 - So. El Monte,True,2.0,0.1106,1990.0,3.0,South El Monte,4.0,True,2.0,Two,4819.0,False,2.0,El Monte Union High,91733,0.0,4819.0,385.4577310556286,1.3333333333333333,35.0,0,570.75,0.47374974061008507,13.687677186454389,13.58609739363647,13.600852625091123,806817.3786825085
False,False,2025-12-30,420000.0,33.886928000000005,-118.226415,600.0,"RP - Compton S of Rosecrans, E of Central,W of Ala",True,1.0,0.0899,1951.0,1.0,Compton,1.0,False,1.0,One,3917.0,False,1.0,Compton Unified,90220,0.0,3917.0,700.0,1.0,74.0,0,600.0,0.15317845289762574,12.948009990259552,13.386264921190707,12.885504412443796,394551.2856411448
True,True,2025-12-26,845000.0,34.175397,-116.362395,1787.0,DC571 - Yucca Mesa,True,2.0,2.09,2024.0,2.0,Yucca Valley,3.0,True,1.0,One,91040.0,False,2.0,Yucca Valley,92284,0.0,91040.0,472.8595411303861,1.5,1.0,0,595.6666666666666,0.019628734622144112,13.64709190633931,12.86876061860541,13.31663976804569,607215.947092159
False,False,2025-12-01,1110000.0,33.97475,-118.051923,1808.0,670 - Whittier,True,2.0,0.1837,2022.0,3.0,Whittier,3.0,False,2.0,Two,0.6,False,2.0,Whittier Union High,90602,239.0,2937.0,613.9380530973451,1.0,3.0,0,602.6666666666666,0.6155941436840313,13.919870573288517,13.764217263576723,13.655023190904718,851728.5833404546
True,False,2025-12-10,690000.0,37.98825044,-122.33485,1618.0,252 - Riverside,True,2.0,0.0491,2004.0,3.0,Richmond,4.0,False,2.0,Two,2137.0,False,2.0,Chico Unified,94806,179.0,2137.0,426.4524103831892,1.3333333333333333,21.0,0,404.5,0.7571361722040243,13.444446876573442,13.321214236149494,13.257330739713298,572249.7149614791
True,False,2025-12-15,875000.0,33.981036,-117.89069,1319.0,652 - Rowland Heights,True,2.0,0.1321,1962.0,2.0,Rowland Heights,4.0,True,1.0,One,5754.0,False,2.0,Rowland Unified,91748,0.0,5754.0,663.3813495072025,2.0,63.0,0,329.75,0.2292318387208898,13.681979165339751,13.9016461684345,13.721365100571683,910150.3645129984
True,False,2025-12-02,620000.0,33.588846999999994,-117.098344,1819.0,699 - Not Defined,True,3.0,0.17,2001.0,2.0,Winchester,3.0,True,1.0,One,7405.0,False,3.0,Perris Union High,92596,0.0,7405.0,340.84661902144035,1.5,24.0,0,606.3333333333334,0.24564483457123565,13.337474757021274,13.337474757021274,13.284356049603163,587925.8124412613
True,False,2025-12-16,340000.0,34.124257,-116.393867,1188.0,DC531 - Central East,True,2.0,0.4137,1963.0,2.0,Yucca Valley,3.0,False,1.0,One,18020.0,False,2.0,Morongo Unified,92284,0.0,18020.0,286.1952861952862,1.5,62.0,0,396.0,0.06592674805771365,12.736700896592344,12.86876061860541,12.740300918871702,341226.2134485219
True,False,2025-12-15,699000.0,33.703925,-117.14379,2967.0,SRCAR - Southwest Riverside County,True,3.0,0.21,2014.0,3.0,Menifee,4.0,True,2.0,Two,9148.0,False,3.0,San Jacinto Unified,92584,0.0,9148.0,235.5915065722953,1.3333333333333333,11.0,0,741.75,0.32433318758198515,13.457406021215947,13.353475098367715,13.490109341662498,722237.5220357822
True,False,2025-12-12,475000.0,33.907176,-117.160113,1510.0,259 - Moreno Valley,True,2.0,0.18,2002.0,2.0,Moreno Valley,2.0,True,1.0,One,7841.0,False,2.0,Moreno Valley Unified,92555,170.0,7841.0,314.56953642384104,1.0,23.0,0,755.0,0.1925774773625813,13.071070083016778,13.304684934198283,13.097592434878056,487766.66982039413
True,False,2025-12-23,2830000.0,34.148134000000006,-118.83246,3050.0,WV - Westlake Village,True,2.0,0.13,1976.0,3.0,Westlake Village,3.0,True,2.0,Two,5662.0,False,2.0,Conejo Valley Unified,91361,283.33,5662.0,927.8688524590164,1.0,49.0,0,1016.6666666666666,0.5386789120452137,14.85578726961942,14.450755865652397,14.420090899172097,1830483.869027185
True,False,2025-12-22,3200000.0,36.62465867,-121.92065221,3118.0,699 - Not Defined,True,2.0,0.1724,1964.0,3.0,Pacific Grove,3.0,True,2.0,One,7508.0,False,2.0,Other,93950,0.0,7508.0,1026.2989095574087,1.0,61.0,0,1039.3333333333333,0.41529035695258393,14.978661367769956,14.077867425927353,14.399816455048503,1793745.5094573137
True,False,2025-12-19,435000.0,39.718958,-121.830143,1132.0,MB - Monarch Beach,False,2.0,0.11,1950.0,2.0,Chico,4.0,False,1.0,One,0.11,False,0.0,Chico Unified,95928,0.0,4791.6,384.2756183745583,2.0,75.0,0,283.0,0.236246765172385,12.983101310070822,13.078384738024758,12.972800914186609,430542.32511092833
True,True,2025-12-11,385000.0,34.392335,-117.29926100000002,2573.0,HSP - Hesperia,True,2.0,1.19,1971.0,3.0,Hesperia,4.0,True,1.0,One,51836.0,False,2.0,Hesperia Unified,92345,0.0,51836.0,149.63078118927322,1.3333333333333333,54.0,0,643.25,0.04963731769426653,12.86099861326992,13.064514272196533,13.265355399043676,576860.2984151383
True,False,2025-12-11,855000.0,33.683102000000005,-117.279832,2239.0,SRCAR - Southwest Riverside County,True,1.0,0.16,1971.0,2.0,Canyon Lake,3.0,True,1.0,One,6970.0,False,1.0,Lake Elsinore Unified,92587,362.0,6970.0,381.8669048682448,1.5,54.0,0,746.3333333333334,0.3212338593974175,13.658856747918897,13.407542319637992,13.433684181805473,682613.5609057104
False,False,2025-12-31,271500.0,35.314383,-119.02567,1028.0,BKSF - Bakersfield,True,2.0,0.16,2000.0,2.0,Bakersfield,3.0,False,1.0,One,6970.0,False,2.0,Bakersfield City,93304,0.0,6970.0,264.10505836575874,1.5,25.0,0,342.6666666666667,0.14748923959827834,12.511717418356127,12.676076274775909,12.601555651278701,297020.2660390813
False,True,2025-12-10,472000.0,36.224106,-119.340872,2428.0,RA - Cerritos North of 91 Frwy,True,2.0,0.2576,1976.0,3.0,Tulare,3.0,True,1.0,One,11220.0,False,2.0,Visalia Unified,93274,0.0,11220.0,194.3986820428336,1.0,49.0,0,809.3333333333334,0.21639928698752228,13.064734264567692,12.977337605354071,13.180133395226491,529735.6540853282
True,False,2025-12-04,450000.0,34.246984999999995,-117.22521299999998,1804.0,287A - Arrowhead Woods,True,0.0,0.2019999999999999,1978.0,2.0,Lake Arrowhead,3.0,True,2.0,Two,8799.0,False,0.0,Rim of the World,92391,0.0,8799.0,249.44567627494456,1.5,47.0,0,601.3333333333334,0.20502329810205705,13.017002861746503,12.834681304952548,12.864888496733542,386500.5216686503
True,False,2025-12-15,340000.0,39.756575,-121.598075,1421.0,DC511 - NW Morongo,True,6.0,0.32,1979.0,2.0,Paradise,2.0,True,1.0,One,13939.0,False,2.0,Paradise Unified,95969,0.0,13939.0,239.2681210415201,1.0,46.0,0,710.5,0.10194418537915202,12.736700896592344,12.89921982609012,12.794860134793515,360360.4771270959
False,False,2025-12-15,600000.0,36.207264,-121.14069,2366.0,16 - Fountain Valley / Northeast HB,True,2.0,0.195,2006.0,3.0,King City,4.0,True,2.0,Two,8494.0,False,2.0,King City Joint Union,93930,0.0,8494.0,253.59256128486896,1.3333333333333333,19.0,0,591.5,0.2785495643983989,13.304684934198283,13.222208712374044,13.283800568487385,587599.3214431584
False,False,2025-12-09,3650000.0,33.02135742,-117.19989947,4163.0,92067 - Rancho Santa Fe,True,5.0,0.57,1994.0,5.0,Rancho Santa Fe,4.0,True,1.0,One,24829.0,False,2.0,San Leandro,92067,0.9,24829.0,876.7715589718953,0.8,31.0,0,1040.75,0.16766684119376535,15.110237725558674,15.37889082594447,15.415009550006815,4950551.53726093
False,False,2025-12-04,2400000.0,32.82664501,-117.27509235,1518.0,92037 - La Jolla,True,2.0,0.1122,1951.0,2.0,La Jolla,3.0,True,1.0,One,4886.0,False,1.0,Mojave Unified,92037,0.0,4886.0,1581.0276679841895,1.5,74.0,0,506.0,0.310683585755219,14.690979295318174,15.084846812896313,14.740889936751147,2522825.185186429
False,False,2025-12-12,560000.0,37.95517696,-122.34572469,1468.0,WN - Walnut (Irvine),True,1.0,0.09,1957.0,2.0,Richmond,4.0,True,1.0,One,3920.0,False,1.0,Lucia Mar Unified,94806,94.0,3920.0,381.4713896457766,2.0,68.0,0,367.0,0.37448979591836734,13.235692062711331,13.321214236149494,13.280021831387165,585383.1279305391
False,False,2025-12-12,330000.0,34.690969,-118.113544,1604.0,LAC - Lancaster,True,2.0,0.1701,1963.0,2.0,Lancaster,5.0,True,2.0,Two,7410.0,False,2.0,Other,93535,0.0,7410.0,205.7356608478803,2.5,62.0,0,320.8,0.2164642375168691,12.706847933442663,12.994530005894443,12.96487844775582,427144.843978671
True,True,2025-12-16,4650000.0,34.178247,-118.108917,5385.0,604 - Altadena,True,3.0,0.8343,1928.0,5.0,Altadena,5.0,True,1.0,One,36340.0,False,3.0,Other,91001,0.0,36340.0,863.5097493036212,1.0,97.0,0,1077.0,0.14818381948266374,15.35237777756354,13.926582083454587,15.017732733996299,3327503.0105400006
True,False,2025-12-30,870000.0,32.83871901,-116.77206605,2101.0,91901 - Alpine,True,4.0,0.1352,1999.0,3.0,Alpine,4.0,True,2.0,Two,5889.0,False,2.0,Los Angeles Unified,91901,154.0,5889.0,414.08852927177537,1.3333333333333333,26.0,0,525.25,0.35676685345559517,13.676248490630767,13.764217263576723,13.765770927151085,951477.1275781665
True,True,2025-12-01,1099000.0,33.728099,-116.359144,2674.0,325 - Indian Wells,True,3.0,0.21,1999.0,3.0,Indian Wells,4.0,True,1.0,One,9148.0,False,3.0,Coachella Valley Unified,92210,120.0,9148.0,410.9947643979058,1.3333333333333333,26.0,0,668.5,0.29230432881504154,13.909911233385758,14.452073389471401,14.425025645363633,1839539.1667505123
True,False,2025-12-10,625000.0,34.146964000000004,-118.595939,1334.0,WHLL - Woodland Hills,False,2.0,0.1193,1926.0,3.0,Woodland Hills,3.0,False,1.0,"One,Two",5196.0,False,2.0,Los Angeles Unified,91364,0.0,5196.0,468.5157421289355,1.0,99.0,0,444.6666666666667,0.2567359507313318,13.345506928718539,14.15910026235435,14.038729010639074,1250093.6302072085
True,True,2025-12-01,947000.0,33.924178999999995,-117.382042,2371.0,252 - Riverside,True,3.0,0.36,1988.0,2.0,Riverside,4.0,True,1.0,One,15682.0,False,3.0,Riverside Unified,92506,0.0,15682.0,399.40953184310416,2.0,37.0,0,592.75,0.15119244994260936,13.761054372168216,13.493926933836812,13.620217910169764,822593.8925395587
False,False,2025-12-17,1070000.0,34.024522,-118.360097,1393.0,PHHT - Park Hills Heights,True,2.0,0.1626,1946.0,2.0,Los Angeles,3.0,True,1.0,One,7081.0,False,2.0,Kelseyville Unified,90016,0.0,7081.0,768.1263460157933,1.5,79.0,0,464.3333333333333,0.19672362660641152,13.883169206438088,13.849900315661687,13.798273357373418,982910.5100276883
True,False,2025-12-08,255000.0,34.121718,-116.034309,1445.0,DC729 - Hanson Area,False,1.0,0.4397,1954.0,2.0,29 Palms,3.0,False,1.0,One,19152.0,False,1.0,Morongo Unified,92277,0.0,19152.0,176.47058823529412,1.5,71.0,0,481.6666666666667,0.07544903926482874,12.449018824140563,12.666637149787377,12.662280555739297,315615.6818546803
True,False,2025-12-17,430000.0,39.720619,-121.851529,1330.0,117 - McCarthy,True,4.0,0.12,1947.0,3.0,Chico,3.0,False,1.0,One,5227.0,False,0.0,Chico Unified,95928,0.0,5227.0,323.30827067669173,1.0,78.0,0,443.3333333333333,0.2544480581595561,12.971540487669746,13.078384738024758,13.057955033073748,468811.02435016807
True,False,2025-12-15,500000.0,33.969321,-117.357425,1078.0,252 - Riverside,False,2.0,0.22,1957.0,2.0,Riverside,3.0,False,1.0,One,9583.0,False,2.0,Riverside Unified,92507,0.0,9583.0,463.821892393321,1.5,68.0,0,359.3333333333333,0.11249086924762601,13.122363377404328,13.38472764187182,13.287820777819606,589966.3485029625
True,False,2025-12-02,540000.0,37.7408744,-121.44816657,1166.0,699 - Not Defined,True,2.0,0.0826,1996.0,2.0,Tracy,3.0,True,1.0,One,3600.0,False,2.0,San Diego Unified,95376,986.0,3600.0,463.1217838765008,1.5,29.0,0,388.6666666666667,0.3238888888888889,13.199324418540456,13.279367126213993,13.103248200950341,490533.1799954308
True,False,2025-12-01,1200000.0,33.959761,-117.357672,2641.0,252 - Riverside,True,2.0,3.5,1941.0,3.0,Riverside,3.0,True,1.0,One,152460.0,False,2.0,Riverside Unified,92506,0.0,152460.0,454.37334343051873,1.0,84.0,0,880.3333333333334,0.017322576413485506,13.997832114758229,13.493926933836812,13.965043083729983,1161291.2420845837
True,False,2025-12-05,500000.0,34.245951,-117.192505,1260.0,287A - Arrowhead Woods,True,0.0,0.1814,1952.0,2.0,Lake Arrowhead,3.0,True,2.0,Two,7900.0,False,0.0,Rim of the World,92352,0.0,7900.0,396.8253968253968,1.5,73.0,0,420.0,0.15949367088607594,13.122363377404328,13.412043452518782,13.3517231725046,628897.252953823
True,False,2025-12-08,525000.0,34.39867,-117.635275,1991.0,699 - Not Defined,True,2.0,1.8495,1995.0,3.0,Pinon Hills,3.0,True,1.0,One,80566.0,False,2.0,Snowline Joint Unified,92372,0.0,80566.0,263.6865896534405,1.0,30.0,0,663.6666666666666,0.02471265794503885,13.17115354157376,13.094474869669831,13.22229436528182,552547.32525829
True,False,2025-12-05,1365000.0,34.049565,-118.367327,1856.0,C09 - Beverlywood Vicinity,False,2.0,0.1581,2025.0,4.0,Los Angeles,3.0,False,1.0,ThreeOrMore,6886.0,True,2.0,Atascadero Unified,90019,0.0,6886.0,735.4525862068965,0.75,0.0,0,618.6666666666666,0.269532384548359,14.126664986601197,14.151982794585487,14.253854105458595,1550137.3617590808
True,False,2025-12-17,790000.0,32.686925,-117.104052,1452.0,92113 - Logan Heights,False,15.0,0.1866,1976.0,2.0,San Diego,4.0,False,1.0,One,8129.0,False,2.0,San Diego Unified,92113,0.0,8129.0,544.0771349862259,2.0,49.0,0,363.0,0.17861975642760486,13.579788224443204,13.442452134775017,13.377553534024454,645353.5170129222
True,False,2025-12-12,2199000.0,34.213016,-118.670591,4354.0,BC - Bell Canyon,True,3.0,1.0,1997.0,4.0,Bell Canyon,5.0,True,2.0,Two,43560.0,False,3.0,Las Virgenes,91307,410.0,43560.0,505.0528249885163,1.25,28.0,0,870.8,0.09995408631772268,14.603513269536899,13.849911984681606,14.550464049527328,2085385.0022527268
True,False,2025-12-16,645000.0,37.386575,-118.420502,1527.0,PRIC - PR Inside City Limit,True,4.0,0.1928,1995.0,2.0,Bishop,4.0,True,1.0,One,8400.0,False,2.0,Other,93514,111.0,8400.0,422.3968565815324,2.0,30.0,0,381.75,0.18178571428571427,13.37700559577791,13.083382606669474,13.028121646706518,455031.3727734557
True,False,2025-12-09,970000.0,34.186938,-118.35478,842.0,610 - Burbank,False,4.0,0.1376,1939.0,2.0,Burbank,2.0,False,1.0,One,5993.0,False,4.0,Burbank Unified,91505,0.0,5993.0,1152.0190023752969,1.0,86.0,0,421.0,0.14049724678791925,13.785051350479566,13.95440217810054,13.630443618404488,831048.6519592364
False,False,2025-12-05,489000.0,34.130613000000004,-117.287054,1546.0,274 - San Bernardino,False,2.0,0.1458,1941.0,2.0,San Bernardino,4.0,False,1.0,One,6350.0,False,2.0,San Bernardino City Unified,92405,0.0,6350.0,316.3001293661061,2.0,84.0,0,386.5,0.24346456692913385,13.10011776845701,13.071070083016778,13.062153105423564,470783.26385431545
False,True,2025-12-18,563000.0,33.752573,-116.215579,2107.0,309 - Indio North of East Valley,True,2.0,0.19,2004.0,3.0,Indio,4.0,True,1.0,One,8276.0,False,2.0,Desert Sands Unified,92203,113.0,8276.0,267.2045562411011,1.3333333333333333,21.0,0,526.75,0.2545915901401643,13.241034907121827,13.255142955086335,13.331741637511133,616455.6357438494
True,False,2025-12-23,890000.0,32.660011,-116.704287,3400.0,91935 - Jamul,False,5.0,3.02,2021.0,3.0,Jamul,3.0,False,1.0,One,3.02,False,0.0,Jamul-Dulzara Union,91935,55.0,131551.2,261.7647058823529,1.0,4.0,0,1133.3333333333333,0.025845450288556848,13.698976741708323,13.81451005763069,14.441233644040473,1869597.3485981426
False,False,2025-12-24,247000.0,36.135597,-120.357632,1185.0,89 - Tustin Ranch,True,4.0,0.1148,1993.0,2.0,Coalinga,3.0,False,1.0,One,5000.0,False,2.0,Coalinga-Huron Joint Unified,93210,0.0,5000.0,208.43881856540085,1.5,32.0,0,395.0,0.237,12.417143615610113,12.509874099861838,12.471177304750528,260713.4797973856
False,False,2025-12-18,765623.0,33.634601,-116.235361,3003.0,313 - La Quinta South of HWY 111,True,2.0,0.1874,2025.0,3.0,La Quinta,4.0,False,1.0,One,8165.0,True,2.0,Coachella Valley Unified,92253,209.0,8165.0,254.952713952714,1.3333333333333333,0.0,0,750.75,0.3677893447642376,13.548445160466919,13.545013310266594,13.731583338296728,919498.175042774
True,False,2025-12-10,527000.0,37.76471908,-122.1643888,1008.0,252 - Riverside,True,1.0,0.1219,1940.0,1.0,Oakland,2.0,True,2.0,MultiSplit,5310.0,False,1.0,Corona-Norco Unified,94605,0.0,5310.0,522.8174603174604,2.0,85.0,0,504.0,0.18983050847457628,13.1749558275235,13.527828485512494,13.381413329649465,647849.2631309757
True,False,2025-12-10,297500.0,36.712181,-119.751334,1045.0,VIC - Victorville,True,1.0,0.1405,1955.0,1.0,Fresno,3.0,True,1.0,One,6120.0,False,1.0,Fresno Unified,93725,0.0,6120.0,284.688995215311,3.0,70.0,0,348.3333333333333,0.1707516339869281,12.603169503967822,13.698976741708323,13.522855864400778,746279.7914258463
False,False,2025-12-10,429000.0,37.76125654,-122.16865962,1086.0,LAC - Lancaster,False,5.0,0.1549,1910.0,1.0,Oakland,3.0,True,1.0,One,6749.0,False,0.0,Alta Loma,94605,0.0,6749.0,395.02762430939225,3.0,115.0,0,362.0,0.16091272781152763,12.969212197910155,13.527828485512494,13.305754797642074,600642.2615711008
True,False,2025-12-12,2150000.0,33.736053000000005,-118.32549,2392.0,168 - Mira Catalina,False,2.0,0.7441,1959.0,4.0,Rancho Palos Verdes,3.0,False,1.0,One,32411.0,True,2.0,Palos Verdes Peninsula Unified,90275,0.0,32411.0,898.8294314381271,0.75,66.0,0,797.3333333333334,0.0738021042238746,14.580978400103845,14.438232971730155,14.615158527609248,2224757.608413597
False,False,2025-12-09,1065000.0,37.34514248,-121.80676015,2068.0,699 - Not Defined,True,2.0,0.1382,1965.0,2.0,San Jose,4.0,True,1.0,One,6018.0,False,2.0,Other,95148,0.0,6018.0,514.990328820116,2.0,60.0,0,517.0,0.34363575938850116,13.878485357125662,14.239034472530271,14.229467140534744,1512791.443942602
True,True,2025-12-08,635000.0,33.497369,-117.138953,1275.0,SRCAR - Southwest Riverside County,True,4.0,0.19,1975.0,2.0,Temecula,3.0,True,1.0,One,8276.0,False,2.0,Temecula Unified,92592,120.0,8276.0,498.0392156862746,1.5,50.0,0,425.0,0.15405993233446108,13.36138027787483,13.580420735596498,13.433011442907247,682154.4946440117
True,False,2025-12-08,369000.0,34.846379,-119.160327,1344.0,PMCL - Pine Mountain Club,True,6.0,0.36,1982.0,2.0,Pine Mountain Club,3.0,True,2.0,Two,15682.0,False,0.0,El Tejon Unified,93222,1928.0,15682.0,274.55357142857144,1.5,43.0,0,448.0,0.08570335416400969,12.818551923022664,12.793859310432293,12.735497868603485,339591.2164221325
True,False,2025-12-01,600000.0,36.33170778,-121.23143123,1574.0,699 - Not Defined,False,2.0,0.1378,2005.0,2.0,Greenfield,3.0,True,1.0,One,6002.0,False,2.0,Other,93927,228.81,6002.0,381.1944091486658,1.5,20.0,0,524.6666666666666,0.2622459180273242,13.304684934198283,13.262125319779487,13.164000302613474,521257.94939329306
False,False,2025-12-02,980000.0,33.765297,-117.993015,1381.0,"65 - N of Blsa, S of GGrv, E of Bch, W of Brookhrs",True,2.0,0.1607,1954.0,2.0,Westminster,3.0,True,1.0,One,7000.0,False,2.0,Westminster Unified,92683,0.0,7000.0,709.6307023895728,1.5,71.0,0,460.3333333333333,0.1972857142857143,13.795307850646754,13.933293593620657,13.821878714128255,1006388.4759808013
True,False,2025-12-01,610000.0,32.85277168,-116.92934237,1268.0,92040 - Lakeside,False,2.0,0.2699,1978.0,3.0,Lakeside,3.0,False,2.0,Two,5093.0,False,1.0,Orange Unified,92040,368.0,6098.0,481.0725552050473,1.0,47.0,0,422.6666666666667,0.20793702853394555,13.321214236149494,13.623138665316818,13.443886688460857,689613.578446802
True,False,2025-12-16,738000.0,33.934752,-117.377277,1974.0,252 - Riverside,True,2.5,0.34,1977.0,3.0,Riverside,3.0,True,1.0,One,14810.0,False,2.5,Riverside Unified,92506,0.0,14810.0,373.8601823708207,1.0,48.0,0,658.0,0.13328831870357866,13.51169910358261,13.493926933836812,13.564495999037957,778011.0444710322
True,True,2025-12-26,287000.0,34.924122,-117.014884,1631.0,BSTW - Barstow,True,3.0,0.2397,1965.0,2.0,Barstow,4.0,True,1.0,One,10440.0,False,1.0,Barstow Unified,92311,0.0,10440.0,175.9656652360515,2.0,60.0,0,407.75,0.15622605363984673,12.567237494741757,12.556723317938081,12.594933061528941,295059.7217754827
True,False,2025-12-16,425000.0,34.086013,-117.362797,1120.0,272 - Rialto,True,5.0,0.1676,1973.0,2.0,Rialto,3.0,True,1.0,One,7300.0,False,2.0,Rialto Unified,92376,0.0,7300.0,379.4642857142857,1.5,52.0,0,373.3333333333333,0.15342465753424658,12.959844447906553,13.253391639810733,13.09552191069222,486757.78195727814
True,False,2025-12-19,300200.0,35.642283,-117.680801,1630.0,RCR - Ridgecrest,True,3.0,0.2971,1968.0,2.0,Ridgecrest,3.0,False,1.0,One,12943.0,False,3.0,Sierra Sands Unified,93555,0.0,12943.0,184.17177914110428,1.5,57.0,0,543.3333333333334,0.1259367998145716,12.612204198181498,12.449018824140563,12.614959497200148,301028.28132275323
True,False,2025-12-15,267000.0,39.522894,-122.19907,907.0,LCLPS - Lakeport South,False,1.0,0.15,1930.0,1.0,Willows,3.0,False,1.0,One,0.15,False,1.0,Willows Unified,95988,0.0,6534.0,294.37706725468576,3.0,95.0,0,302.3333333333333,0.13881236608509337,12.495003937382387,12.779873068457553,12.559122664497915,284680.4677537388
True,False,2025-12-30,3965000.0,33.920772,-118.423553,4518.0,141 - El Segundo,True,3.0,0.1613,1991.0,4.0,El Segundo,5.0,True,2.0,Two,7026.0,False,3.0,El Segundo Unified,90245,0.0,7026.0,877.6007082779992,1.25,34.0,0,903.6,0.6430401366353544,15.193016413051085,14.498607402670718,14.798347333889772,2672025.4382320256
False,False,2025-12-24,335000.0,36.772124,-119.866479,1489.0,FSNO - Fresno,True,2.0,0.1474,1992.0,2.0,Fresno,3.0,True,1.0,One,6420.0,False,2.0,Other,93722,0.0,6420.0,224.9832102081934,1.5,33.0,0,496.3333333333333,0.23193146417445482,12.721885810807203,12.834681304952548,12.744458397069657,342647.80706609855
True,False,2025-12-01,435000.0,33.717904,-117.025489,2112.0,SRCAR - Southwest Riverside County,True,2.0,0.15,2007.0,3.0,Hemet,3.0,True,1.0,One,6534.0,False,2.0,Hemet Unified,92545,255.0,6534.0,205.9659090909091,1.0,18.0,0,704.0,0.32323232323232326,12.983101310070822,12.990536830078119,13.029891543403242,455837.4444183832
True,False,2025-12-09,1050000.0,33.722559999999994,-118.306015,1940.0,183 - Vista Del Oro,True,2.0,0.1874,1962.0,3.0,San Pedro,3.0,True,1.0,ThreeOrMore,8162.0,False,2.0,Los Angeles Unified,90732,0.0,8162.0,541.2371134020618,1.0,63.0,0,646.6666666666666,0.23768684146042637,13.864300722133706,13.946538820370678,13.985660481352697,1185482.5695617178
True,False,2025-12-08,1302000.0,37.8331891,-122.22546264,1805.0,SRCAR - Southwest Riverside County,True,2.0,0.1278,1974.0,3.0,Oakland,3.0,True,2.0,Two,5565.0,False,2.0,Other,94618,0.0,5565.0,721.3296398891966,1.0,51.0,0,601.6666666666666,0.3243486073674753,14.079412101750652,14.478185245710499,14.284807224101916,1598869.2587703129
False,False,2025-12-22,629402.0,32.71442298,-116.99456821,1125.0,91977 - Spring Valley,True,6.0,0.1038,1980.0,2.0,Spring Valley,3.0,False,1.0,One,4520.0,False,2.0,Redlands Unified,91977,0.0,4520.0,559.4684444444445,1.5,45.0,0,375.0,0.2488938053097345,13.352525441236883,13.592367006650065,13.412989291740576,668632.1194947384
False,False,2025-12-16,510000.0,38.1298406,-122.24799619,1520.0,91915 - Chula Vista,True,2.0,0.11,1973.0,2.0,Vallejo,3.0,True,1.0,One,4791.0,False,2.0,Charter Oak Unified,94589,0.0,4791.0,335.5263157894737,1.5,52.0,0,506.6666666666667,0.31726153203924023,13.142166004700508,13.102160670086809,12.987662414099876,436988.6119380662
True,False,2025-12-11,599000.0,37.99972625,-121.71473927,1320.0,M3 - La Mirada,True,2.0,0.1744,1993.0,2.0,Oakley,3.0,True,1.0,One,7596.0,False,2.0,Paramount Unified,94561,185.0,7596.0,453.7878787878788,1.5,32.0,0,440.0,0.17377567140600317,13.303016877097587,13.415032991367148,13.310593894858322,603555.8718029797
False,False,2025-12-01,830000.0,33.897481,-118.014026,1284.0,M3 - La Mirada,True,2.0,0.1448,1955.0,2.0,La Mirada,3.0,False,1.0,One,6309.0,False,2.0,Norwalk - La Mirada,90638,0.0,6309.0,646.417445482866,1.5,70.0,0,428.0,0.20351878269139326,13.62918097977278,13.709037694795391,13.650617506466604,847984.3898989726
False,False,2025-12-05,555000.0,33.988906,-117.378067,842.0,252 - Riverside,False,1.0,0.08,1922.0,1.0,Riverside,2.0,False,1.0,One,3485.0,False,1.0,Riverside Unified,92501,0.0,3485.0,659.1448931116389,2.0,103.0,0,421.0,0.24160688665710187,13.226723392728571,13.304684934198283,13.094016852482458,486025.73418681737
True,False,2025-12-03,900000.0,33.26385149,-117.29992782,2069.0,92057 - Oceanside,True,6.0,0.3224,2003.0,3.0,Oceanside,4.0,True,1.0,One,14045.0,False,3.0,Mount Diablo,92057,75.0,14045.0,434.9927501208313,1.3333333333333333,22.0,0,517.25,0.147312210751157,13.710150042306449,13.681979165339751,13.775671084973828,960943.6841877172
True,False,2025-12-16,4227500.0,33.957214,-118.450249,2252.0,C31 - Playa Del Rey,True,7.0,0.0895,1956.0,3.0,Playa Del Rey,4.0,False,2.0,Two,3899.0,False,2.0,Irvine Unified,90293,0.0,3899.0,1877.220248667851,1.3333333333333333,69.0,0,563.0,0.5775839958963837,15.257121359754873,14.51364528003526,14.537843149963617,2059230.9585330181
True,False,2025-12-10,1450000.0,34.266893,-117.193316,2330.0,287A - Arrowhead Woods,False,2.0,0.2353,1967.0,4.0,Lake Arrowhead,4.0,True,2.0,Two,10250.0,False,2.0,Rim of the World,92352,0.0,10250.0,622.3175965665237,1.0,58.0,0,582.5,0.22731707317073171,14.187074114396758,13.412043452518782,13.618763984149556,821398.7708948904
False,True,2025-12-08,2350000.0,33.719469000000004,-116.352511,3539.0,325 - Indian Wells,True,2.0,0.2296,2022.0,5.0,Indian Wells,3.0,True,1.0,One,10000.0,True,2.0,Chico Unified,92210,216.0,10000.0,664.0293868324385,0.6,3.0,0,1179.6666666666667,0.3539,14.669925886120343,14.452073389471401,15.067937343819628,3498823.5585206305
True,False,2025-12-15,2500000.0,33.648004,-117.798338,2100.0,TR - Turtle Rock,True,2.0,0.1492,1984.0,3.0,Irvine,3.0,True,2.0,Two,6500.0,False,2.0,Irvine Unified,92612,650.0,6500.0,1190.4761904761904,1.0,41.0,0,700.0,0.3230769230769231,14.73180128983843,14.151982794585487,14.17055504315256,1426244.099607595
False,False,2025-12-04,820000.0,33.971449,-117.463827,2516.0,251 - Jurupa Valley,True,2.0,0.1286,2024.0,3.0,Jurupa Valley,5.0,False,2.0,Two,5600.0,True,2.0,Jurupa Unified,92509,158.0,5600.0,325.9141494435612,1.6666666666666667,1.0,0,503.2,0.4492857142857143,13.617059619240436,13.422467969854667,13.486796986115511,719849.1722888787
False,False,2025-12-11,698500.0,33.534723,-117.15849,1866.0,SRCAR - Southwest Riverside County,True,2.0,0.11,2005.0,2.0,Temecula,3.0,True,1.0,One,4792.0,False,2.0,Temecula Unified,92591,133.0,4792.0,374.3301178992498,1.5,20.0,0,622.0,0.3893989983305509,13.456690457679153,13.514405465180353,13.434211736655934,682973.7720079592
True,False,2025-12-10,2270000.0,34.048198,-118.571474,2564.0,C33 - Malibu,True,4.0,0.2517,1965.0,3.0,Malibu,5.0,True,1.0,MultiSplit,10966.0,False,2.0,Santa Monica-Malibu Unified,90265,125.0,10966.0,885.3354134165367,1.6666666666666667,60.0,0,512.8,0.2338136056903155,14.635290389457586,15.02369061159072,14.918107787354197,3011978.6734657562
True,False,2025-12-29,634888.0,37.818024900000005,-121.2086554,2621.0,SYL - Sylmar,True,2.0,0.2479,2025.0,3.0,Manteca,2.0,True,1.0,One,10800.0,True,2.0,Conejo Valley Unified,95336,295.0,10800.0,242.23120946203736,0.6666666666666666,0.0,0,1310.5,0.2426851851851852,13.361203884365652,13.180632285528304,13.424158365854813,676141.9822292665
True,False,2025-12-23,588000.0,34.645265,-118.218131,2235.0,QHL - Quartz Hill,True,2.0,0.17,1990.0,3.0,Quartz Hill,5.0,True,2.0,Two,0.17,False,2.0,Antelope Valley Union,93536,0.0,7405.2,263.0872483221477,1.6666666666666667,35.0,0,447.0,0.30181494085237404,13.284482226880764,13.224918336616522,13.273496901618781,581575.9783324156
True,True,2025-12-09,660000.0,33.575542,-117.22362,2000.0,SRCAR - Southwest Riverside County,True,3.0,0.17,1990.0,3.0,Murrieta,4.0,True,2.0,Two,7405.0,False,3.0,Murrieta,92562,0.0,7405.0,330.0,1.3333333333333333,35.0,0,500.0,0.2700877785280216,13.399995114002609,13.487006490992238,13.464996865288674,704326.1895691284
False,False,2025-12-17,710000.0,34.412387,-118.483315,1733.0,RBGL - Rainbow Glen,True,2.0,5.0969,1985.0,3.0,Canyon Country,3.0,True,2.0,Two,222019.0,False,2.0,William S. Hart Union,91351,245.0,222019.0,409.6941719561454,1.0,40.0,0,577.6666666666666,0.0078056382561852815,13.473020249017498,13.527828485512494,13.588822387219448,797169.3242534274
True,False,2025-12-05,1300000.0,34.172509000000005,-118.139924,1787.0,646 - Pasadena (NE),False,2.0,0.2125,1912.0,2.0,Pasadena,3.0,True,1.0,One,9255.0,False,2.0,Pasadena Unified,91104,0.0,9255.0,727.476217123671,1.5,113.0,0,595.6666666666666,0.1930848190167477,14.077874822431765,14.119305204063423,14.191085698145962,1455828.4793364615
True,False,2025-12-10,700000.0,34.039605,-117.459735,2205.0,699 - Not Defined,True,2.0,0.3352,2009.0,3.0,Fontana,3.0,True,2.0,Two,14600.0,False,2.0,Colton Unified,92337,0.0,14600.0,317.46031746031747,1.0,16.0,0,735.0,0.15102739726027398,13.458835614025542,13.304684934198283,13.396157058532156,657471.738297412
True,False,2025-12-04,781000.0,33.882096999999995,-118.19278,1752.0,"RO - Compton S of Rosecrans, E of Alameda",False,2.0,0.2463,1953.0,2.0,Compton,3.0,True,1.0,One,10727.0,False,2.0,Compton Unified,90221,0.0,10727.0,445.7762557077626,1.5,72.0,0,584.0,0.1633261862589727,13.568330428821824,13.353475098367715,13.365847756604348,637843.1952215398
True,False,2025-12-09,1320000.0,34.183640999999994,-118.650227,2370.0,699 - Not Defined,True,3.0,0.1687,1960.0,4.0,Woodland Hills,5.0,False,1.0,One,7348.0,False,0.0,Los Angeles Unified,91367,0.0,7348.0,556.9620253164557,1.25,65.0,0,474.0,0.3225367446924333,14.093142294562554,14.130321297804308,14.260762862043984,1560883.9635479348
True,False,2025-12-19,715000.0,33.161369,-117.10861,1340.0,92026 - Escondido,False,2.0,0.4118,1940.0,2.0,Escondido,2.0,True,1.0,One,17936.0,False,2.0,Escondido Union,92026,0.0,17936.0,533.5820895522388,1.0,85.0,0,670.0,0.07471008028545942,13.480037821676145,13.709594177880103,13.645439275903371,843604.6805728804
False,False,2025-12-29,790000.0,33.867739,-118.305145,1561.0,115 - North Gardena,False,2.0,0.1344,1952.0,2.0,Gardena,3.0,False,1.0,One,5853.0,False,2.0,Los Angeles Unified,90248,0.0,5853.0,506.0858424087124,1.5,73.0,0,520.3333333333334,0.2667008371775158,13.579788224443204,13.635187003832993,13.643246252285689,841756.6626984666
False,False,2025-12-17,4450000.0,37.3205,-122.00466875,3323.0,699 - Not Defined,True,3.0,0.2152,1994.0,4.0,Cupertino,5.0,True,1.0,One,9375.0,False,3.0,Other,95014,0.0,9375.0,1339.1513692446586,1.25,31.0,0,664.6,0.35445333333333334,15.308414654142423,15.043678404364256,15.211705382523682,4039798.5406720215
False,False,2025-12-22,4000000.0,37.42774506,-122.26200651,1420.0,699 - Not Defined,False,2.0,0.5247,1920.0,5.0,Woodside,5.0,True,1.0,One,22854.0,False,2.0,Other,94062,56.0,22854.0,2816.9014084507044,1.0,105.0,0,284.0,0.0621335433622123,15.201804919084164,14.793836680757881,14.57099793469829,2128648.724444115
False,False,2025-12-11,776130.0,37.45833922,-122.12510337,1430.0,699 - Not Defined,True,2.0,0.1141,1951.0,2.0,East Palo Alto,4.0,True,1.0,Two,4970.0,False,2.0,Other,94303,0.0,4970.0,542.7482517482517,2.0,74.0,0,357.5,0.28772635814889336,13.562075310907677,14.978661367769956,14.598750985405246,2188552.6336030513
True,False,2025-12-05,330000.0,33.713079,-117.197599,1603.0,SRCAR - Southwest Riverside County,True,2.0,0.18,1968.0,2.0,Menifee,3.0,False,1.0,One,0.18,False,2.0,Menifee Union,92586,435.0,7840.8,205.86400499064257,1.5,57.0,0,534.3333333333334,0.20444342414039382,12.706847933442663,12.89921982609012,12.924121442708234,410085.70060694887
True,False,2025-12-09,690000.0,33.862673,-118.11877,1119.0,"21 - Crest Gardens, Mayfair, Signature",True,0.0,0.1156,1931.0,1.0,Lakewood,2.0,True,1.0,One,5035.0,False,0.0,Bellflower Unified,90713,0.0,5035.0,616.6219839142091,2.0,94.0,0,559.5,0.22224428997020854,13.444446876573442,13.721199878493033,13.579963658059166,790138.6047142171
True,False,2025-12-17,1050000.0,33.655309,-117.566844,1739.0,TC - Trabuco Canyon,True,2.0,0.1033,1987.0,3.0,Trabuco Canyon,4.0,True,2.0,Two,4500.0,False,2.0,Saddleback Valley Unified,92679,120.0,4500.0,603.7952846463485,1.3333333333333333,38.0,0,434.75,0.3864444444444444,13.864300722133706,14.357834848789636,14.143323820572265,1387929.7697032718
False,False,2025-12-24,505000.0,34.027836,-118.170006,624.0,ELA - East Los Angeles,True,1.0,0.1584,1924.0,1.0,East Los Angeles,2.0,False,1.0,One,6902.0,False,0.0,Los Angeles Unified,90022,0.0,6902.0,809.2948717948718,2.0,101.0,0,312.0,0.09040857722399305,13.132313708257497,13.4034268364651,13.031385079457163,456518.7627364369
True,False,2025-12-19,1225000.0,35.277446000000005,-120.65947,1174.0,SLO - San Luis Obispo,True,2.0,0.109,1894.0,2.0,San Luis Obispo,2.0,True,1.0,One,4750.0,False,0.0,San Luis Coastal Unified,93401,0.0,4750.0,1043.4412265758092,1.0,131.0,0,587.0,0.2471578947368421,14.018451401960965,13.997832114758229,13.755332466347006,941596.8281492867
False,False,2025-12-03,750000.0,32.629702,-117.042842,1288.0,91910 - Chula Vista,True,2.0,0.0,1961.0,2.0,Chula Vista,3.0,False,1.0,One,0.28,False,2.0,Sweetwater Union,91910,0.0,0.28,582.2981366459627,1.5,64.0,0,429.3333333333333,4600.0,13.527828485512494,13.710150042306449,13.584999530667462,794127.6778723375
True,False,2025-12-11,789720.0,38.818523,-121.38936,2925.0,641 - Monterey Park,True,3.0,0.1726,2025.0,5.0,Roseville,4.0,False,2.0,Two,7519.0,False,3.0,Corona-Norco Unified,95747,0.0,7519.0,269.9897435897436,0.8,0.0,0,731.25,0.38901449660859155,13.579433731238165,13.552523775541978,13.932899140928873,1124556.3282312567
False,False,2025-12-09,750000.0,33.971242,-117.464041,1880.0,251 - Jurupa Valley,True,2.0,0.1306,2024.0,3.0,Jurupa Valley,4.0,False,2.0,Two,5688.0,True,2.0,Jurupa Unified,92509,158.0,5688.0,398.93617021276594,1.3333333333333333,1.0,0,470.0,0.33052039381153303,13.527828485512494,13.422467969854667,13.411174023588085,667419.4738739672
True,False,2025-12-05,320000.0,34.356283000000005,-117.62264,960.0,WRWD - Wrightwood,True,0.0,0.1722,1949.0,1.0,Wrightwood,2.0,True,2.0,Two,7500.0,False,0.0,Snowline Joint Unified,92397,0.0,7500.0,333.3333333333333,2.0,76.0,0,480.0,0.128,12.676076274775909,13.003579841414362,12.727665996882074,336941.9694004721
False,False,2025-12-01,660000.0,33.992672,-117.380013,1670.0,252 - Riverside,False,4.0,0.24,1939.0,2.0,Riverside,3.0,True,1.0,One,10454.0,False,2.0,Riverside Unified,92501,0.0,10454.0,395.20958083832335,1.5,86.0,0,556.6666666666666,0.15974746508513488,13.399995114002609,13.304684934198283,13.324783791287654,612181.3194882242
True,False,2025-12-08,440000.0,33.720432,-116.993924,2026.0,SRCAR - Southwest Riverside County,True,2.0,0.15,1999.0,2.0,Hemet,3.0,True,1.0,One,6534.0,False,2.0,Hemet Unified,92545,43.0,6534.0,217.1767028627838,1.5,26.0,0,675.3333333333334,0.3100704009794919,12.994530005894443,12.990536830078119,13.011426960013392,447497.82663934183
False,False,2025-12-22,1600000.0,34.224601,-118.83258700000002,3082.0,TOE - Thousand Oaks East,True,2.0,0.26,1999.0,3.0,Thousand Oaks,4.0,True,1.0,One,11325.0,False,2.0,Victor Valley Union High,91362,220.0,11325.0,519.1434133679429,1.3333333333333333,26.0,0,770.5,0.2721412803532009,14.28551418721001,14.119312012295937,14.313439822451054,1645310.7373883931
True,False,2025-12-01,485000.0,34.549439,-117.171817,2076.0,APPV - Apple Valley,True,2.0,0.2755,1997.0,2.0,Apple Valley,3.0,True,1.0,One,12000.0,False,2.0,Apple Valley Unified,92307,0.0,12000.0,233.6223506743738,1.5,28.0,0,692.0,0.173,13.091904169919621,13.049792684569493,13.120685742537615,499161.8857880252
True,False,2025-12-26,310200.0,34.243474,-116.833059,1464.0,SGLF - Sugarloaf,True,2.0,0.1148,1970.0,3.0,Sugarloaf,2.0,False,2.0,Two,5000.0,False,2.0,Bear Valley Unified,92386,0.0,5000.0,211.88524590163937,0.6666666666666666,55.0,0,732.0,0.2928,12.644972529724576,12.644327576461329,12.624316210311813,303858.1350084722
True,False,2025-12-15,675000.0,34.113788,-117.504145,1447.0,264 - Fontana,True,2.0,0.1102,1989.0,3.0,Fontana,4.0,True,2.0,Two,4800.0,False,2.0,Etiwanda,92336,0.0,4800.0,466.4823773324119,1.3333333333333333,36.0,0,361.75,0.30145833333333333,13.422467969854667,13.487006490992238,13.360216659938676,634261.5323409736
False,False,2025-12-05,690000.0,33.617417,-117.120897,2884.0,SRCAR - Southwest Riverside County,True,3.0,0.14,2018.0,3.0,Murrieta,4.0,False,2.0,Two,6098.0,False,3.0,Perris Union High,92563,99.0,6098.0,239.251040221914,1.3333333333333333,7.0,0,721.0,0.47294194817973106,13.444446876573442,13.458835614025542,13.533847959771933,754528.2207757992
False,False,2025-12-30,1415000.0,32.628244,-116.998429,3649.0,91913 - Chula Vista,True,3.0,0.23,2002.0,4.0,Chula Vista,5.0,True,2.0,Two,10017.0,False,3.0,Sweetwater Union,91913,116.0,10017.0,387.7774732803507,1.25,23.0,0,729.8,0.3642807227712888,14.162640089059476,13.764217263576723,13.983496780862625,1182920.3133221467
False,False,2025-12-30,674000.0,37.67863332,-122.09908631,1313.0,83 - Fullerton,True,1.0,0.1132,1946.0,1.0,Hayward,3.0,False,1.0,One,4929.0,False,1.0,Oroville Union,94541,250.0,4929.0,513.3282559025133,3.0,79.0,0,437.6666666666667,0.2663826333941976,13.420985389894444,13.647074399642998,13.487693506568625,720494.8211704622
True,False,2025-12-23,310000.0,34.885488,-116.718117,1192.0,NBS - Newberry Springs,False,2.0,2.14,1989.0,2.0,Newberry Springs,3.0,False,1.0,One,2.14,False,2.0,ABC Unified,92365,0.0,93218.4,260.06711409395973,1.5,36.0,0,397.3333333333333,0.012787175064150426,12.644327576461329,12.2783933071098,12.506510779866199,270090.07132958097
False,False,2025-12-16,3850000.0,32.6898488,-117.182885,2405.0,92118 - Coronado,False,2.0,0.2204,2025.0,5.0,Coronado,4.0,False,1.0,ThreeOrMore,6114.0,False,1.0,Lake Elsinore Unified,92118,0.0,9147.0,1600.8316008316008,0.8,0.0,0,601.25,0.26292773586968404,15.163583706263967,14.925872877186109,15.141179087034581,3764701.3261838453
True,False,2025-12-01,1850000.0,33.508581,-117.225326,4530.0,SRCAR - Southwest Riverside County,True,24.0,11.94,2004.0,4.0,Temecula,5.0,True,2.0,Two,520106.0,False,4.0,Murrieta,92590,100.0,520106.0,408.38852097130246,1.25,21.0,0,906.0,0.008709763009847993,14.430696197054507,14.122627543054662,14.532157226942907,2047555.5540018328
True,True,2025-12-01,3035000.0,33.52091,-117.71497,2800.0,LNSLT - Salt Creek,True,6.0,0.3283,1971.0,4.0,Laguna Niguel,4.0,False,2.0,Two,14300.0,False,3.0,Capistrano Unified,92677,0.0,14300.0,1083.928571428571,1.0,54.0,0,700.0,0.1958041958041958,14.925721982475736,14.349075668699754,14.58960547753788,2168628.45550989
True,True,2025-12-05,1800000.0,34.024822,-118.435839,1964.0,WLA - West Los Angeles,True,2.0,0.1219,1951.0,3.0,Los Angeles,4.0,True,2.0,Two,5308.0,False,4.0,Los Angeles Unified,90064,0.0,5308.0,916.4969450101833,1.3333333333333333,74.0,0,491.0,0.3700075357950264,14.403297222866392,14.615267473582477,14.553301828681473,2091311.2690817076
False,False,2025-12-16,1350000.0,34.162209000000004,-118.10331399999998,1268.0,646 - Pasadena (NE),True,2.0,0.1593,1949.0,2.0,Pasadena,2.0,True,1.0,One,6940.0,False,2.0,Apple Valley Unified,91104,75.0,6940.0,1064.6687697160885,1.0,76.0,0,634.0,0.18270893371757926,14.115615150414612,14.119305204063423,13.969672500563304,1166679.8066410627
True,True,2025-12-10,3107500.0,34.151438,-118.636605,3034.0,CLB - Calabasas,False,2.0,0.1053,1969.0,4.0,Calabasas,4.0,True,2.0,ThreeOrMore,4588.0,False,2.0,Las Virgenes,91302,370.0,4588.0,1024.2254449571524,1.0,56.0,0,758.5,0.6612903225806451,14.949329102367003,14.473030560881067,14.61236114809059,2218542.8136683456
True,False,2025-12-17,555000.0,34.484606,-117.242867,3048.0,APPV - Apple Valley,True,4.0,0.4138,1991.0,4.0,Apple Valley,5.0,True,1.0,One,18025.0,False,4.0,Apple Valley Unified,92308,0.0,18025.0,182.0866141732284,1.25,34.0,0,609.6,0.1690984743411928,13.226723392728571,12.936033799212835,13.30169678348766,598209.7856208858
True,True,2025-12-01,402500.0,33.78326,-116.299051,1213.0,307 - Sun City,True,4.0,0.14,1999.0,2.0,Palm Desert,2.0,False,1.0,One,6098.0,False,2.0,Los Angeles Unified,92211,398.0,6098.0,331.8219291014015,1.0,26.0,0,606.5,0.19891767792718923,12.905450375840756,13.226723392728571,13.001682512029014,443158.38441636914
True,False,2025-12-05,790000.0,32.751237,-116.929751,1241.0,92019 - El Cajon,True,4.0,0.11,1990.0,2.0,El Cajon,3.0,True,1.0,One,0.11,False,2.0,Cajon Valley Union,92019,117.0,4791.6,636.5834004834811,1.5,35.0,0,413.6666666666667,0.2589949077552383,13.579788224443204,13.773646353865574,13.531409006036162,752690.20368344
False,False,2025-12-03,789000.0,34.380593,-119.069097,1629.0,SPL - Santa Paula,True,2.0,0.1511,1986.0,3.0,Santa Paula,4.0,True,1.0,"Two,One",6584.0,False,2.0,Capistrano Unified,93060,76.5,6584.0,484.3462246777164,1.3333333333333333,39.0,0,407.25,0.2474179829890644,13.578521599828012,13.54098713967118,13.484191080114982,717975.755046111
False,False,2025-12-11,720000.0,37.92270219,-121.68877455,2522.0,259 - Moreno Valley,True,2.0,0.0713,2016.0,3.0,Brentwood,4.0,True,2.0,Two,3108.0,False,2.0,Ceres Unified,94513,112.0,3108.0,285.48770816812055,1.3333333333333333,9.0,0,630.5,0.8114543114543115,13.487006490992238,13.591116224748411,13.58284250216846,792416.5679591942
True,False,2025-12-12,700000.0,37.81059026,-122.19966707,1174.0,92064 - Poway,True,1.0,0.2033,1939.0,1.0,Oakland,2.0,True,2.0,MultiSplit,8855.0,False,1.0,Nuview Union,94602,0.0,8855.0,596.252129471891,2.0,86.0,0,587.0,0.13258046301524562,13.458835614025542,13.92839261528267,13.728969350744183,917097.7569569472
True,False,2025-12-23,2055000.0,34.111636,-118.439677,2074.0,C02 - Beverly Hills Post Office,True,0.0,0.2817,2005.0,3.0,Beverly Hills,3.0,True,2.0,Two,12271.0,False,2.0,Menifee Union,90210,786.0,12271.0,990.8389585342334,1.0,20.0,0,691.3333333333334,0.1690163800831228,14.535786405912472,15.053884789007542,14.782321390021767,2629545.012193162
True,False,2025-12-17,617000.0,33.707584000000004,-117.301649,3242.0,699 - Not Defined,True,5.0,0.18,2007.0,3.0,Lake Elsinore,5.0,True,2.0,Two,7841.0,False,3.0,Lake Elsinore Unified,92532,78.0,7841.0,190.31462060456508,1.6666666666666667,18.0,0,648.4,0.4134676699400587,13.332624302887524,13.353475098367715,13.424208130339382,676175.6309237555
True,False,2025-12-05,775000.0,33.21476807,-117.03756825,2046.0,92082 - Valley Center,True,4.0,0.069,2022.0,3.0,Valley Center,4.0,False,2.0,Two,0.069,False,2.0,Long Beach Unified,92082,250.0,3005.64,378.7878787878788,1.3333333333333333,3.0,0,511.5,0.6807202459376372,13.560618308335483,13.710150042306449,13.730415010334152,918424.5269220212
True,False,2025-12-16,468990.0,39.775454,-121.855125,1811.0,VC45 - Mission Oaks,True,2.0,0.0911,2025.0,3.0,Chico,4.0,False,2.0,Two,3969.0,True,2.0,Chico Unified,95928,0.0,3969.0,258.96742131419103,1.3333333333333333,0.0,0,452.75,0.4562862181909801,13.05833672523948,13.078384738024758,13.111876834543544,494784.124617995
True,True,2025-12-04,700000.0,33.463989,-117.11959,1809.0,SRCAR - Southwest Riverside County,True,5.0,0.0,1990.0,3.0,Temecula,3.0,True,2.0,Two,0.15,False,2.0,Temecula Unified,92592,0.0,0.15,386.95411829740186,1.0,35.0,0,603.0,12060.0,13.458835614025542,13.580420735596498,13.461065500977796,701562.6624994223
True,False,2025-12-01,720000.0,34.011478000000004,-117.301939,1854.0,252 - Riverside,True,2.0,0.27,2015.0,2.0,Riverside,3.0,False,1.0,One,11761.0,False,2.0,Riverside Unified,92507,0.0,11761.0,388.3495145631068,1.5,10.0,0,618.0,0.15763965649179493,13.487006490992238,13.38472764187182,13.368514572597121,639546.475813936
True,False,2025-12-05,3985000.0,32.81851014,-117.26771378,4191.0,92037 - La Jolla,True,4.0,0.3719,2007.0,5.0,La Jolla,4.0,True,1.0,ThreeOrMore,16200.0,False,2.0,Fontana Unified,92037,0.0,16200.0,950.847053209258,0.8,18.0,0,1047.75,0.2587037037037037,15.198047870206452,15.084846812896313,15.502795760657284,5404787.86657091
False,True,2025-12-12,1105000.0,34.298523,-118.718244,2565.0,SVC - Central Simi,True,6.0,0.32,1980.0,3.0,Simi Valley,4.0,True,2.0,Two,13939.0,True,6.0,Chico Unified,93063,0.0,13939.0,430.7992202729045,1.3333333333333333,45.0,0,641.25,0.18401607001937012,13.91535589293399,13.637546696375418,13.88503143334681,1071994.4392651913
True,False,2025-12-31,339900.0,33.913502,-116.943343,1849.0,263 - Banning/Beaumont/Cherry Valley,True,2.0,0.11,1993.0,3.0,Banning,3.0,True,2.0,Two,4792.0,False,2.0,Banning Unified,92220,385.0,4792.0,183.829096809086,1.0,32.0,0,616.3333333333334,0.38585141903171954,12.736406735684207,12.994530005894443,12.957740501947232,424106.76295802003
True,False,2025-12-30,592500.0,34.006028,-118.298772,1244.0,C34 - Los Angeles Southwest,False,2.0,0.1374,1922.0,1.0,Los Angeles,2.0,True,1.0,One,5986.0,False,2.0,Los Angeles Unified,90037,0.0,5986.0,476.2861736334405,2.0,103.0,0,622.0,0.2078182425659873,13.292106151991423,13.42984807715229,13.306642933771188,601175.9506234593
True,False,2025-12-26,840000.0,38.00238137,-122.29667216,1651.0,LOMP - Lompoc,True,2.0,0.4,1941.0,2.0,Pinole,3.0,False,1.0,One,17424.0,False,2.0,Hacienda La Puente Unified,94564,0.0,17424.0,508.7825560266505,1.5,84.0,0,550.3333333333334,0.09475436179981635,13.641157170819497,13.504212795659775,13.591529770456845,799330.4913529682
True,False,2025-12-11,740000.0,34.364468,-117.400282,2406.0,OKH - Oak Hills,True,3.0,2.0806,2025.0,3.0,Oak Hills,4.0,True,1.0,One,90633.0,True,3.0,Hesperia Unified,92344,0.0,90633.0,307.5644222776392,1.3333333333333333,0.0,0,601.5,0.02654662209129125,13.514405465180353,13.180613417425775,13.478318461893755,713771.713990962
True,False,2025-12-10,1040000.0,33.272546000000006,-117.295548,3533.0,92057 - Oceanside,True,3.0,0.14,2006.0,5.0,Oceanside,5.0,True,2.0,Two,6098.0,False,3.0,Bonsall Unified,92057,150.0,6098.0,294.3673931502972,1.0,19.0,0,706.6,0.5793702853394556,13.854731271117556,13.681979165339751,13.914031389121943,1103537.392116369
True,False,2025-12-24,915000.0,37.96802186,-121.70704148,3094.0,LOMP - Lompoc,True,3.0,0.2269,2002.0,4.0,Brentwood,4.0,True,2.0,Two,9885.0,False,3.0,Desert Sands Unified,94513,0.0,9885.0,295.73367808661925,1.0,23.0,0,773.5,0.31299949418310574,13.726679344257658,13.591116224748411,13.854558084336078,1039819.9013430675
False,False,2025-12-24,622450.0,37.72414292,-121.42812298,1491.0,SVE - East Simi,False,4.0,0.1068,1990.0,3.0,Tracy,3.0,True,2.0,Two,4653.0,False,2.0,Rialto Unified,95376,0.0,4653.0,417.4714956405097,1.0,35.0,0,497.0,0.32043842682140555,13.341418582809933,13.279367126213993,13.200521822176736,540646.9852375259
True,False,2025-12-29,649000.0,32.71003729,-116.29548846,1863.0,91905 - Boulevard,True,19.0,10.44,1975.0,2.0,Boulevard,4.0,False,1.0,One,454766.0,False,4.0,Moreno Valley Unified,91905,0.0,454766.0,348.36285560923244,2.0,50.0,0,465.75,0.004096612323700541,13.383187995686226,13.201174557828619,13.306042585786383,600815.1441685397
True,False,2025-12-05,1135000.0,37.93670935,-121.73120388,3247.0,263 - Banning/Beaumont/Cherry Valley,True,3.0,0.3009,2001.0,3.0,Brentwood,5.0,True,2.0,Two,13108.0,False,3.0,Other,94513,1326.0,13108.0,349.55343393902064,1.6666666666666667,24.0,0,649.4,0.2477113213304852,13.94214320889764,13.591116224748411,13.8372438818351,1021971.2128007177
False,False,2025-12-29,636000.0,33.498061,-117.103052,1508.0,SRCAR - Southwest Riverside County,True,2.0,0.21,1993.0,3.0,Temecula,3.0,True,2.0,Two,9148.0,False,2.0,Temecula Unified,92592,130.0,9148.0,421.7506631299735,1.0,32.0,0,502.6666666666667,0.16484477481416704,13.36295384232226,13.580420735596498,13.471916769566079,709216.9617022844
True,True,2025-12-08,545000.0,33.976417,-116.510553,1730.0,340 - Desert Hot Springs,True,4.0,0.33,1993.0,3.0,Desert Hot Springs,4.0,True,1.0,One,14375.0,False,2.0,Victor Valley Unified,92240,1300.0,14375.0,315.02890173410407,1.3333333333333333,32.0,0,432.5,0.12034782608695652,13.208541073645382,12.911642346088676,13.009949668102776,446837.2297873621
True,False,2025-12-30,910000.0,34.118018,-117.55818700000002,3425.0,688 - Rancho Cucamonga,True,3.0,0.22,2002.0,3.0,Rancho Cucamonga,5.0,True,2.0,Two,9583.0,False,2.0,Torrance Unified,91730,0.0,9583.0,265.6934306569343,1.6666666666666667,23.0,0,685.0,0.35740373578211415,13.721199878493033,13.500799813124575,13.671591807248781,865958.1036773312
False,False,2025-12-03,545000.0,34.129539,-117.249532,1225.0,274 - San Bernardino,True,2.0,0.1663,1956.0,2.0,San Bernardino,3.0,True,1.0,One,7245.0,False,2.0,San Bernardino City Unified,92404,0.0,7245.0,444.8979591836735,1.5,69.0,0,408.3333333333333,0.16908212560386474,13.208541073645382,13.142166004700508,13.047610467470212,463986.3754255198
False,True,2025-12-03,755000.0,33.908047,-117.322163,2912.0,252 - Riverside,True,3.0,0.17,2000.0,3.0,Riverside,5.0,True,2.0,Two,7405.0,False,3.0,Riverside Unified,92508,0.0,7405.0,259.27197802197804,1.6666666666666667,25.0,0,582.4,0.39324780553679944,13.534473028231162,13.56126305375042,13.675744914647844,869561.999187458
True,True,2025-12-11,3250000.0,34.091849,-118.394797,2925.0,C03 - Sunset Strip - Hollywood Hills West,True,2.0,0.1443,1951.0,4.0,Los Angeles,4.0,True,1.0,MultiSplit,6284.0,False,2.0,Paso Robles Joint Unified,90069,0.0,6284.0,1111.111111111111,1.0,74.0,0,731.25,0.46546785486950987,14.994165554305921,14.827111469642754,15.019145798100743,3332208.3092630445
True,False,2025-12-22,1105000.0,33.638318,-117.697953,2269.0,699 - Not Defined,True,2.0,0.094,1976.0,3.0,Lake Forest,4.0,True,2.0,MultiSplit,4094.0,False,2.0,Saddleback Valley Unified,92630,220.0,4094.0,486.9986778316439,1.3333333333333333,49.0,0,567.25,0.5542256961406937,13.91535589293399,14.077874822431765,14.133622340006639,1374529.900399909
False,False,2025-12-30,950000.0,33.869694,-118.25277,2336.0,137 - North Carson,True,2.0,0.0889,2002.0,3.0,Carson,3.0,True,2.0,Two,3873.0,False,2.0,Compton Unified,90746,335.0,3873.0,406.6780821917809,1.0,23.0,0,778.6666666666666,0.603150012909889,13.764217263576723,13.681979165339751,13.765234321834082,950966.6968546703
False,False,2025-12-08,390000.0,37.315293,-120.496965,1889.0,SRCAR - Southwest Riverside County,True,2.0,0.0573,2021.0,3.0,Merced,4.0,False,2.0,Two,2496.0,False,2.0,Merced Union,95348,106.0,2496.0,206.45844362096344,1.3333333333333333,4.0,0,472.25,0.7568108974358975,12.873902018105829,12.970364687642453,13.04357880754537,462119.50597014534
True,True,2025-12-16,1195000.0,33.461216,-117.096268,3378.0,SRCAR - Southwest Riverside County,True,9.0,0.47,2008.0,4.0,Temecula,4.0,True,2.0,Two,20473.0,False,3.0,Temecula Unified,92592,52.0,20473.0,353.75962107756067,1.0,17.0,0,844.5,0.16499780198309968,13.993656743347747,13.580420735596498,14.10808919260091,1339878.0932484956
True,False,2025-12-05,480000.0,34.016374,-117.334772,824.0,252 - Riverside,False,0.0,0.2,1915.0,1.0,Riverside,3.0,False,1.0,One,8712.0,False,0.0,Riverside Unified,92507,0.0,8712.0,582.5242718446602,3.0,110.0,0,274.6666666666667,0.0945821854912764,13.081541382884074,13.38472764187182,13.193537841655274,536884.2718762099
True,False,2025-12-08,549000.0,34.492168,-117.5574,1998.0,PHEL - Phelan,True,3.0,1.95,2006.0,2.0,Phelan,4.0,True,1.0,One,1.95,False,3.0,San Bernardino City Unified,92371,0.0,84942.0,274.7747747747748,2.0,19.0,0,499.5,0.023521932612841703,13.215853720491667,13.11835535600679,13.150465739813521,514250.4794346333
True,True,2025-12-24,1100000.0,33.525065999999995,-117.355049,3668.0,SRCAR - Southwest Riverside County,True,3.0,4.88,2004.0,4.0,Murrieta,4.0,True,2.0,Two,212573.0,False,3.0,Murrieta,92562,153.5,212573.0,299.8909487459106,1.0,21.0,0,917.0,0.017255248785123228,13.9108207377686,13.487006490992238,14.25786943717561,1556374.1905620967
True,False,2025-12-01,275000.0,34.218605,-117.130481,1328.0,288 - Running Springs,True,2.0,0.1928,1969.0,2.0,Running Springs,3.0,True,2.0,ThreeOrMore,8400.0,False,0.0,Rim of the World,92382,0.0,8400.0,207.07831325301208,1.5,56.0,0,442.6666666666667,0.1580952380952381,12.524526376648708,12.793859310432293,12.734623115363602,339294.28779390536
False,False,2025-12-12,375000.0,34.073312,-117.309234,704.0,273 - Colton,True,0.0,0.124,1943.0,1.0,Colton,2.0,False,1.0,One,5400.0,False,0.0,Colton Unified,92324,0.0,5400.0,532.6704545454545,2.0,82.0,0,352.0,0.13037037037037036,12.834681304952548,13.142166004700508,12.87442191393009,390202.81208747247
True,False,2025-12-05,1825000.0,34.670276,-120.370841,1529.0,LOMP - Lompoc,False,0.0,10.07,1949.0,2.0,Lompoc,3.0,False,1.0,One,10.07,False,0.0,Lompoc Unified,93436,0.0,438649.2,1193.5905820797907,1.5,76.0,0,509.6666666666667,0.0034857011023843197,14.417090544998729,13.315443355929407,13.505913318501845,733742.4192110795
False,False,2025-12-08,657990.0,33.848598,-117.207094,2845.0,SRCAR - Southwest Riverside County,True,2.0,0.1553,2025.0,3.0,Perris,4.0,False,2.0,Two,6767.0,True,2.0,Val Verde,92571,0.0,6767.0,231.27943760984184,1.3333333333333333,0.0,0,711.25,0.42042263927885326,13.396945012623581,13.214938819306386,13.38564165821155,650594.382216974
False,False,2025-12-30,593000.0,34.047281,-117.479077,3501.0,264 - Fontana,True,1.0,0.1148,2007.0,4.0,Fontana,5.0,False,2.0,Two,5002.0,False,1.0,Fontana Unified,92337,0.0,5002.0,169.38017709225934,1.25,18.0,0,700.2,0.6999200319872051,13.292949677979863,13.304684934198283,13.538819884560123,758289.0197977498
True,False,2025-12-12,720000.0,32.754549,-117.032592,994.0,91941 - La Mesa,True,2.0,0.0,1952.0,2.0,La Mesa,3.0,False,1.0,One,0.17,False,1.0,Grossmont Union,91941,0.0,0.17,724.3460764587525,1.5,73.0,0,331.3333333333333,5847.058823529412,13.487006490992238,13.903955641362648,13.626252909306384,827573.2560853105
False,False,2025-12-12,620000.0,33.933041,-117.390065,2034.0,252 - Riverside,True,2.0,0.15,1959.0,2.0,Riverside,3.0,True,1.0,One,6534.0,False,0.0,Riverside Unified,92506,0.0,6534.0,304.8180924287119,1.5,66.0,0,678.0,0.31129476584022037,13.337474757021274,13.493926933836812,13.541311096092553,760180.4331259356
False,False,2025-12-22,499900.0,34.482579,-117.395604,2316.0,VIC - Victorville,True,2.0,0.1263,2002.0,3.0,Victorville,5.0,True,2.0,Two,5500.0,False,2.0,Victor Valley Unified,92392,0.0,5500.0,215.84628670120892,1.6666666666666667,23.0,0,463.2,0.42109090909090907,13.122163357401663,13.01477816672439,13.080566093135097,479532.08913191716
False,False,2025-12-05,580000.0,37.90464196,-121.71650178,1582.0,NEW4 - Newhall 4,True,2.0,0.1139,2003.0,2.0,Brentwood,2.0,False,1.0,One,4961.0,False,2.0,Other,94513-9999,175.0,4961.0,366.6245259165613,1.0,22.0,0,791.0,0.318887321104616,13.270783382522602,13.398960987470579,13.176756269354351,527949.6875168834
True,False,2025-12-12,749000.0,33.239288,-117.301119,1364.0,92057 - Oceanside,True,2.0,0.0708,1987.0,3.0,Oceanside,3.0,True,2.0,Two,3085.0,False,2.0,Oceanside Unified,92057,240.0,3085.0,549.1202346041056,1.0,38.0,0,454.6666666666667,0.4421393841166937,13.526494262499357,13.681979165339751,13.511065196728092,737532.3249882247
True,True,2025-12-10,1400000.0,33.816044,-118.072158,2589.0,42 - El Dorado Park,True,4.0,0.1321,1971.0,3.0,Long Beach,4.0,True,2.0,Two,5754.0,False,2.0,Long Beach Unified,90808,0.0,5754.0,540.749324063345,1.3333333333333333,54.0,0,647.25,0.4499478623566215,14.151982794585487,13.869051324892304,14.10487408345484,1335577.1566314711
False,False,2025-12-30,485000.0,33.790422,-116.285029,2032.0,307 - Sun City,True,3.0,0.16,2002.0,2.0,Palm Desert,2.0,False,1.0,One,6970.0,False,3.0,Other,92211,398.0,6970.0,238.6811023622047,1.0,23.0,0,1016.0,0.29153515064562413,13.091904169919621,13.226723392728571,13.156203761499894,517209.741874439
False,False,2025-12-22,829950.0,34.436173,-118.533153,1897.0,VALN - Valencia North,True,2.0,0.1417,1975.0,2.0,Valencia,3.0,True,1.0,One,6173.0,False,2.0,William S. Hart Union,91354,0.0,6173.0,437.50658935160783,1.5,50.0,0,632.3333333333334,0.30730601004373886,13.629120736994366,13.710150042306449,13.731888692069628,919778.9901514923
True,False,2025-12-19,550000.0,33.791495,-117.03982,2526.0,SRCAR - Southwest Riverside County,True,2.0,0.2,2017.0,3.0,San Jacinto,5.0,False,2.0,Two,8712.0,False,2.0,San Jacinto Unified,92582,63.64,8712.0,217.735550277118,1.6666666666666667,8.0,0,505.2,0.28994490358126723,13.217673557208654,13.154789908438397,13.301048942945839,597822.3665756781
True,False,2025-12-03,725000.0,34.637837,-118.240206,2552.0,PLM - Palmdale,True,3.0,0.5026,2000.0,2.0,Palmdale,4.0,False,1.0,One,21895.0,False,3.0,Antelope Valley Union,93551,0.0,21895.0,284.09090909090907,2.0,25.0,0,638.0,0.11655629139072848,13.493926933836812,13.345506928718539,13.48907662293688,721492.0388259224
True,True,2025-12-18,635000.0,37.345366,-120.677027,1689.0,92026 - Escondido,False,2.0,2.7,1967.0,2.0,Atwater,3.0,False,1.0,One,2.7,False,0.0,Atwater,95301,0.0,117612.0,375.9621077560687,1.5,58.0,0,563.0,0.014360779512294664,13.36138027787483,13.038981768465277,13.049764976526014,464987.1159382788
True,False,2025-12-16,1461250.0,37.57338636,-121.97476051,1813.0,VTVL - Victor Valley,False,2.0,0.209,1977.0,2.0,Fremont,3.0,True,1.0,One,9105.0,False,2.0,Fremont Unified,94536,400.0,9105.0,805.984555984556,1.5,48.0,0,604.3333333333334,0.19912136188907195,14.194802791768415,14.316285845876763,14.25024337792849,1544550.3308047778
True,False,2025-12-10,575000.0,35.619738,-120.652462,902.0,PRIC - PR Inside City Limit,True,2.0,0.4679999999999999,1986.0,2.0,Paso Robles,2.0,True,1.0,One,20388.0,False,2.0,Paso Robles Joint Unified,93446,92.0,20388.0,637.4722838137473,1.0,39.0,0,451.0,0.044241710810280555,13.262125319779487,13.591116224748411,13.252830250030716,569680.0976287527
True,False,2025-12-11,448000.0,34.171001000000004,-117.282467,884.0,274 - San Bernardino,False,2.0,0.1607,1956.0,2.0,San Bernardino,3.0,False,1.0,One,7000.0,False,2.0,San Bernardino City Unified,92404,0.0,7000.0,506.7873303167421,1.5,69.0,0,294.6666666666667,0.12628571428571428,13.012548511397123,13.142166004700508,13.005079804778205,444666.4834589725
True,True,2025-12-03,1032000.0,34.249096,-118.609389,1892.0,CHT - Chatsworth,True,3.0,0.1727,1978.0,3.0,Chatsworth,4.0,False,1.0,One,7522.0,False,3.0,Los Angeles Unified,91311,0.0,7522.0,545.4545454545455,1.3333333333333333,47.0,0,473.0,0.25152884871044934,13.847009225023646,13.944283046980045,13.882918000695875,1069731.2436138187
True,False,2025-12-19,415000.0,33.390475,-116.648906,2576.0,92086 - Warner Springs,True,2.0,4.67,1986.0,3.0,Warner Springs,3.0,True,2.0,Two,203425.0,False,2.0,Warner Unified,92086,0.0,203425.0,161.1024844720497,1.0,39.0,0,858.6666666666666,0.012663143664741305,12.936033799212835,13.18997835203438,13.474873926096308,711317.331302166
True,True,2025-12-01,3284500.0,34.46215,-119.202114,2365.0,VC11 - Ojai,True,4.0,0.94,1953.0,3.0,Ojai,3.0,True,1.0,One,40946.0,False,4.0,Other,93023,90.0,40946.0,1388.7949260042285,1.0,72.0,0,788.3333333333334,0.05775899965808626,15.004724991314665,13.983564142960525,14.288886872411396,1605405.4065657079
True,False,2025-12-26,1170000.0,34.120024,-118.209829,1350.0,632 - Highland Park,True,2.0,0.1239,2025.0,3.0,Los Angeles,3.0,True,2.0,MultiSplit,5397.0,True,2.0,Los Angeles Unified,90042,0.0,5397.0,866.6666666666666,1.0,0.0,0,450.0,0.2501389660922735,13.972514306773938,14.018451401960965,13.936248691989897,1128329.4025986264
True,False,2025-12-05,505000.0,33.850514000000004,-116.476081,1718.0,335 - Cathedral City North,True,6.0,0.18,2000.0,3.0,Cathedral City,3.0,True,1.0,One,7840.0,False,2.0,Long Beach Unified,92234,0.0,7840.0,293.9464493597206,1.0,25.0,0,572.6666666666666,0.21913265306122448,13.132313708257497,13.224919965729422,13.238092891986918,561346.0796014207
True,False,2025-12-30,1920000.0,34.107001000000004,-118.49552,2896.0,C06 - Brentwood,False,0.0,4.9036,1981.0,3.0,Los Angeles,2.0,True,2.0,Two,213601.0,False,1.0,Inglewood Unified,90049,1447.0,213601.0,662.9834254143647,0.6666666666666666,44.0,0,1448.0,0.01355798896072584,14.467835744003965,15.137266397946593,14.774578751661279,2609264.0116552766
True,False,2025-12-11,590000.0,32.574396,-117.114088,970.0,91932 - Imperial Beach,False,0.0,0.14,1954.0,1.0,Imperial Beach,3.0,False,1.0,One,6100.0,False,0.0,San Diego Unified,91932,0.0,6100.0,608.2474226804123,3.0,71.0,0,323.3333333333333,0.15901639344262294,13.287877815881902,13.667485396903125,13.507933324822737,735226.081534931
True,False,2025-12-30,800000.0,32.859728999999994,-116.967465,1248.0,92071 - Santee,True,2.0,0.1584,1972.0,2.0,Santee,4.0,False,1.0,One,6900.0,False,2.0,Grossmont Union,92071,0.0,6900.0,641.025641025641,2.0,53.0,0,312.0,0.1808695652173913,13.592367006650065,13.652403046879991,13.549277492344801,766260.5177056898
True,False,2025-12-02,217000.0,33.754988,-116.994693,827.0,SRCAR - Southwest Riverside County,True,2.0,0.09,1975.0,1.0,Hemet,2.0,False,1.0,One,3920.0,False,1.0,Hemet Unified,92545,80.0,3920.0,262.3941958887545,2.0,50.0,0,413.5,0.21096938775510204,12.287652632522597,12.990536830078119,12.611544340431841,300001.97604455886
True,False,2025-12-18,830000.0,34.175184,-118.161898,1283.0,645 - Pasadena (NW),True,0.0,0.1071,1965.0,2.0,Pasadena,3.0,False,1.0,One,4666.0,False,2.0,Palmdale,91103,0.0,4666.0,646.9212782540919,1.5,60.0,0,427.6666666666667,0.2749678525503643,13.62918097977278,14.182799053125816,13.968456994120137,1165262.5613288754
True,False,2025-12-17,1155000.0,33.926512,-117.663484,2531.0,682 - Chino Hills,True,3.0,0.1377,1988.0,3.0,Chino Hills,5.0,False,2.0,Two,6000.0,False,3.0,Chino Valley Unified,91709,0.0,6000.0,456.3413670485974,1.6666666666666667,37.0,0,506.2,0.42183333333333334,13.959610901938031,13.901688254205327,13.979003249704496,1177616.7488268537
True,True,2025-12-19,2350000.0,33.712499,-118.046357,4578.0,15 - West Huntington Beach,True,3.0,0.2019999999999999,1986.0,5.0,Huntington Beach,5.0,True,2.0,Two,8800.0,False,3.0,Huntington Beach Union High,92649,100.0,8800.0,513.3245958934033,1.0,39.0,0,915.6,0.5202272727272728,14.669925886120343,14.330128979968961,14.98933681007855,3234344.4101005276
True,False,2025-12-17,988888.0,33.886749,-117.375661,3106.0,252 - Riverside,False,2.0,1.03,1940.0,3.0,Riverside,4.0,True,1.0,One,44867.0,False,2.0,Riverside Unified,92504,0.0,44867.0,318.3799098518995,1.3333333333333333,85.0,0,776.5,0.0692268259522589,13.80433635848934,13.353475098367715,13.81702422730934,1001514.8155207457
True,False,2025-12-29,499990.0,34.390645,-117.354148,1760.0,HSP - Hesperia,True,2.0,0.1826,2025.0,2.0,Hesperia,3.0,False,1.0,One,7954.0,True,2.0,Hesperia Unified,92344,0.0,7954.0,284.08522727272725,1.5,0.0,0,586.6666666666666,0.22127231581594167,13.122343377204325,13.180613417425775,13.174296276300549,526652.5311048683
False,False,2025-12-08,1850000.0,33.14978496,-117.32084222,2426.0,92008 - Carlsbad,True,6.0,0.7037,1988.0,3.0,Carlsbad,4.0,False,2.0,Two,0.32,False,3.0,Acalanes,92008,210.0,5850.0,762.5721352019785,1.3333333333333333,37.0,0,606.5,0.4147008547008547,14.430696197054507,14.403297222866392,14.375684886217865,1750977.7185789994
True,True,2025-12-05,3400000.0,35.167264,-120.518561,4085.0,ARRG - Arroyo Grande,True,3.0,1.76,2011.0,5.0,Arroyo Grande,5.0,True,2.0,Two,1.76,False,3.0,Lucia Mar Unified,93420,0.0,76665.6,832.313341493268,1.0,14.0,0,817.0,0.053283350029217795,15.03928598958639,13.953093847654955,14.601871679746266,2195393.105381083
True,False,2025-12-01,499900.0,33.915843,-116.94777,2200.0,263 - Banning/Beaumont/Cherry Valley,True,2.0,0.13,2006.0,2.0,Beaumont,3.0,True,1.0,One,5663.0,False,2.0,Beaumont,92223,390.0,5663.0,227.22727272727272,1.5,19.0,0,733.3333333333334,0.388486667843899,13.122163357401663,13.197470849891134,13.133573976321355,505636.8365803609
True,False,2025-12-22,475000.0,37.73015325,-122.1782195,973.0,SRCAR - Southwest Riverside County,False,0.0,0.0918,1945.0,1.0,Oakland,2.0,True,1.0,One,4000.0,False,0.0,Temecula Unified,94603,0.0,4000.0,488.1808838643371,2.0,80.0,0,486.5,0.24325,13.071070083016778,13.146062737589267,12.932148327565915,413390.6578179089
False,True,2025-12-30,900000.0,33.840901,-118.027117,1344.0,82 - Buena Park,False,2.0,0.1625,1960.0,2.0,Buena Park,4.0,True,1.0,One,7080.0,False,2.0,Anaheim Union High,90620,0.0,7080.0,669.6428571428571,2.0,65.0,0,336.0,0.18983050847457628,13.710150042306449,13.741593969296583,13.632978125550919,833157.6221777498
True,True,2025-12-03,4250000.0,33.722476,-117.752953,4800.0,NW - Northwood,True,3.0,0.2469,1998.0,5.0,Irvine,5.0,True,2.0,Two,10756.0,False,3.0,Irvine Unified,92620,200.0,10756.0,885.4166666666666,1.0,27.0,0,960.0,0.4462625511342507,15.2624295409006,14.503142431449666,15.003648979855551,3280967.741078885
True,False,2025-12-09,385000.0,34.676944,-118.146967,1260.0,LAC - Lancaster,True,1.0,0.1471,1955.0,2.0,Lancaster,3.0,True,1.0,One,6409.0,False,1.0,Antelope Valley Union,93534,0.0,6409.0,305.55555555555554,1.5,70.0,0,420.0,0.19659853331252924,12.86099861326992,12.971540487669746,12.880489292873705,392577.5172462954
True,True,2025-12-16,400000.0,34.239403,-116.942179,900.0,289 - Big Bear Area,True,5.0,0.132,1964.0,1.0,Big Bear Lake,2.0,True,1.0,One,5750.0,False,0.0,Other,92315,0.0,5750.0,444.44444444444446,2.0,61.0,0,450.0,0.1565217391304348,12.89921982609012,13.398478813484644,13.09316168119667,485610.27660380345
False,False,2025-12-22,655990.0,34.559647,-117.236545,2621.0,APPV - Apple Valley,True,3.0,0.4864,2025.0,3.0,Apple Valley,3.0,False,1.0,One,21187.0,True,3.0,Apple Valley Unified,92307,150.0,21187.0,250.2823349866463,1.0,0.0,0,873.6666666666666,0.12370793411053949,13.393900823907597,13.049792684569493,13.435225066845529,683666.2007200446
False,False,2025-12-18,699990.0,34.559647,-117.236545,2932.0,APPV - Apple Valley,True,3.0,21794.0,2025.0,4.0,Apple Valley,4.0,False,1.0,One,21794.0,True,3.0,Apple Valley Unified,92307,150.0,949346640.0,238.74147339699863,1.0,0.0,0,733.0,3.0884398558570764e-06,13.458821328209215,13.049792684569493,13.47222612505412,709436.395801421
True,False,2025-12-17,875000.0,35.321837,-120.828537,1597.0,OSOS - Los Osos,True,0.0,0.1076,1976.0,2.0,Los Osos,3.0,True,2.0,Two,4687.0,False,0.0,San Luis Coastal Unified,93402,0.0,4687.0,547.9023168440826,1.5,49.0,0,532.3333333333334,0.3407296778323021,13.681979165339751,13.687677186454389,13.615037489176286,818343.5287120371
False,False,2025-12-12,550000.0,35.338053,-119.125915,1975.0,BKSF - Bakersfield,True,2.0,0.18,1999.0,3.0,Bakersfield,3.0,True,1.0,One,7840.0,False,2.0,Oxnard Union,93311,130.0,7840.0,278.4810126582278,1.0,26.0,0,658.3333333333334,0.25191326530612246,13.217673557208654,13.112313041550827,13.174189826225938,526596.471887445
True,False,2025-12-12,589000.0,33.623867,-117.259851,1970.0,SRCAR - Southwest Riverside County,True,6.0,0.18,1994.0,3.0,Wildomar,3.0,True,2.0,Two,7841.0,False,3.0,Lake Elsinore Unified,92595,0.0,7841.0,298.98477157360406,1.0,31.0,0,656.6666666666666,0.25124346384389745,13.286181462633724,13.442996549995796,13.403272939555464,662166.9143082944
False,True,2025-12-30,710000.0,33.962431,-117.329637,1773.0,252 - Riverside,True,2.0,0.21,1963.0,2.0,Riverside,3.0,True,1.0,One,9148.0,False,2.0,Riverside Unified,92507,0.0,9148.0,400.4512126339538,1.5,62.0,0,591.0,0.19381285526891123,13.473020249017498,13.38472764187182,13.367465856630712,638876.1247788442
False,False,2025-12-17,805000.0,33.862426,-118.14092,1587.0,23 - Lakewood Park,False,2.0,0.1326,1944.0,2.0,Lakewood,3.0,True,1.0,One,5776.0,False,2.0,ABC Unified,90712,0.0,5776.0,507.2463768115942,1.5,81.0,0,529.0,0.27475761772853186,13.5985975564007,13.671639520838347,13.719239934888238,908218.1980057298
False,False,2025-12-08,935000.0,34.181992,-118.137327,1579.0,604 - Altadena,False,2.0,0.1787,1906.0,2.0,Altadena,3.0,True,1.0,One,7784.0,False,2.0,Victor Valley Union High,91001,0.0,7784.0,592.1469284357188,1.5,119.0,0,526.3333333333334,0.2028520041109969,13.748301808270824,13.926582083454587,13.792909904747354,977652.8283386325
True,False,2025-12-12,883000.0,34.44269,-118.479959,2472.0,PLUM - Plum Canyon,True,2.0,0.1175,2003.0,3.0,Saugus,4.0,True,2.0,Two,5120.0,False,2.0,William S. Hart Union,91350,95.0,5120.0,357.2006472491909,1.3333333333333333,22.0,0,618.0,0.4828125,13.691080479586097,13.652991628466498,13.790782255120606,975574.9369596025
True,True,2025-12-19,1150000.0,34.119117,-117.745378,2254.0,683 - Claremont,True,5.0,0.2401,1963.0,3.0,Claremont,4.0,True,1.0,One,10457.0,False,3.0,Claremont Unified,91711,0.0,10457.0,510.2040816326531,1.3333333333333333,62.0,0,563.5,0.21554939275126708,13.955272500339433,13.9108207377686,13.99592155571024,1197709.5178898063
False,False,2025-12-03,699000.0,34.041237,-118.190653,1584.0,ELA - East Los Angeles,False,2.0,0.1534,1907.0,2.0,East Los Angeles,3.0,True,2.0,Two,6681.0,False,2.0,Los Angeles Unified,90063,0.0,6681.0,441.2878787878788,1.5,118.0,0,528.0,0.23709025594970812,13.457406021215947,13.436422313574042,13.450728512072722,694347.9703798628
True,False,2025-12-15,535000.0,33.773195,-117.230145,2150.0,SRCAR - Southwest Riverside County,True,2.0,0.1,2005.0,3.0,Perris,4.0,True,2.0,Two,4356.0,False,2.0,Perris Union High,92570,0.0,4356.0,248.8372093023256,1.3333333333333333,20.0,0,537.5,0.4935720844811754,13.190022025878143,13.32666315004938,13.289406751369915,590902.7618944152
True,False,2025-12-15,400000.0,35.394744,-119.11085,2001.0,BKSF - Bakersfield,True,2.0,0.1886,1991.0,2.0,Bakersfield,3.0,True,1.0,One,8217.0,False,2.0,Bakersfield City,93312,0.0,8217.0,199.9000499750125,1.5,34.0,0,667.0,0.2435195326761592,12.89921982609012,13.06577902835151,13.069790724308856,474392.6931782068
False,False,2025-12-04,621590.0,33.689322,-116.212332,2537.0,314 - Indio South of East Valley,True,2.0,0.1412,2025.0,3.0,Indio,5.0,False,2.0,Two,6149.0,True,2.0,Coachella Valley Unified,92201,175.0,6149.0,245.00985415845489,1.6666666666666667,0.0,0,507.4,0.4125874125874126,13.340035990390081,13.235692062711331,13.384147970735743,649623.3229465053
True,False,2025-12-05,850000.0,34.288859,-118.697108,1823.0,SVE - East Simi,True,2.0,0.18,1976.0,2.0,Simi Valley,4.0,True,1.0,One,7840.0,False,2.0,Simi Valley Unified,93063,0.0,7840.0,466.2643993417444,2.0,49.0,0,455.75,0.23252551020408163,13.652991628466498,13.637546696375418,13.658864905071727,855006.9743941152
True,False,2025-12-12,1070000.0,33.240598,-117.16137,2629.0,92084 - Vista,True,40.0,3.48,1978.0,3.0,Vista,4.0,True,1.0,One,3.48,False,10.0,Bonsall Unified,92084,0.0,151588.8,406.99885888170405,1.3333333333333333,47.0,0,657.25,0.017342969929176826,13.883169206438088,13.773646353865574,14.012931210288,1218256.3953203596
False,False,2025-12-15,688087.0,33.969631,-117.466725,1583.0,251 - Jurupa Valley,True,2.0,0.092,2025.0,3.0,Jurupa Valley,3.0,False,2.0,Two,4007.0,True,2.0,Jurupa Unified,92509,158.0,4007.0,434.67277321541377,1.0,0.0,0,527.6666666666666,0.39505864736710755,13.441670562409284,13.422467969854667,13.35406265937609,630370.2722033785
True,False,2025-12-17,560000.0,33.903996,-117.170299,2181.0,259 - Moreno Valley,True,2.0,0.13,2002.0,3.0,Moreno Valley,3.0,False,2.0,Two,5663.0,False,2.0,Moreno Valley Unified,92555,0.0,5663.0,256.7629527739569,1.0,23.0,0,727.0,0.3851315557125199,13.235692062711331,13.304684934198283,13.327322138495676,613737.222106467
False,False,2025-12-05,745000.0,33.808622,-118.302157,1265.0,124 - Harbor City,True,6.0,0.1332,1971.0,2.0,Harbor City,3.0,False,1.0,One,5802.0,False,2.0,Los Angeles Unified,90710,0.0,5802.0,588.9328063241106,1.5,54.0,0,421.6666666666667,0.2180282661151327,13.521139497361697,13.664687668229691,13.57848322344571,788969.7216153556
True,False,2025-12-17,435000.0,37.92032897,-121.73165875,1048.0,92057 - Oceanside,True,2.0,0.119,1999.0,2.0,Brentwood,2.0,False,1.0,One,5183.0,False,2.0,Alvord Unified,94513,130.0,5183.0,415.0763358778626,1.0,26.0,0,524.0,0.20219949836002316,12.983101310070822,13.591116224748411,13.241906437237756,563490.8853348723
True,False,2025-12-04,1800000.0,33.782295,-117.801556,2976.0,NTS - North Tustin,True,6.0,0.2328,2003.0,4.0,North Tustin,4.0,True,2.0,Two,10140.0,False,2.0,Orange Unified,92705,0.0,10140.0,604.8387096774194,1.0,22.0,0,744.0,0.293491124260355,14.403297222866392,14.376839163903371,14.609427942103467,2212044.9051155765
True,False,2025-12-15,4400000.0,33.490447,-117.726855,2945.0,MB - Monarch Beach,True,2.5,0.2273,1973.0,3.0,Dana Point,4.0,True,1.0,One,9900.0,False,2.5,Capistrano Unified,92629,640.0,9900.0,1494.0577249575551,1.3333333333333333,52.0,0,736.25,0.29747474747474745,15.29711509888849,14.716674768252918,14.871414041874102,2874571.109767914
False,True,2025-12-18,305000.0,33.83824062,-116.46175922,1281.0,287 - Arrowhead Area,True,4.0,0.17,1985.0,3.0,Cathedral City,3.0,True,1.0,One,7405.0,False,2.0,Yucaipa/Calimesa Unified,92234,247.0,7405.0,238.0952380952381,1.0,40.0,0,427.0,0.17299122214719784,12.628067055589549,13.224919965729422,13.152475794834315,515285.1907577309
True,False,2025-12-04,1010000.0,34.252778,-118.313418,2060.0,659 - Sunland/Tujunga,True,2.0,0.1468,1949.0,3.0,Sunland,3.0,True,2.0,Two,6395.0,False,2.0,Los Angeles Unified,91040,0.0,6395.0,490.2912621359223,1.0,76.0,0,686.6666666666666,0.32212666145426117,13.825460888817442,13.77468856344402,13.982530064921514,1181777.3179631259
True,False,2025-12-04,587850.0,33.966689,-117.25731,2303.0,259 - Moreno Valley,True,3.0,0.2,1989.0,3.0,Moreno Valley,4.0,True,2.0,Two,8712.0,False,3.0,Moreno Valley Unified,92557,123.0,8712.0,255.25401650021712,1.3333333333333333,36.0,0,575.75,0.26434802571166205,13.284227092295888,13.262125319779487,13.372088675513758,641836.3704604023
True,True,2025-12-12,1075000.0,34.018669,-117.01322,3113.0,269 - Yucaipa/Calimesa/Oak Glen,True,3.0,0.7507,2004.0,3.0,Yucaipa,4.0,True,1.0,One,32700.0,False,3.0,Yucaipa/Calimesa Unified,92399,0.0,32700.0,345.326052039833,1.3333333333333333,21.0,0,778.25,0.09519877675840979,13.8878312195439,13.274219822166483,13.699508732258995,890473.5975536401
False,True,2025-12-12,998000.0,34.035723,-117.764671,2144.0,687 - Pomona,True,2.0,0.1789,1980.0,3.0,Pomona,4.0,True,2.0,Two,7794.0,False,2.0,Pomona Unified,91766,0.0,7794.0,465.4850746268657,1.3333333333333333,45.0,0,536.0,0.2750833974852451,13.813508555293602,13.449504179573367,13.509525926959508,736397.937065515
True,True,2025-12-03,542000.0,35.392831,-119.17533,3014.0,BKSF - Bakersfield,True,3.0,0.25,2015.0,4.0,Bakersfield,4.0,False,1.0,One,10890.0,False,3.0,Kern Union,93314,88.0,10890.0,179.82747179827473,1.0,10.0,0,753.5,0.2767676767676768,13.203021280421783,13.399995114002609,13.717560301621925,906694.0049083373
False,False,2025-12-17,730000.0,34.13143,-117.873378,1325.0,629 - Glendora,True,0.0,0.1673,1951.0,1.0,Glendora,3.0,False,1.0,One,7287.0,False,0.0,Glendora Unified,91741,0.0,7287.0,550.9433962264151,3.0,74.0,0,441.6666666666667,0.1818306573349801,13.500799813124575,13.868095806767045,13.633217416804118,833357.0133646058
True,False,2025-12-08,435000.0,34.104743,-116.391682,1340.0,DC535 - Sky Harbor,True,6.0,0.5372,1979.0,2.0,Yucca Valley,2.0,True,1.0,One,23400.0,False,6.0,Morongo Unified,92284,0.0,23400.0,324.6268656716418,1.0,46.0,0,670.0,0.05726495726495726,12.983101310070822,12.86876061860541,12.746273339421938,343270.2577682663
False,False,2025-12-30,693000.0,32.74244162,-117.06083899,1044.0,92115 - San Diego,True,2.0,0.1194,1951.0,1.0,San Diego,3.0,False,1.0,One,5200.0,False,0.0,Menifee Union,92115,0.0,5200.0,663.7931034482758,3.0,74.0,0,348.0,0.20076923076923076,13.448785278172041,13.748301808270824,13.541935656741488,760655.3602055012
True,False,2025-12-17,4000000.0,34.03885,-118.604685,1937.0,C32 - Malibu Beach,False,0.0,0.1024,1948.0,3.0,Malibu,3.0,True,2.0,Two,4462.0,False,1.0,San Diego Unified,90265,986.0,4462.0,2065.049044914817,1.0,77.0,0,645.6666666666666,0.4341102644554012,15.201804919084164,15.02369061159072,14.866449225064995,2860334.7604794065
True,False,2025-12-08,1465000.0,35.030615000000004,-120.545207,2812.0,NPMO - Nipomo,True,6.0,0.2175,2010.0,3.0,Nipomo,3.0,True,1.0,One,9474.0,False,3.0,Lucia Mar Unified,93444,495.0,9474.0,520.9815078236131,1.0,15.0,0,937.3333333333334,0.29681232847793965,14.197365800433305,13.855084652589102,14.033784913754635,1243928.299739245
True,True,2025-12-12,540000.0,33.764524,-117.008998,3096.0,SRCAR - Southwest Riverside County,True,2.0,0.23,2005.0,3.0,Hemet,5.0,False,2.0,Two,10019.0,False,2.0,Hemet Unified,92545,0.0,10019.0,174.41860465116278,1.6666666666666667,20.0,0,619.2,0.3090128755364807,13.199324418540456,12.990536830078119,13.239736194535958,562269.2994018903
False,False,2025-12-05,802000.0,33.982929,-117.89231200000002,1319.0,652 - Rowland Heights,True,2.0,0.1401,1962.0,2.0,Rowland Heights,4.0,True,1.0,One,6104.0,False,2.0,Rowland Unified,91748,0.0,6104.0,608.0363912054587,2.0,63.0,0,329.75,0.2160878112712975,13.594863886848652,13.9016461684345,13.72325825189772,911875.0489116384
True,True,2025-12-12,1575000.0,36.60204391,-121.67152501,3809.0,699 - Not Defined,True,4.0,1.81,2003.0,4.0,Salinas,4.0,True,2.0,One,78844.0,False,3.0,Other,93908,300.0,78844.0,413.4943554738777,1.0,22.0,0,952.25,0.04831058799655015,14.269765830241871,13.99543183135603,14.541700346284069,2067189.1549053031
True,False,2025-12-08,725000.0,33.595563,-117.262764,2490.0,SRCAR - Southwest Riverside County,True,3.0,0.18,2017.0,3.0,Wildomar,3.0,False,1.0,One,7841.0,False,3.0,Lake Elsinore Unified,92595,85.0,7841.0,291.16465863453817,1.0,8.0,0,830.0,0.31756153551842875,13.493926933836812,13.442996549995796,13.548552907034463,765705.4976946244
False,True,2025-12-10,5950000.0,33.626853000000004,-117.922583,3956.0,N6 - Newport Heights,False,2.0,0.1349,2025.0,5.0,Newport Beach,5.0,True,2.0,Two,5875.0,True,2.0,Newport Mesa Unified,92663,0.0,5875.0,1504.0444893832157,1.0,0.0,0,791.2,0.6733617021276596,15.598901777521812,15.327852605716153,15.654203780394141,6288315.459913843
True,False,2025-12-30,540000.0,34.450521,-117.162355,2035.0,APPV - Apple Valley,True,2.0,1.9902,2025.0,3.0,Apple Valley,4.0,False,1.0,One,86693.0,True,2.0,Apple Valley Unified,92308,0.0,86693.0,265.35626535626534,1.3333333333333333,0.0,0,508.75,0.023473636856493604,13.199324418540456,12.936033799212835,13.26390900768931,576026.5357857193
False,True,2025-12-01,800000.0,34.277776,-118.480625,1399.0,GH - Granada Hills,True,2.0,0.1638,1954.0,2.0,Granada Hills,4.0,False,1.0,One,7134.0,False,2.0,Los Angeles Unified,91344,0.0,7134.0,571.8370264474624,2.0,71.0,0,349.75,0.19610316792823101,13.592367006650065,13.892471599100402,13.759094630136161,945145.941627096
False,False,2025-12-02,789900.0,32.629593,-116.96365555,1760.0,91915 - Chula Vista,True,2.0,0.3539,2012.0,3.0,Chula Vista,3.0,True,2.0,Two,7202.0,False,2.0,Claremont Unified,91915,236.25,4299.0,448.8068181818182,1.0,13.0,0,586.6666666666666,0.40939753431030473,13.57966163415251,13.72940414664144,13.717254781852958,906417.0342775903
False,False,2025-12-11,840000.0,33.970078,-118.215575,1588.0,"T5 - WalnutPk, HuntPk, Bell N of Florence, and Cud",False,7.0,0.1485,1928.0,2.0,Huntington Park,3.0,True,1.0,One,6470.0,False,2.0,Los Angeles Unified,90255,0.0,6470.0,528.9672544080604,1.5,97.0,0,529.3333333333334,0.2454404945904173,13.641157170819497,13.465953081794405,13.501218691214001,730305.8450567066
False,False,2025-12-08,1120000.0,36.54263922,-121.76436797,1645.0,699 - Not Defined,True,0.0,2.53,1978.0,2.0,Carmel Valley,3.0,True,1.0,One,110207.0,False,2.0,Other,93924,1700.0,110207.0,680.8510638297872,1.5,47.0,0,548.3333333333334,0.01492645657716842,13.928839243271277,14.276094965293519,14.130658184731407,1370461.6128414266
True,False,2025-12-05,665000.0,34.924485,-120.45211,2039.0,SMSW - SM Southwest,True,2.0,0.07,2017.0,3.0,Santa Maria,4.0,False,2.0,Two,3049.0,False,2.0,Santa Maria Joint Union,93458,160.0,3049.0,326.14026483570376,1.3333333333333333,8.0,0,509.75,0.6687438504427681,13.407542319637992,13.357427688121273,13.36413564824142,636752.072879144
True,True,2025-12-09,1775000.0,33.785974,-116.545495,2967.0,334 - South End Palm Springs,True,2.0,0.0877,1982.0,4.0,Palm Springs,4.0,True,2.0,Two,3819.0,False,2.0,Palm Springs Unified,92264,665.0,3819.0,598.24738793394,1.0,43.0,0,741.75,0.776904948939513,14.389310980891652,14.077874822431765,14.417970044383154,1826605.792419788
False,False,2025-12-26,745000.0,34.131972,-117.463844,2714.0,264 - Fontana,True,2.0,0.1477,1998.0,4.0,Fontana,4.0,False,2.0,Two,6432.0,False,2.0,Fontana Unified,92336,0.0,6432.0,274.50257921886515,1.0,27.0,0,678.5,0.42195273631840796,13.521139497361697,13.487006490992238,13.624060346926703,825760.7378533457
False,False,2025-12-04,462000.0,33.941674,-117.5384,850.0,250 - Norco,False,2.0,0.39,1948.0,1.0,Norco,2.0,False,1.0,One,16988.0,False,2.0,Other,92860,0.0,16988.0,543.5294117647059,2.0,77.0,0,425.0,0.050035319048740284,13.043320170063875,13.753635154246187,13.414863447246638,669886.4150683588
True,False,2025-12-09,4875000.0,33.60499,-117.894653,2766.0,N9 - Lower Newport Bay - Balboa Island,True,2.0,0.0585,1972.0,3.0,Newport Beach,4.0,True,2.0,Two,2550.0,False,2.0,Newport Mesa Unified,92662,0.0,2550.0,1762.472885032538,1.3333333333333333,53.0,0,691.5,1.0847058823529412,15.399630662414085,15.249460008986327,15.38946668614717,4825701.574117026
True,False,2025-12-04,462500.0,35.607533000000004,-120.646173,1088.0,PRSE - PR South 46-East 101,True,2.0,0.0918,1980.0,2.0,Paso Robles,2.0,False,1.0,One,4000.0,False,2.0,Paso Robles Joint Unified,93446,70.0,4000.0,425.09191176470586,1.0,45.0,0,544.0,0.272,13.044401835934616,13.591116224748411,13.205523646411345,543357.980740131
False,False,2025-12-15,500000.0,37.96585438,-122.30335103,1022.0,VIC - Victorville,True,1.0,0.1194,1951.0,1.0,El Sobrante,3.0,True,1.0,One,5200.0,False,1.0,Los Angeles Unified,94803-3046,0.0,5200.0,489.2367906066536,3.0,74.0,0,340.6666666666667,0.19653846153846155,13.122363377404328,13.698976741708323,13.53565398462218,755892.1487659249
False,False,2025-12-12,694600.0,34.713381,-120.473498,1743.0,MAOW - Mesa Oaks/Wye,True,2.0,0.19,1977.0,2.0,Lompoc,4.0,True,1.0,One,8276.0,False,2.0,Lompoc Unified,93436,0.0,8276.0,398.5083189902467,2.0,48.0,0,435.75,0.21060898985016915,13.45109141929211,13.315443355929407,13.304202858644286,599710.8243754518
True,True,2025-12-08,1625000.0,33.69775,-116.275471,2924.0,313 - La Quinta South of HWY 111,True,6.0,0.2195,2000.0,4.0,La Quinta,3.0,True,1.0,One,9563.0,False,2.0,Middletown Unified,92253,1198.0,9563.0,555.7455540355677,0.75,25.0,0,974.6666666666666,0.30576179023319044,14.301018373745976,13.545013310266594,14.1042590762238,1334756.0195510332
False,False,2025-12-11,506500.0,33.950724,-116.95952,1743.0,263 - Banning/Beaumont/Cherry Valley,True,2.0,0.09,2018.0,3.0,Beaumont,3.0,False,2.0,Two,3920.0,False,2.0,Beaumont,92223,158.0,3920.0,290.59093516924844,1.0,7.0,0,581.0,0.4446428571428571,13.135279602670876,13.197470849891134,13.1462202818103,512071.8784727435
False,False,2025-12-05,240000.0,33.794034,-116.47726000000002,1440.0,334 - South End Palm Springs,True,2.0,0.1209,1973.0,2.0,Palm Springs,2.0,True,1.0,One,5266.0,False,0.0,Palm Springs Unified,92264,340.0,5266.0,166.66666666666666,1.0,52.0,0,720.0,0.2734523357387011,12.388394202324129,14.077874822431765,13.8119326526897,996428.4878016232
False,False,2025-12-26,525000.0,34.691738,-118.109169,2614.0,LAC - Lancaster,True,2.0,0.1691,1970.0,3.0,Lancaster,7.0,True,2.0,Two,7368.0,False,2.0,Lancaster,93535,0.0,7368.0,200.84162203519512,2.333333333333333,55.0,0,373.42857142857144,0.3547774158523344,13.17115354157376,12.994530005894443,13.125294855716486,501467.8896482127
False,False,2025-12-16,532000.0,34.250378000000005,-117.226131,2619.0,287A - Arrowhead Woods,False,2.0,0.4091,1979.0,4.0,Lake Arrowhead,3.0,True,2.0,Two,17820.0,False,2.0,Rim of the World,92391,0.0,17820.0,203.130966017564,0.75,46.0,0,873.0,0.14696969696969697,13.184398768323781,12.834681304952548,13.15788817546139,518081.6713235856
False,False,2025-12-03,680000.0,33.970609,-118.311686,1761.0,C34 - Los Angeles Southwest,False,6.0,0.154,1929.0,2.0,Los Angeles,3.0,True,1.0,One,6708.0,False,2.0,Los Angeles Unified,90047,0.0,6708.0,386.1442362294151,1.5,96.0,0,587.0,0.2625223613595707,13.42984807715229,13.493926933836812,13.559796297196906,774363.2031305188
True,False,2025-12-02,920000.0,33.814617,-117.525348,3144.0,248 - Corona,True,3.0,0.1263,2020.0,3.0,Corona,4.0,True,2.0,Two,5500.0,False,3.0,Corona-Norco Unified,92883,255.0,5500.0,292.6208651399491,1.3333333333333333,5.0,0,786.0,0.5716363636363636,13.732128949025222,13.547957803444275,13.696054658899147,887403.1422642943
True,False,2025-12-18,368000.0,34.587302,-117.449037,1478.0,ADL - Adelanto,True,2.0,0.2388,1994.0,2.0,Adelanto,4.0,True,1.0,One,10400.0,False,2.0,Adelanto,92301,0.0,10400.0,248.9851150202977,2.0,31.0,0,369.5,0.14211538461538462,12.815838217151068,12.907924856844918,12.878674574935124,391865.74581099476
True,False,2025-12-15,600000.0,33.925865,-117.962439,1722.0,87 - La Habra,True,2.0,0.0275,1980.0,3.0,La Habra,3.0,True,1.0,ThreeOrMore,1200.0,False,2.0,Fullerton Joint Union High,90631,240.0,1200.0,348.4320557491289,1.0,45.0,0,574.0,1.435,13.304684934198283,13.792724135316895,13.626367119450107,827667.7787434496
False,False,2025-12-15,570000.0,34.1202,-117.350501,1572.0,272 - Rialto,True,6.0,0.2296,1960.0,2.0,Rialto,4.0,True,1.0,One,10000.0,False,2.0,Rialto Unified,92376,0.0,10000.0,362.5954198473282,2.0,65.0,0,393.0,0.1572,13.253391639810733,13.253391639810733,13.19059704197919,535307.7220781558
False,False,2025-12-05,700000.0,34.258812,-118.436226,1354.0,PAC - Pacoima,False,0.0,0.1732,2005.0,2.0,Pacoima,3.0,False,1.0,One,7543.0,False,0.0,Los Angeles Unified,91331,0.0,7543.0,516.98670605613,1.5,20.0,0,451.3333333333333,0.17950417605727165,13.458835614025542,13.541073712262515,13.355359786532247,631188.4731424949
True,False,2025-12-04,3500000.0,33.995212,-118.440135,3360.0,C13 - Palms - Mar Vista,True,2.0,0.1366,2025.0,5.0,Los Angeles,4.0,True,2.0,Two,5950.0,True,2.0,Norwalk - La Mirada,90066,0.0,5950.0,1041.6666666666667,0.8,0.0,0,840.0,0.5647058823529412,15.068273526459642,14.628660530918916,15.062305894301925,3479175.4857696653
True,True,2025-12-30,1550000.0,33.84209,-116.535425,2692.0,332 - Central Palm Springs,True,3.0,0.29,1987.0,4.0,Palm Springs,3.0,True,1.0,One,12632.0,False,3.0,Palm Springs Unified,92262,0.0,12632.0,575.7800891530461,0.75,38.0,0,897.3333333333334,0.21310956301456618,14.253765488895429,13.737549016494562,14.04944938464998,1263567.1932504412
False,False,2025-12-12,275000.0,36.714343,-119.809247,756.0,699 - Not Defined,True,0.0,0.3691,1940.0,1.0,Fresno,2.0,False,1.0,One,16080.0,False,0.0,Fresno Unified,93706,0.0,16080.0,363.7566137566138,2.0,85.0,0,378.0,0.04701492537313433,12.524526376648708,12.779873068457553,12.554681948860027,283419.08554150735
True,False,2025-12-05,570000.0,34.003311,-117.427008,1232.0,251 - Jurupa Valley,True,2.0,0.17,1957.0,2.0,Jurupa Valley,3.0,False,1.0,One,7405.0,False,2.0,Jurupa Unified,92509,0.0,7405.0,462.6623376623377,1.5,68.0,0,410.6666666666667,0.1663740715732613,13.253391639810733,13.422467969854667,13.36142758599679,635030.04136804
True,False,2025-12-24,950000.0,34.154531,-118.016969,960.0,639 - Monrovia,True,1.0,0.1727,1948.0,2.0,Monrovia,2.0,True,1.0,One,7521.0,False,1.0,Saddleback Valley Unified,91016,0.0,7521.0,989.5833333333334,1.0,77.0,0,480.0,0.12764260071798963,13.764217263576723,13.819990428650009,13.659728965661373,855746.0714909134
True,False,2025-12-09,403000.0,34.513213,-117.255534,2274.0,APPV - Apple Valley,False,6.0,0.5946,1978.0,2.0,Apple Valley,3.0,True,1.0,One,25900.0,False,2.0,Apple Valley Unified,92307,0.0,25900.0,177.2207563764292,1.5,47.0,0,758.0,0.0877992277992278,12.90669184092882,13.049792684569493,13.103790335546922,490799.1871023895
False,False,2025-12-29,264000.0,34.885579,-116.998784,1144.0,BSTW - Barstow,True,2.0,0.1377,1963.0,2.0,Barstow,4.0,False,1.0,One,6000.0,False,2.0,Barstow Unified,92311,0.0,6000.0,230.7692307692308,2.0,62.0,0,286.0,0.19066666666666668,12.483704382128453,12.556723317938081,12.479327791018545,262847.1046629907
True,True,2025-12-30,3200000.0,33.67031,-117.682237,3728.0,BK - Baker Ranch,True,2.0,0.1737,2018.0,6.0,Lake Forest,5.0,True,2.0,Two,7568.0,False,2.0,Saddleback Valley Unified,92630,225.0,7568.0,858.3690987124463,0.8333333333333334,7.0,0,745.6,0.492600422832981,14.978661367769956,14.077874822431765,14.68554623589376,2386996.015080583
True,False,2025-12-23,2390000.0,35.642206,-120.604237,5927.0,PRSE - PR South 46-East 101,True,3.0,80.0,1999.0,6.0,Paso Robles,7.0,True,1.0,One,80.0,False,3.0,Paso Robles Joint Unified,93446,0.0,3484800.0,403.2394128564198,1.1666666666666667,26.0,0,846.7142857142857,0.0017008149678604224,14.686803923907693,13.591116224748411,14.830184883941984,2758464.8907177774
False,False,2025-12-30,450000.0,33.948635,-118.257795,888.0,C34 - Los Angeles Southwest,False,2.0,0.1122,1925.0,1.0,Los Angeles,2.0,False,1.0,One,4886.0,False,2.0,Los Angeles Unified,90002,0.0,4886.0,506.7567567567568,2.0,100.0,0,444.0,0.18174375767498976,13.017002861746503,13.287734158360443,13.099004503865082,488455.9165251743
False,False,2025-12-05,850000.0,37.650123,-122.11646775,1410.0,C1 - Mesa Verde,True,2.0,0.0433,2017.0,3.0,Hayward,3.0,False,2.0,Two,1888.0,False,2.0,Los Angeles Unified,94545,273.0,1888.0,602.8368794326241,1.0,8.0,0,470.0,0.746822033898305,13.652991628466498,13.732128949025222,13.591361163337304,799195.7299024492
True,False,2025-12-05,2300000.0,37.82193178,-122.12887182,3228.0,ROSA - Rosamond,True,2.0,0.2652,1966.0,4.0,Moraga,5.0,True,2.0,Two,11550.0,False,2.0,Oakland,94556,60.0,11550.0,712.5154894671623,1.25,59.0,0,645.6,0.2794805194805195,14.648419680899378,14.389310980891652,14.67563827101285,2363462.519435396
True,False,2025-12-09,2190000.0,34.031057000000004,-118.381878,2617.0,C16 - Mid Los Angeles,True,4.0,0.1665,1958.0,4.0,Los Angeles,6.0,False,1.0,One,7252.0,False,2.0,Manhattan Unified,90034,210.0,7252.0,836.8360718379824,1.5,67.0,0,436.1666666666667,0.36086596800882514,14.599412101792684,14.291744736960645,14.466875851916086,1918157.8914454293
True,True,2025-12-12,1565000.0,34.064571,-118.641977,1484.0,C33 - Malibu,True,0.0,1.0353,1974.0,2.0,Malibu,3.0,False,2.0,Two,45097.0,False,2.0,Palos Verdes Peninsula Unified,90265,194.0,45097.0,1054.5822102425875,1.5,51.0,0,494.6666666666667,0.03290684524469477,14.26339638195639,15.02369061159072,14.692520168269054,2403700.9456934077
True,False,2025-12-31,305000.0,36.673044,-119.002886,1532.0,335 - Cathedral City North,True,0.0,6.01,1983.0,2.0,Miramonte,2.0,False,1.0,One,261795.0,False,0.0,Kings Canyon Joint Unified,93641,0.0,261795.0,199.0861618798956,1.0,42.0,0,766.0,0.005851907026490193,12.628067055589549,13.698976741708323,13.542403427227514,761011.2555652258
True,False,2025-12-23,1000000.0,33.743949,-118.310559,1544.0,186 - Miraleste Pines,True,2.0,0.2274,1960.0,2.0,San Pedro,3.0,True,1.0,One,9906.0,False,2.0,Los Angeles Unified,90732,0.0,9906.0,647.6683937823834,1.5,65.0,0,514.6666666666666,0.155865132243085,13.815510557964274,13.946538820370678,13.824365656257942,1008894.4206586662
True,False,2025-12-04,416000.0,34.358646,-117.632944,1709.0,WRWD - Wrightwood,True,0.0,0.1148,1932.0,2.0,Wrightwood,4.0,True,2.0,Two,5000.0,False,0.0,Snowline Joint Unified,92397,0.0,5000.0,243.41720304271504,2.0,93.0,0,427.25,0.3418,12.9384405392434,13.003579841414362,12.982938013379142,434928.9717386175
True,False,2025-12-18,362000.0,38.058432,-120.538056,768.0,GP - Great Park,True,0.0,10.57,1992.0,1.0,Angels Camp,1.0,True,1.0,One,460429.0,False,0.0,Other,95222,0.0,460429.0,471.3541666666667,1.0,33.0,0,768.0,0.0016680096171179488,12.799399490807907,13.698976741708323,13.340735815297482,622025.1564130789
False,False,2025-12-19,1220000.0,34.126255,-118.214654,2282.0,618 - Eagle Rock,False,6.0,0.1704,1927.0,3.0,Los Angeles,4.0,True,1.0,One,7422.0,False,2.0,Los Angeles Unified,90041,0.0,7422.0,534.6187554776512,1.3333333333333333,98.0,0,570.5,0.30746429533818376,14.01436141670944,14.115615150414612,14.391918990424024,1779635.2586920771
True,False,2025-12-23,535000.0,34.452032,-117.65223799999998,2639.0,PINH - Pinon Hills,True,3.0,2.01,2005.0,4.0,Pinon Hills,4.0,True,1.0,One,87555.0,False,3.0,Snowline Joint Unified,92372,0.0,87555.0,202.72830617658204,1.0,20.0,0,659.75,0.03014105419450631,13.190022025878143,13.094474869669831,13.373724370319769,642887.0779620107
True,False,2025-12-02,447000.0,33.92883,-116.867729,1613.0,263 - Banning/Beaumont/Cherry Valley,True,2.0,0.22,2006.0,2.0,Banning,3.0,False,1.0,One,9583.0,False,2.0,Banning Unified,92220,0.0,9583.0,277.12337259764416,1.5,19.0,0,537.6666666666666,0.1683188980486278,13.010313873595706,12.994530005894443,12.979630737669941,433492.91773738805
True,False,2025-12-15,615000.0,33.467489,-117.100808,1666.0,SRCAR - Southwest Riverside County,True,4.0,0.14,1996.0,2.0,Temecula,3.0,True,1.0,One,6098.0,False,2.0,Temecula Unified,92592,34.0,6098.0,369.14765906362544,1.5,29.0,0,555.3333333333334,0.27320432928829125,13.329377546788654,13.580420735596498,13.46885983378421,707052.2413861941
False,False,2025-12-18,5850000.0,33.4938635,-117.7245229,4474.0,92009 - Carlsbad,True,6.0,0.4705,2024.0,5.0,Dana Point,6.0,False,2.0,Two,20496.0,False,2.0,Antelope Valley Union,92629,520.0,20496.0,1307.5547608404113,1.2,1.0,0,745.6666666666666,0.21828649492583918,15.58195221920804,14.716674768252918,15.364968661655718,4708917.745931385
True,False,2025-12-03,2025000.0,34.245837,-119.087325,3980.0,VC43 - Las Posas Estates,True,6.0,0.19,1999.0,5.0,Camarillo,5.0,True,2.0,Two,8276.0,False,3.0,Chico Unified,93010,118.44,8276.0,508.7939698492463,1.0,26.0,0,796.0,0.48090865152247464,14.521080258522776,13.790192749979985,14.277352695932901,1586994.7572341114
True,False,2025-12-05,1950000.0,34.237010999999995,-116.916528,4991.0,289 - Big Bear Area,True,2.0,0.2347,2025.0,6.0,Big Bear Lake,5.0,True,1.0,ThreeOrMore,10224.0,True,2.0,Bear Valley Unified,92315,0.0,10224.0,390.7032658785814,0.8333333333333334,0.0,0,998.2,0.48816510172143973,14.48333993053993,13.398478813484644,14.433402080912142,1855012.6639213383
True,False,2025-12-10,537000.0,33.964249,-117.067401,2432.0,263 - Banning/Beaumont/Cherry Valley,True,2.0,0.13,2008.0,3.0,Beaumont,4.0,True,2.0,Two,5663.0,False,2.0,Beaumont,92223,165.0,5663.0,220.8059210526316,1.3333333333333333,17.0,0,608.0,0.42945435281652833,13.193753373491,13.197470849891134,13.215130035890931,548602.8408804985
True,True,2025-12-11,485000.0,33.748367,-116.212328,1675.0,314 - Indio South of East Valley,True,2.0,0.15,2004.0,3.0,Indio,4.0,True,1.0,One,6534.0,False,2.0,Palm Springs Unified,92203,113.0,6534.0,289.55223880597015,1.3333333333333333,21.0,0,418.75,0.2563513927150291,13.091904169919621,13.255142955086335,13.214507357400416,548261.3440240542
False,False,2025-12-03,479000.0,37.78345925,-122.214205,1164.0,"60 - Westminster South of Westminster, W of Beach",False,0.0,0.1101,1922.0,2.0,Oakland,2.0,False,1.0,One,4794.0,False,0.0,Riverside Unified,94601,245.0,4794.0,411.51202749140896,1.0,103.0,0,582.0,0.2428035043804756,13.079455876393052,13.269057756555132,13.17976994647463,529543.1573065108
True,True,2025-12-30,2575000.0,33.621798,-116.239781,3551.0,313 - La Quinta South of HWY 111,True,3.0,0.22,2007.0,4.0,La Quinta,4.0,True,1.0,One,9583.0,False,3.0,Long Beach Unified,92253,1222.0,9583.0,725.1478456772741,1.0,18.0,0,887.75,0.3705520192006678,14.761360092079974,13.545013310266594,13.982622088195205,1181886.0739846644
False,False,2025-12-12,225000.0,35.276897,-119.012732,740.0,BKSF - Bakersfield,True,1.0,0.1626,1941.0,1.0,Bakersfield,2.0,False,1.0,One,7083.0,False,1.0,Bakersfield City,93307,0.0,7083.0,304.05405405405406,2.0,84.0,0,370.0,0.10447550472963434,12.323855681186558,12.74984936943585,12.489327401486108,265488.6585659794
False,False,2025-12-10,1380000.0,37.85154526,-122.13709069,2420.0,MC - Mission Viejo Central,True,2.0,0.4591,1965.0,3.0,Moraga,4.0,True,2.0,Two,20000.0,False,2.0,Capistrano Unified,94556,422.0,20000.0,570.2479338842975,1.3333333333333333,60.0,0,605.0,0.121,14.137594057133388,14.389310980891652,14.407695846031935,1807934.9603544697
True,True,2025-12-01,2325000.0,33.526708,-117.701294,3011.0,LNSEA - Sea Country,True,4.0,0.22,2000.0,4.0,Laguna Niguel,5.0,False,2.0,Two,9583.0,False,2.0,Capistrano Unified,92677,0.0,9583.0,772.16871471272,1.25,25.0,0,602.2,0.31420223312115203,14.659230597003594,14.349075668699754,14.628428940934391,2254477.825052475
False,False,2025-12-12,860000.0,37.74687227,-121.54375248,2101.0,699 - Not Defined,True,3.0,0.1149,2021.0,4.0,Mountain House,4.0,False,2.0,Two,5003.0,False,3.0,Adelanto,95391-8284,46.0,5003.0,409.32889100428366,1.0,4.0,0,525.25,0.4199480311812912,13.664687668229691,13.698976741708323,13.803008768660144,987576.0334184248
False,False,2025-12-04,750000.0,33.942459,-118.345345,1152.0,105 - Lennox,False,1.0,0.1346,1948.0,2.0,Inglewood,3.0,False,1.0,One,5863.0,False,1.0,Inglewood Unified,90304,0.0,5863.0,651.0416666666666,1.5,77.0,0,384.0,0.1964864403888794,13.527828485512494,13.520328065005813,13.504649559076997,732815.7309922094
True,False,2025-12-17,400000.0,34.420531,-116.955522,2120.0,LUV - Lucerne Valley,True,2.0,1.336,1992.0,3.0,Lucerne Valley,4.0,True,2.0,Two,58195.0,False,2.0,Lucerne Valley Unified,92356,0.0,58195.0,188.67924528301887,1.3333333333333333,33.0,0,530.0,0.03642924649884011,12.89921982609012,12.619802404613942,12.866447308295506,387103.47297217173
True,False,2025-12-02,295000.0,34.241279,-116.823775,643.0,SGLF - Sugarloaf,True,4.0,0.1148,1967.0,1.0,Sugarloaf,2.0,True,2.0,Two,5000.0,False,0.0,Bear Valley Unified,92386,0.0,5000.0,458.7869362363919,2.0,58.0,0,321.5,0.1286,12.594730635321957,12.644327576461329,12.428457362079342,249810.36326931158
True,False,2025-12-05,1600000.0,37.94150417,-122.07120232,2133.0,NBRG - Valencia Northbridge,True,2.0,0.3395,1947.0,3.0,Pleasant Hill,4.0,True,1.0,One,14790.0,False,2.0,Mount Diablo,94523,37.0,14790.0,750.1172058134083,1.3333333333333333,78.0,0,533.25,0.14421906693711967,14.28551418721001,13.92391643180806,14.093468477925933,1320430.6322683839
True,False,2025-12-23,959500.0,38.46404489,-122.62769733,2097.0,FH - Foothill Ranch,True,2.0,0.6313,1983.0,2.0,Santa Rosa,3.0,True,1.0,One,27499.0,False,2.0,Escondido Union,95409,0.0,27499.0,457.5584167858846,1.5,42.0,0,699.0,0.07625731844794356,13.774167594429892,13.526494262499357,13.629066235045606,829904.7673402723
False,True,2025-12-02,1110000.0,33.782953000000006,-117.907907,1340.0,"72 - Orange & Garden Grove, E of Harbor, N of 22 F",True,2.0,0.1701,1957.0,2.0,Garden Grove,4.0,False,1.0,One,7410.0,False,2.0,Garden Grove Unified,92840,0.0,7410.0,828.3582089552239,2.0,68.0,0,335.0,0.18083670715249664,13.919870573288517,13.864300722133706,13.739550424303909,926853.1560655677
True,True,2025-12-01,2300000.0,32.824502,-116.801886,5831.0,91901 - Alpine,True,17.0,3.84,2025.0,6.0,Alpine,3.0,True,1.0,One,3.84,True,7.0,Cajon Valley Union,91901,0.0,167270.4,394.4434916823872,0.5,0.0,0,1943.6666666666667,0.03485972413529232,14.648419680899378,13.764217263576723,15.105270231792156,3631913.606966165
True,False,2025-12-29,4175000.0,33.546399,-117.775628,2594.0,LV - Laguna Village,True,2.0,0.1598,1970.0,3.0,Laguna Beach,4.0,True,2.0,Two,6960.0,False,2.0,Laguna Beach Unified,92651,0.0,6960.0,1609.4834232845028,1.3333333333333333,55.0,0,648.5,0.37270114942528737,15.244624916267092,14.914122846632385,14.882303041783336,2906043.3539812327
True,False,2025-12-19,950000.0,34.235257,-118.789615,2069.0,SWR - Simi Wood Ranch,True,2.0,0.08,2000.0,3.0,Simi Valley,4.0,True,2.0,Two,3484.0,False,2.0,Simi Valley Unified,93065,263.0,3484.0,459.15901401643305,1.3333333333333333,25.0,0,517.25,0.5938576349024111,13.764217263576723,13.676248490630767,13.743734128436797,930738.9583007274
True,False,2025-12-10,785000.0,34.215092,-119.193213,1460.0,VC31 - Oxnard - Northwest,True,2.0,0.13,1962.0,3.0,Oxnard,3.0,True,1.0,One,5662.0,False,2.0,Victor Valley Unified,93030,0.0,5662.0,537.6712328767123,1.0,63.0,0,486.6666666666667,0.25785941363475806,13.573438996764546,13.617059619240436,13.588886368239999,797220.3295920145
True,True,2025-12-19,1625000.0,34.407146000000004,-118.402054,4681.0,SAND - Sand Canyon,True,3.0,0.3538,2004.0,6.0,Canyon Country,5.0,True,2.0,Two,15411.0,False,3.0,William S. Hart Union,91387,242.0,15411.0,347.1480452894681,0.8333333333333334,21.0,0,936.2,0.30374407890467847,14.301018373745976,13.737549016494562,14.481980197842569,1947350.3230745667
False,True,2025-12-17,2850000.0,36.96418347,-121.87162708,4399.0,699 - Not Defined,True,2.0,0.273,2005.0,5.0,Aptos,4.0,True,2.0,One,11892.0,False,2.0,Other,95003,350.0,11892.0,647.8745169356672,0.8,20.0,0,1099.75,0.36991254624957953,14.862829552244833,14.188463383490559,14.878573657285923,2895225.7849230943
True,False,2025-12-10,1360000.0,33.722318,-118.316217,1626.0,179 - South Shores,True,2.0,0.1337,1955.0,3.0,San Pedro,3.0,True,1.0,One,5823.0,False,2.0,Los Angeles Unified,90732,0.0,5823.0,836.4083640836409,1.0,70.0,0,542.0,0.2792375064399794,14.122995257712235,13.946538820370678,13.915125407283087,1104745.3427043057
False,False,2025-12-10,985000.0,33.791956,-118.097313,1382.0,"33 - Lakewood Plaza, Rancho",True,2.0,0.1368,1953.0,2.0,Long Beach,4.0,False,1.0,One,5960.0,False,2.0,Murrieta,90815,0.0,5960.0,712.7351664254703,2.0,72.0,0,345.5,0.23187919463087248,13.800396920154226,13.937728190688523,13.804618437285303,989166.9836822223
False,False,2025-12-19,596500.0,38.3207977,-121.9414627,1955.0,699 - Not Defined,True,2.0,0.0739,2025.0,3.0,Vacaville,4.0,False,1.0,One,3220.0,False,2.0,Other,95687,112.0,3220.0,305.1150895140665,1.3333333333333333,0.0,0,488.75,0.6071428571428571,13.298834520520108,13.424850009081805,13.379135895170775,646375.5077098263
True,False,2025-12-30,969900.0,33.862064000000004,-118.107203,1515.0,"RD - Cerritos South of 91 Frwy, W of Norwalk",True,6.0,0.119,1969.0,2.0,Cerritos,4.0,False,1.0,One,5182.0,False,2.0,Bellflower Unified,90703,0.0,5182.0,640.1980198019802,2.0,56.0,0,378.75,0.2923581628714782,13.784948252381634,14.01436141670944,13.920090322063736,1110243.9479431421
True,False,2025-12-15,1775600.0,37.71763982,-122.07071395,3214.0,92078 - San Marcos,True,2.0,0.1633,2005.0,4.0,Castro Valley,5.0,True,2.0,Two,7113.0,False,2.0,Los Angeles Unified,94546,0.0,7113.0,552.4579962663348,1.25,20.0,0,642.8,0.4518487276817095,14.389648951942018,13.885500212990994,14.208415480127423,1481277.5459689822
True,False,2025-12-16,498000.0,35.626306,-120.670886,1500.0,PRIC - PR Inside City Limit,True,2.0,0.0344,2004.0,3.0,Paso Robles,3.0,True,2.0,Two,1500.0,False,2.0,Paso Robles Joint Unified,93446,300.0,1500.0,332.0,1.0,21.0,0,500.0,1.0,13.11835535600679,13.591116224748411,13.382993553345424,648873.8191886623
True,False,2025-12-19,2000000.0,32.79819859,-117.20678893,1826.0,92117 - Clairemont Mesa,False,6.0,0.1561,1961.0,3.0,San Diego,4.0,True,1.0,One,6800.0,False,3.0,Huntington Beach Union High,92117,0.0,6800.0,1095.290251916758,1.3333333333333333,64.0,0,456.5,0.2685294117647059,14.508657738524219,13.964016766263498,14.002164092023609,1205209.6486110967
True,False,2025-12-03,699000.0,34.442798,-118.446391,1511.0,CAN1 - Canyon Country 1,True,2.0,0.1201,2025.0,3.0,Canyon Country,2.0,False,1.0,One,5231.0,True,2.0,William S. Hart Union,91350,283.0,5231.0,462.6075446724023,0.6666666666666666,0.0,0,755.5,0.2888549034601415,13.457406021215947,13.652991628466498,13.573162426991894,784782.9227483555
False,True,2025-12-31,1185000.0,34.159617,-118.604828,1535.0,WHLL - Woodland Hills,True,2.0,0.1435,1953.0,2.0,Woodland Hills,3.0,True,1.0,One,6252.0,False,2.0,Los Angeles Unified,91364,0.0,6252.0,771.9869706840391,1.5,72.0,0,511.6666666666667,0.24552143314139474,13.985253332551368,14.15910026235435,14.024769234212355,1232763.84401554
False,False,2025-12-16,860000.0,34.879268,-120.442155,2620.0,ORCT - Orcutt,True,2.0,0.26,1981.0,3.0,Santa Maria,4.0,True,2.0,Two,11326.0,False,2.0,Santa Maria Joint Union,93455,0.0,11326.0,328.2442748091603,1.3333333333333333,44.0,0,655.0,0.23132615221613986,13.664687668229691,13.538369041771391,13.7146519475948,904060.8486791056
True,False,2025-12-03,2250000.0,34.133026,-118.71129,3602.0,CLB - Calabasas,True,3.0,0.1753,1998.0,5.0,Calabasas,5.0,True,2.0,Two,7638.0,False,3.0,Las Virgenes,91301,390.0,7638.0,624.6529705719045,1.0,27.0,0,720.4,0.47158942131448023,14.626440774180603,14.2040248902346,14.576939313522127,2141333.478047861
False,False,2025-12-09,1295000.0,34.023239000000004,-118.31856,2521.0,JFPK - Jefferson Park,True,4.0,0.1285,1907.0,3.0,Los Angeles,5.0,True,2.0,Two,5597.0,False,2.0,Beaumont,90018,0.0,5597.0,513.6850456168187,1.6666666666666667,118.0,0,504.2,0.4504198677863141,14.074021253115776,13.681979165339751,13.899750659555723,1087890.066589881
False,False,2025-12-17,405000.0,33.913853,-117.237021,1580.0,259 - Moreno Valley,True,2.0,0.17,1981.0,2.0,Moreno Valley,4.0,True,1.0,One,7405.0,False,2.0,Moreno Valley Unified,92553,0.0,7405.0,256.32911392405066,2.0,44.0,0,395.0,0.21336934503713706,12.911642346088676,13.159174447339636,13.127439099713627,502544.31280486553
True,True,2025-12-18,1050000.0,34.393113,-118.903317,2703.0,VC55 - Fillmore,True,2.0,0.19,2019.0,4.0,Fillmore,4.0,True,2.0,Two,8276.0,False,2.0,Fillmore Unified,93015,0.0,8276.0,388.457269700333,1.0,6.0,0,675.75,0.32660705654905753,13.864300722133706,13.537511886757919,13.754777778711475,941074.6808587671
False,False,2025-12-05,382000.0,34.438994,-117.342243,1664.0,699 - Not Defined,True,2.0,0.4132,1987.0,2.0,Hesperia,3.0,True,1.0,One,18000.0,False,2.0,Hesperia Unified,92345,0.0,18000.0,229.56730769230768,1.5,38.0,0,554.6666666666666,0.09244444444444444,12.853175887588712,13.064514272196533,12.987791527906415,437045.03684370633
False,False,2025-12-02,895000.0,33.863494,-117.959665,1196.0,83 - Fullerton,False,2.0,0.1551,1954.0,2.0,Fullerton,3.0,True,1.0,One,6758.0,False,2.0,Fullerton Joint Union High,92833,0.0,6758.0,748.3277591973244,1.5,71.0,0,398.6666666666667,0.17697543651968037,13.704578997256993,13.87377946608825,13.75865250973567,944728.1656853
True,False,2025-12-17,680000.0,32.577702,-117.117114,1036.0,91932 - Imperial Beach,True,1.0,0.0941,1971.0,2.0,Imperial Beach,2.0,True,1.0,One,4100.0,False,1.0,South Bay Union,91932,0.0,4100.0,656.3706563706563,1.0,54.0,0,518.0,0.2526829268292683,13.42984807715229,13.667485396903125,13.356475280385258,631892.9528527193
False,False,2025-12-05,660000.0,34.260934000000006,-118.668723,1200.0,SVE - East Simi,True,2.0,0.1,1979.0,1.0,Simi Valley,2.0,False,1.0,One,4356.0,False,2.0,Other,93063,0.0,4356.0,550.0,2.0,46.0,0,600.0,0.27548209366391185,13.399995114002609,13.637546696375418,13.26496851854855,576637.165582922
True,True,2025-12-17,1775000.0,34.160789,-118.425009,2818.0,SO - Sherman Oaks,False,2.0,0.1655,1940.0,3.0,Sherman Oaks,4.0,True,2.0,Two,7209.0,False,2.0,Oakley,91423,390.0,7209.0,629.8793470546486,1.3333333333333333,85.0,0,704.5,0.3909002635594396,14.389310980891652,14.49104488660402,14.607745372100641,2208326.114153722
True,False,2025-12-09,560000.0,34.171642,-119.170436,1478.0,VC32 - Oxnard - Port Hueneme Beaches,False,0.0,0.13,1957.0,2.0,Oxnard,3.0,False,1.0,One,5662.0,False,0.0,Oxnard Union,93033,0.0,5662.0,378.8903924221922,1.5,68.0,0,492.6666666666667,0.2610385022960085,13.235692062711331,13.459566775233457,13.434831902101214,683397.4601061709
False,False,2025-12-01,750000.0,32.721859,-117.043901,2018.0,91945 - Lemon Grove,True,5.0,0.216,1959.0,2.0,Lemon Grove,4.0,True,2.0,MultiSplit,9408.0,False,2.0,San Diego Unified,91945,0.0,9408.0,371.6551040634291,2.0,66.0,0,504.5,0.2144982993197279,13.527828485512494,13.547631112808673,13.626394229533636,827690.2171902185
True,False,2025-12-02,1000000.0,37.95245838,-122.00969337,1956.0,91915 - Chula Vista,True,5.0,0.27,1962.0,3.0,Concord,4.0,True,2.0,Two,11761.0,False,2.0,Desert Sands Unified,94518,0.0,11761.0,511.2474437627812,1.3333333333333333,63.0,0,489.0,0.16631238840234674,13.815510557964274,13.753635154246187,13.823265879443081,1007785.4718760365
False,False,2025-12-19,520000.0,33.90252,-117.210208,1622.0,259 - Moreno Valley,True,2.0,0.17,1985.0,2.0,Moreno Valley,4.0,True,1.0,One,7405.0,False,2.0,Moreno Valley Unified,92551,0.0,7405.0,320.5918618988903,2.0,40.0,0,405.5,0.21904118838622552,13.16158409055761,13.180632285528304,13.129539171649744,503600.80097513535
True,False,2025-12-01,800000.0,37.94614908,-121.96474482,1619.0,"61 - N of Gar Grv, S Of Ball, E of Knott, W of Dal",True,2.0,0.2066,1976.0,2.0,Concord,4.0,True,1.0,One,9000.0,False,2.0,Murrieta,94521,0.0,9000.0,494.1321803582458,2.0,49.0,0,404.75,0.17988888888888888,13.592367006650065,13.656514826473817,13.628153517666599,829147.6444083891
True,True,2025-12-03,1715000.0,33.669719,-117.983185,1978.0,14 - South Huntington Beach,True,2.0,0.1621,1972.0,2.0,Huntington Beach,3.0,True,1.0,One,7062.0,False,2.0,Huntington Beach Union High,92646,0.0,7062.0,867.0374115267947,1.5,53.0,0,659.3333333333334,0.28009062588501843,14.354923638582177,14.19394699368452,14.19158782776566,1456559.6774999022
True,False,2025-12-10,389500.0,34.712121,-118.158037,1791.0,LAC - Lancaster,True,2.0,0.1353,2002.0,2.0,Lancaster,3.0,True,1.0,One,5894.0,False,2.0,Antelope Valley Union,93534,0.0,5894.0,217.47627024008932,1.5,23.0,0,597.0,0.30386834068544283,12.87261914429294,12.971540487669746,12.95977325754546,424969.7451734742
False,True,2025-12-02,417750.0,37.75331809,-122.17012351,662.0,WHLL - Woodland Hills,True,1.0,0.0551,1920.0,1.0,Oakland,2.0,False,2.0,Two,2400.0,False,1.0,Other,94621,0.0,2400.0,631.0422960725075,2.0,105.0,0,331.0,0.2758333333333333,12.94263844645764,13.142166004700508,12.909944489053764,404312.9513211243
True,True,2025-12-01,1198000.0,34.122752,-117.711827,2145.0,683 - Claremont,True,3.0,0.2576,1978.0,2.0,Claremont,4.0,True,1.0,One,11219.0,False,3.0,Claremont Unified,91711,0.0,11219.0,558.5081585081585,2.0,47.0,0,536.25,0.19119351100811124,13.996164057657532,13.9108207377686,13.890795936216206,1078191.7994754163
True,False,2025-12-12,750000.0,33.89201,-117.55743,2500.0,248 - Corona,True,2.0,0.27,1965.0,2.0,Corona,3.0,True,1.0,One,11761.0,False,2.0,Corona-Norco Unified,92879,0.0,11761.0,300.0,1.5,60.0,0,833.3333333333334,0.21256695859195646,13.527828485512494,13.500799813124575,13.631311083586205,831769.8704998837
False,False,2025-12-24,712000.0,34.274937,-118.766626,1226.0,SVW - West Simi,True,2.0,0.18,1961.0,2.0,Simi Valley,4.0,False,1.0,One,7840.0,False,2.0,Simi Valley Unified,93065,205.0,7840.0,580.7504078303426,2.0,64.0,0,306.5,0.15637755102040815,13.475833190394113,13.676248490630767,13.575547206352304,786656.6902379093
True,False,2025-12-05,369500.0,34.089224,-116.943104,996.0,290 - Forest Falls Area,False,2.0,0.8306,1951.0,1.0,Forest Falls,2.0,True,1.0,One,36180.0,False,2.0,Redlands Unified,92339,0.0,36180.0,370.9839357429719,2.0,74.0,0,498.0,0.027529021558872307,12.819906019370393,12.845148746780268,12.594713402544814,294994.9163745455
False,False,2025-12-18,622500.0,34.1005,-117.919279,1080.0,614 - Covina,False,2.0,0.1425,1954.0,1.0,Covina,3.0,False,1.0,One,6208.0,False,2.0,Azusa Unified,91722,0.0,6208.0,576.3888888888889,3.0,71.0,0,360.0,0.17396907216494845,13.341498907321,13.592367006650065,13.468546156139805,706830.4896857388
True,False,2025-12-10,365000.0,39.866669,-121.60288,1286.0,69 - Santa Ana South of First,True,3.0,1.69,1973.0,2.0,Magalia,3.0,True,2.0,Two,73616.0,False,2.0,Paradise Unified,95954,0.0,73616.0,283.8258164852255,1.5,52.0,0,428.6666666666667,0.01746902847207129,12.80765263256463,12.587927887999204,12.549417947436657,281931.08692123345
True,True,2025-12-09,929900.0,34.224208000000004,-118.610376,2182.0,WEH - West Hills,True,4.0,0.2797,1960.0,3.0,West Hills,4.0,True,2.0,Two,12182.0,False,2.0,Los Angeles Unified,91304,0.0,12182.0,426.1686526122823,1.3333333333333333,65.0,0,545.5,0.17911672960105074,13.742832332466289,13.846039762999096,13.960224618006672,1155709.0596176651
False,False,2025-12-17,630000.0,32.714628000000005,-117.019186,1388.0,91977 - Spring Valley,True,6.0,0.1515,1959.0,2.0,Spring Valley,3.0,False,1.0,One,6600.0,False,2.0,San Diego Unified,91977,0.0,6600.0,453.8904899135447,1.5,66.0,0,462.6666666666667,0.2103030303030303,13.353475098367715,13.592367006650065,13.561085930110837,775362.491623781
True,False,2025-12-19,355000.0,39.834394,-121.593692,1589.0,682 - Chino Hills,True,11.0,1.22,1991.0,2.0,Magalia,3.0,True,1.0,One,53143.0,False,7.0,Paradise Unified,95954,0.0,53143.0,223.41095028319697,1.5,34.0,0,529.6666666666666,0.029900457256835333,12.779873068457553,12.587927887999204,12.672512508520766,318861.6244553514
False,False,2025-12-02,1063700.0,34.022775,-118.322088,1420.0,PHHT - Park Hills Heights,False,2.0,0.1146,1919.0,2.0,Los Angeles,4.0,True,1.0,One,4991.0,False,1.0,Hesperia Unified,90018,0.0,4991.0,749.0845070422536,2.0,106.0,0,355.0,0.2845121218192747,13.877263954239757,13.681979165339751,13.651782811004676,848973.1259341434
False,False,2025-12-16,742500.0,34.019397,-117.574428,1870.0,686 - Ontario,True,3.0,0.1148,1995.0,3.0,Ontario,4.0,True,2.0,Two,5000.0,False,3.0,Chaffey Joint Union High,91761,79.0,5000.0,397.05882352941177,1.3333333333333333,30.0,0,467.5,0.374,13.517778149658993,13.532323657186438,13.505899369860746,733732.1845727946
True,False,2025-12-12,555000.0,34.076194,-117.332962,1275.0,273 - Colton,False,2.0,0.186,1948.0,2.0,Colton,3.0,True,1.0,One,8100.0,False,2.0,Colton Unified,92324,0.0,8100.0,435.2941176470589,1.5,77.0,0,425.0,0.1574074074074074,13.226723392728571,13.142166004700508,13.09548658091524,486740.58521717886
True,False,2025-12-23,1123820.0,34.461073,-118.631043,2479.0,HASC - Hasley Canyon,True,3.0,0.3495,2025.0,3.0,Castaic,3.0,False,1.0,One,15225.0,True,3.0,William S. Hart Union,91384,385.0,15225.0,453.3360225897539,1.0,0.0,0,826.3333333333334,0.16282430213464696,13.932244154262865,13.602317337503232,13.84315029246259,1028025.2556646054
True,True,2025-12-26,565000.0,34.128378000000005,-116.330965,960.0,DC612 - Joshua Tree Village,True,0.0,1.25,2022.0,2.0,Joshua Tree,3.0,False,1.0,One,54450.0,False,0.0,Morongo Unified,92252,0.0,54450.0,588.5416666666666,1.5,3.0,0,320.0,0.017630853994490357,13.244581010128577,12.871334622600584,13.025251146597718,453727.078053061
True,True,2025-12-03,455000.0,33.759497,-116.289966,1592.0,307 - Sun City,True,4.0,0.11,2019.0,3.0,Palm Desert,2.0,False,1.0,One,4792.0,False,2.0,Compton Unified,92211,220.0,4792.0,285.8040201005025,0.6666666666666666,6.0,0,796.0,0.332220367278798,13.028052697933088,13.226723392728571,13.197316627344044,538916.880456737
True,False,2025-12-22,565999.0,34.375806,-117.328229,2150.0,HSP - Hesperia,True,3.0,0.4132,2018.0,3.0,Hesperia,4.0,True,1.0,One,18000.0,False,3.0,Hesperia Unified,92345,0.0,18000.0,263.2553488372093,1.3333333333333333,7.0,0,537.5,0.11944444444444445,13.246347590399306,13.064514272196533,13.255012352296436,570924.5551334971
True,True,2025-12-04,1050000.0,34.113051,-116.323758,2142.0,DC615 - Upper Friendly Hills,True,6.0,0.9856,1981.0,3.0,Joshua Tree,4.0,True,1.0,One,42932.0,False,2.0,Alhambra,92252,0.0,42932.0,490.1960784313725,1.3333333333333333,44.0,0,535.5,0.04989285381533588,13.864300722133706,12.871334622600584,13.107785396854162,492763.8818693014
True,False,2025-12-23,395000.0,34.512114000000004,-117.428309,1654.0,ADL - Adelanto,True,2.0,0.1652,1992.0,4.0,Adelanto,4.0,True,2.0,Two,7194.0,False,2.0,Adelanto,92301,0.0,7194.0,238.8149939540508,1.0,33.0,0,413.5,0.22991381706978037,12.886641043883259,12.907924856844918,12.953915089043996,422487.47866485285
False,False,2025-12-03,1650000.0,33.718871,-117.963545,2301.0,16 - Fountain Valley / Northeast HB,True,2.0,0.1653,1965.0,3.0,Fountain Valley,5.0,True,2.0,Two,7200.0,False,2.0,Fountain Valley,92708,0.0,7200.0,717.0795306388527,1.6666666666666667,60.0,0,460.2,0.31958333333333333,14.316285845876763,14.22097566607244,14.297980473872181,1620070.9035466502
True,False,2025-12-29,1225000.0,33.678859,-117.71988600000002,2317.0,GP - Great Park,True,2.0,3.029,2020.0,3.0,Irvine,3.0,False,1.0,ThreeOrMore,131942.0,False,2.0,Irvine Unified,92618,230.0,131942.0,528.7009063444109,1.0,5.0,0,772.3333333333334,0.017560746388564672,14.018451401960965,14.648419680899378,14.452493317474175,1890767.3642662014
True,False,2025-12-31,535000.0,33.759474,-117.009822,2360.0,SRCAR - Southwest Riverside County,True,7.0,0.17,2006.0,3.0,Hemet,4.0,True,1.0,One,7405.0,False,3.0,Hemet Unified,92545,0.0,7405.0,226.6949152542373,1.3333333333333333,19.0,0,590.0,0.3187035786630655,13.190022025878143,12.990536830078119,13.071923516626956,475405.553996925
True,False,2025-12-02,525000.0,34.508426,-117.174106,2158.0,APPV - Apple Valley,True,3.0,0.4132,2008.0,2.0,Apple Valley,4.0,True,1.0,One,18000.0,False,3.0,Apple Valley Unified,92307,0.0,18000.0,243.2808155699722,2.0,17.0,0,539.5,0.11988888888888889,13.17115354157376,13.049792684569493,13.105909621908765,491840.4340865666
True,False,2025-12-04,799000.0,33.685672,-117.230744,3400.0,SRCAR - Southwest Riverside County,True,2.0,0.1596,2021.0,4.0,Menifee,6.0,True,2.0,Two,6952.0,False,2.0,Menifee Union,92584,130.0,6952.0,235.0,1.5,4.0,0,566.6666666666666,0.4890678941311853,13.591116224748411,13.353475098367715,13.548099224431823,765358.189221438
True,False,2025-12-17,1405000.0,33.764277,-118.141775,1814.0,"2 - Belmont Heights, Alamitos Heights",True,4.0,0.0796,1922.0,2.0,Long Beach,2.0,True,2.0,Two,3466.0,False,1.0,Long Beach Unified,90803,0.0,3466.0,774.5314222712238,1.0,103.0,0,907.0,0.5233698788228506,14.155547860749984,14.288556669519746,14.184471985281244,1446231.817557349
True,True,2025-12-05,545000.0,39.731386,-121.776645,2167.0,ATSC - Atascadero,True,3.0,0.16,1994.0,3.0,Chico,3.0,True,2.0,Two,6970.0,False,3.0,Chico Unified,95928,0.0,6970.0,251.49976926626672,1.0,31.0,0,722.3333333333334,0.3109038737446198,13.208541073645382,13.078384738024758,13.159846019415909,519096.9879832039
True,False,2025-12-10,418950.0,35.407164,-119.150843,1673.0,BKSF - Bakersfield,True,2.0,0.14,2006.0,2.0,Bakersfield,4.0,False,1.0,One,6098.0,False,2.0,Bakersfield City,93314,0.0,6098.0,250.418410041841,2.0,19.0,0,418.25,0.27435224663824204,12.945506860041432,13.399995114002609,13.32115730490465,609965.2729291824
False,False,2025-12-08,965000.0,34.200192,-118.432068,1979.0,VN - Van Nuys,True,0.0,0.179,1948.0,3.0,Van Nuys,4.0,True,1.0,One,7798.0,False,2.0,Antelope Valley Union,91405,0.0,7798.0,487.6200101061142,1.3333333333333333,77.0,0,494.75,0.2537830212875096,13.779883380321124,13.68482817589707,13.862858752042788,1048487.0225008455
True,False,2025-12-31,850000.0,34.152292,-118.21428600000002,1184.0,624 - Glendale-Chevy Chase/E. Glenoaks,True,4.0,0.1734,1953.0,1.0,Glendale,2.0,True,1.0,"One,Two",7554.0,False,2.0,Glendale Unified,91206,0.0,7554.0,717.9054054054054,2.0,72.0,0,592.0,0.1567381519724649,13.652991628466498,14.269765830241871,13.954614851453844,1149243.9524157476
True,True,2025-12-31,460000.0,33.687773,-116.291744,1527.0,313 - La Quinta South of HWY 111,True,2.0,0.12,1989.0,2.0,La Quinta,3.0,True,1.0,One,5227.0,False,2.0,Desert Sands Unified,92253,0.0,5227.0,301.24426981008514,1.5,36.0,0,509.0,0.2921369810598814,13.038981768465277,13.545013310266594,13.330992527802504,615994.0157657656
True,False,2025-12-05,1175000.0,37.89243486,-122.10883197,1126.0,SRCAR - Southwest Riverside County,False,3.0,0.14,1965.0,2.0,Lafayette,3.0,False,1.0,One,6098.0,False,0.0,Acalanes,94549,385.0,6098.0,1043.5168738898756,1.5,60.0,0,375.3333333333333,0.18465070514922927,13.976778705560397,14.527484500631974,14.279737661185852,1590784.2016371288
False,False,2025-12-10,1100000.0,35.646495,-120.678406,2919.0,PRIC - PR Inside City Limit,True,3.0,0.3641,2002.0,3.0,Paso Robles,4.0,True,1.0,One,15860.0,False,3.0,Paso Robles Joint Unified,93446,0.0,15860.0,376.8413840356287,1.3333333333333333,23.0,0,729.75,0.18404791929382094,13.9108207377686,13.591116224748411,13.875015620827185,1061311.1342387125
False,False,2025-12-17,2080000.0,32.7612078,-117.15334272,2540.0,92116 - Normal Heights,True,4.0,0.2359,1923.0,3.0,San Diego,4.0,True,2.0,Two,5397.0,False,2.0,Lucia Mar Unified,92116,0.0,10317.0,818.8976377952756,1.3333333333333333,102.0,0,635.0,0.24619559949597752,14.547878451677501,14.115615150414612,14.465078885117354,1914714.1204974903
False,False,2025-12-11,650000.0,33.568407,-117.17657,2438.0,SRCAR - Southwest Riverside County,True,2.0,0.12,1998.0,3.0,Murrieta,5.0,True,2.0,Two,5227.0,False,2.0,Murrieta,92563,0.0,5227.0,266.6119770303528,1.6666666666666667,27.0,0,487.6,0.4664243351827052,13.38472764187182,13.458835614025542,13.532960154284542,753858.643752061
False,False,2025-12-17,2410000.0,37.46062798,-122.25401675,2130.0,699 - Not Defined,True,2.0,0.206,1956.0,3.0,Redwood City,3.0,True,1.0,Two,8975.0,False,2.0,Other,94061,135.0,8975.0,1131.455399061033,1.0,69.0,0,710.0,0.2373259052924791,14.695137305466838,14.580978400103845,14.599567097182334,2190339.466210503
True,False,2025-12-19,6940000.0,37.21863382,-121.94435993,4226.0,699 - Not Defined,False,30.0,7.61,1952.0,4.0,Los Gatos,4.0,True,1.0,ThreeOrMore,331491.6,False,3.0,Other,95032,0.0,331491.6,1642.214860388074,1.0,73.0,0,1056.5,0.012748437667802141,15.752812332482987,14.927301792587102,15.282951176000692,4338118.01963586
True,False,2025-12-05,1300000.0,32.939197,-117.122138,2241.0,92129 - Rancho Penasquitos,True,2.0,0.0987,1992.0,3.0,San Diego,4.0,True,2.0,Two,4300.0,False,2.0,San Diego Unified,92129,165.0,4300.0,580.0981704596162,1.3333333333333333,33.0,0,560.25,0.5211627906976745,14.077874822431765,14.162640089059476,14.129097478042471,1368324.3924562312
True,False,2025-12-09,259000.0,37.311440000000005,-120.488883,1040.0,670 - Whittier,True,0.0,0.1502,1952.0,1.0,Merced,3.0,False,1.0,One,6544.0,False,0.0,Merced City,95340,0.0,6544.0,249.03846153846155,3.0,73.0,0,346.6666666666667,0.15892420537897312,12.464583340681674,12.934827526010142,12.658190139787886,314327.31920103414
True,False,2025-12-12,725000.0,34.135201,-118.205968,765.0,618 - Eagle Rock,True,1.0,0.1114,1948.0,1.0,Eagle Rock,3.0,False,1.0,One,4853.0,False,1.0,Los Angeles Unified,90041,0.0,4853.0,947.7124183006536,3.0,77.0,0,255.0,0.15763445291572223,13.493926933836812,14.115615150414612,13.613459201615337,817052.9660075173
True,False,2025-12-03,3250000.0,34.282445,-119.262757,4200.0,VC29 - Hillside above Poli St./ Foothill Rd,True,3.0,0.2,2025.0,5.0,Ventura,4.0,True,1.0,ThreeOrMore,8712.0,True,3.0,Huntington Beach Union High,93001,0.0,8712.0,773.8095238095239,0.8,0.0,0,1050.0,0.4820936639118457,14.994165554305921,13.90609809121013,14.687822066892183,2392434.600908536
True,False,2025-12-03,875000.0,34.215079,-118.37781499999998,1044.0,SUNV - Sun Valley,True,2.0,0.1241,1954.0,2.0,Sun Valley,3.0,True,1.0,One,5406.0,False,2.0,Los Angeles Unified,91352,0.0,5406.0,838.1226053639847,1.5,71.0,0,348.0,0.19311875693673697,13.681979165339751,13.681979165339751,13.570131411929735,782407.8351704286
True,False,2025-12-04,650000.0,37.96574492,-121.78560399,2250.0,92106 - Point Loma,True,3.0,0.1148,1991.0,3.0,Antioch,4.0,True,2.0,Two,5000.0,False,3.0,Redlands Unified,94531-8305,0.0,5000.0,288.8888888888889,1.3333333333333333,34.0,0,562.5,0.45,13.38472764187182,13.698976741708323,13.801760164198937,986343.7110790035
True,False,2025-12-05,429000.0,38.950511,-122.734407,2168.0,LCCLR - Kelseyville Riviera,True,8.0,0.25,2006.0,3.0,Kelseyville,2.0,True,1.0,One,10890.0,False,2.0,Kelseyville Unified,95451,140.0,10890.0,197.87822878228783,0.6666666666666666,19.0,0,1084.0,0.19908172635445362,12.969212197910155,12.845288003152147,12.998681276242955,441830.35547500104
False,False,2025-12-19,540000.0,33.905116,-118.152489,836.0,RK - Paramount South of Somerset,True,1.0,0.0489,1970.0,1.0,Paramount,2.0,False,1.0,One,2128.0,False,1.0,Paramount Unified,90723,0.0,2128.0,645.933014354067,2.0,55.0,0,418.0,0.39285714285714285,13.199324418540456,13.607828587820567,13.174078960786083,526538.0937740809
True,False,2025-12-17,1940000.0,33.776367,-118.416656,1943.0,160 - Lunada Bay/Margate,False,2.0,0.1711,1955.0,2.0,Palos Verdes Estates,3.0,True,1.0,One,7455.0,False,2.0,Palos Verdes Peninsula Unified,90274,0.0,7455.0,998.4559958826557,1.5,70.0,0,647.6666666666666,0.26063044936284374,14.47819853103951,14.735791327008538,14.575996154468287,2139314.8121019234
False,False,2025-12-16,1270000.0,34.171451,-118.39072,1406.0,VVL - Valley Village,True,2.0,0.1798,1948.0,2.0,Valley Village,3.0,True,1.0,One,7832.0,False,2.0,Redondo Unified,91607,78.0,7832.0,903.271692745377,1.5,77.0,0,468.6666666666667,0.17951991828396321,14.054527458434775,14.132142793443558,13.934673813247642,1126553.8191395241
True,False,2025-12-02,815000.0,36.46740388,-121.72385363,927.0,699 - Not Defined,False,0.0,0.2532,1956.0,1.0,Carmel Valley,2.0,True,1.0,"Two,One",11031.0,False,0.0,Carmel Unified,93924,342.0,11031.0,879.1801510248113,2.0,69.0,0,463.5,0.0840358988305684,13.610943392223,14.276094965293519,13.888125645370277,1075316.5543619578
False,False,2025-12-22,725000.0,36.309906,-119.164234,1908.0,272 - Rialto,True,2.0,4.68,1979.0,4.0,Exeter,4.0,True,1.0,One,203861.0,False,2.0,Exeter Union,93221,0.0,203861.0,379.979035639413,1.0,46.0,0,477.0,0.009359318359077998,13.493926933836812,12.765688433465597,13.020011347697153,451355.85719379835
False,False,2025-12-10,850000.0,34.214643,-118.556688,1786.0,RES - Reseda,True,3.0,0.1728,1953.0,2.0,Reseda,3.0,False,1.0,One,7529.0,False,1.0,Los Angeles Unified,91335,0.0,7529.0,475.9238521836506,1.5,72.0,0,595.3333333333334,0.237216097755346,13.652991628466498,13.652991628466498,13.753196248345414,939587.5189800726
True,False,2025-12-01,985000.0,33.169762,-117.239251,2230.0,92081 - Vista,True,4.0,0.1903,1989.0,3.0,Vista,4.0,True,2.0,Two,8290.0,False,2.0,Vista Unified,92081,160.0,8290.0,441.70403587443946,1.3333333333333333,36.0,0,557.5,0.2689987937273824,13.800396920154226,13.835313185260453,13.9350654701019,1126995.1280796758
False,False,2025-12-26,1090000.0,34.167823,-118.499889,1730.0,ENC - Encino,False,2.0,0.1376,1952.0,2.0,Encino,3.0,False,1.0,One,5995.0,False,2.0,Los Angeles Unified,91436,0.0,5995.0,630.0578034682081,1.5,73.0,0,576.6666666666666,0.2885738115095913,13.901688254205327,14.68050799545088,14.323421525702194,1661815.9790967365
False,False,2025-12-29,660000.0,37.81622423,-121.30401131,2269.0,699 - Not Defined,True,2.0,0.1051,2022.0,3.0,Lathrop,4.0,False,1.0,One,4577.0,False,2.0,Manteca Unified,95330,42.0,4577.0,290.8770383428823,1.3333333333333333,3.0,0,567.25,0.4957395674022285,13.399995114002609,13.541073712262515,13.587636737762027,796224.7209714958
True,False,2025-12-12,1298000.0,33.844605,-117.793243,1923.0,77 - Anaheim Hills,True,4.0,0.2176,1973.0,3.0,Anaheim,3.0,True,1.0,One,9477.0,False,2.0,Orange Unified,92807,96.0,9477.0,674.9869994799792,1.0,52.0,0,641.0,0.20291231402342513,14.076335176246172,13.997832114758229,13.980244179146338,1179078.9952063274
False,False,2025-12-16,1750000.0,32.76774890000001,-117.066734,2442.0,92115 - San Diego,True,2.0,0.1485,1947.0,4.0,San Diego,8.0,False,2.0,Two,10032.0,False,0.0,East Side Union,92115,0.0,6534.0,716.6257166257167,2.0,78.0,0,305.25,0.37373737373737376,14.375126345899696,13.748301808270824,13.948812552079566,1142595.0032006807
True,True,2025-12-05,555000.0,35.325825,-119.136449,2149.0,BKSF - Bakersfield,True,3.0,0.33,2003.0,2.0,Bakersfield,4.0,True,1.0,One,14375.0,False,3.0,Bakersfield City,93311,40.0,14375.0,258.25965565379244,2.0,22.0,0,537.25,0.14949565217391306,13.226723392728571,13.112313041550827,13.194772171964702,537547.3735647078
False,False,2025-12-01,575000.0,34.600469,-118.186574,2287.0,PLM - Palmdale,True,3.0,0.1612,1989.0,3.0,Palmdale,4.0,True,2.0,Two,7020.0,False,3.0,Antelope Valley Union,93551,0.0,7020.0,251.42107564494967,1.3333333333333333,36.0,0,571.75,0.3257834757834758,13.262125319779487,13.345506928718539,13.357643033746182,632631.2789796643
True,True,2025-12-17,4225000.0,33.519913,-117.727294,4529.0,699 - Not Defined,True,6.0,0.2066,1990.0,5.0,Laguna Niguel,5.0,True,2.0,Two,9000.0,False,3.0,Capistrano Unified,92677,495.0,9000.0,932.8770147935528,1.0,35.0,0,905.8,0.5032222222222222,15.25652981877341,14.349075668699754,14.904019993125205,2969844.026664291
True,False,2025-12-12,905000.0,34.235761,-119.033881,1950.0,VC41 - Camarillo Central,True,2.0,0.15,1964.0,3.0,Camarillo,4.0,True,2.0,Two,6534.0,False,2.0,Hesperia Unified,93010,495.0,6534.0,464.1025641025641,1.3333333333333333,61.0,0,487.5,0.29843893480257117,13.715690222682063,13.790192749979985,13.84738276163094,1032385.561784965
False,False,2025-12-10,360000.0,34.588978999999995,-118.120534,800.0,PLM - Palmdale,True,2.0,0.1926,1952.0,1.0,Palmdale,2.0,False,1.0,One,8389.0,False,0.0,Antelope Valley Union,93550,0.0,8389.0,450.0,2.0,73.0,0,400.0,0.09536297532483014,12.793859310432293,13.049792684569493,12.684644798228792,322753.70826385176
True,False,2025-12-19,379000.0,34.865548,-118.187009,1231.0,ROSA - Rosamond,True,2.0,0.1538,1989.0,2.0,Rosamond,3.0,True,1.0,One,6701.0,False,2.0,Kern Union,93560,0.0,6701.0,307.87977254264825,1.5,36.0,0,410.3333333333333,0.18370392478734518,12.845291484064564,13.005829561148378,12.86581074010167,386857.1336277687
False,False,2025-12-01,3525000.0,33.676840000000006,-117.712343,4400.0,699 - Not Defined,True,2.0,0.1102,2018.0,6.0,Irvine,5.0,True,1.0,ThreeOrMore,4800.0,False,2.0,Irvine Unified,92618,359.0,4800.0,801.1363636363636,0.8333333333333334,7.0,0,880.0,0.9166666666666666,15.075390994228506,14.648419680899378,15.18738685128312,3942741.4991772473
False,False,2025-12-12,865000.0,33.2150066,-117.0398665,2061.0,92082 - Valley Center,True,6.0,0.2315,2022.0,3.0,Valley Center,3.0,False,1.0,One,10083.0,False,3.0,Sacramento City Unified,92082,250.0,10083.0,419.6991751576904,1.0,3.0,0,687.0,0.20440345135376375,13.670484785914017,13.710150042306449,13.820374913582468,1004876.2058026961
False,False,2025-12-15,850000.0,33.00869321,-116.92613013,2552.0,92065 - Ramona,True,8.0,1.03,1978.0,3.0,Ramona,4.0,False,1.0,One,44866.0,False,2.0,Bass Lake Joint Union,92065,0.0,44866.0,333.0721003134796,1.3333333333333333,47.0,0,638.0,0.056880488565951945,13.652991628466498,13.623138665316818,13.830010977470693,1014606.060585064
True,False,2025-12-10,1080000.0,35.500021999999994,-120.675205,2424.0,ATSC - Atascadero,True,3.0,1.0331,1960.0,2.0,Atascadero,4.0,True,1.0,One,45000.0,False,2.0,Atascadero Unified,93422,0.0,45000.0,445.5445544554456,2.0,65.0,0,606.0,0.05386666666666667,13.892471599100402,13.64826835113874,13.89005010676336,1077387.9520793445
False,False,2025-12-24,930000.0,37.36559324,-121.81558612,992.0,699 - Not Defined,True,3.0,0.1162,1951.0,1.0,San Jose,3.0,False,1.0,One,5060.0,False,3.0,Other,95127,699.75,5060.0,937.5,3.0,74.0,0,330.6666666666667,0.19604743083003953,13.742939865129438,13.972514306773938,13.663653261646191,859110.8702782898
False,False,2025-12-05,635000.0,33.993897,-118.288565,1189.0,699 - Not Defined,False,0.0,0.1185,1910.0,2.0,Los Angeles,3.0,False,1.0,One,5162.0,False,0.0,Los Angeles Unified,90037,0.0,5162.0,534.0622371740959,1.5,115.0,0,396.3333333333333,0.2303370786516854,13.36138027787483,13.42984807715229,13.391008876837525,654095.6521386354
True,False,2025-12-02,875000.0,33.798589,-118.146449,1809.0,35 - Artcraft Manor,False,2.0,0.1264,1943.0,2.0,Long Beach,3.0,True,2.0,Two,5506.0,False,2.0,Long Beach Unified,90815,0.0,5506.0,483.69264787175234,1.5,82.0,0,603.0,0.32855067199418814,13.681979165339751,13.937728190688523,13.983545403819027,1182977.831803317
True,False,2025-12-10,1580000.0,37.55485872,-122.03016155,1839.0,661 - Temple City,False,2.0,0.2407,1968.0,3.0,Newark,4.0,True,1.0,One,10486.0,False,0.0,Irvine Unified,94560,0.0,10486.0,859.1625883632408,1.3333333333333333,57.0,0,459.75,0.17537669273316803,14.27293540500315,14.151982794585487,14.15895267101621,1409791.911569625
True,True,2025-12-19,3100000.0,33.758249,-118.32661,4012.0,167 - PV Dr East,True,3.0,0.6846,1953.0,4.0,Rancho Palos Verdes,5.0,True,2.0,Two,29821.0,False,2.0,Palos Verdes Peninsula Unified,90275,367.0,29821.0,772.6819541375872,1.25,72.0,0,802.4,0.1345360651889608,14.946912669455374,14.438232971730155,14.988832863037372,3232714.8824372157
False,False,2025-12-12,1698888.0,37.33255326,-121.91628503,1267.0,699 - Not Defined,False,0.0,0.1274,1905.0,2.0,San Jose,3.0,False,2.0,One,5550.0,False,0.0,San Jose Unified,95126,150.0,5550.0,1340.874506708761,1.5,120.0,0,422.3333333333333,0.2282882882882883,14.3454844773511,14.17318500223609,13.941460445614034,1134225.3281619446
False,False,2025-12-26,2175000.0,37.65259551,-121.78670327,3955.0,C18 - Hancock Park-Wilshire,True,4.0,0.275,2001.0,5.0,Livermore,6.0,True,2.0,Two,11978.0,False,4.0,Livermore Valley,94550,96.0,11978.0,549.936788874842,1.2,24.0,0,659.1666666666666,0.330188679245283,14.592539222504922,14.077490059042251,14.569831121260508,2126166.436972931
False,False,2025-12-12,653900.0,33.739474,-116.263683,1934.0,311 - Indio Central,True,2.0,0.2817,2025.0,2.0,Indio,4.0,False,1.0,One,12271.0,True,2.0,Desert Sands Unified,92201,200.0,12271.0,338.1075491209928,2.0,0.0,0,483.5,0.15760736696275773,13.390709713549366,13.235692062711331,13.317644656367099,607826.4379921805
True,False,2025-12-08,1017500.0,33.907824,-117.779085,1442.0,85 - Yorba Linda,True,2.0,0.1286,1987.0,2.0,Yorba Linda,3.0,True,1.0,One,5600.0,False,2.0,Placentia-Yorba Linda Unified,92886,0.0,5600.0,705.617198335645,1.5,38.0,0,480.6666666666667,0.2575,13.832859196298887,14.20888790014483,14.026126076606092,1234437.6455462116
True,False,2025-12-05,2750000.0,36.96076166,-121.89202944,2000.0,699 - Not Defined,True,3.0,0.135,1965.0,3.0,Aptos,4.0,True,2.0,One,5881.0,False,3.0,Other,95003,720.0,5881.0,1375.0,1.3333333333333333,60.0,0,500.0,0.3400782179901377,14.827111469642754,14.188463383490559,14.21682362698024,1493784.8530570336
True,False,2025-12-23,683000.0,34.074751,-117.73486,1370.0,687 - Pomona,True,2.0,0.1921,1956.0,2.0,Pomona,3.0,True,1.0,One,8367.0,False,2.0,Pomona Unified,91767,0.0,8367.0,498.5401459854015,1.5,69.0,0,456.6666666666667,0.16373849647424404,13.434250138552928,13.422467969854667,13.386296305869712,651020.4317466526
True,False,2025-12-19,790000.0,34.117058,-117.644917,1505.0,690 - Upland,True,2.0,0.1915,1974.0,2.0,Upland,3.0,True,1.0,One,8340.0,False,2.0,Chaffey Joint Union High,91786,0.0,8340.0,524.9169435215947,1.5,51.0,0,501.6666666666667,0.1804556354916067,13.579788224443204,13.554145793829866,13.523714763198711,746921.0455884169
False,False,2025-12-01,1140000.0,33.460699,-117.658308,1485.0,CB - Capistrano Beach,False,2.0,0.1146,1973.0,2.0,Dana Point,3.0,True,1.0,MultiSplit,4992.0,False,2.0,Capistrano Unified,92624,0.0,4992.0,767.6767676767677,1.5,52.0,0,495.0,0.29747596153846156,13.946538820370678,14.346138809026444,14.132385585104569,1372830.9945891406
True,False,2025-12-11,870000.0,32.726279,-117.000878,1887.0,91977 - Spring Valley,True,2.0,0.1743,2002.0,3.0,Spring Valley,4.0,True,1.0,One,7593.0,False,2.0,Grossmont Union,91977,0.0,7593.0,461.0492845786963,1.3333333333333333,23.0,0,471.75,0.24851837218490716,13.676248490630767,13.592367006650065,13.602671020963019,808285.8267786298
True,False,2025-12-12,600000.0,33.925309000000006,-118.272825,1718.0,699 - Not Defined,False,2.0,0.1278,1940.0,2.0,Los Angeles,3.0,False,1.0,One,5565.0,False,2.0,Los Angeles Unified,90061,0.0,5565.0,349.2433061699651,1.5,85.0,0,572.6666666666666,0.3087151841868823,13.304684934198283,13.387030025065194,13.44554031007935,690754.8817503647
True,False,2025-12-05,695000.0,34.273327,-117.175407,2309.0,287A - Arrowhead Woods,True,4.0,0.2916,1987.0,3.0,Lake Arrowhead,4.0,True,2.0,Two,12700.0,False,2.0,Rim of the World,92352,0.0,12700.0,300.9961022087484,1.3333333333333333,38.0,0,577.25,0.18181102362204724,13.45166712454693,13.412043452518782,13.51225393672022,738409.5804694585
True,False,2025-12-16,640000.0,33.580053,-117.229526,2600.0,SRCAR - Southwest Riverside County,True,3.0,0.22,1989.0,3.0,Murrieta,4.0,True,2.0,Two,9583.0,False,3.0,Murrieta,92562,0.0,9583.0,246.15384615384616,1.3333333333333333,36.0,0,650.0,0.27131378482729834,13.369223455335854,13.487006490992238,13.587723956330677,796294.1695805428
False,False,2025-12-04,840000.0,34.1916,-118.49399,1214.0,LKBL - Lake Balboa,False,2.0,0.1378,1950.0,2.0,Lake Balboa,3.0,False,1.0,One,6002.0,False,2.0,Los Angeles Unified,91406,0.0,6002.0,691.9275123558484,1.5,75.0,0,404.6666666666667,0.20226591136287905,13.641157170819497,13.708480036117827,13.635842403724094,835547.4382849702
True,False,2025-12-03,1075000.0,36.66520802,-121.7989571,2012.0,268 - Redlands,True,2.0,0.0922,2022.0,3.0,Marina,3.0,True,2.0,Two,4016.0,False,2.0,Riverside Unified,93933,202.0,4016.0,534.2942345924454,1.0,3.0,0,670.6666666666666,0.500996015936255,13.8878312195439,13.795307850646754,13.80208236868561,986661.5666526115
True,True,2025-12-15,3580000.0,35.299954,-120.68551399999998,7378.0,SLO - San Luis Obispo,True,8.0,1.17,1980.0,7.0,San Luis Obispo,6.0,True,1.0,One,50965.0,False,3.0,San Luis Coastal Unified,93405,0.0,50965.0,485.2263486039577,0.8571428571428571,45.0,0,1229.6666666666667,0.14476601589326007,15.090873358376884,13.928829278248507,15.075257562727819,3524529.6853381703
False,False,2025-12-30,810000.0,34.275966,-119.186108,1244.0,VC28 - Wells Rd. East to City Limit,True,2.0,0.19,1959.0,2.0,Ventura,3.0,True,1.0,One,8276.0,False,2.0,Adelanto,93004,0.0,8276.0,651.1254019292604,1.5,66.0,0,414.6666666666667,0.15031416143064283,13.604789526648622,13.68710868156085,13.619209155231957,821764.5152781836
True,False,2025-12-31,1140000.0,34.153379,-118.235285,1258.0,624 - Glendale-Chevy Chase/E. Glenoaks,True,2.0,0.136,1952.0,2.0,Glendale,2.0,True,1.0,One,5922.0,False,2.0,Glendale Unified,91206,0.0,5922.0,906.2003179650238,1.0,73.0,0,629.0,0.21242823370482944,13.946538820370678,14.269765830241871,14.022073166497865,1229444.7055376514
True,False,2025-12-02,945000.0,33.815126,-118.044911,1330.0,80 - Cypress North of Katella,False,7.0,0.1377,1962.0,2.0,Cypress,3.0,False,1.0,One,6000.0,False,2.0,Anaheim Union High,90630,0.0,6000.0,710.5263157894736,1.5,63.0,0,443.3333333333333,0.22166666666666668,13.758940206475879,13.933293593620657,13.786225687148624,971139.775678188
False,True,2025-12-23,610873.0,33.953184,-116.952497,2186.0,263 - Banning/Beaumont/Cherry Valley,True,2.0,0.1467,2025.0,2.0,Beaumont,3.0,False,1.0,One,6390.0,True,2.0,Beaumont,92223,325.0,6390.0,279.4478499542544,1.5,0.0,0,728.6666666666666,0.3420970266040689,13.322644360574872,13.197470849891134,13.25831359025774,572812.4273911968
False,False,2025-12-30,635000.0,33.996586,-117.512603,1114.0,251 - Jurupa Valley,False,2.0,0.31,1955.0,1.0,Jurupa Valley,4.0,True,1.0,One,13504.0,False,2.0,Jurupa Unified,91752,0.0,13504.0,570.0179533213644,4.0,70.0,0,278.5,0.08249407582938388,13.36138027787483,13.683120718347036,13.544242330105257,762411.9688462047
False,False,2025-12-12,469726.0,33.943821,-116.931558,1787.0,263 - Banning/Beaumont/Cherry Valley,True,2.0,0.0728,2025.0,3.0,Banning,3.0,False,2.0,Two,3173.0,True,2.0,Beaumont,92220,220.0,3173.0,262.8573027420257,1.0,0.0,0,595.6666666666666,0.5631894106523795,13.059904824964669,12.994530005894443,13.015605039492801,449371.41941015166
True,False,2025-12-02,2324800.0,33.02459501,-117.27935374,2085.0,92007 - Cardiff By The Sea,True,6.0,0.1377,1990.0,3.0,Cardiff By The Sea,4.0,True,2.0,Two,5200.0,False,2.0,Fontana Unified,92007,99.0,7453.0,1115.011990407674,1.3333333333333333,35.0,0,521.25,0.2797531195491748,14.659144571798155,14.588392706543074,14.49641590959809,1975665.5948603316
True,False,2025-12-30,1452000.0,37.66514977,-121.9961238,2928.0,92029 - Escondido,True,2.0,0.7,1960.0,4.0,Castro Valley,4.0,True,1.0,One,30492.0,False,2.0,Castro Valley,94552,0.0,30492.0,495.9016393442623,1.0,65.0,0,732.0,0.09602518693427785,14.188452474366878,14.237504968023648,14.52225587470277,2027382.0226623344
True,True,2025-12-22,2700000.0,34.157955,-118.763749,4935.0,AGOA - Agoura,True,3.0,0.306,1986.0,5.0,Agoura Hills,5.0,True,2.0,Two,13330.0,False,3.0,Las Virgenes,91301,255.0,13330.0,547.112462006079,1.0,39.0,0,987.0,0.37021755438859716,14.808762330974558,14.2040248902346,14.770548338755374,2598768.764604631
False,False,2025-12-19,929000.0,34.292755,-118.729933,2436.0,SVC - Central Simi,True,2.0,0.15,1981.0,3.0,Simi Valley,4.0,True,2.0,Two,6534.0,False,2.0,Simi Valley Unified,93063,0.0,6534.0,381.3628899835796,1.3333333333333333,44.0,0,609.0,0.37281910009182734,13.741864017795976,13.637546696375418,13.800688353082156,985287.1032676524
False,False,2025-12-05,575000.0,33.880861,-117.210896,2306.0,259 - Moreno Valley,True,3.0,0.12,1990.0,3.0,Moreno Valley,5.0,True,2.0,Two,5227.0,False,3.0,Moreno Valley Unified,92551,94.0,5227.0,249.34952298352124,1.6666666666666667,35.0,0,461.2,0.44117084369619286,13.262125319779487,13.180632285528304,13.224363473906871,553691.7892966296
True,True,2025-12-16,716000.0,34.08191,-117.683569,1517.0,685 - Montclair,True,4.0,0.1646,1956.0,2.0,Montclair,3.0,True,1.0,One,7171.0,False,2.0,Ontario-Montclair,91763,0.0,7171.0,471.9841793012525,1.5,69.0,0,505.6666666666667,0.2115465067633524,13.481435445942783,13.458835614025542,13.434050249915412,682863.4897044601
True,True,2025-12-23,6250000.0,33.041676,-117.181174,8876.0,92067 - Rancho Santa Fe,True,4.0,3.37,2000.0,7.0,Rancho Santa Fe,5.0,True,1.0,One,3.37,False,4.0,Rancho Santa Fe,92067,15.0,146797.2,704.1460117169896,0.7142857142857143,25.0,0,1775.2,0.060464368530189945,15.648092021712584,15.37889082594447,15.646461093430405,6239815.005991383
False,True,2025-12-17,550000.0,36.17383467,-121.1515528,1868.0,699 - Not Defined,True,2.0,0.14,1991.0,2.0,King City,3.0,True,2.0,One,6098.0,False,2.0,Other,93930,83.0,6098.0,294.4325481798715,1.5,34.0,0,622.6666666666666,0.30632994424401444,13.217673557208654,13.222208712374044,13.180553527976333,529958.260141141
False,True,2025-12-05,740000.0,34.432365999999995,-118.467236,1628.0,CAN1 - Canyon Country 1,True,2.0,0.2866,1968.0,2.0,Canyon Country,4.0,True,1.0,One,12486.0,False,2.0,Brea-Olinda Unified,91351,47.0,12486.0,454.54545454545456,2.0,57.0,0,407.0,0.130386032356239,13.514405465180353,13.527828485512494,13.52266301854369,746135.8883358449
True,False,2025-12-03,675000.0,33.925368,-118.031524,1176.0,670 - Whittier,True,2.0,0.2036,1953.0,2.0,Whittier,3.0,False,1.0,One,8868.0,False,2.0,Whittier Union High,90604,0.0,8868.0,573.9795918367347,1.5,72.0,0,392.0,0.13261163734776726,13.422467969854667,13.636672835828117,13.561735214514538,775866.0858670599
False,False,2025-12-23,789990.0,33.58168,-117.244244,2929.0,SRCAR - Southwest Riverside County,True,6.0,0.1697,2025.0,4.0,Wildomar,5.0,False,2.0,Two,7392.0,True,3.0,Lake Elsinore Unified,92595,190.0,7392.0,269.7132127005804,1.25,0.0,0,585.8,0.3962391774891775,13.57977556613524,13.442996549995796,13.646006291810671,844083.1534842951
False,False,2025-12-12,440000.0,34.701103,-118.0968,1720.0,LAC - Lancaster,True,2.0,0.1646,2005.0,2.0,Lancaster,3.0,False,1.0,One,7169.0,False,2.0,East Side Union,93535,0.0,7169.0,255.8139534883721,1.5,20.0,0,573.3333333333334,0.23992188589761473,12.994530005894443,12.994530005894443,12.955140250708935,423005.41133847245
False,False,2025-12-08,927000.0,36.59576625,-121.878467,1974.0,699 - Not Defined,False,0.0,0.0918,1952.0,2.0,Monterey,4.0,False,1.0,Two,4000.0,False,0.0,Other,93940,245.0,4000.0,469.6048632218845,2.0,73.0,0,493.5,0.4935,13.739708844547993,14.119680947920857,14.085768969300196,1310303.0041381058
True,False,2025-12-23,860000.0,33.973106,-117.560516,2473.0,249 - Eastvale,True,7.0,0.17,1999.0,3.0,Eastvale,4.0,True,2.0,Two,7405.0,False,3.0,Corona-Norco Unified,92880,0.0,7405.0,347.75576223210675,1.3333333333333333,26.0,0,618.25,0.3339635381498987,13.664687668229691,13.764217263576723,13.854750651220412,1040020.155502278
False,False,2025-12-19,355000.0,34.516203000000004,-117.186656,1260.0,APPV - Apple Valley,True,1.0,0.5181,1987.0,2.0,Apple Valley,3.0,True,1.0,One,22568.0,False,1.0,Apple Valley Unified,92307,0.0,22568.0,281.74603174603175,1.5,38.0,0,420.0,0.05583126550868486,12.779873068457553,13.049792684569493,12.885916502367106,394713.90975576476
False,False,2025-12-18,325000.0,33.736174,-116.231578,972.0,699 - Not Defined,True,5.0,0.16,1971.0,1.0,Indio,3.0,False,1.0,One,6970.0,False,1.0,Desert Sands Unified,92201,120.0,6970.0,334.36213991769546,3.0,54.0,0,324.0,0.13945480631276902,12.691580461311874,13.235692062711331,13.01721688067356,450096.318823834
True,False,2025-12-10,385000.0,34.482134,-117.384022,1186.0,VIC - Victorville,True,4.0,0.1143,1993.0,2.0,Victorville,3.0,True,1.0,One,4980.0,False,2.0,Adelanto,92392,0.0,4980.0,324.6205733558179,1.5,32.0,0,395.3333333333333,0.23815261044176708,12.86099861326992,13.01477816672439,12.863659524889147,386025.81516988506
False,False,2025-12-12,575000.0,34.028087,-117.03154,1595.0,269 - Yucaipa/Calimesa/Oak Glen,True,2.0,0.241,1989.0,2.0,Yucaipa,3.0,True,1.0,One,10500.0,False,2.0,Yucaipa/Calimesa Unified,92399,0.0,10500.0,360.5015673981191,1.5,36.0,0,531.6666666666666,0.1519047619047619,13.262125319779487,13.274219822166483,13.23645787817545,560429.0209143641
True,False,2025-12-17,720000.0,34.096602000000004,-117.929108,1101.0,614 - Covina,False,2.0,0.1424,1953.0,1.0,Covina,3.0,False,1.0,One,6204.0,False,2.0,Covina Valley Unified,91722,0.0,6204.0,653.9509536784741,3.0,72.0,0,367.0,0.17746615087040618,13.487006490992238,13.592367006650065,13.481574106411315,716099.2877789554
True,True,2025-12-12,500000.0,36.840522,-119.87576,2014.0,FSNO - Fresno,True,2.0,0.1653,2001.0,2.0,Fresno,4.0,True,1.0,One,7200.0,False,2.0,Central Unified,93722,0.0,7200.0,248.26216484607747,2.0,24.0,0,503.5,0.2797222222222222,13.122363377404328,12.834681304952548,12.916298590751477,406890.17623492336
True,True,2025-12-15,333000.0,34.880226,-117.001641,1200.0,BSTW - Barstow,False,1.0,0.1543,1962.0,2.0,Barstow,3.0,True,1.0,One,6720.0,False,1.0,Barstow Unified,92311,0.0,6720.0,277.5,1.5,63.0,0,400.0,0.17857142857142858,12.71589776896258,12.556723317938081,12.466366877249405,259462.34815590264
False,False,2025-12-02,724000.0,33.549982,-117.128095,2361.0,SRCAR - Southwest Riverside County,True,3.0,0.2,1991.0,3.0,Murrieta,3.0,True,2.0,Two,8712.0,False,3.0,Temecula Unified,92563,0.0,8712.0,306.6497246929267,1.0,34.0,0,787.0,0.27100550964187325,13.492546671367853,13.458835614025542,13.539535887874646,758832.1516681972
True,False,2025-12-10,980000.0,34.094254,-118.321843,1534.0,C20 - Hollywood,True,0.0,0.0218,2015.0,4.0,Los Angeles,3.0,False,1.0,MultiSplit,948.0,False,2.0,Fontana Unified,90038,228.0,948.0,638.8526727509778,0.75,10.0,0,511.3333333333333,1.6181434599156117,13.795307850646754,13.864300722133706,13.6130719582666,816736.6289345322
True,False,2025-12-08,2015000.0,33.491329,-117.71214,2829.0,LNSLT - Salt Creek,True,4.0,0.1237,1981.0,4.0,Laguna Niguel,5.0,True,2.0,Two,5390.0,False,2.0,Capistrano Unified,92677,164.0,5390.0,712.265818310357,1.25,44.0,0,565.8,0.524860853432282,14.51612975336292,14.349075668699754,14.536356969372841,2056172.84246977
False,False,2025-12-10,1528000.0,34.128163,-118.349347,1536.0,C03 - Sunset Strip - Hollywood Hills West,True,3.0,0.1601,1951.0,2.0,Los Angeles,2.0,True,1.0,One,6973.0,False,2.0,Riverside Unified,90068,392.0,6973.0,994.7916666666666,1.0,74.0,0,768.0,0.22027821597590708,14.239470248708603,14.457364444136669,14.203027690912633,1473318.1956873415
True,False,2025-12-18,1060000.0,35.049378000000004,-120.529761,2585.0,NPMO - Nipomo,True,3.0,0.4149,1999.0,3.0,Nipomo,3.0,True,1.0,One,18075.0,False,3.0,Lucia Mar Unified,93444,145.0,18075.0,410.05802707930366,1.0,26.0,0,861.6666666666666,0.14301521438450898,13.87377946608825,13.855084652589102,14.089167290090229,1314763.408728525
True,False,2025-12-01,397000.0,34.598509,-117.823699,1134.0,PLM - Palmdale,True,2.0,0.6781,1986.0,2.0,Lake Los Angeles,3.0,True,1.0,One,29538.0,False,2.0,Antelope Valley Union,93591,0.0,29538.0,350.0881834215168,1.5,39.0,0,378.0,0.038391224862888484,12.891691559669328,12.911642346088676,12.778863147781811,354641.6591384914
True,False,2025-12-24,530000.0,33.965812,-118.236543,1350.0,C37 - Metropolitan South,True,0.0,0.0964,1926.0,2.0,Los Angeles,4.0,False,1.0,One,4200.0,False,0.0,Los Angeles Unified,90001,0.0,4200.0,392.5925925925926,2.0,99.0,0,337.5,0.32142857142857145,13.180632285528304,13.262125319779487,13.277641694235008,583991.4925979584
True,False,2025-12-24,825000.0,33.169006,-117.202293,2273.0,92084 - Vista,True,2.0,1.04,1979.0,2.0,Vista,4.0,True,1.0,One,45302.0,False,2.0,Palm Springs Unified,92084,0.0,45302.0,362.9564452265728,2.0,46.0,0,568.25,0.050174385236854885,13.623138665316818,13.773646353865574,13.920282054051052,1110456.8376299161
True,True,2025-12-09,700000.0,33.613224,-117.096615,2334.0,SRCAR - Southwest Riverside County,True,3.0,0.18,2004.0,3.0,Winchester,4.0,True,2.0,Two,7840.0,False,3.0,Temecula Unified,92596,50.0,7840.0,299.91431019708654,1.3333333333333333,21.0,0,583.5,0.29770408163265305,13.458835614025542,13.337474757021274,13.365144665935855,637394.8912406585
True,False,2025-12-16,455000.0,34.515865000000005,-117.345383,2334.0,VIC - Victorville,True,2.0,0.1655,2005.0,3.0,Victorville,4.0,True,1.0,One,7208.0,False,2.0,Victor Valley Unified,92394,0.0,7208.0,194.94430162810625,1.3333333333333333,20.0,0,583.5,0.3238068812430633,13.028052697933088,12.948009990259552,13.0633258803269,471335.7105355566
True,False,2025-12-17,876500.0,33.373023,-117.215175,2250.0,92028 - Fallbrook,True,3.0,1.17,1987.0,4.0,Fallbrook,4.0,True,1.0,One,50965.0,False,3.0,Fallbrook Union,92028,0.0,50965.0,389.55555555555554,1.0,38.0,0,562.5,0.04414794466790935,13.683691983343426,13.681979165339751,13.94361913968581,1136676.4182789263
True,False,2025-12-18,1500000.0,37.84309408,-121.96076152,1664.0,610 - Burbank,True,2.0,0.941,1963.0,2.0,Diablo,4.0,True,1.0,One,40990.0,False,2.0,Red Bluff Joint Union,94528,210.0,40990.0,901.4423076923076,2.0,62.0,0,416.0,0.040595267138326424,14.22097566607244,14.626193799613961,14.569415967977687,2125283.935196227
False,False,2025-12-30,505000.0,34.458724,-117.273176,2105.0,HSP - Hesperia,True,3.0,0.4477,2017.0,2.0,Hesperia,4.0,True,1.0,One,19500.0,False,3.0,Hesperia Unified,92345,0.0,19500.0,239.90498812351544,2.0,8.0,0,526.25,0.10794871794871795,13.132313708257497,13.064514272196533,13.187907030799494,533869.6733718986
True,False,2025-12-19,725000.0,37.91549516,-121.61885585,2609.0,GRVC - Grover Beach,True,2.0,0.1745,2003.0,3.0,Discovery Bay,3.0,True,1.0,One,7600.0,False,2.0,Desert Sands Unified,94505,255.0,7600.0,277.88424683786894,1.0,22.0,0,869.6666666666666,0.34328947368421053,13.493926933836812,13.589232200143268,13.659955267434546,855939.7502583754
True,False,2025-12-05,570000.0,33.734618,-117.172882,1855.0,SRCAR - Southwest Riverside County,True,4.0,0.2,2022.0,2.0,Menifee,3.0,False,1.0,One,8712.0,False,2.0,Perris Union High,92585,62.0,8712.0,307.27762803234504,1.5,3.0,0,618.3333333333334,0.2129247015610652,13.253391639810733,13.304684934198283,13.31944726445155,608923.0989712649
True,False,2025-12-15,1460000.0,34.192116,-119.243808,1980.0,VC32 - Oxnard - Port Hueneme Beaches,True,2.0,0.09,1973.0,3.0,Oxnard,3.0,True,2.0,Two,3920.0,False,2.0,Oxnard Union,93035,0.0,3920.0,737.3737373737374,1.0,52.0,0,660.0,0.5051020408163265,14.19394699368452,14.077874822431765,14.025985870821538,1234264.582380147
True,True,2025-12-19,600000.0,33.665185,-117.293264,1780.0,SRCAR - Southwest Riverside County,False,2.0,0.14,1999.0,2.0,Lake Elsinore,4.0,True,1.0,One,6098.0,False,2.0,Lake Elsinore Unified,92532,0.0,6098.0,337.07865168539325,2.0,26.0,0,445.0,0.29189898327320435,13.304684934198283,13.353475098367715,13.295953637272106,594784.0260896218
True,False,2025-12-23,1175000.0,34.254497,-117.202872,4115.0,287A - Arrowhead Woods,True,4.0,0.4949,2009.0,3.0,Lake Arrowhead,3.0,True,1.0,ThreeOrMore,21560.0,False,2.0,Rim of the World,92352,0.0,21560.0,285.5407047387606,1.0,16.0,0,1371.6666666666667,0.1908627087198516,13.976778705560397,13.412043452518782,13.931749528103994,1123264.2666815876
False,False,2025-12-19,620000.0,36.865552,-119.698363,2985.0,699 - Not Defined,True,2.0,0.0918,2022.0,3.0,Clovis,5.0,False,2.0,Two,4000.0,False,2.0,Clovis Unified,93619,0.0,4000.0,207.70519262981577,1.6666666666666667,3.0,0,597.0,0.74625,13.337474757021274,13.392361377937213,13.498680865949412,728454.8062322683
True,False,2025-12-01,580000.0,33.667195,-117.224954,2249.0,SRCAR - Southwest Riverside County,True,4.0,0.12,2015.0,3.0,Lake Elsinore,4.0,False,2.0,Two,5227.0,False,2.0,Lake Elsinore Unified,92532,135.0,5227.0,257.8923966207203,1.3333333333333333,10.0,0,562.25,0.43026592691792614,13.270783382522602,13.353475098367715,13.351448790141832,628724.718310933
True,False,2025-12-08,1150000.0,33.720147,-117.822426,1648.0,71 - Tustin,True,4.0,0.1529,1969.0,2.0,Tustin,3.0,True,1.0,One,6660.0,False,2.0,Tustin Unified,92780,55.0,6660.0,697.8155339805825,1.5,56.0,0,549.3333333333334,0.24744744744744746,13.955272500339433,14.077874822431765,13.978345160789736,1176842.027244418
True,True,2025-12-16,840000.0,33.971726000000004,-117.896579,1836.0,652 - Rowland Heights,True,0.0,0.1787,1961.0,3.0,Rowland Heights,5.0,False,1.0,One,7782.0,False,0.0,Rowland Unified,91748,65.0,7782.0,457.516339869281,1.6666666666666667,64.0,0,367.2,0.235929067077872,13.641157170819497,13.9016461684345,13.846337716275842,1031307.235596978
False,False,2025-12-01,664000.0,33.469025,-117.12088500000002,1542.0,SRCAR - Southwest Riverside County,True,2.0,0.17,1986.0,2.0,Temecula,4.0,True,1.0,One,7405.0,False,2.0,Temecula Unified,92592,42.0,7405.0,430.609597924773,2.0,39.0,0,385.5,0.20823767724510467,13.406037428458571,13.580420735596498,13.488976377539206,721419.716194638
False,False,2025-12-02,880000.0,33.163462,-117.179501,1762.0,92069 - San Marcos,True,2.0,0.12,2001.0,3.0,San Marcos,3.0,True,2.0,Two,0.12,False,2.0,San Marcos Unified,92069,0.0,5227.2,499.43246311010216,1.0,24.0,0,587.3333333333334,0.3370829507193144,13.687677186454389,13.859515996625632,13.718062914946932,907149.8359406882
True,False,2025-12-18,845000.0,33.871148,-117.349415,2244.0,252 - Riverside,True,13.0,1.0,2018.0,3.0,Riverside,4.0,True,1.0,One,1.0,False,3.0,Riverside Unified,92508,0.0,43560.0,376.5597147950089,1.3333333333333333,7.0,0,561.0,0.051515151515151514,13.64709190633931,13.56126305375042,13.746065848867769,932911.7134901071
True,True,2025-12-17,5500000.0,33.607056,-117.869348,2976.0,CS - Corona Del Mar - Spyglass,True,2.0,0.3271,1960.0,5.0,Corona Del Mar,4.0,False,1.0,One,14250.0,False,2.0,Newport Mesa Unified,92625,0.0,14250.0,1848.1182795698924,0.8,65.0,0,744.0,0.20884210526315788,15.520258650202699,15.317162327489429,15.556763553047661,5704486.6402426455
True,False,2025-12-29,750000.0,34.155559999999994,-117.437755,2821.0,264 - Fontana,True,2.0,0.1363,2020.0,3.0,Fontana,4.0,False,2.0,Two,5939.0,False,2.0,Fontana Unified,92336,96.0,5939.0,265.86316908897555,1.3333333333333333,5.0,0,705.25,0.4749957905371275,13.527828485512494,13.487006490992238,13.55050161288995,767199.0872923043
True,True,2025-12-15,1010000.0,33.788788000000004,-118.017532,1119.0,46 - Eastgate,True,7.0,0.1423,1960.0,2.0,Garden Grove,4.0,True,1.0,One,6200.0,False,2.0,Garden Grove Unified,92845,0.0,6200.0,902.591599642538,2.0,65.0,0,279.75,0.18048387096774193,13.825460888817442,13.955272500339433,13.733650674265457,921401.0529594786
True,False,2025-12-22,775000.0,34.433386,-118.529473,1376.0,BOUQ - Bouquet Canyon,True,2.0,0.222,1963.0,2.0,Saugus,4.0,False,1.0,One,9670.0,False,2.0,William S. Hart Union,91350,0.0,9670.0,563.2267441860465,2.0,62.0,0,344.0,0.1422957600827301,13.560618308335483,13.652991628466498,13.605991716031767,810974.3589649991
True,False,2025-12-09,755000.0,34.074713,-117.716505,1644.0,687 - Pomona,True,4.0,0.165,1954.0,2.0,Pomona,6.0,False,1.0,One,7189.0,False,1.0,Pomona Unified,91767,0.0,7189.0,459.2457420924574,3.0,71.0,0,274.0,0.22868270969536791,13.534473028231162,13.422467969854667,13.372842862185284,642320.6174796743
False,False,2025-12-24,289997.0,40.178227,-122.217055,1121.0,PL01 - Tehama County,True,2.0,0.14,1998.0,2.0,Red Bluff,3.0,False,1.0,One,6098.0,False,2.0,Gilroy Unified,96080,1826.0,6098.0,258.6949152542373,1.5,27.0,0,373.6666666666667,0.18383076418497868,12.577625857081562,12.730801174465157,12.620052899352903,302565.4508068639
True,True,2025-12-19,1900000.0,34.133939,-118.183539,3980.0,647 - Pasadena (SW),True,2.0,0.1486,1981.0,3.0,Pasadena,4.0,True,1.0,ThreeOrMore,6473.0,False,2.0,Murrieta,91105,359.0,6473.0,477.38693467336685,1.3333333333333333,44.0,0,995.0,0.6148617333539317,14.457364444136669,14.739643644497264,14.917994292241476,3011636.8480048236
True,False,2025-12-26,970000.0,33.884533000000005,-118.283627,2446.0,120 - South Gardena,True,1.0,0.1701,1950.0,4.0,Gardena,6.0,False,1.0,One,7410.0,False,1.0,Los Angeles Unified,90248,0.0,7410.0,396.5658217497956,1.5,75.0,0,407.6666666666667,0.3300944669365722,13.785051350479566,13.635187003832993,13.883494915731875,1070348.5657068146
False,False,2025-12-03,1410000.0,33.09840643,-117.18309424,2559.0,92078 - San Marcos,True,4.0,0.12,2004.0,4.0,San Marcos,4.0,True,2.0,Two,6553.0,False,2.0,Conejo Valley Unified,92078,90.0,5000.0,550.9964830011724,1.0,21.0,0,639.75,0.5118,14.15910026235435,14.075178214680975,14.153043831634902,1401486.2402077087
False,False,2025-12-09,605000.0,34.078431,-117.727727,1280.0,687 - Pomona,True,2.0,0.1678,1962.0,2.0,Pomona,3.0,False,1.0,One,7311.0,False,2.0,Pomona Unified,91767,0.0,7311.0,472.65625,1.5,63.0,0,426.6666666666667,0.17507864861168101,13.312983737012978,13.422467969854667,13.357650798229422,632636.1910536966
True,False,2025-12-16,1990000.0,33.998339,-118.434153,2300.0,WLA - West Los Angeles,True,2.0,0.0285,2025.0,3.0,Mar Vista,4.0,True,2.0,ThreeOrMore,1243.0,True,2.0,Los Angeles Unified,90066,0.0,1243.0,865.2173913043479,1.3333333333333333,0.0,0,575.0,1.8503620273531778,14.503645196700676,14.628660530918916,14.542345159989564,2068522.536649449
True,False,2025-12-11,510000.0,34.116727000000004,-117.165296,1215.0,276 - Highland,True,2.0,0.2204,1989.0,2.0,Highland,3.0,True,1.0,One,9600.0,False,2.0,Redlands Unified,92346,164.0,9600.0,419.75308641975306,1.5,36.0,0,405.0,0.1265625,13.142166004700508,13.28681753563043,13.15664532115917,517438.17126072466
True,False,2025-12-11,430000.0,34.680926,-118.178912,2099.0,LAC - Lancaster,True,2.0,0.1948,1971.0,2.0,Lancaster,4.0,True,1.0,One,8485.0,False,2.0,Antelope Valley Union,93536,0.0,8485.0,204.85945688423053,2.0,54.0,0,524.75,0.24737772539776076,12.971540487669746,13.224918336616522,13.265383013284168,576876.2281940926
True,False,2025-12-08,1720000.0,34.007094,-118.409592,1918.0,C28 - Culver City,False,2.0,0.1262,1950.0,2.0,Culver City,3.0,True,1.0,One,5499.0,False,2.0,Fullerton Joint Union High,90232,0.0,5499.0,896.7674661105318,1.5,75.0,0,639.3333333333334,0.34879068921622114,14.357834848789636,14.558220461336216,14.530026733918453,2043197.8948063932
True,False,2025-12-26,520000.0,33.936826,-117.024348,1564.0,263 - Banning/Beaumont/Cherry Valley,True,2.0,0.25,2021.0,2.0,Beaumont,3.0,False,1.0,One,10890.0,False,2.0,Beaumont,92223,182.0,10890.0,332.48081841432224,1.5,4.0,0,521.3333333333334,0.14361799816345272,13.16158409055761,13.197470849891134,13.156716582895662,517475.04611720354
True,False,2025-12-15,899000.0,34.079279,-117.896536,1940.0,614 - Covina,True,2.0,0.1671,1953.0,2.0,Covina,3.0,True,1.0,One,7281.0,False,2.0,Covina Valley Unified,91723,0.0,7281.0,463.4020618556701,1.5,72.0,0,646.6666666666666,0.2664469166323307,13.709038313453757,13.635187003832993,13.72167867906222,910435.8128433537
True,False,2025-12-17,1665000.0,33.928084000000005,-118.42198799999998,1548.0,141 - El Segundo,True,1.0,0.1486,1924.0,2.0,El Segundo,4.0,True,2.0,Two,6473.0,False,1.0,El Segundo Unified,90245,217.0,6473.0,1075.5813953488373,2.0,101.0,0,387.0,0.239147226942685,14.325335681396682,14.498607402670718,14.377876828460398,1754819.970064378
False,False,2025-12-19,929250.0,33.799315,-118.198391,1214.0,5 - Wrigley Area,False,6.0,0.1565,1939.0,2.0,Long Beach,3.0,True,1.0,One,6816.0,False,2.0,Long Beach Unified,90806,0.0,6816.0,765.4448105436574,1.5,86.0,0,404.6666666666667,0.17811032863849766,13.742133088159498,13.579788224443204,13.56380777131773,777475.7799166642
True,False,2025-12-04,667000.0,34.728763,-118.289326,2069.0,LAC - Lancaster,True,3.0,1.95,2007.0,3.0,Lancaster,4.0,True,1.0,One,1.95,False,3.0,Los Angeles Unified,93536,0.0,84942.0,322.3779603673272,1.3333333333333333,18.0,0,517.25,0.024357797085069813,13.410545324897761,13.224918336616522,13.363652409084462,636444.4436794785
False,False,2025-12-12,790000.0,34.26834,-118.40133,1540.0,PAC - Pacoima,True,2.0,0.1841,1957.0,3.0,Pacoima,4.0,True,1.0,One,8018.0,False,2.0,Los Angeles Unified,91331,0.0,8018.0,512.987012987013,1.3333333333333333,68.0,0,385.0,0.19206784734347718,13.579788224443204,13.541073712262515,13.560931568144802,775242.8143822296
True,False,2025-12-10,591610.0,33.679359000000005,-117.151287,2857.0,SRCAR - Southwest Riverside County,True,4.0,0.14,2007.0,3.0,Menifee,4.0,True,2.0,"Two,ThreeOrMore",6098.0,False,2.0,Perris Union High,92584,257.99,6098.0,207.07385369268465,1.3333333333333333,18.0,0,714.25,0.468514266972778,13.290602912988971,13.353475098367715,13.372218537160979,641919.7258009302
False,True,2025-12-05,571000.0,33.734664,-116.170175,2490.0,309 - Indio North of East Valley,True,4.0,0.16,2018.0,3.0,Indio,3.0,False,1.0,One,6970.0,False,2.0,Capistrano Unified,92203,300.0,6970.0,229.3172690763052,1.0,7.0,0,830.0,0.35724533715925394,13.255144488638146,13.255142955086335,13.400203461568275,660137.5237192083
True,False,2025-12-17,2100000.0,33.534069,-117.727193,3400.0,LNSMT - Summit,True,3.0,0.1492,1988.0,3.0,Laguna Niguel,4.0,True,2.0,Two,6500.0,False,3.0,Capistrano Unified,92677,175.0,6500.0,617.6470588235294,1.3333333333333333,37.0,0,850.0,0.5230769230769231,14.557447902693651,14.349075668699754,14.59988037646734,2191025.761687863
True,False,2025-12-12,2495000.0,33.890187,-118.393031,1738.0,146 - Manhattan Bch Heights/Lib Vlg,True,4.0,0.1213,1947.0,2.0,Manhattan Beach,3.0,True,2.0,Two,5286.0,False,2.0,Manhattan Unified,90266,0.0,5286.0,1435.5581127733026,1.5,78.0,0,579.3333333333334,0.32879303821415057,14.729799287167756,15.040754419423045,14.87346695221481,2880478.4080264354
True,False,2025-12-18,900000.0,33.90153,-117.883851,1990.0,83 - Fullerton,True,2.0,0.045,1974.0,3.0,Fullerton,4.0,True,2.0,Two,1960.0,False,2.0,Fullerton Joint Union High,92835,462.0,1960.0,452.2613065326633,1.3333333333333333,51.0,0,497.5,1.0153061224489797,13.710150042306449,14.145874202616191,14.004861569278306,1208465.06295447
True,False,2025-12-24,850000.0,33.804659,-118.290655,2082.0,124 - Harbor City,True,3.0,0.1277,1968.0,3.0,Harbor City,4.0,True,2.0,Two,5563.0,False,3.0,Los Angeles Unified,90710,85.0,5563.0,408.2612872238233,1.3333333333333333,57.0,0,520.5,0.3742584936185511,13.652991628466498,13.664687668229691,13.802460216399773,987034.4449113855
False,False,2025-12-05,550000.0,38.01197352,-121.90638654,1349.0,689 - San Dimas,True,2.0,0.1446,1975.0,2.0,Pittsburg,3.0,True,1.0,One,6300.0,False,2.0,Banning Unified,94565,572.0,6300.0,407.70941438102295,1.5,50.0,0,449.6666666666667,0.21412698412698414,13.217673557208654,13.270783382522602,13.185449495844873,532559.280815638
True,False,2025-12-11,1215000.0,34.301672,-118.699526,3205.0,SVE - East Simi,True,2.0,0.24,2004.0,4.0,Simi Valley,4.0,True,2.0,Two,10454.0,False,2.0,Los Angeles Unified,93063,249.0,10454.0,379.09516380655225,1.0,21.0,0,801.25,0.3065812129328487,14.010254634756786,13.637546696375418,13.99514021802486,1196774.0678061324
True,False,2025-12-12,388000.0,34.867574,-118.16993,1300.0,ROSA - Rosamond,True,2.0,0.1417,1959.0,2.0,Rosamond,4.0,False,1.0,One,6171.0,False,2.0,Kern Union,93560,0.0,6171.0,298.46153846153845,2.0,66.0,0,325.0,0.2106627775076973,12.86876061860541,13.005829561148378,12.870641909134061,388730.6277711797
True,False,2025-12-19,1280000.0,35.134229,-120.562099,2216.0,AG-East of Hwy 101,True,3.0,0.49,2001.0,3.0,Arroyo Grande,3.0,True,2.0,Two,21344.0,False,3.0,Lucia Mar Unified,93420,75.0,21344.0,577.6173285198556,1.0,24.0,0,738.6666666666666,0.10382308845577211,14.0623706358958,13.953093847654955,14.00095131320547,1203748.8818503818
False,False,2025-12-23,2100000.0,37.36850804,-122.0080465,1555.0,699 - Not Defined,True,2.0,0.1366,1970.0,2.0,Sunnyvale,3.0,True,1.0,One,5952.0,False,2.0,Other,94086,0.0,5952.0,1350.4823151125402,1.5,55.0,0,518.3333333333334,0.2612567204301075,14.557447902693651,14.669925886120343,14.455301152949028,1896083.7882753843
True,False,2025-12-26,620000.0,33.889204,-118.210272,1208.0,699 - Not Defined,False,1.0,0.154,1950.0,1.0,Compton,2.0,True,1.0,One,6709.0,False,1.0,Compton Unified,90221,0.0,6709.0,513.2450331125827,2.0,75.0,0,604.0,0.18005664033387986,13.337474757021274,13.353475098367715,13.196105973253866,538264.8333125584
False,False,2025-12-16,434000.0,34.714804,-118.163077,1880.0,LAC - Lancaster,True,2.0,0.13,2000.0,2.0,Lancaster,3.0,True,1.0,One,5661.0,False,2.0,Antelope Valley Union,93534,0.0,5661.0,230.8510638297872,1.5,25.0,0,626.6666666666666,0.332096802685038,12.980799813082541,12.971540487669746,12.984132531431595,435448.8126647669
True,False,2025-12-05,2395000.0,33.672106,-117.623025,2938.0,MN - Mission Viejo North,True,2.0,0.1475,2016.0,3.0,Mission Viejo,4.0,True,2.0,Two,6423.0,False,2.0,Saddleback Valley Unified,92692,330.0,6423.0,815.1803948264126,1.3333333333333333,9.0,0,734.5,0.4574186517203799,14.688893788827153,14.006130917572923,14.27345777651482,1580825.5625948557
False,False,2025-12-02,750000.0,33.859478,-118.269058,1479.0,137 - North Carson,True,1.0,0.1208,1953.0,2.0,Carson,4.0,False,1.0,One,5264.0,False,1.0,Los Angeles Unified,90746,0.0,5264.0,507.0993914807302,2.0,72.0,0,369.75,0.2809650455927052,13.527828485512494,13.681979165339751,13.661109494387386,856928.2693660844
True,False,2025-12-01,755000.0,33.881605,-117.329593,3144.0,252 - Riverside,True,2.0,0.22,2001.0,3.0,Riverside,5.0,True,2.0,Two,9583.0,False,2.0,Riverside Unified,92508,62.0,9583.0,240.1399491094148,1.6666666666666667,24.0,0,628.8,0.3280809767296254,13.534473028231162,13.56126305375042,13.719605890542844,908550.6264142245
True,False,2025-12-19,725000.0,37.81176023,-122.1962125,1324.0,LEL - Lake Elizabeth,True,2.0,0.107,1949.0,2.0,Oakland,2.0,True,2.0,Two,4662.0,False,2.0,Garden Grove Unified,94602,0.0,4662.0,547.583081570997,1.0,76.0,0,662.0,0.283998283998284,13.493926933836812,13.92839261528267,13.861999971759971,1047586.9890399422
False,False,2025-12-04,610000.0,33.915134,-117.503581,1643.0,252 - Riverside,True,2.0,0.18,2007.0,2.0,Riverside,2.0,False,1.0,One,7841.0,False,2.0,Riverside Unified,92505,0.0,7841.0,371.2720632988436,1.0,18.0,0,821.5,0.2095395995408749,13.321214236149494,13.38779984090879,13.189811449218315,534887.3533477857
False,False,2025-12-10,815000.0,34.112267,-117.869283,1314.0,629 - Glendora,True,2.0,0.1784,1961.0,2.0,Glendora,3.0,False,1.0,One,7770.0,False,2.0,Charter Oak Unified,91740,0.0,7770.0,620.2435312024353,1.5,64.0,0,438.0,0.1691119691119691,13.610943392223,13.635169075296139,13.521149387170329,745007.3679438649
False,False,2025-12-05,1325000.0,33.19337367,-117.19042246,3039.0,92084 - Vista,True,13.0,0.13,1988.0,3.0,Vista,4.0,True,2.0,Two,3500.0,False,3.0,Atwater,92084,400.0,20230.0,435.9986837775584,1.3333333333333333,37.0,0,759.75,0.15022244191794365,14.09692301740246,13.773646353865574,14.074081889548014,1295078.5265605098
True,False,2025-12-05,2100000.0,34.044154,-118.385113,2354.0,C09 - Beverlywood Vicinity,False,2.0,0.1831,1941.0,3.0,Los Angeles,4.0,True,2.0,Two,7975.0,False,2.0,Riverside Unified,90034,0.0,7975.0,892.0985556499576,1.3333333333333333,84.0,0,588.5,0.29517241379310344,14.557447902693651,14.291744736960645,14.525598279118679,2034169.6905340194
True,False,2025-12-05,585000.0,33.599743,-117.164826,1950.0,SRCAR - Southwest Riverside County,True,2.0,0.08,2005.0,3.0,Murrieta,3.0,True,2.0,Two,3485.0,False,2.0,Perris Union High,92563,182.0,3485.0,300.0,1.0,20.0,0,650.0,0.5595408895265424,13.279367126213993,13.458835614025542,13.369439283144034,640138.1447044332
True,False,2025-12-01,389000.0,34.238676,-116.810444,1356.0,BBC - Big Bear City,True,4.0,0.1033,1992.0,2.0,Big Bear City,3.0,True,2.0,Two,4500.0,False,0.0,Bear Valley Unified,92314,0.0,4500.0,286.8731563421829,1.5,33.0,0,452.0,0.30133333333333334,12.871334622600584,12.965709567358951,12.885121410440226,394400.2006430085
True,False,2025-12-17,613000.0,35.325579,-120.833953,796.0,OSOS - Los Osos,False,2.0,0.1435,1951.0,1.0,Los Osos,2.0,True,1.0,One,6250.0,False,2.0,Coast Unified,93402,0.0,6250.0,770.1005025125628,2.0,74.0,0,398.0,0.12736,13.32612021491835,13.687677186454389,13.408754037227608,665806.2805906294
True,False,2025-12-09,980000.0,32.758807,-117.125267,1203.0,92116 - Normal Heights,False,6.0,0.0904,1937.0,2.0,San Diego,3.0,True,1.0,One,3936.0,False,2.0,San Diego Unified,92116,0.0,3936.0,814.6300914380715,1.5,88.0,0,401.0,0.30564024390243905,13.795307850646754,14.115615150414612,13.923664887639923,1114219.6892813519
True,False,2025-12-19,983000.0,33.786157,-117.803391,1047.0,"75 - Orange, Orange Park Acres E of 55",False,2.0,0.2164,1913.0,2.0,Orange,3.0,True,1.0,One,9425.0,False,2.0,Orange Unified,92869,0.0,9425.0,938.872970391595,1.5,112.0,0,349.0,0.11108753315649868,13.798364399129303,14.115985383678474,13.878345501634252,1064851.0643166269
True,False,2025-12-01,650000.0,33.979671999999994,-118.233006,2554.0,"T5 - WalnutPk, HuntPk, Bell N of Florence, and Cud",True,2.0,0.0883,1931.0,2.0,Huntington Park,5.0,True,1.0,One,3848.0,False,2.0,Los Angeles Unified,90255,0.0,3848.0,254.50274079874703,2.5,94.0,0,510.8,0.6637214137214137,13.38472764187182,13.465953081794405,13.571290037445744,783314.8782123197
True,False,2025-12-12,420000.0,34.067425,-117.312964,611.0,273 - Colton,True,0.0,0.1837,1934.0,1.0,Colton,2.0,False,1.0,One,8000.0,False,0.0,Colton Unified,92324,0.0,8000.0,687.3977086743045,2.0,91.0,0,305.5,0.076375,12.948009990259552,13.142166004700508,12.79906224486379,361877.9375519192
True,False,2025-12-22,1402000.0,33.643091,-117.709279,2620.0,LS - Lake Forest South,True,2.0,0.1469,1979.0,3.0,Lake Forest,4.0,True,2.0,Two,6400.0,False,2.0,Saddleback Valley Unified,92630,92.0,6400.0,535.1145038167939,1.3333333333333333,46.0,0,655.0,0.409375,14.153410346576672,14.077874822431765,14.250300252837281,1544638.1794621346
False,False,2025-12-03,555000.0,37.53386502,-120.86189715,2043.0,92084 - Vista,True,4.0,0.1928,1999.0,2.0,Turlock,4.0,True,1.0,One,8400.0,False,4.0,Capistrano Unified,95382,223.0,8400.0,271.65932452276064,2.0,26.0,0,510.75,0.24321428571428572,13.226723392728571,13.254816968582134,13.285649815610151,588686.9431283665
False,False,2025-12-10,836000.0,36.52533503,-121.44783,2227.0,699 - Not Defined,True,3.0,0.1894,2003.0,3.0,Gonzales,5.0,True,1.0,One,8249.0,False,3.0,Other,93926,0.0,8249.0,375.39290525370455,1.6666666666666667,22.0,0,445.4,0.26997211783246455,13.636383892066839,13.404366445522687,13.444653907315766,690142.8660005204
False,False,2025-12-16,1325000.0,34.042845,-118.350829,1628.0,699 - Not Defined,False,2.0,0.1267,1924.0,2.0,Los Angeles,3.0,True,1.0,One,5517.0,False,2.0,Los Angeles Unified,90019,0.0,5517.0,813.8820638820639,1.5,101.0,0,542.6666666666666,0.2950879100960667,14.09692301740246,14.151982794585487,14.155971903642893,1405595.9066005885
False,False,2025-12-12,2035000.0,33.667679,-117.654983,3481.0,699 - Not Defined,True,2.0,0.1001,2017.0,5.0,Lake Forest,5.0,False,2.0,Two,4361.0,False,2.0,Saddleback Valley Unified,92630,237.0,4361.0,584.6021258259121,1.0,8.0,0,696.2,0.7982114193992204,14.526006376858833,14.077874822431765,14.595621933087227,2181715.2407704378
True,False,2025-12-08,659000.0,33.93771,-117.032315,3013.0,263 - Banning/Beaumont/Cherry Valley,True,3.0,0.26,2019.0,3.0,Beaumont,5.0,True,2.0,Two,11326.0,False,3.0,Beaumont,92223,184.0,11326.0,218.71888483239297,1.6666666666666667,6.0,0,602.6,0.2660250750485608,13.398478813484644,13.197470849891134,13.41618072862104,670769.4254247552
False,False,2025-12-16,665990.0,34.559647,-117.236545,2549.0,APPV - Apple Valley,True,3.0,24038.0,2025.0,3.0,Apple Valley,4.0,False,1.0,One,24038.0,True,3.0,Apple Valley Unified,92307,150.0,1047095280.0,261.27500980776773,1.3333333333333333,0.0,0,637.25,2.4343534429837176e-06,13.409029934394784,13.049792684569493,13.469352741534548,707400.8388219986
False,False,2025-12-04,835000.0,33.865853,-118.32788700000002,1334.0,132 - N Torrance - West,True,1.0,0.1137,1952.0,1.0,Torrance,2.0,True,1.0,One,4951.0,False,1.0,Torrance Unified,90504,0.0,4951.0,625.9370314842579,2.0,73.0,0,667.0,0.26944051706725913,13.635187003832993,13.822979494146377,13.70068429118323,891521.0172692144
False,False,2025-12-19,770000.0,34.001926,-118.118119,1510.0,674 - Montebello,False,2.0,0.115,1950.0,3.0,Montebello,4.0,False,1.0,One,5011.0,False,2.0,Montebello Unified,90640,0.0,5011.0,509.9337748344371,1.3333333333333333,75.0,0,377.5,0.301337058471363,13.554145793829866,13.66988634579858,13.735349055538254,922967.272895385
True,False,2025-12-04,910000.0,34.12636,-118.222006,1852.0,618 - Eagle Rock,True,22.0,0.2747,1942.0,3.0,Los Angeles,4.0,True,2.0,Two,11966.0,False,2.0,Los Angeles Unified,90041,0.0,11966.0,491.3606911447084,1.3333333333333333,83.0,0,463.0,0.15477185358515794,13.721199878493033,14.115615150414612,14.254418464395952,1551012.442539924
True,False,2025-12-24,3325000.0,34.064446000000004,-118.425144,2933.0,C05 - Westwood - Century City,True,2.0,0.2653,1936.0,4.0,Los Angeles,4.0,True,1.0,One,11555.0,False,2.0,Riverside Unified,90024,0.0,11555.0,1133.6515513126492,1.0,89.0,0,733.25,0.25382951103418433,15.016980232072092,14.982491872307424,15.175207463959833,3895012.5679110154
False,False,2025-12-12,912500.0,32.75928122,-117.0289192,1680.0,91941 - La Mesa,True,4.0,0.2113,2002.0,2.0,La Mesa,3.0,True,1.0,One,9206.0,False,2.0,Desert Sands Unified,91941,0.0,9206.0,543.1547619047619,1.5,23.0,0,560.0,0.18248968064305887,13.723943364438783,13.903955641362648,13.722511739497424,911194.5769021033
False,False,2025-12-19,784019.0,34.643001,-118.250865,2929.0,PLM - Palmdale,True,2.0,0.3322,2025.0,4.0,Palmdale,5.0,False,2.0,Two,14470.0,True,2.0,Antelope Valley Union,93551,0.0,14470.0,267.67463298053946,1.25,0.0,0,585.8,0.202418797512094,13.572188533732767,13.345506928718539,13.689113864756651,881265.1855206668
False,False,2025-12-19,793008.0,34.643043,-118.25075,2488.0,PLM - Palmdale,True,3.0,0.318,2025.0,3.0,Palmdale,4.0,False,1.0,One,13854.0,True,3.0,Antelope Valley Union,93551,0.0,13854.0,318.7331189710611,1.3333333333333333,0.0,0,622.0,0.17958712285260575,13.583588588838483,13.345506928718539,13.482984776734662,717110.1806434381
False,False,2025-12-24,3300000.0,34.073382,-118.350168,4421.0,C19 - Beverly Center-Miracle Mile,True,3.0,0.2113,1928.0,5.0,Los Angeles,5.0,True,2.0,Two,9204.0,False,3.0,Lucia Mar Unified,90036,0.0,9204.0,746.4374575887808,1.0,97.0,0,884.2,0.48033463711429814,15.009433026436708,14.676279640441766,15.053892258233573,3450025.7689260407
False,False,2025-12-04,1555555.0,34.078171000000005,-118.38663,826.0,C10 - West Hollywood Vicinity,True,2.0,0.092,1924.0,1.0,West Hollywood,1.0,True,1.0,One,4008.0,False,4.0,Orange Unified,90048,0.0,4008.0,1883.2384987893463,1.0,101.0,0,826.0,0.2060878243512974,14.257342953100393,14.718711430946737,13.623659805975466,825430.0530927274
True,True,2025-12-31,2590000.0,33.782086,-118.085724,3446.0,51 - Rossmoor,False,5.0,0.1806,1959.0,4.0,Rossmoor,4.0,True,2.0,Two,7865.0,False,2.0,Los Alamitos Unified,90720,0.0,7865.0,751.5960533952409,1.0,66.0,0,861.5,0.4381436745073109,14.767168433675721,14.283636643008586,14.693302100054439,2405581.2108891634
True,True,2025-12-22,2070000.0,34.170464,-118.42938,2575.0,SO - Sherman Oaks,True,2.0,0.1546,1950.0,5.0,Sherman Oaks,4.0,False,1.0,One,6735.0,False,2.0,Los Angeles Unified,91401,0.0,6735.0,803.8834951456311,0.8,75.0,0,643.75,0.3823311061618411,14.543059165241552,14.070122729163781,14.392449221296864,1780579.1264604325
True,False,2025-12-04,695000.0,33.836309,-117.519032,2052.0,699 - Not Defined,True,2.0,0.2,1987.0,2.0,Corona,3.0,True,1.0,One,8712.0,False,2.0,Corona-Norco Unified,92881,0.0,8712.0,338.69395711500977,1.5,38.0,0,684.0,0.23553719008264462,13.45166712454693,13.6909268947726,13.749112717042937,935758.5072004326
True,False,2025-12-05,820000.0,33.776432,-117.503624,2665.0,248 - Corona,True,8.0,0.21,2002.0,3.0,Corona,5.0,True,2.0,Two,9148.0,False,3.0,Paso Robles Joint Unified,92883,85.0,9148.0,307.6923076923077,1.6666666666666667,23.0,0,533.0,0.2913205072146917,13.617059619240436,13.547957803444275,13.677480463733986,871072.4770956218
True,False,2025-12-08,890000.0,33.621192,-117.633151,1472.0,MC - Mission Viejo Central,True,2.0,0.0798,1984.0,2.0,Mission Viejo,3.0,True,1.0,One,3478.0,False,2.0,Capistrano Unified,92692,584.0,3478.0,604.6195652173913,1.5,41.0,0,490.6666666666667,0.42323174238067857,13.698976741708323,14.006130917572923,13.806408931342292,990939.6678044851
False,False,2025-12-23,875000.0,34.218059999999994,-118.999625,2077.0,VC41 - Camarillo Central,True,2.0,0.14,1977.0,3.0,Camarillo,3.0,True,1.0,One,6098.0,False,2.0,Los Angeles Unified,93012,0.0,6098.0,421.28069330765527,1.0,48.0,0,692.3333333333334,0.3406034765496884,13.681979165339751,13.710150042306449,13.773499551554856,958859.2269171801
True,False,2025-12-05,835000.0,34.5135,-118.241807,2542.0,ACTO - Acton,True,3.0,4.79,1980.0,3.0,Acton,4.0,True,1.0,One,4.79,False,3.0,Acton-Agua Dulce Unified,93510,0.0,208652.4,328.48151062155785,1.3333333333333333,45.0,0,635.5,0.012182941581309394,13.635187003832993,13.616449491037821,13.864227637047716,1049923.2634638923
False,False,2025-12-05,1520000.0,37.70747406,-121.88138425,2191.0,NBPK - Newbury Park,True,2.0,0.0918,1997.0,3.0,Dublin,4.0,True,2.0,Two,4000.0,False,2.0,Dublin,94568,205.0,4000.0,693.7471474212688,1.3333333333333333,28.0,0,547.75,0.54775,14.234220892822458,14.288629462085328,14.254871008163937,1551714.5023992874
True,False,2025-12-05,690000.0,33.676352,-117.396667,2065.0,SRCAR - Southwest Riverside County,True,2.0,0.82,1983.0,2.0,Lake Elsinore,4.0,True,1.0,One,35719.0,False,2.0,Lake Elsinore Unified,92530,0.0,35719.0,334.14043583535107,2.0,42.0,0,516.25,0.057812368767322715,13.444446876573442,13.270783382522602,13.446632512754785,691509.7382333783
False,False,2025-12-05,315000.0,35.390932,-118.973909,1186.0,BKSF - Bakersfield,True,0.0,0.19,1955.0,1.0,Bakersfield,4.0,True,1.0,One,8276.0,False,0.0,Other,93305,0.0,8276.0,265.59865092748737,4.0,70.0,0,296.5,0.14330594490091833,12.66032791780777,12.524526376648708,12.37392930389111,236553.4117454695
True,True,2025-12-08,2130000.0,34.282181,-119.169983,3849.0,VC28 - Wells Rd. East to City Limit,False,7.0,0.8,1919.0,4.0,Ventura,4.0,True,2.0,ThreeOrMore,34848.0,False,7.0,Capistrano Unified,93004,0.0,34848.0,553.3904910366329,1.0,106.0,0,962.25,0.11045110192837465,14.571632537685607,13.68710868156085,14.435698136101742,1859276.768811873
True,False,2025-12-15,765000.0,35.430612,-120.881922,1060.0,CAYU - Cayucos,True,0.0,0.0643,1957.0,2.0,Cayucos,2.0,True,2.0,MultiSplit,2800.0,False,0.0,San Luis Coastal Unified,93430,0.0,2800.0,721.6981132075472,1.0,68.0,0,530.0,0.37857142857142856,13.547631112808673,14.218748490897749,13.90563645226465,1094312.0426824999
False,False,2025-12-18,2850000.0,33.97892,-118.46536299999998,2826.0,C11 - Venice,True,6.0,0.0708,1971.0,4.0,Venice,4.0,True,2.0,Two,3082.0,False,2.0,Other,90292,0.0,3082.0,1008.4925690021232,1.0,54.0,0,706.5,0.9169370538611291,14.862829552244833,14.871563232213587,14.96180131302606,3146500.0977835753
True,False,2025-12-22,360000.0,35.348816,-119.07121399999998,2185.0,BKSF - Bakersfield,True,2.0,0.2071,1963.0,2.0,Bakersfield,3.0,True,1.0,One,9020.0,False,2.0,Bakersfield City,93309,550.0,9020.0,164.75972540045765,1.5,62.0,0,728.3333333333334,0.24223946784922396,12.793859310432293,12.80765263256463,12.876534409113553,391027.98492853646
True,False,2025-12-23,550000.0,34.108327,-117.4251,1329.0,264 - Fontana,True,0.0,0.1985,1957.0,2.0,Fontana,3.0,False,1.0,One,8645.0,False,0.0,Fontana Unified,92336,0.0,8645.0,413.8449962377728,1.5,68.0,0,443.0,0.15373048004626952,13.217673557208654,13.487006490992238,13.410968024475668,667282.0002149512
True,False,2025-12-04,950000.0,33.939585,-117.668843,2261.0,682 - Chino Hills,True,3.0,0.1165,1999.0,3.0,Chino Hills,4.0,True,2.0,Two,5075.0,False,3.0,Chino Valley Unified,91709,0.0,5075.0,420.16806722689074,1.3333333333333333,26.0,0,565.25,0.44551724137931037,13.764217263576723,13.901688254205327,13.930358498032474,1121702.8585429792
False,False,2025-12-18,644000.0,33.718003,-118.29023,817.0,181 - Point Fermin,False,1.0,0.0574,1936.0,1.0,San Pedro,2.0,False,1.0,One,2500.0,False,1.0,Los Angeles Unified,90731,0.0,2500.0,788.249694002448,2.0,89.0,0,408.5,0.3268,13.37545400508649,13.693342923990066,13.397960292759603,658658.3834174906
False,False,2025-12-16,1500000.0,34.14097,-117.324689,7500.0,274 - San Bernardino,False,0.0,0.3444,1955.0,12.0,San Bernardino,12.0,False,1.0,One,15000.0,False,0.0,San Bernardino City Unified,92407,47.0,15000.0,200.0,1.0,70.0,0,625.0,0.5,14.22097566607244,13.304684934198283,13.976204364808709,1174325.3433767087
False,False,2025-12-17,500000.0,33.743496,-116.279103,1768.0,"312 - Bermuda Dunes, Myoma",False,14.0,0.3,1980.0,4.0,Bermuda Dunes,4.0,False,1.0,One,13068.0,False,4.0,Desert Sands Unified,92203,10.0,13068.0,282.80542986425337,1.0,45.0,0,442.0,0.13529231711049894,13.122363377404328,13.255142955086335,13.35325410227031,629860.7878418725
True,False,2025-12-08,589000.0,37.95067686,-120.62210734,1981.0,699 - Not Defined,False,4.0,4.0,2006.0,3.0,Copperopolis,3.0,True,1.0,One,174240.0,False,2.0,Other,95228,281.0,174240.0,297.3245835436648,1.0,19.0,0,660.3333333333334,0.011369375573921028,13.286181462633724,13.212204081404119,13.357301681720038,632415.3658640689
False,False,2025-12-26,605000.0,33.940476000000004,-118.288403,864.0,C36 - Metropolitan Southwest,True,2.0,0.1103,1925.0,1.0,Los Angeles,2.0,True,1.0,One,4803.0,False,2.0,Sweetwater Union,90044,0.0,4803.0,700.2314814814815,2.0,100.0,0,432.0,0.17988757026858213,13.312983737012978,13.38472764187182,13.174240285322398,526623.0441400158
True,False,2025-12-22,1155000.0,35.307541,-120.804387,2681.0,OSOS - Los Osos,True,6.0,3.1,1979.0,3.0,Los Osos,3.0,True,2.0,Two,135036.0,False,2.0,San Luis Coastal Unified,93402,0.0,135036.0,430.8093994778068,1.0,46.0,0,893.6666666666666,0.019853964868627626,13.959610901938031,13.687677186454389,13.937486240320831,1129726.62915693
True,False,2025-12-03,2250000.0,34.442395,-119.720874,1909.0,VC81 - Santa Barbara,True,2.0,0.14,1948.0,3.0,Santa Barbara,3.0,True,2.0,Two,6098.0,False,2.0,Hesperia Unified,93105,0.0,6098.0,1178.627553693033,1.0,77.0,0,636.3333333333334,0.31305346015086916,14.626440774180603,14.572249318608367,14.574832171163333,2136826.1340474333
True,False,2025-12-11,1200000.0,34.12571,-117.722565,2614.0,683 - Claremont,True,3.0,0.2318,1967.0,3.0,Claremont,4.0,True,1.0,One,10099.0,False,3.0,Claremont Unified,91711,0.0,10099.0,459.0665646518745,1.3333333333333333,58.0,0,653.5,0.25883750866422417,13.997832114758229,13.9108207377686,14.05228390699004,1267153.8835633416
True,False,2025-12-29,1655000.0,33.656793,-117.951475,2114.0,14 - South Huntington Beach,True,2.0,0.1377,1968.0,3.0,Huntington Beach,4.0,True,2.0,Two,6000.0,False,2.0,Huntington Beach Union High,92646,0.0,6000.0,782.876064333018,1.3333333333333333,57.0,0,528.5,0.35233333333333333,14.319311566793301,14.19394699368452,14.235314858404793,1521663.737555035
True,False,2025-12-01,2383000.0,34.161667,-118.21152,3281.0,624 - Glendale-Chevy Chase/E. Glenoaks,True,2.0,1.5186,1926.0,3.0,Glendale,5.0,True,2.0,MultiSplit,66150.0,False,1.0,Moreno Valley Unified,91206,235.0,66150.0,726.302956415727,1.6666666666666667,99.0,0,656.2,0.04959939531368103,14.683870756080879,14.269765830241871,14.704601665018238,2432917.3846362056
True,False,2025-12-04,765000.0,33.881913,-118.23774,1430.0,"RP - Compton S of Rosecrans, E of Central,W of Ala",True,2.0,0.1406,1948.0,2.0,Compton,3.0,False,1.0,One,6126.0,False,2.0,Compton Unified,90220,0.0,6126.0,534.965034965035,1.5,77.0,0,476.6666666666667,0.23343127652628143,13.547631112808673,13.386264921190707,13.383889786226966,649455.6219178159
True,False,2025-12-03,410000.0,36.130816,-120.348082,1798.0,259 - Moreno Valley,True,2.0,0.1515,2020.0,2.0,Coalinga,3.0,False,1.0,One,6600.0,False,2.0,Coalinga-Huron Joint Unified,93210,0.0,6600.0,228.03114571746383,1.5,5.0,0,599.3333333333334,0.2724242424242424,12.92391243868049,12.509874099861838,12.810256192740448,365951.53761939827
False,False,2025-12-03,638000.0,34.255234,-118.604327,814.0,CHT - Chatsworth,True,1.0,0.1929,1950.0,1.0,Chatsworth,2.0,False,1.0,One,8401.0,False,1.0,Tracy Joint Unified,91311,0.0,8401.0,783.7837837837837,2.0,75.0,0,407.0,0.0968932269967861,13.366093562326927,13.944283046980045,13.546904854627805,764444.6141927904
True,False,2025-12-23,665000.0,34.125655,-117.90037,924.0,607 - Azusa,True,3.0,0.1216,1949.0,1.0,Azusa,3.0,False,1.0,One,5296.0,False,1.0,Azusa Unified,91702,0.0,5296.0,719.6969696969697,3.0,76.0,0,308.0,0.17447129909365558,13.407542319637992,13.534473028231162,13.404304212386624,662850.1412928745
True,True,2025-12-01,1200000.0,34.137457,-118.230924,1629.0,628 - Glendale-South of 134 Fwy,True,1.0,0.1514,1936.0,2.0,Glendale,3.0,True,2.0,Two,6594.0,False,1.0,Other,91205,0.0,6594.0,736.6482504604052,1.5,89.0,0,543.0,0.2470427661510464,13.997832114758229,13.970189530029096,14.005433322033305,1209156.2037455316
False,False,2025-12-04,680000.0,34.119710999999995,-117.892132,947.0,607 - Azusa,False,2.0,0.1385,1955.0,2.0,Azusa,3.0,False,1.0,One,6031.0,False,2.0,Azusa Unified,91702,0.0,6031.0,718.0570221752904,1.5,70.0,0,315.6666666666667,0.1570220527275742,13.42984807715229,13.534473028231162,13.435950930426975,684162.6292649169
False,False,2025-12-08,1708000.0,37.47510801,-122.19418035,1170.0,699 - Not Defined,False,4.0,0.1309,1950.0,2.0,Menlo Park,2.0,True,2.0,One,5700.0,False,2.0,Other,94025,62.0,5700.0,1459.8290598290598,1.0,75.0,0,585.0,0.20526315789473684,14.350833653330652,14.871563232213587,14.665926836489456,2340620.9994112295
True,False,2025-12-09,460000.0,33.817959,-118.287885,675.0,123 - County Strip,True,0.0,0.1169999999999999,1953.0,1.0,Torrance,2.0,False,1.0,One,5097.0,False,0.0,Los Angeles Unified,90502,0.0,5097.0,681.4814814814815,2.0,72.0,0,337.5,0.13243084167157151,13.038981768465277,13.68426227135432,13.331315950984957,616193.2747314636
False,False,2025-12-23,535000.0,37.75459631,-122.17013523,1232.0,268 - Redlands,True,2.0,0.1079,1923.0,1.0,Oakland,3.0,True,2.0,MultiSplit,4700.0,False,2.0,Apple Valley Unified,94621,0.0,4700.0,434.25324675324674,3.0,102.0,0,410.6666666666667,0.2621276595744681,13.190022025878143,13.142166004700508,13.041776091676256,461287.18624669814
True,False,2025-12-27,2110000.0,33.755081,-118.408541,2065.0,170 - West Palos Verdes,True,2.0,0.3522,1962.0,3.0,Rancho Palos Verdes,4.0,True,1.0,One,15340.0,False,2.0,Palos Verdes Peninsula Unified,90275,0.0,15340.0,1021.7917675544794,1.3333333333333333,63.0,0,516.25,0.1346153846153846,14.56219850545225,14.438232971730155,14.410612045712357,1813214.9547251756
False,False,2025-12-19,667126.0,33.971109000000006,-117.464503,1816.0,251 - Jurupa Valley,True,2.0,0.0938,2025.0,3.0,Jurupa Valley,4.0,False,2.0,Two,4087.0,True,2.0,Jurupa Unified,92509,158.0,4087.0,367.3601321585903,1.3333333333333333,0.0,0,454.0,0.4443356985563983,13.41073421260458,13.422467969854667,13.387156963497745,651580.9786321161
True,True,2025-12-03,490000.0,38.6405545,-121.51894825,1698.0,699 - Not Defined,True,0.0,0.045,2009.0,3.0,Sacramento,3.0,False,1.0,One,1960.0,False,2.0,Other,95834,72.0,1960.0,288.57479387514724,1.0,16.0,0,566.0,0.8663265306122448,13.102160670086809,13.180632285528304,13.05767597426581,468680.2167569195
True,False,2025-12-05,905000.0,33.964859999999994,-117.631285,3329.0,681 - Chino,True,2.0,0.1148,2005.0,3.0,Chino,5.0,True,2.0,Two,5000.0,False,2.0,Chino Valley Unified,91708,62.0,5000.0,271.8534094322619,1.6666666666666667,20.0,0,665.8,0.6658,13.715690222682063,13.618800958084467,13.736800760534496,924308.1221200938
False,False,2025-12-26,859000.0,34.238548,-118.453349,1950.0,PC - Panorama City,True,2.0,0.0533,2024.0,3.0,Panorama City,4.0,True,2.0,Two,2320.0,True,2.0,Los Angeles Unified,91402,268.0,2320.0,440.5128205128205,1.3333333333333333,1.0,0,487.5,0.8405172413793104,13.663524200966393,13.554145793829866,13.514880210046595,740351.3946058122
True,False,2025-12-29,635000.0,33.60563,-117.263079,2219.0,SRCAR - Southwest Riverside County,True,2.0,0.17,1987.0,3.0,Wildomar,4.0,True,2.0,Two,7405.0,False,2.0,Lake Elsinore Unified,92595,0.0,7405.0,286.16493916178456,1.3333333333333333,38.0,0,554.75,0.29966239027684,13.36138027787483,13.442996549995796,13.457684682058014,699194.8110704524
False,False,2025-12-22,940000.0,33.987316,-118.065331,1599.0,670 - Whittier,False,2.0,0.2877,1942.0,2.0,Whittier,3.0,True,1.0,One,12533.0,False,2.0,Whittier Union High,90606,0.0,12533.0,587.8674171357098,1.5,83.0,0,533.0,0.12758318040373415,13.753635154246187,13.595482281525381,13.63398367230817,833995.8224771799
True,False,2025-12-16,770000.0,33.335386,-117.185819,2024.0,92028 - Fallbrook,True,4.0,0.2378,1972.0,2.0,Fallbrook,2.0,True,1.0,One,10357.0,False,2.0,Bonsall Unified,92028,0.0,10357.0,380.4347826086956,1.0,53.0,0,1012.0,0.19542338515014,13.554145793829866,13.681979165339751,13.721699699343588,910454.9506614476
False,True,2025-12-31,450000.0,34.338618,-119.091991,1248.0,SPL - Santa Paula,True,1.0,0.0895,1984.0,2.0,Santa Paula,2.0,False,1.0,One,3900.0,False,1.0,San Luis Coastal Unified,93060,235.0,3900.0,360.5769230769231,1.0,41.0,0,624.0,0.32,13.017002861746503,13.54098713967118,13.201708110742684,541288.7291457986
True,False,2025-12-10,350000.0,37.78986181,-122.2301707,2576.0,WEH - West Hills,True,2.0,0.1435,1900.0,3.0,Oakland,7.0,True,1.0,MultiSplit,6250.0,False,2.0,William S. Hart Union,94606,0.0,6250.0,135.8695652173913,2.333333333333333,125.0,0,368.0,0.41216,12.765688433465597,13.542413674162383,13.720082428309007,908983.6882771531
True,False,2025-12-12,525000.0,34.05247,-117.635226,696.0,686 - Ontario,True,1.0,0.1492,1955.0,1.0,Ontario,2.0,False,1.0,One,6500.0,False,1.0,Ontario-Montclair,91761,0.0,6500.0,754.3103448275862,2.0,70.0,0,348.0,0.10707692307692308,13.17115354157376,13.532323657186438,13.199713134354054,540209.9473416246
True,False,2025-12-19,590000.0,34.065684000000005,-117.744703,1046.0,687 - Pomona,False,1.0,0.1357,1898.0,2.0,Pomona,2.0,False,1.0,One,5911.0,False,1.0,Pomona Unified,91767,0.0,5911.0,564.0535372848948,1.0,127.0,0,523.0,0.17695821350025376,13.287877815881902,13.422467969854667,13.24361984989818,564457.2053679189
True,False,2025-12-22,1097000.0,32.8222041,-116.99758135,2387.0,92020 - El Cajon,True,5.0,0.2207,1975.0,2.0,El Cajon,4.0,True,1.0,One,9612.0,False,3.0,Hemet Unified,92020,350.0,9612.0,459.572685379137,2.0,50.0,0,596.75,0.24833541406575113,13.908089739257367,13.7694117933985,13.905144038640282,1093773.3211711643
True,False,2025-12-19,265000.0,39.760485,-121.6275,785.0,92071 - Santee,True,4.0,0.27,2025.0,1.0,Paradise,2.0,False,1.0,One,11761.0,True,0.0,Paradise Unified,95969,0.0,11761.0,337.5796178343949,2.0,0.0,0,392.5,0.06674602499787433,12.487485104968359,12.89921982609012,12.623689467456781,303667.7537596881
True,False,2025-12-29,375000.0,38.837379,-122.530991,960.0,LCLL - Lower Lake,False,1.0,7.51,2003.0,1.0,Lower Lake,1.0,True,1.0,One,7.51,False,1.0,Konocti Unified,95457,0.0,327135.6,390.625,1.0,22.0,0,960.0,0.0029345629151948,12.834681304952548,12.706847933442663,12.751330389809054,345010.58952198265
True,False,2025-12-09,2790000.0,33.983949,-117.821767,4809.0,616 - Diamond Bar,True,4.0,1.2157,1978.0,5.0,Diamond Bar,5.0,True,2.0,Two,52956.0,False,4.0,Walnut Valley Unified,91765,294.0,52956.0,580.1621958827199,1.0,47.0,0,961.8,0.09081123951960118,14.841552153797549,13.957010120237973,14.723569861279131,2479505.8922109744
False,True,2025-12-12,1740000.0,34.167137,-118.646254,3146.0,WHLL - Woodland Hills,True,3.0,0.2585,1970.0,4.0,Woodland Hills,4.0,True,2.0,Two,11262.0,False,2.0,Victor Valley Unified,91367,115.0,11262.0,553.0832803560077,1.0,55.0,0,786.5,0.2793464748712485,14.369395671190711,14.130321297804308,14.40383519905606,1800968.6176646585
True,False,2025-12-16,1801800.0,34.006658,-118.467606,1352.0,C14 - Santa Monica,True,2.0,0.1275,1956.0,2.0,Santa Monica,2.0,True,1.0,One,5554.0,False,2.0,Santa Monica-Malibu Unified,90405,0.0,5554.0,1332.6923076923076,1.0,69.0,0,676.0,0.24342815988476774,14.404296723199476,14.73180128983843,14.398903377972992,1792108.429057357
False,False,2025-12-17,560000.0,34.684787,-118.2233,2679.0,LAC - Lancaster,True,2.0,0.1517,2020.0,3.0,Lancaster,5.0,False,2.0,Two,6608.0,False,2.0,Lancaster,93536,0.0,6608.0,209.0332213512505,1.6666666666666667,5.0,0,535.8,0.4054176755447942,13.235692062711331,13.224918336616522,13.339501482910798,621257.8442737199
True,False,2025-12-19,1150000.0,34.193469,-118.328341,1506.0,610 - Burbank,False,2.0,0.1384,1937.0,2.0,Burbank,3.0,True,1.0,One,6029.0,False,2.0,Burbank Unified,91504,0.0,6029.0,763.6122177954848,1.5,88.0,0,502.0,0.24979266876762315,13.955272500339433,14.151982794585487,14.10306718593226,1333166.0845120458
False,False,2025-12-10,367000.0,39.729117,-121.86431,1209.0,321 - Rancho Mirage,False,4.0,0.13,1985.0,2.0,Chico,2.0,False,1.0,One,5663.0,False,2.0,Chico Unified,95926,244.0,5663.0,303.55665839536806,1.0,40.0,0,604.5,0.2134910824651245,12.813117127036707,13.060487973686241,12.836292907931703,375604.83836592914
True,False,2025-12-16,1260000.0,34.025337,-117.876375,2364.0,668 - Walnut,True,3.0,0.2357,1983.0,3.0,Walnut,5.0,True,2.0,Two,10268.0,False,3.0,Rowland Unified,91789,0.0,10268.0,532.994923857868,1.6666666666666667,42.0,0,472.8,0.23022984028048304,14.04662227892766,13.963930563082547,14.040369330423971,1252145.8662233278
False,False,2025-12-16,925000.0,33.79457,-117.960434,1479.0,"62 - Garden Grove N of Chapman, W of Euclid",True,2.0,0.1928,1954.0,2.0,Garden Grove,3.0,True,1.0,One,8400.0,False,2.0,Garden Grove Unified,92841,0.0,8400.0,625.4225828262339,1.5,71.0,0,493.0,0.17607142857142857,13.737549016494562,13.866678844538674,13.806121048556342,990654.4343910746
False,False,2025-12-10,670264.0,33.725565,-117.180332,2760.0,SRCAR - Southwest Riverside County,True,2.0,0.1868,2025.0,4.0,Menifee,4.0,False,1.0,One,8138.0,True,2.0,Perris Union High,92586,94.0,8138.0,242.84927536231885,1.0,0.0,0,690.0,0.3391496682231506,13.41542694360852,12.89921982609012,13.295007129470822,594221.32471148
True,False,2025-12-19,307500.0,34.738715,-117.347222,1360.0,HNDL - Helendale,True,2.0,0.1791,1987.0,2.0,Helendale,3.0,True,1.0,One,7800.0,False,2.0,Other,92342,224.0,7800.0,226.10294117647052,1.5,38.0,0,453.3333333333333,0.17435897435897435,12.636230366228709,12.86099861326992,12.767903653992727,350776.18657930876
True,True,2025-12-11,325000.0,34.535206,-117.308485,1684.0,VIC - Victorville,True,2.0,0.2238,1962.0,2.0,Victorville,4.0,True,1.0,One,9750.0,False,2.0,Victor Valley Union High,92395,0.0,9750.0,192.99287410926365,2.0,63.0,0,421.0,0.1727179487179487,12.691580461311874,12.947950462906661,12.92088215132196,408759.4627244983
True,False,2025-12-19,712500.0,34.126617,-117.44373600000002,2443.0,264 - Fontana,True,2.0,0.1681,2005.0,3.0,Fontana,4.0,True,2.0,Two,7323.0,False,2.0,Fontana Unified,92336,0.0,7323.0,291.6496111338518,1.3333333333333333,20.0,0,610.75,0.33360644544585555,13.476535191124942,13.487006490992238,13.487991720378163,720709.7147163547
True,False,2025-12-29,735000.0,33.555454,-117.22523,2450.0,SRCAR - Southwest Riverside County,True,6.0,0.18,1998.0,3.0,Murrieta,4.0,True,1.0,One,7841.0,False,3.0,Murrieta,92562,0.0,7841.0,300.0,1.3333333333333333,27.0,0,612.5,0.3124601453896187,13.507625778194974,13.487006490992238,13.548493846797518,765660.2762819076
True,False,2025-12-22,1200000.0,32.78187703,-117.05671436,2200.0,92120 - Del Cerro,True,4.0,0.2697,1961.0,2.0,San Diego,4.0,False,2.0,Two,13045.0,False,2.0,Ontario-Montclair,92120,130.8,5000.0,545.4545454545455,2.0,64.0,0,550.0,0.44,13.997832114758229,13.996998434009651,14.087304677447865,1312316.7930377098
True,False,2025-12-01,700000.0,35.140859000000006,-120.637231,707.2,PSMO - Pismo Beach,True,0.0,0.0832,1930.0,1.0,Pismo Beach,1.0,False,1.0,One,3625.0,False,0.0,Lucia Mar Unified,93449,0.0,3625.0,989.8190045248869,1.0,95.0,0,707.2,0.1950896551724138,13.458835614025542,14.164329100880673,13.539049653484168,758463.271067941
True,False,2025-12-04,795000.0,32.953412,-117.017689,962.0,92064 - Poway,True,4.0,0.1951,1961.0,1.0,Poway,3.0,False,1.0,One,8500.0,False,2.0,Poway Unified,92064,0.0,8500.0,826.4033264033264,3.0,64.0,0,320.6666666666667,0.1131764705882353,13.58609739363647,14.042638194103073,13.668602830873239,863373.6397381877
True,False,2025-12-17,1150000.0,34.100873,-118.619552,1700.0,TOP - Topanga,True,3.0,0.8901,1920.0,3.0,Topanga,3.0,True,1.0,One,38773.0,False,3.0,Los Angeles Unified,90290,0.0,38773.0,676.4705882352941,1.0,105.0,0,566.6666666666666,0.043844943646351844,13.955272500339433,14.266581106099132,14.275205142109254,1583590.257556714
True,False,2025-12-12,1700000.0,37.53430869,-121.95046875,2034.0,"75 - Orange, Orange Park Acres E of 55",True,2.0,0.0516,2015.0,3.0,Fremont,4.0,False,2.0,Two,2247.0,False,2.0,Fremont Unified,94539,438.0,2247.0,835.7915437561455,1.3333333333333333,10.0,0,508.5,0.9052069425901201,14.346138809026444,14.71159858252091,14.415539329592196,1822171.2264688516
False,False,2025-12-15,750000.0,33.743933,-118.285081,1173.0,189 - Barton Hill,True,0.0,0.1149,1914.0,2.0,San Pedro,2.0,False,1.0,One,5003.0,False,0.0,Los Angeles Unified,90731,0.0,5003.0,639.386189258312,1.0,111.0,0,586.5,0.23445932440535677,13.527828485512494,13.693342923990066,13.58941552060311,797642.2922447596
True,False,2025-12-04,5700000.0,33.548914,-117.759871,5500.0,LV - Laguna Village,True,3.0,3.182,2002.0,6.0,Laguna Beach,5.0,True,2.0,Two,138608.0,False,3.0,Laguna Beach Unified,92651,0.0,138608.0,1036.3636363636365,0.8333333333333334,23.0,0,1100.0,0.03968024933625765,15.555976732804778,14.914122846632385,15.470978705133575,5235530.3472653935
True,False,2025-12-15,4700000.0,33.595281,-117.862564,2800.0,CS - Corona Del Mar - Spyglass,True,2.0,0.1639,1952.0,3.0,Corona Del Mar,3.0,True,2.0,Two,7139.0,False,2.0,Newport Mesa Unified,92625,385.0,7139.0,1678.571428571429,1.0,73.0,0,933.3333333333334,0.39221179436895925,15.363073066680286,15.317162327489429,15.298625654794742,4406651.468430208
True,True,2025-12-04,3440000.0,34.152028,-118.393505,3920.0,STUD - Studio City,True,2.0,0.1544,2025.0,6.0,Studio City,5.0,True,2.0,Two,6726.0,True,2.0,Los Angeles Unified,91607,0.0,6726.0,877.5510204081633,0.8333333333333334,0.0,0,784.0,0.5828129646149272,15.050982029349582,14.132142793443558,14.619918486833352,2235372.6073520356
True,False,2025-12-05,5850000.0,33.519717,-117.712256,4550.0,LNSLT - Salt Creek,True,6.0,0.3309,2025.0,6.0,Laguna Niguel,5.0,True,2.0,Two,14415.0,True,3.0,Capistrano Unified,92677,0.0,14415.0,1285.7142857142858,0.8333333333333334,0.0,0,910.0,0.3156434269857787,15.58195221920804,14.349075668699754,15.268294040759843,4274997.351240083
True,False,2025-12-03,2125000.0,33.549484,-117.800394,1334.0,NL - North Laguna,False,2.0,0.1033,1929.0,2.0,Laguna Beach,3.0,True,2.0,Two,4500.0,False,2.0,Laguna Beach Unified,92651,0.0,4500.0,1592.9535232383807,1.5,96.0,0,444.6666666666667,0.29644444444444445,14.569282360340654,14.914122846632385,14.708480467469872,2442372.515991243
True,False,2025-12-12,699900.0,33.84998,-117.554746,1496.0,248 - Corona,True,4.0,0.09,1995.0,3.0,Corona,3.0,True,2.0,Two,3920.0,False,2.0,Corona-Norco Unified,92881,80.0,3920.0,467.8475935828877,1.0,30.0,0,498.6666666666667,0.3816326530612245,13.458692746677631,13.6909268947726,13.540933484934934,759893.4347028973
False,True,2025-12-09,640000.0,33.903465000000004,-117.48066,1595.0,252 - Riverside,True,4.0,0.17,1978.0,2.0,Riverside,3.0,True,1.0,One,7405.0,False,2.0,Riverside Unified,92505,0.0,7405.0,401.2539184952978,1.5,47.0,0,531.6666666666666,0.21539500337609724,13.369223455335854,13.38779984090879,13.343791025529018,623928.480081681
True,False,2025-12-09,1200000.0,35.075944,-120.57874,2348.0,AG Mesa,True,3.0,0.46,1998.0,2.0,Arroyo Grande,3.0,True,1.0,One,20037.0,False,3.0,Lucia Mar Unified,93420,0.0,20037.0,511.0732538330494,1.5,27.0,0,782.6666666666666,0.11718321105953985,13.997832114758229,13.953093847654955,14.04708223974878,1260579.6839403415
True,False,2025-12-23,1110000.0,34.113433,-118.21878,1628.0,680 - Mount Washington,True,2.0,0.1124,1951.0,2.0,Los Angeles,2.0,True,1.0,One,4895.0,False,2.0,Los Angeles Unified,90065,0.0,4895.0,681.8181818181819,1.0,74.0,0,814.0,0.3325842696629214,13.919870573288517,14.050977780915009,14.016071709503162,1222088.3425378874
True,True,2025-12-16,1037000.0,33.785975,-116.287727,3282.0,307 - Sun City,True,3.0,0.19,2000.0,4.0,Palm Desert,3.0,True,1.0,One,8276.0,False,3.0,Poway Unified,92211,394.0,8276.0,315.96587446678853,0.75,25.0,0,1094.0,0.3965683905268246,13.851842487211664,13.226723392728571,13.81590626479705,1000395.7851350526
True,False,2025-12-18,1455000.0,33.475257,-117.638448,1480.0,FR - Forster Ranch,True,2.0,0.3415,1985.0,3.0,San Clemente,4.0,True,2.0,Two,14875.0,False,2.0,Capistrano Unified,92673,141.0,14875.0,983.108108108108,1.3333333333333333,40.0,0,370.0,0.09949579831932773,14.19051645858773,14.446782334806132,14.152046454703246,1400089.1270017503
True,False,2025-12-12,4200000.0,33.438207,-117.631095,3872.0,MH - Marblehead,True,4.0,0.1602,2017.0,5.0,San Clemente,4.0,True,2.0,Two,6978.0,False,2.0,Capistrano Unified,92672,330.0,6978.0,1084.7107438016528,0.8,8.0,0,968.0,0.5548867870449986,15.250595083253597,14.43202387032261,15.041623611100054,3407957.209995597
True,False,2025-12-29,876000.0,33.832458,-118.10811,1316.0,23 - Lakewood Park,False,2.0,0.1643,1950.0,2.0,Lakewood,3.0,False,1.0,One,7155.0,False,2.0,Long Beach Unified,90713,0.0,7155.0,665.6534954407294,1.5,75.0,0,438.6666666666667,0.18392732354996505,13.683121369918528,13.721199878493033,13.706096014482862,896358.7607883328
True,False,2025-12-26,1049000.0,34.480709000000004,-118.564399,3362.0,TSRO - Tesoro de Valle,True,2.0,0.1557,2025.0,4.0,Valencia,4.0,False,2.0,Two,6781.0,True,2.0,William S. Hart Union,91354,253.0,6781.0,312.0166567519334,1.0,0.0,0,840.5,0.4957970800766849,13.863347887378435,13.710150042306449,13.96313977154962,1159083.0444299404
True,False,2025-12-02,560000.0,34.240274,-116.866117,1488.0,MOON - Moonridge,True,4.0,0.1267,1978.0,2.0,Big Bear,3.0,True,1.0,One,5520.0,False,2.0,Long Beach Unified,92315,0.0,5520.0,376.3440860215054,1.5,47.0,0,496.0,0.26956521739130435,13.235692062711331,13.398478813484644,13.336292763194082,619267.5967604658
True,True,2025-12-15,2500000.0,35.289590999999994,-120.670823,3382.0,SLO - San Luis Obispo,False,2.0,0.87,1979.0,3.0,San Luis Obispo,4.0,True,2.0,Two,37897.0,False,2.0,San Luis Coastal Unified,93405,0.0,37897.0,739.2075694855115,1.3333333333333333,46.0,0,845.5,0.08924189249808692,14.73180128983843,13.928829278248507,14.3922052021819,1780144.6841261426
True,False,2025-12-08,8000000.0,36.57652395,-121.92932003,6890.0,699 - Not Defined,True,3.0,1.3711,1993.0,6.0,Pebble Beach,4.0,True,2.0,Two,59726.0,False,3.0,Other,93953,0.0,59726.0,1161.1030478955008,0.6666666666666666,32.0,0,1722.5,0.11536014466061682,15.89495209964411,14.812459192855883,15.543419545121175,5628871.551485199
False,False,2025-12-12,600000.0,36.493967,-119.314855,2420.0,84 - Placentia,True,2.0,1.0,1999.0,3.0,Cutler,3.0,True,1.0,One,43560.0,False,2.0,Cutler-Orosi Joint Unified,93615,0.0,43560.0,247.93388429752065,1.0,26.0,0,806.6666666666666,0.05555555555555555,13.304684934198283,13.698976741708323,13.919868316989561,1109997.4955109844
False,False,2025-12-02,360000.0,34.245242,-116.931288,764.0,289 - Big Bear Area,False,1.0,0.1736,2008.0,2.0,Big Bear Lake,2.0,True,2.0,Two,7560.0,False,1.0,Bear Valley Unified,92315,0.0,7560.0,471.2041884816754,1.0,17.0,0,382.0,0.10105820105820106,12.793859310432293,13.398478813484644,13.052522030518793,466270.87941227894
True,False,2025-12-15,1190000.0,33.551287,-117.085788,4069.0,SRCAR - Southwest Riverside County,True,2.0,0.1551,2024.0,5.0,Temecula,5.0,True,2.0,Two,6756.0,False,2.0,Temecula Unified,92591,145.0,6756.0,292.45514868518063,1.0,1.0,0,813.8,0.6022794552989935,13.989463865087712,13.514405465180353,13.918516749222704,1108498.2720540331
False,False,2025-12-17,3300000.0,33.643927000000005,-117.89507,1986.0,N7 - West Bay - Santa Ana Heights,True,2.0,0.1722,1960.0,2.0,Newport Beach,3.0,True,1.0,One,7500.0,False,2.0,Newport Mesa Unified,92660,150.0,7500.0,1661.631419939577,1.5,65.0,0,662.0,0.2648,15.009433026436708,15.133214468519324,14.872696368438096,2878259.6130895163
True,False,2025-12-05,375000.0,33.963460999999995,-116.948309,1708.0,263 - Banning/Beaumont/Cherry Valley,True,2.0,0.1,1984.0,2.0,Cherry Valley,2.0,True,1.0,One,4356.0,False,2.0,Beaumont,92223,245.0,4356.0,219.55503512880563,1.0,41.0,0,854.0,0.3921028466483012,12.834681304952548,13.197470849891134,12.964081814698726,426804.70177803945
False,False,2025-12-27,492000.0,34.068762,-117.179986,1304.0,268 - Redlands,True,0.0,0.1504,1960.0,2.0,Redlands,3.0,True,1.0,One,6550.0,False,0.0,Redlands Unified,92374,0.0,6550.0,377.3006134969325,1.5,65.0,0,434.6666666666667,0.19908396946564885,13.106233995474446,13.299666780812677,13.205212426190494,543188.9030609247
False,False,2025-12-19,513791.0,33.790546,-116.988168,2069.0,SRCAR - Southwest Riverside County,True,2.0,0.1203,2025.0,5.0,San Jacinto,4.0,False,2.0,Two,5239.0,True,2.0,Hemet Unified,92582,0.0,5239.0,248.32817786370228,0.8,0.0,0,517.25,0.3949226951708341,13.149571846961102,13.154789908438397,13.35949477221137,633803.8319488991
True,False,2025-12-15,737500.0,32.869235,-116.970031,1566.0,92071 - Santee,True,2.0,0.129,1990.0,3.0,Santee,3.0,True,2.0,Two,5621.0,False,2.0,Santee,92071,297.0,5621.0,470.9450830140485,1.0,35.0,0,522.0,0.27859811421455255,13.511021367196111,13.652403046879991,13.594921613169202,802046.2978453706
False,False,2025-12-12,915000.0,36.832348,-119.633302,2528.0,91913 - Chula Vista,True,2.0,2.09,1981.0,3.0,Clovis,4.0,True,1.0,One,91040.0,False,2.0,Clovis Unified,93619,0.0,91040.0,361.9462025316455,1.3333333333333333,44.0,0,632.0,0.027768014059753956,13.726679344257658,13.392361377937213,13.700310972436341,891188.2578767473
True,False,2025-12-23,650000.0,34.350357,-117.612261,3050.0,WRWD - Wrightwood,True,2.0,0.1861,1991.0,4.0,Wrightwood,5.0,True,2.0,Two,8107.0,False,2.0,Snowline Joint Unified,92397,0.0,8107.0,213.11475409836063,1.25,34.0,0,610.0,0.37621808313802885,13.38472764187182,13.003579841414362,13.197703452938397,539125.387624681
True,False,2025-12-10,2140000.0,34.080832,-118.326354,2861.0,C18 - Hancock Park-Wilshire,True,4.0,0.1646,1921.0,3.0,Los Angeles,4.0,True,2.0,Two,7170.0,False,2.0,Los Angeles Unified,90004,120.0,7170.0,747.9902132121636,1.3333333333333333,104.0,0,715.25,0.399023709902371,14.576316386998034,14.65917278350986,14.744941058164294,2533066.1860788497
False,False,2025-12-15,510000.0,34.11045,-117.317606,1607.0,274 - San Bernardino,True,2.0,0.1664,2025.0,2.0,San Bernardino,4.0,False,1.0,One,7250.0,True,2.0,San Bernardino City Unified,92408,0.0,7250.0,317.36154324828874,2.0,0.0,0,401.75,0.2216551724137931,13.142166004700508,13.151922179645874,13.164437972910367,521486.1384469049
True,True,2025-12-10,1500000.0,33.907412,-117.519461,5659.0,250 - Norco,True,4.0,0.53,2005.0,5.0,Norco,6.0,True,2.0,Two,23087.0,False,4.0,Corona-Norco Unified,92860,0.0,23087.0,265.06449902809686,1.2,20.0,0,943.1666666666666,0.245116299216009,14.22097566607244,13.753635154246187,14.392902498022334,1781386.404482661
False,False,2025-12-16,725000.0,33.57088893,-117.16768612,2310.0,SRCAR - Southwest Riverside County,True,9.0,0.23,1988.0,3.0,Murrieta,5.0,True,2.0,Two,6335.0,False,3.0,Los Angeles Unified,92563,0.0,3125.0,313.8528138528139,1.6666666666666667,37.0,0,462.0,0.7392,13.493926933836812,13.458835614025542,13.513938673438382,739654.6547193751
True,False,2025-12-23,630000.0,33.929108,-117.265914,2135.0,259 - Moreno Valley,True,3.0,0.15,1992.0,3.0,Moreno Valley,4.0,True,2.0,Two,6534.0,False,3.0,Moreno Valley Unified,92553,0.0,6534.0,295.08196721311475,1.3333333333333333,33.0,0,533.75,0.32675237220691766,13.353475098367715,13.159174447339636,13.22522032860626,554166.4260266181
True,False,2025-12-16,880000.0,34.196835,-118.500763,1542.0,LKBL - Lake Balboa,True,2.0,0.1435,1953.0,2.0,Lake Balboa,3.0,True,1.0,One,6253.0,False,3.0,Azusa Unified,91406,95.0,6253.0,570.6874189364462,1.5,72.0,0,514.0,0.24660163121701584,13.687677186454389,13.708480036117827,13.714799355837973,904194.1245232683
False,False,2025-12-01,532680.0,33.789137,-116.987911,2408.0,SRCAR - Southwest Riverside County,True,2.0,0.1157,2025.0,5.0,San Jacinto,4.0,False,2.0,Two,5040.0,True,2.0,Hemet Unified,92582,0.0,5040.0,221.2126245847176,0.8,0.0,0,602.0,0.4777777777777778,13.185676147616082,13.154789908438397,13.427656033248596,678511.0426716158
True,False,2025-12-17,1265000.0,33.337288,-117.232809,2991.0,92028 - Fallbrook,True,3.0,1.11,1948.0,4.0,Fallbrook,4.0,True,2.0,Two,48352.0,False,2.0,Apple Valley Unified,92028,0.0,48352.0,422.93547308592446,1.0,77.0,0,747.75,0.06185886829913964,14.050582680143757,13.681979165339751,14.157136164916933,1407233.3404970674
False,False,2025-12-30,435000.0,37.75408249,-122.17123545,1352.0,91962 - Pine Valley,False,-2.0,0.0918,1924.0,1.0,Oakland,3.0,True,1.0,One,4000.0,False,1.0,Other,94621,0.0,4000.0,321.7455621301775,3.0,101.0,0,450.6666666666667,0.338,12.983101310070822,13.142166004700508,12.944729922642216,418624.62848961266
False,False,2025-12-05,710000.0,33.939319,-118.002808,1468.0,670 - Whittier,True,4.0,0.1437,1953.0,2.0,Whittier,3.0,True,1.0,One,6258.0,False,2.0,Whittier Union High,90603,0.0,6258.0,483.6512261580381,1.5,72.0,0,489.3333333333333,0.23457973793544262,13.473020249017498,13.711260536590475,13.715277649984479,904626.6987209395
False,False,2025-12-19,568888.0,34.071206,-117.72659,1147.0,687 - Pomona,False,2.0,0.1425,1955.0,2.0,Pomona,3.0,False,1.0,One,6207.0,False,2.0,Pomona Unified,91767,0.0,6207.0,495.9790758500436,1.5,70.0,0,382.3333333333333,0.18479136458836798,13.25143885717825,13.422467969854667,13.366650694630366,638355.5494444376
True,False,2025-12-05,780000.0,34.145532,-117.46433799999998,3295.0,264 - Fontana,True,3.0,0.1446,2005.0,3.0,Fontana,4.0,True,2.0,Two,6300.0,False,3.0,Fontana Unified,92336,120.0,6300.0,236.7223065250379,1.3333333333333333,20.0,0,823.75,0.523015873015873,13.567049198665774,13.487006490992238,13.559302943906474,773981.2627197909
True,False,2025-12-05,500000.0,33.776236,-116.439426,1200.0,321 - Rancho Mirage,False,6.0,0.17,1966.0,2.0,Rancho Mirage,3.0,False,1.0,One,7405.0,False,0.0,San Bernardino City Unified,92270,260.0,7405.0,416.6666666666667,1.5,59.0,0,400.0,0.16205266711681296,13.122363377404328,13.9108207377686,13.676725283330173,870414.908553308
False,False,2025-12-30,565990.0,34.368457,-117.288736,2247.0,HSP - Hesperia,True,2.0,0.3406,2025.0,3.0,Hesperia,3.0,False,1.0,One,14835.0,True,2.0,Hesperia Unified,92345,157.0,14835.0,251.8869603916333,1.0,0.0,0,749.0,0.15146612740141557,13.24633168918472,13.064514272196533,13.298183204007206,596111.6161941767
True,True,2025-12-09,500000.0,33.830883,-116.476117,2117.0,335 - Cathedral City North,False,2.0,0.15,1990.0,4.0,Cathedral City,3.0,True,2.0,Two,6534.0,False,2.0,Saddleback Valley Unified,92234,954.0,6534.0,236.18327822390177,0.75,35.0,0,705.6666666666666,0.3239975512702785,13.122363377404328,13.224919965729422,13.431891778122939,681391.1377105876
False,False,2025-12-17,530000.0,34.438134000000005,-117.436243,2706.0,OKH - Oak Hills,True,2.0,2.3,1989.0,3.0,Oak Hills,6.0,True,1.0,One,100188.0,False,2.0,Snowline Joint Unified,92344,0.0,100188.0,195.8610495195861,2.0,36.0,0,451.0,0.027009222661396576,13.180632285528304,13.180613417425775,13.415551356708042,670347.3948093337
True,False,2025-12-17,405000.0,37.121697,-120.279791,1680.0,C11 - Venice,True,2.0,0.11,2025.0,2.0,Chowchilla,4.0,False,1.0,One,4792.0,True,2.0,Chowchilla Union,93610,0.0,4792.0,241.07142857142856,2.0,0.0,0,420.0,0.35058430717863104,12.911642346088676,12.896716695872,12.991052336362936,438472.48304522835
True,False,2025-12-09,1560000.0,33.754433,-118.31821,2162.0,177 - Eastview/RPV,True,2.0,0.1922,1956.0,3.0,Rancho Palos Verdes,4.0,True,2.0,Two,8374.0,False,2.0,Palos Verdes Peninsula Unified,90275,0.0,8374.0,721.554116558742,1.3333333333333333,69.0,0,540.5,0.2581800812037258,14.26019637922572,14.438232971730155,14.47349225750265,1930891.2802143532
True,False,2025-12-29,720000.0,34.010666,-117.702682,1174.0,681 - Chino,False,2.0,0.2277,1962.0,2.0,Chino,3.0,False,1.0,One,9918.0,False,2.0,Chino Valley Unified,91710,0.0,9918.0,613.2879045996593,1.5,63.0,0,391.3333333333333,0.11837063924178262,13.487006490992238,13.567049198665774,13.507081522943576,734600.0812290399
True,False,2025-12-22,780000.0,34.190155,-117.412081,3122.0,274 - San Bernardino,True,5.0,0.151,2016.0,3.0,San Bernardino,5.0,True,2.0,Two,6576.0,False,3.0,San Bernardino City Unified,92407,121.0,6576.0,249.8398462524023,1.6666666666666667,9.0,0,624.4,0.4747566909975669,13.567049198665774,13.304684934198283,13.437384060479689,685143.8262133405
True,True,2025-12-19,1250000.0,34.141734,-117.88438700000002,2200.0,629 - Glendora,False,3.0,0.4593,1956.0,3.0,Glendora,4.0,True,1.0,One,20008.0,False,3.0,Glendora Unified,91741,0.0,20008.0,568.1818181818181,1.3333333333333333,69.0,0,550.0,0.10995601759296282,14.038654109278484,13.868095806767045,14.036869091968269,1247770.7186070965
True,False,2025-12-15,280000.0,34.817152,-118.994599,1056.0,FRZ - Frazier Park,True,0.0,0.0985,1996.0,2.0,Frazier Park,2.0,False,2.0,Two,4289.0,False,0.0,El Tejon Unified,93225,0.0,4289.0,265.1515151515151,1.0,29.0,0,528.0,0.2462112380508277,12.542544882151386,12.793859310432293,12.608994809915036,299238.0860457434
True,False,2025-12-02,1100000.0,33.978561,-118.352141,1228.0,101 - North Inglewood,False,1.0,0.1724,1923.0,2.0,Inglewood,3.0,True,1.0,One,7509.0,False,1.0,Inglewood Unified,90302,0.0,7509.0,895.7654723127035,1.5,102.0,0,409.3333333333333,0.16353708882674126,13.9108207377686,13.652991628466498,13.600083806399365,806197.3207875335
True,False,2025-12-29,267900.0,35.618617,-117.663959,1264.0,RCR - Ridgecrest,True,4.0,0.1878,1961.0,2.0,Ridgecrest,4.0,False,1.0,One,8180.0,False,2.0,Sierra Sands Unified,93555,0.0,8180.0,211.9462025316456,2.0,64.0,0,316.0,0.1545232273838631,12.4983690555327,12.449018824140563,12.48786695305862,265101.2090659338
True,True,2025-12-15,1650000.0,34.401542,-118.407323,4728.0,CAN1 - Canyon Country 1,True,9.0,0.9415,1987.0,6.0,Canyon Country,6.0,True,2.0,Two,41011.0,False,3.0,Cuyama Joint Unified,91387,120.0,41011.0,348.98477157360406,1.0,38.0,0,788.0,0.11528614274219112,14.316285845876763,13.737549016494562,14.477615995721392,1938870.210585916
False,False,2025-12-23,869000.0,33.850693,-117.903323,1366.0,78 - Anaheim East of Harbor,True,2.0,0.1378,1957.0,2.0,Anaheim,4.0,True,1.0,One,6003.0,False,2.0,Anaheim Union High,92805,0.0,6003.0,636.1639824304539,2.0,68.0,0,341.5,0.2275528902215559,13.67509840424753,13.670484785914017,13.643797499997541,842220.8070502182
True,False,2025-12-10,699000.0,34.552412,-117.267678,3491.0,APPV - Apple Valley,True,3.0,0.7818,1990.0,4.0,Apple Valley,4.0,True,2.0,Two,34056.0,False,3.0,Apple Valley Unified,92307,0.0,34056.0,200.2291606989401,1.0,35.0,0,872.75,0.10250763448437868,13.457406021215947,13.049792684569493,13.502230500385197,731045.149162778
False,False,2025-12-04,520000.0,34.082021000000005,-117.427778,1009.0,264 - Fontana,False,2.0,0.1818,1953.0,1.0,Fontana,3.0,False,1.0,One,7920.0,False,2.0,Fontana Unified,92335,0.0,7920.0,515.3617443012884,3.0,72.0,0,336.3333333333333,0.1273989898989899,13.16158409055761,13.226723392728571,13.095046498620448,486526.4264306693
True,True,2025-12-19,1290000.0,32.966604,-117.115365,1985.0,92129 - Rancho Penasquitos,True,2.0,0.1935,1976.0,3.0,San Diego,4.0,True,2.0,Two,8427.0,False,2.0,Poway Unified,92129,0.0,8427.0,649.8740554156171,1.3333333333333333,49.0,0,496.25,0.23555239112376883,14.070152776337855,14.162640089059476,14.08105802904473,1304144.7619137827
True,True,2025-12-18,575000.0,34.16915,-117.323774,1426.0,274 - San Bernardino,True,6.0,0.1653,1989.0,2.0,San Bernardino,3.0,True,1.0,One,7200.0,False,2.0,San Bernardino City Unified,92407,0.0,7200.0,403.2258064516129,1.5,36.0,0,475.3333333333333,0.19805555555555557,13.262125319779487,13.304684934198283,13.207167893125884,544252.1302145014
False,True,2025-12-11,1182000.0,33.465635,-117.067348,3481.0,SRCAR - Southwest Riverside County,True,8.0,0.32,2006.0,5.0,Temecula,5.0,True,2.0,Two,13939.0,False,4.0,Temecula Unified,92592,55.0,13939.0,339.5575983912669,1.0,19.0,0,696.2,0.24973097065786642,13.98271847694818,13.580420735596498,14.006834569281935,1210851.718189241
True,True,2025-12-02,515000.0,37.338176,-119.711648,4351.0,687 - Pomona,True,7.0,1.34,1986.0,4.0,Oakhurst,5.0,True,1.0,ThreeOrMore,1.34,False,3.0,Bass Lake Joint Union,93644,0.0,58370.4,118.36359457595955,1.25,39.0,0,870.2,0.07454120581664679,13.151922179645874,13.17115354157376,13.707640726873295,897744.4472403758
False,True,2025-12-10,759000.0,34.401914,-118.927373,2010.0,VC55 - Fillmore,True,2.0,0.129,1994.0,3.0,Fillmore,5.0,True,2.0,Two,5619.0,False,2.0,Hemet Unified,93015,0.0,5619.0,377.6119402985075,1.6666666666666667,31.0,0,402.0,0.3577148958889482,13.539757056377766,13.537511886757919,13.535880158258614,756063.1309770689
True,False,2025-12-01,775000.0,34.114618,-117.51756,1828.0,688 - Rancho Cucamonga,True,2.0,0.1148,2003.0,2.0,Rancho Cucamonga,3.0,False,2.0,Two,5000.0,False,2.0,Chaffey Joint Union High,91739,0.0,5000.0,423.9606126914661,1.5,22.0,0,609.3333333333334,0.3656,13.560618308335483,13.862273807960708,13.721911736102218,910648.0210463499
True,False,2025-12-26,470000.0,37.345093,-120.492042,1924.0,682 - Chino Hills,True,2.0,0.1069,2025.0,3.0,Merced,4.0,False,2.0,Two,4658.0,True,2.0,Merced Union,95348,0.0,4658.0,244.2827442827443,1.3333333333333333,0.0,0,481.0,0.41305281236582225,13.060487973686241,12.970364687642453,13.085674159875998,481987.8377718979
True,True,2025-12-23,3150000.0,34.138396,-118.491622,3551.0,ENC - Encino,True,2.0,0.3219,1965.0,6.0,Encino,5.0,True,1.0,One,14023.0,False,2.0,Los Angeles Unified,91436,0.0,14023.0,887.0740636440439,0.8333333333333334,60.0,0,710.2,0.25322684161734293,14.962913010801817,14.68050799545088,14.93541490462542,3064561.0537759434
False,False,2025-12-19,675000.0,34.207035999999995,-118.60198,1059.0,CP - Canoga Park,True,0.0,0.1837,1950.0,1.0,Canoga Park,3.0,True,1.0,One,8003.0,False,0.0,Los Angeles Unified,91303,0.0,8003.0,637.3937677053824,3.0,75.0,0,353.0,0.13232537798325628,13.422467969854667,13.651814465293484,13.521957927568405,745609.9800830118
True,True,2025-12-12,699500.0,35.372884,-119.133266,2458.0,BKSF - Bakersfield,True,3.0,0.5053,1987.0,4.0,Bakersfield,4.0,False,1.0,One,22013.0,False,3.0,Kern Union,93312,0.0,22013.0,284.5809601301871,1.0,38.0,0,614.5,0.11166129105528551,13.458121073087673,13.06577902835151,13.298197831029636,596120.3355959272
False,False,2025-12-05,1073100.0,36.60184102,-121.85939887,1591.0,699 - Not Defined,True,2.0,0.1263,2005.0,2.0,Monterey,3.0,True,2.0,Two,5500.0,False,2.0,Other,93940,0.0,5500.0,674.4814582023885,1.5,20.0,0,530.3333333333334,0.2892727272727273,13.886062213915219,14.119680947920857,13.900917202650916,1089159.8777361042
True,True,2025-12-19,1850000.0,34.251987,-118.798887,3901.0,SVW - West Simi,True,4.0,0.72,1997.0,4.0,Simi Valley,5.0,True,2.0,Two,31363.0,False,4.0,Santa Ana Unified,93065,0.0,31363.0,474.2373750320431,1.25,28.0,0,780.2,0.12438223384242579,14.430696197054507,13.676248490630767,14.264389986703328,1566555.7642083147
True,False,2025-12-23,1650000.0,33.821877,-117.785493,2928.0,"75 - Orange, Orange Park Acres E of 55",True,6.0,0.2204,1983.0,3.0,Orange,4.0,True,2.0,Two,9600.0,False,3.0,Orange Unified,92867,90.0,9600.0,563.5245901639345,1.3333333333333333,42.0,0,732.0,0.305,14.316285845876763,14.026983356405268,14.228026093296352,1510613.0100001341
False,False,2025-12-15,450000.0,34.402084,-117.29951,1583.0,HSP - Hesperia,True,2.0,0.5395,2003.0,3.0,Hesperia,4.0,False,1.0,One,23500.0,False,2.0,Hesperia Unified,92345,0.0,23500.0,284.2703727100442,1.3333333333333333,22.0,0,395.75,0.06736170212765957,13.017002861746503,13.064514272196533,13.095965638819456,486973.8180033738
False,False,2025-12-31,845000.0,32.60009583,-117.04662259,2095.0,91911 - Chula Vista,True,3.0,0.1592,1976.0,3.0,Chula Vista,4.0,True,1.0,One,6934.0,False,0.0,Corning Union,91911,0.0,6934.0,403.3412887828162,1.3333333333333333,49.0,0,523.75,0.3021344101528699,13.64709190633931,13.617059619240436,13.676462220817728,870185.9651351298
True,True,2025-12-15,1875000.0,36.49310137,-121.74040801,1640.0,699 - Not Defined,False,5.0,1.05,1977.0,2.0,Carmel Valley,2.0,True,1.0,One,45738.0,False,2.0,Carmel Unified,93924,0.0,45738.0,1143.2926829268292,1.0,48.0,0,820.0,0.035856399492763126,14.444119217386648,14.276094965293519,14.01847778279111,1225032.3169431994
True,False,2025-12-09,977000.0,33.783063,-117.83878,1011.0,OTO - Old Towne Orange,True,2.0,0.1538,1954.0,2.0,Orange,3.0,False,1.0,One,6700.0,False,2.0,Orange Unified,92866,0.0,6700.0,966.3699307616222,1.5,71.0,0,337.0,0.1508955223880597,13.79224193102492,14.018451401960965,13.804899466820693,989445.0078847464
True,False,2025-12-11,1059000.0,33.973495,-117.542385,4693.0,251 - Jurupa Valley,True,5.0,0.19,2005.0,4.0,Jurupa Valley,6.0,True,2.0,Two,8276.0,False,3.0,Corona-Norco Unified,91752,0.0,8276.0,225.6552311953974,1.5,20.0,0,782.1666666666666,0.5670613823102948,13.872835624583544,13.683120718347036,14.081003677222078,1304073.881195237
True,False,2025-12-16,1900000.0,37.86273819,-122.16450802,3231.0,276 - Highland,True,2.0,0.66,1952.0,4.0,Orinda,4.0,True,2.0,Two,28750.0,False,2.0,Acalanes,94563,0.0,28750.0,588.0532342927886,1.0,73.0,0,807.75,0.11238260869565217,14.457364444136669,14.408837403242009,14.77670944334278,2614829.4758183183
False,False,2025-12-16,628220.0,33.620214000000004,-117.07955,2466.0,SRCAR - Southwest Riverside County,True,2.0,0.1625,2025.0,3.0,French Valley,4.0,False,2.0,Two,7077.0,True,2.0,Temecula Unified,92596,152.0,7077.0,254.7526358475264,1.3333333333333333,0.0,0,616.5,0.34845273420941075,13.350645702574484,13.337474757021274,13.38752359051544,651819.9096197009
False,True,2025-12-10,3500000.0,32.969962,-117.188886,4008.0,92130 - Carmel Valley,True,4.0,0.2338,2018.0,5.0,San Diego,5.0,True,2.0,Two,10186.0,False,2.0,San Dieguito Union,92130,232.0,10186.0,873.253493013972,1.0,7.0,0,801.6,0.3934812487728254,15.068273526459642,14.674172177001793,15.142771689261663,3770701.774795847
True,True,2025-12-26,890000.0,33.753862,-117.46458,3603.0,248 - Corona,True,4.0,0.15,2005.0,3.0,Corona,5.0,True,2.0,Two,6534.0,False,4.0,Corona-Norco Unified,92883,85.0,6534.0,247.0163752428532,1.6666666666666667,20.0,0,720.6,0.5514233241505969,13.698976741708323,13.547957803444275,13.691452579155085,883328.6250562452
False,False,2025-12-05,470000.0,33.778326,-116.949518,1570.0,SRCAR - Southwest Riverside County,True,2.0,0.17,1989.0,2.0,San Jacinto,3.0,True,1.0,One,7405.0,False,2.0,San Jacinto Unified,92583,0.0,7405.0,299.3630573248408,1.5,36.0,0,523.3333333333334,0.21201890614449695,13.060487973686241,13.064725287181727,13.045851075184398,463170.75908081804
True,True,2025-12-02,899850.0,35.335878,-119.154957,2705.0,BKSF - Bakersfield,True,3.0,0.24,2021.0,4.0,Bakersfield,3.0,True,1.0,One,10454.0,False,3.0,Bakersfield City,93311,175.0,10454.0,332.6617375231054,0.75,4.0,0,901.6666666666666,0.25875263057202985,13.709983361749348,13.112313041550827,13.494067235328204,725101.7257172276
True,False,2025-12-12,887888.0,34.0279,-117.773877,1935.0,687 - Pomona,True,2.0,0.1203,1981.0,2.0,Pomona,3.0,True,1.0,One,5239.0,False,2.0,Pomona Unified,91766,0.0,5239.0,458.8568475452197,1.5,44.0,0,645.0,0.36934529490360757,13.696600887893613,13.449504179573367,13.4299833674555,680092.0036296428
False,False,2025-12-12,1110000.0,33.958883,-118.320361,1776.0,102 - South Inglewood,True,2.0,0.1953,1941.0,2.0,Inglewood,4.0,True,1.0,One,8508.0,False,2.0,Inglewood Unified,90305,0.0,8508.0,625.0,2.0,84.0,0,444.0,0.20874471086036672,13.919870573288517,13.676248490630767,13.78146306477476,966525.6001639417
False,False,2025-12-29,660000.0,33.894104,-118.198877,1306.0,"RO - Compton S of Rosecrans, E of Alameda",False,2.0,0.1211,1946.0,2.0,Compton,3.0,True,2.0,Two,5274.0,False,2.0,Compton Unified,90221,0.0,5274.0,505.35987748851454,1.5,79.0,0,435.3333333333333,0.24762988244216913,13.399995114002609,13.353475098367715,13.296566212863953,595148.4878852275
True,True,2025-12-22,4375000.0,33.733346999999995,-116.33444,4053.0,325 - Indian Wells,True,3.0,0.3,2005.0,5.0,Indian Wells,4.0,True,1.0,One,13068.0,False,3.0,Desert Sands Unified,92210,750.0,13068.0,1079.447322970639,0.8,20.0,0,1013.25,0.3101469237832874,15.291417077773852,14.452073389471401,14.917660441001058,3010631.577122231
True,False,2025-12-16,906614.0,33.216986,-117.203578,2178.0,92084 - Vista,True,10.0,0.87,1977.0,3.0,Vista,4.0,True,2.0,Two,0.87,False,2.0,Vista Unified,92084,0.0,37897.2,416.2598714416896,1.3333333333333333,48.0,0,544.5,0.0574712643678161,13.71747205968159,13.773646353865574,13.898402713492155,1086424.637338707
True,False,2025-12-04,3000000.0,36.96033196,-121.8898249,2782.0,699 - Not Defined,True,3.0,0.156,1997.0,3.0,Aptos,3.0,True,1.0,Two,6795.0,False,2.0,Other,95003,450.0,6795.0,1078.3608914450035,1.0,28.0,0,927.3333333333334,0.4094186902133922,14.914122846632385,14.188463383490559,14.408802166111569,1809936.2219175887
True,False,2025-12-22,655000.0,33.675299,-117.262565,2137.0,SRCAR - Southwest Riverside County,True,6.0,0.16,1989.0,3.0,Canyon Lake,4.0,True,2.0,Two,6970.0,False,3.0,Lake Elsinore Unified,92587,330.0,6970.0,306.5044454843238,1.3333333333333333,36.0,0,534.25,0.30659971305595407,13.39239051461739,13.407542319637992,13.435957977286163,684167.4504796145
True,False,2025-12-12,1650000.0,37.65710291,-121.87050527,1690.0,ELA - East Los Angeles,True,2.0,0.1867,1956.0,2.0,Pleasanton,3.0,True,1.0,One,8131.0,False,2.0,Palos Verdes Peninsula Unified,94566,0.0,8131.0,976.3313609467456,1.5,69.0,0,563.3333333333334,0.20784651334399212,14.316285845876763,14.430696197054507,14.236624713579785,1523658.2026213
False,False,2025-12-18,626900.0,33.807411,-117.019279,2483.0,SRCAR - Southwest Riverside County,True,2.0,0.296,2025.0,3.0,San Jacinto,5.0,False,1.0,One,12894.0,True,2.0,Hemet Unified,92582,0.0,12894.0,252.47684252919856,1.6666666666666667,0.0,0,496.6,0.1925701876841942,13.34854231726206,13.154789908438397,13.408830996554359,665857.5225654792
True,True,2025-12-10,910000.0,34.219057,-118.568327,1924.0,WIN - Winnetka,True,2.0,0.1364,1971.0,3.0,Winnetka,4.0,True,2.0,Two,5943.0,False,2.0,Los Angeles Unified,91306,0.0,5943.0,472.97297297297297,1.3333333333333333,54.0,0,481.0,0.3237422177351506,13.721199878493033,13.65680576350189,13.762777313847943,948633.0321763274
False,False,2025-12-22,720000.0,33.865361,-117.975389,1123.0,699 - Not Defined,False,2.0,0.1354,1953.0,1.0,Fullerton,2.0,False,1.0,One,5900.0,False,2.0,Fullerton Joint Union High,92833,0.0,5900.0,641.139804096171,2.0,72.0,0,561.5,0.19033898305084745,13.487006490992238,13.87377946608825,13.681955815822095,874979.5694105733
True,False,2025-12-04,1500000.0,34.098223,-118.218925,1798.0,680 - Mount Washington,False,2.0,0.292,1927.0,2.0,Los Angeles,2.0,False,2.0,Two,12720.0,False,2.0,Carlsbad Unified,90065,104.0,12720.0,834.2602892102336,1.0,98.0,0,899.0,0.14135220125786163,14.22097566607244,14.050977780915009,14.12719044219189,1365717.4353549988
False,False,2025-12-01,4625000.0,34.232412,-118.498437,7468.0,NR - Northridge,True,4.0,0.8345,2019.0,8.0,Northridge,6.0,True,2.0,Two,36352.0,False,2.0,Fontana Unified,91343,0.0,36352.0,619.309051955008,0.75,6.0,0,1244.6666666666667,0.20543573943661972,15.346986928928663,13.715690222682063,15.041736865443308,3408343.197808241
True,False,2025-12-18,1225000.0,34.133553000000006,-117.71506399999998,2282.0,683 - Claremont,True,6.0,0.2509,1977.0,2.0,Claremont,4.0,True,1.0,One,10928.0,False,3.0,Claremont Unified,91711,0.0,10928.0,536.8098159509202,2.0,48.0,0,570.5,0.20882137628111275,14.018451401960965,13.9108207377686,13.957633127293995,1152717.9277423404
False,False,2025-12-30,1365000.0,37.11183418,-121.91869137,2283.0,PLM - Palmdale,False,0.0,1.395,1978.0,3.0,Los Gatos,3.0,True,1.0,One,60766.0,False,0.0,Other,95033,0.0,60766.0,597.8975032851511,1.0,47.0,0,761.0,0.03757035184149031,14.126664986601197,14.068987125640334,14.118132896150959,1353403.2391917773
True,False,2025-12-29,575000.0,34.258342,-116.82291200000002,1745.0,BBC - Big Bear City,True,3.0,0.2296,2004.0,2.0,Big Bear City,3.0,True,1.0,One,10000.0,False,3.0,Bear Valley Unified,92314,0.0,10000.0,329.512893982808,1.5,21.0,0,581.6666666666666,0.1745,13.262125319779487,12.965709567358951,13.02183766293337,452180.9284635322
False,False,2025-12-01,275000.0,38.81476,-122.554825,1428.0,LCHVL - Hidden Valley Lake,True,4.0,0.18,1986.0,2.0,Hidden Valley Lake,3.0,True,1.0,One,7841.0,False,2.0,Middletown Unified,95467,385.0,7841.0,192.5770308123249,1.5,39.0,0,476.0,0.1821196275985206,12.524526376648708,12.818551923022664,12.689015709799161,324167.52376204566
False,False,2025-12-17,967165.0,33.238994,-117.288898,2254.0,92057 - Oceanside,True,3.0,0.1188,1991.0,3.0,Oceanside,4.0,True,2.0,Two,5176.0,True,3.0,Oceanside Unified,92057,142.0,5176.0,429.08828748890863,1.3333333333333333,34.0,0,563.5,0.43547140649149924,13.782124390696609,13.681979165339751,13.79657477116927,981242.368937241
False,False,2025-12-17,985000.0,34.188237,-118.477691,1356.0,LKBL - Lake Balboa,False,2.0,0.1297,1948.0,2.0,Lake Balboa,3.0,True,1.0,One,5650.0,False,2.0,Los Angeles Unified,91406,0.0,5650.0,726.401179941003,1.5,77.0,0,452.0,0.24,13.800396920154226,13.708480036117827,13.67913471149478,872514.6393082757
True,False,2025-12-18,677900.0,34.52008,-117.165402,2533.0,APPV - Apple Valley,True,3.0,0.5108,2025.0,3.0,Apple Valley,5.0,False,1.0,One,22252.0,True,3.0,Apple Valley Unified,92307,0.0,22252.0,267.62731938412946,1.6666666666666667,0.0,0,506.6,0.11383246449757325,13.426755063419057,13.049792684569493,13.337698225780374,620138.5661126635
False,False,2025-12-16,1805038.0,37.710834000000006,-121.833325,2612.0,699 - Not Defined,True,2.0,0.0899,2025.0,3.0,Dublin,4.0,False,2.0,Two,3916.0,False,2.0,Yucca Valley,94568,369.0,3916.0,691.0558958652374,1.3333333333333333,0.0,0,653.0,0.6670071501532175,14.406092202159094,14.288629462085328,14.402068968643297,1797790.4995903042
False,False,2025-12-18,699999.0,34.446104,-118.505155,2039.0,BOUQ - Bouquet Canyon,True,2.0,5.7906,2005.0,3.0,Saugus,4.0,False,2.0,Two,252237.0,True,2.0,Apple Valley Unified,91350,290.0,252237.0,343.30505149583126,1.3333333333333333,20.0,0,509.75,0.008083667344600514,13.458834185453092,13.652991628466498,13.718809880825045,907827.699053261
False,False,2025-12-19,1920000.0,34.02281,-118.423386,2001.0,C13 - Palms - Mar Vista,True,2.0,0.175,1958.0,3.0,Los Angeles,5.0,True,1.0,One,7624.0,False,2.0,San Diego Unified,90034,325.0,7624.0,959.52023988006,1.6666666666666667,67.0,0,400.2,0.26246065057712487,14.467835744003965,14.291744736960645,14.283826777118326,1597302.4204548607
True,True,2025-12-19,410000.0,34.56366,-117.159168,2344.0,APPV - Apple Valley,True,5.0,1.02,1985.0,3.0,Apple Valley,3.0,True,1.0,One,44431.0,False,5.0,Apple Valley Unified,92307,0.0,44431.0,174.91467576791808,1.0,40.0,0,781.3333333333334,0.052755958677499944,12.92391243868049,13.049792684569493,13.199258746947049,539964.5385039786
True,False,2025-12-23,2600000.0,33.43441,-117.608023,2224.0,SC - San Clemente Central,True,2.0,0.2683,1965.0,2.0,San Clemente,3.0,True,1.0,One,11685.0,False,2.0,Capistrano Unified,92672,0.0,11685.0,1169.0647482014388,1.5,60.0,0,741.3333333333334,0.19032948224219084,14.77102200299171,14.43202387032261,14.401403083945226,1796593.7768901756
True,False,2025-12-10,5299000.0,34.155879,-118.502482,9409.0,ENC - Encino,True,25.0,1.2728,2008.0,8.0,Encino,5.0,True,1.0,ThreeOrMore,55445.0,False,2.0,Los Angeles Unified,91316,0.0,55445.0,563.1841853544479,0.625,17.0,0,1881.8,0.1696997024077915,15.483028681474899,14.300596894375873,15.60665051712453,5996284.090733651
True,False,2025-12-11,780000.0,33.903969000000004,-118.355851,1360.0,109 - Ramona/Burleigh,True,2.0,0.1336,1954.0,2.0,Hawthorne,3.0,True,1.0,One,5821.0,False,2.0,Centeniela Valley Union High,90250,0.0,5821.0,573.5294117647059,1.5,71.0,0,453.3333333333333,0.23363683215942277,13.567049198665774,13.710150042306449,13.667551749701383,862466.6407094859
False,False,2025-12-26,620000.0,37.95908729999999,-122.34356196,1197.0,699 - Not Defined,True,1.0,0.1439,1964.0,2.0,San Pablo,3.0,True,1.0,One,6270.0,False,1.0,Paradise Unified,94806,0.0,6270.0,517.9615705931495,1.5,61.0,0,399.0,0.19090909090909092,13.337474757021274,13.321214236149494,13.206207583373397,543729.7304589803
False,False,2025-12-09,920000.0,32.81163615,-117.01892048,1062.0,92119 - San Carlos,True,4.0,0.231,1972.0,2.0,San Diego,3.0,True,1.0,One,10690.0,False,2.0,Newport Mesa Unified,92119,0.0,8969.0,866.2900188323918,1.5,53.0,0,354.0,0.11840784925855725,13.732128949025222,13.8878312195439,13.614818753820018,818164.5476241938
True,False,2025-12-09,380000.0,37.92843814,-121.31890302,1188.0,SRCAR - Southwest Riverside County,True,2.0,0.1148,1993.0,2.0,Stockton,3.0,True,1.0,One,5000.0,False,2.0,Alvord Unified,95206,78.0,5000.0,319.86531986531986,1.5,32.0,0,396.0,0.2376,12.84792653170257,12.977320898870284,12.86664655355231,387180.6091873109
True,False,2025-12-04,615000.0,37.93839425,-121.70390525,1737.0,616 - Diamond Bar,True,2.0,0.0461,2014.0,3.0,Brentwood,3.0,False,1.0,ThreeOrMore,2008.0,False,2.0,Burbank Unified,94513,110.0,2008.0,354.0587219343696,1.0,11.0,0,579.0,0.8650398406374502,13.329377546788654,13.591116224748411,13.432758444949874,681981.9327800738
True,True,2025-12-18,825000.0,34.379683,-118.551058,1743.0,VAL1 - Valencia 1,True,2.0,0.1125,1968.0,2.0,Valencia,4.0,True,2.0,Two,4899.0,False,2.0,William S. Hart Union,91355,210.0,4899.0,473.3218588640276,2.0,57.0,0,435.75,0.355786895284752,13.623138665316818,13.697852514496041,13.708955438768605,898925.4987452247
False,False,2025-12-22,1010000.0,32.784151,-117.134103,1762.0,92108 - Mission Valley,True,2.0,0.0002,2004.0,3.0,San Diego,3.0,True,1.0,ThreeOrMore,6.72,False,2.0,San Diego Unified,92108,255.0,6.72,573.2122587968217,1.0,21.0,0,587.3333333333334,262.20238095238096,13.825460888817442,13.764217263576723,13.608540070616028,813043.6447074425
False,True,2025-12-23,487777.0,34.560584000000006,-117.958116,1771.0,LRK - Littlerock,True,2.0,0.9883,1989.0,2.0,Littlerock,4.0,True,1.0,One,43050.0,False,2.0,Palmdale,93543,0.0,43050.0,275.42461885940145,2.0,36.0,0,442.75,0.04113821138211382,13.097613613180833,13.17777615494877,13.186780940260913,533268.826151558
True,False,2025-12-17,1949000.0,32.920344,-117.232906,2541.0,92130 - Carmel Valley,True,3.0,0.1152,1998.0,4.0,San Diego,4.0,True,2.0,Two,5018.0,False,3.0,San Dieguito Union,92130,210.0,5018.0,767.0208579299489,1.0,27.0,0,635.25,0.5063770426464727,14.482826978489697,14.674172177001793,14.622154633150915,2240376.820567588
True,True,2025-12-30,1165000.0,33.948982,-117.336146,4030.0,252 - Riverside,True,3.0,0.41,1968.0,4.0,Riverside,5.0,True,1.0,One,17860.0,False,3.0,Riverside Unified,92506,0.0,17860.0,289.0818858560794,1.25,57.0,0,806.0,0.22564389697648377,13.968231644981937,13.493926933836812,14.092331671836751,1318930.4115768522
True,False,2025-12-23,1125000.0,37.48034801,-122.21067169,1080.0,699 - Not Defined,False,2.0,0.0918,1940.0,2.0,Redwood City,2.0,False,1.0,One,4000.0,False,0.0,Other,94063,0.0,4000.0,1041.6666666666667,1.0,85.0,0,540.0,0.27,13.933293593620657,14.223635246811238,13.942728142847677,1135664.0942399912
False,True,2025-12-22,569000.0,34.09499,-117.37235,1367.0,272 - Rialto,False,2.0,0.162,1978.0,2.0,Rialto,4.0,False,1.0,One,7056.0,False,2.0,Rialto Unified,92376,0.0,7056.0,416.2399414776884,2.0,47.0,0,341.75,0.1937358276643991,13.251635713108469,13.253391639810733,13.173393383638459,526177.2350020334
True,False,2025-12-03,792000.0,34.740694,-120.274178,1655.0,LALM - Los Alamos,True,0.0,0.19,1997.0,2.0,Los Alamos,4.0,True,1.0,One,8276.0,False,2.0,Placentia-Yorba Linda Unified,93440,150.0,8276.0,478.5498489425982,2.0,28.0,0,413.75,0.1999758337361044,13.582316670796564,13.74399378885756,13.643278679889134,841783.9592923011
False,True,2025-12-19,700000.0,34.210221999999995,-118.391826,1018.0,NHO - North Hollywood,False,1.0,0.1612,1948.0,1.0,North Hollywood,2.0,True,1.0,One,7021.0,False,1.0,Los Angeles Unified,91605,0.0,7021.0,687.62278978389,2.0,77.0,0,509.0,0.1449935906566016,13.458835614025542,13.670484785914017,13.476329796048725,712353.671036334
True,False,2025-12-12,1400000.0,37.86340004,-122.25399482,2374.0,699 - Not Defined,True,2.0,0.0735,1906.0,3.0,Berkeley,6.0,True,2.0,Two,3200.0,False,2.0,Other,94704,0.0,3200.0,589.7219882055603,2.0,119.0,0,395.6666666666667,0.741875,14.151982794585487,13.965562854189443,13.98178773170268,1180900.370936462
True,True,2025-12-18,1185000.0,34.170198,-117.484103,4160.0,264 - Fontana,True,3.0,0.2979,2006.0,5.0,Fontana,5.0,True,2.0,Two,12978.0,False,3.0,Chaffey Joint Union High,92336,375.0,12978.0,284.8557692307692,1.0,19.0,0,832.0,0.3205424564647866,13.985253332551368,13.487006490992238,13.994007060367371,1195418.7021734165
True,False,2025-12-01,1800000.0,35.594896000000006,-120.68226,3217.0,PSOR - Paso Robles,True,3.0,12.8,1999.0,4.0,Paso Robles,7.0,True,1.0,One,557568.0,False,3.0,Paso Robles Joint Unified,93446,0.0,557568.0,559.5275101025801,1.75,26.0,0,459.57142857142856,0.005769699839302112,14.403297222866392,13.591116224748411,14.118266333839989,1353583.8462419661
False,False,2025-12-11,540000.0,33.936887,-118.240277,1028.0,C34 - Los Angeles Southwest,True,0.0,0.0779,1922.0,2.0,Los Angeles,3.0,False,1.0,One,3393.0,False,0.0,Los Angeles Unified,90059,0.0,3393.0,525.2918287937744,1.5,103.0,0,342.6666666666667,0.30297671676982024,13.199324418540456,13.31294958517389,13.242860689527369,564028.8544406821
True,False,2025-12-15,1875000.0,33.843767,-117.554559,3930.0,248 - Corona,True,9.0,0.51,2000.0,4.0,Corona,4.0,True,1.0,One,22216.0,False,3.0,Corona-Norco Unified,92881,0.0,22216.0,477.09923664122135,1.0,25.0,0,982.5,0.1768995318689233,14.444119217386648,13.6909268947726,14.313514355784767,1645433.3724527876
False,False,2025-12-01,800000.0,34.08077,-117.713849,1613.0,683 - Claremont,True,2.0,0.186,1952.0,2.0,Claremont,3.0,True,1.0,One,8103.0,False,2.0,Claremont Unified,91711,0.0,8103.0,495.9702417854929,1.5,73.0,0,537.6666666666666,0.19906207577440455,13.592367006650065,13.9108207377686,13.835282380191632,1019968.5793137627
False,False,2025-12-26,669500.0,33.586296999999995,-117.225262,2274.0,SRCAR - Southwest Riverside County,True,3.0,0.18,2002.0,2.0,Murrieta,4.0,True,1.0,One,7841.0,False,3.0,Murrieta,92562,0.0,7841.0,294.415127528584,2.0,23.0,0,568.5,0.2900140288228542,13.414286444113364,13.487006490992238,13.501223516027103,730309.3686544166
True,False,2025-12-12,585000.0,34.275509,-117.177176,1911.0,287A - Arrowhead Woods,True,2.0,0.2089,1983.0,3.0,Lake Arrowhead,3.0,True,2.0,Two,9100.0,False,2.0,Rim of the World,92352,0.0,9100.0,306.1224489795918,1.0,42.0,0,637.0,0.21,13.279367126213993,13.412043452518782,13.395021778986509,656725.7476151867
False,False,2025-12-30,1385000.0,36.97183198,-122.05488417,1620.0,699 - Not Defined,True,3.0,0.142,1966.0,2.0,Santa Cruz,3.0,True,2.0,One,6186.0,False,1.0,Other,95060,0.0,6186.0,854.9382716049382,1.5,59.0,0,540.0,0.2618816682832202,14.141210697603576,14.204168547756057,14.118764067619844,1354257.7383416265
True,True,2025-12-12,685000.0,34.605505,-118.189245,2394.0,PLM - Palmdale,True,3.0,0.4019,1989.0,3.0,Palmdale,4.0,True,2.0,Two,17507.0,False,3.0,Antelope Valley Union,93551,0.0,17507.0,286.13199665831246,1.3333333333333333,36.0,0,598.5,0.1367453018792483,13.437174117244362,13.345506928718539,13.482365060184028,716665.9132700055
True,False,2025-12-16,890000.0,34.205110999999995,-118.14723899999998,1426.0,604 - Altadena,False,2.0,0.1508,1951.0,1.0,Altadena,2.0,True,1.0,One,6570.0,False,2.0,Escondido Union,91001,0.0,6570.0,624.1234221598878,2.0,74.0,0,713.0,0.21704718417047184,13.698976741708323,13.926582083454587,13.750813731870426,937351.6008499612
False,False,2025-12-05,590000.0,33.601465000000005,-117.176902,1660.0,SRCAR - Southwest Riverside County,True,2.0,0.07,2005.0,3.0,Murrieta,3.0,True,2.0,Two,3049.0,False,2.0,Murrieta,92562,194.0,3049.0,355.421686746988,1.0,20.0,0,553.3333333333334,0.5444408002623811,13.287877815881902,13.487006490992238,13.3110898923664,603855.3082651111
True,False,2025-12-23,650000.0,34.238464,-117.177495,1263.0,287 - Arrowhead Area,False,1.0,0.2267,1946.0,2.0,Lake Arrowhead,3.0,True,2.0,Two,9875.0,False,1.0,Rim of the World,92385,0.0,9875.0,514.6476642913698,1.5,79.0,0,421.0,0.1278987341772152,13.38472764187182,13.049792684569493,12.902232891126294,401207.04355164664
True,False,2025-12-26,625000.0,34.043099,-118.194185,990.0,BOYH - Boyle Heights,False,1.0,0.1065,1924.0,2.0,Los Angeles,4.0,False,1.0,One,4638.0,False,1.0,Los Angeles Unified,90063,0.0,4638.0,631.3131313131313,2.0,101.0,0,247.5,0.21345407503234154,13.345506928718539,13.436422313574042,13.375128916042708,643790.6766820065
True,False,2025-12-02,860000.0,33.875754,-117.759902,1342.0,85 - Yorba Linda,True,2.0,0.0716,1988.0,2.0,Yorba Linda,3.0,True,1.0,One,3120.0,False,2.0,Placentia-Yorba Linda Unified,92887,550.0,3120.0,640.8345752608047,1.5,37.0,0,447.3333333333333,0.43012820512820515,13.664687668229691,14.31598272370925,13.930876134576517,1122283.6432388413
False,True,2025-12-12,5200000.0,34.167832000000004,-118.50468,7200.0,ENC - Encino,True,2.0,0.4009,2022.0,7.0,Encino,6.0,True,2.0,Two,17463.0,False,2.0,Los Angeles Unified,91316,0.0,17463.0,722.2222222222222,0.8571428571428571,3.0,0,1200.0,0.4123002920460402,15.464169183551656,14.300596894375873,15.580109541009046,5839230.258167485
True,False,2025-12-15,395000.0,39.522995,-121.46309,1744.0,92011 - Carlsbad,True,2.0,0.19,2003.0,2.0,Oroville,3.0,True,1.0,One,8276.0,False,2.0,Oroville Union,95966,30.0,8276.0,226.4908256880734,1.5,22.0,0,581.3333333333334,0.21072982116964717,12.886641043883259,12.821258284620408,12.845327317361566,379013.58106288954
False,True,2025-12-02,6750000.0,33.599788000000004,-117.860997,3366.0,CS - Corona Del Mar - Spyglass,True,6.0,0.3174,1968.0,4.0,Corona Del Mar,5.0,True,2.0,Two,13824.0,False,3.0,Newport Mesa Unified,92625,108.0,13824.0,2005.347593582888,1.25,57.0,0,673.2,0.24348958333333334,15.725053062848712,15.317162327489429,15.484968548126535,5309289.330124572
False,False,2025-12-02,2125000.0,34.104728,-118.09708899999998,3479.0,654 - San Gabriel,False,5.0,0.3819,1915.0,4.0,San Gabriel,4.0,True,2.0,Two,16635.0,False,2.0,Los Alamitos Unified,91775,0.0,16635.0,610.8077033630353,1.0,110.0,0,869.75,0.20913736098587316,14.569282360340654,14.157248338395881,14.754747981973948,2558029.982117739
False,True,2025-12-01,849000.0,36.70863007,-121.60951575,1974.0,699 - Not Defined,True,3.0,0.1579,2000.0,3.0,Salinas,3.0,True,1.0,Two,6876.0,False,3.0,Other,93906,160.0,6876.0,430.09118541033433,1.0,25.0,0,658.0,0.2870855148342059,13.651814465293484,13.472921052508891,13.460993018326988,701511.8132208042
True,False,2025-12-04,395000.0,34.670973,-118.163813,1516.0,LAC - Lancaster,True,2.0,0.2346,1978.0,2.0,Lancaster,4.0,True,1.0,One,10217.0,False,2.0,Antelope Valley Union,93536,0.0,10217.0,260.55408970976254,2.0,47.0,0,379.0,0.14838015072917687,12.886641043883259,13.224918336616522,13.126113136219487,501878.3989781776
True,False,2025-12-12,375000.0,34.488937,-117.900834,1704.0,PBLM - Pearblossom,False,0.0,2.5194,1953.0,1.0,Pearblossom,2.0,True,1.0,One,109743.0,False,0.0,ABC Unified,93553,0.0,109743.0,220.0704225352113,2.0,72.0,0,852.0,0.015527186244225144,12.834681304952548,13.05603862945658,12.863446872956267,385943.7347617354
False,False,2025-12-19,555000.0,33.995597,-118.27315,1168.0,C42 - Downtown L.A.,False,2.0,0.1167,1908.0,2.0,Los Angeles,3.0,False,1.0,One,5084.0,False,2.0,Beaumont,90011,0.0,5084.0,475.17123287671234,1.5,117.0,0,389.3333333333333,0.22974036191974823,13.226723392728571,13.174002552131078,13.099504027775627,488699.97288564465
True,False,2025-12-01,1425000.0,33.705003999999995,-118.026884,1669.0,15 - West Huntington Beach,True,2.0,0.1377,1965.0,2.0,Huntington Beach,3.0,True,1.0,One,6000.0,False,2.0,Huntington Beach Union High,92649,0.0,6000.0,853.80467345716,1.5,60.0,0,556.3333333333334,0.2781666666666667,14.169682371684887,14.330128979968961,14.183148292061281,1444318.7167645674
True,True,2025-12-19,820000.0,34.073489,-117.747268,1864.0,687 - Pomona,False,2.0,0.1734,1957.0,2.0,Pomona,4.0,True,1.0,One,7554.0,False,2.0,Pomona Unified,91767,0.0,7554.0,439.9141630901288,2.0,68.0,0,466.0,0.2467566851998941,13.617059619240436,13.422467969854667,13.429187571076094,679551.0041667485
True,False,2025-12-09,289900.0,34.85258,-119.153436,1268.0,PMCL - Pine Mountain Club,True,0.0,0.2408,1973.0,2.0,Pine Mountain Club,2.0,True,1.0,One,10490.0,False,0.0,El Tejon Unified,93222,1985.0,10490.0,228.62776025236596,1.0,52.0,0,634.0,0.12087702573879885,12.577291314909747,12.793859310432293,12.66509104139315,316503.9628664858
True,False,2025-12-02,1025000.0,34.109058000000005,-117.785972,2592.0,684 - La Verne,True,2.0,0.1709,1977.0,4.0,La Verne,4.0,True,1.0,"One,Two",7446.0,False,2.0,Bonita Unified,91750,0.0,7446.0,395.4475308641975,1.0,48.0,0,648.0,0.34810636583400484,13.840203170554645,13.758940206475879,13.978260072636637,1176741.8961898738
False,False,2025-12-01,630000.0,37.99054916,-121.81818622,2236.0,91935 - Jamul,True,2.0,0.2672,1979.0,3.0,Antioch,5.0,True,2.0,Two,11640.0,False,2.0,Compton Unified,94509,0.0,11640.0,281.7531305903399,1.6666666666666667,46.0,0,447.2,0.1920962199312715,13.353475098367715,13.199324418540456,13.320198431415406,609380.6737227433
True,False,2025-12-15,1020000.0,34.264555,-116.874819,3190.0,289 - Big Bear Area,True,8.0,0.326,2007.0,4.0,Big Bear,5.0,True,2.0,Two,14200.0,False,2.0,Los Angeles Unified,92315,0.0,14200.0,319.7492163009404,1.25,18.0,0,638.0,0.22464788732394367,13.835313185260453,13.398478813484644,13.739842104044103,927123.5397841361
False,False,2025-12-24,864182.0,33.650729,-117.126893,3700.0,SRCAR - Southwest Riverside County,True,3.0,0.1542,2025.0,4.0,Menifee,5.0,True,2.0,Two,6718.0,False,3.0,Perris Union High,92584,180.0,6718.0,233.5627027027027,1.25,0.0,0,740.0,0.5507591545102709,13.669538673751134,13.353475098367715,13.605664382399167,810708.9432242534
True,False,2025-12-02,800000.0,32.5754874,-117.08703433,1526.0,92154 - Otay Mesa,True,4.0,0.1307,1984.0,2.0,San Diego,4.0,True,1.0,One,5694.0,False,2.0,Corona-Norco Unified,92154,0.0,5694.0,524.2463958060289,2.0,41.0,0,381.5,0.26800140498770636,13.592367006650065,13.579788224443204,13.516878995496059,741832.6780916181
True,False,2025-12-23,880000.0,33.978667,-117.907315,1579.0,652 - Rowland Heights,True,2.0,0.1485,1961.0,2.0,Rowland Heights,3.0,False,1.0,One,6467.0,False,2.0,Rowland Unified,91748,0.0,6467.0,557.3147561747942,1.5,64.0,0,526.3333333333334,0.2441626720272151,13.687677186454389,13.9016461684345,13.774261572457442,959590.1761546572
True,False,2025-12-02,1450000.0,33.753974,-118.117979,2005.0,"1 - Belmont Shore/Park,Naples,Marina Pac,Bay Hrbr",True,2.0,0.0549,1963.0,3.0,Long Beach,4.0,True,2.0,Two,2392.0,False,2.0,Long Beach Unified,90803,0.0,2392.0,723.1920199501246,1.3333333333333333,62.0,0,501.25,0.8382107023411371,14.187074114396758,14.288556669519746,14.160071986396083,1411370.796809086
True,False,2025-12-12,635898.0,33.747778000000004,-117.222716,3010.0,SRCAR - Southwest Riverside County,True,7.0,0.1607,2025.0,3.0,Perris,5.0,False,2.0,Two,7000.0,True,4.0,Perris Union High,92570,98.0,7000.0,211.26179401993355,1.6666666666666667,0.0,0,602.0,0.43,13.362793452101945,13.32666315004938,13.452256192019048,695409.5224994723
False,False,2025-12-09,960000.0,33.927917,-117.662093,2610.0,682 - Chino Hills,True,3.0,0.1843,1988.0,3.0,Chino Hills,4.0,True,2.0,Two,8030.0,False,3.0,Chino Valley Unified,91709,0.0,8030.0,367.81609195402297,1.3333333333333333,37.0,0,652.5,0.32503113325031135,13.77468856344402,13.901688254205327,14.007381358638366,1211513.9800633346
False,False,2025-12-12,690000.0,33.883846000000005,-118.202072,1560.0,"RO - Compton S of Rosecrans, E of Alameda",False,1.0,0.1421,1940.0,3.0,Compton,4.0,False,1.0,One,6188.0,False,1.0,Compton Unified,90221,0.0,6188.0,442.3076923076923,1.3333333333333333,85.0,0,390.0,0.25210084033613445,13.444446876573442,13.353475098367715,13.401671022342,661107.0268826853
True,False,2025-12-19,300000.0,33.336034999999995,-115.970891,1500.0,316 - Thermal,True,2.0,0.2228,2006.0,2.0,Thermal,4.0,False,2.0,One,9703.0,False,2.0,San Luis Coastal Unified,92274,275.0,9703.0,200.0,2.0,19.0,0,375.0,0.15459136349582603,12.611537753638338,12.644327576461329,12.653799873541002,312950.36339404405
True,True,2025-12-17,915000.0,33.738291,-116.19045,2431.0,309 - Indio North of East Valley,True,2.0,0.17,2005.0,3.0,Indio,5.0,True,2.0,Two,7405.0,False,2.0,Chino Valley Unified,92203,303.0,7405.0,376.38831756478817,1.6666666666666667,20.0,0,486.2,0.3282916948008103,13.726679344257658,13.255142955086335,13.314743007295284,606065.2953172316
False,False,2025-12-22,1133000.0,33.848285,-117.764001,1698.0,77 - Anaheim Hills,True,2.0,0.2181,1975.0,2.0,Anaheim,3.0,True,1.0,One,9500.0,False,2.0,Orange Unified,92807,202.0,9500.0,667.2555948174323,1.5,50.0,0,566.0,0.17873684210526317,13.940379540010143,13.997832114758229,13.913937749171797,1103434.061767987
True,False,2025-12-19,960000.0,35.033483000000004,-120.540586,1676.0,NPMO - Nipomo,True,2.0,0.2286,2013.0,2.0,Nipomo,2.0,True,1.0,One,9959.0,False,2.0,San Luis Coastal Unified,93444,377.0,9959.0,572.7923627684964,1.0,12.0,0,838.0,0.16828998895471434,13.77468856344402,13.855084652589102,13.698614259166778,889677.4490011099
True,False,2025-12-19,1460000.0,33.78324,-117.939654,2080.0,"64 - Garden Grove E of Euclid, W of Harbor",True,4.0,0.1663,2025.0,4.0,Garden Grove,6.0,False,1.0,One,7245.0,True,2.0,Garden Grove Unified,92840,0.0,7245.0,701.9230769230769,1.5,0.0,0,346.6666666666667,0.28709454796411316,14.19394699368452,13.864300722133706,14.01532351446708,1221174.3240810204
False,False,2025-12-03,6150000.0,33.927873,-118.133687,504.0,"D4 - Southeast Downey, S of Firestone, E of Downey",True,0.0,0.1154,1947.0,1.0,Downey,1.0,False,1.0,One,5025.0,False,0.0,Downey Unified,90242,0.0,5025.0,12202.380952380952,1.0,78.0,0,504.0,0.10029850746268656,15.631962639782701,13.652991628466498,13.140611469573379,509207.80299373483
True,False,2025-12-23,1125000.0,34.100394,-118.231625,1818.0,680 - Mount Washington,True,4.0,0.115,1992.0,3.0,Los Angeles,3.0,True,2.0,MultiSplit,5011.0,False,2.0,Victor Valley Unified,90065,0.0,5011.0,618.8118811881188,1.0,33.0,0,606.0,0.36280183596088605,13.933293593620657,14.050977780915009,13.973513206166041,1171169.2961961625
True,True,2025-12-02,2040000.0,33.94985,-117.357623,5084.0,252 - Riverside,True,7.0,0.78,2018.0,6.0,Riverside,6.0,True,2.0,Two,33977.0,False,3.0,Riverside Unified,92506,235.0,33977.0,401.2588512981904,1.0,7.0,0,847.3333333333334,0.14963063248668218,14.528460365820399,13.493926933836812,14.521037079002578,2024912.5633593486
True,True,2025-12-03,5487000.0,33.04725558,-117.21871359,6270.0,92067 - Rancho Santa Fe,True,3.0,3.39,1991.0,6.0,Rancho Santa Fe,5.0,True,1.0,One,147668.0,False,3.0,Rim of the World,92067,0.03,147668.0,875.1196172248804,0.8333333333333334,34.0,0,1254.0,0.042460113226968604,15.517892216041112,15.37889082594447,15.45198094922066,5137005.855008274
True,False,2025-12-18,915000.0,33.893324,-118.359981,1609.0,699 - Not Defined,False,2.0,0.1413,1959.0,2.0,Lawndale,4.0,False,1.0,One,6156.0,False,2.0,Centeniela Valley Union High,90260,0.0,6156.0,568.6761963952765,2.0,66.0,0,402.25,0.26137102014295,13.726679344257658,13.592367006650065,13.589499069844058,797708.9374368634
False,False,2025-12-05,669780.0,38.32057090000001,-121.94103590000002,2124.0,699 - Not Defined,True,2.0,0.0897,2025.0,3.0,Vacaville,4.0,False,1.0,One,3906.0,False,2.0,Other,95687,112.0,3906.0,315.33898305084745,1.3333333333333333,0.0,0,531.0,0.543778801843318,13.414704579236833,13.424850009081805,13.426022636059084,677403.6692779626
True,False,2025-12-05,1510000.0,37.65742906,-122.4883419,1950.0,699 - Not Defined,True,2.0,0.0927,1967.0,3.0,Pacifica,4.0,True,1.0,One,4037.0,False,2.0,Other,94044,0.0,4037.0,774.3589743589744,1.3333333333333333,58.0,0,487.5,0.4830319544216002,14.227620208791107,14.038654109278484,14.011454020580018,1216458.1280294745
False,False,2025-12-16,2400000.0,34.031056,-118.511907,2048.0,C14 - Santa Monica,False,4.0,0.2051,1948.0,4.0,Santa Monica,3.0,True,2.0,Two,8932.0,False,2.0,Redlands Unified,90402,290.0,8932.0,1171.875,0.75,77.0,0,682.6666666666666,0.22928795342588446,14.690979295318174,15.464169183551656,15.27432228372578,4300845.906360013
True,False,2025-12-16,788000.0,34.28029,-118.694688,2035.0,SVE - East Simi,True,2.0,0.07,2000.0,3.0,Simi Valley,3.0,True,1.0,One,3049.0,False,2.0,Simi Valley Unified,93063,170.0,3049.0,387.2235872235872,1.0,25.0,0,678.3333333333334,0.6674319448999672,13.577253368840017,13.637546696375418,13.67032368009301,864860.6546898006
False,False,2025-12-09,670000.0,33.90797,-117.48159,1445.0,252 - Riverside,True,2.0,0.23,1975.0,2.0,Riverside,4.0,True,1.0,One,10019.0,False,2.0,Alvord Unified,92505,0.0,10019.0,463.66782006920414,2.0,50.0,0,361.25,0.14422597065575407,13.415032991367148,13.38779984090879,13.339307602229734,621137.4060554552
True,False,2025-12-02,950000.0,34.443596,-118.469373,2696.0,CAN1 - Canyon Country 1,True,2.0,0.6415,2021.0,4.0,Canyon Country,5.0,True,2.0,Two,27944.0,False,2.0,William S. Hart Union,91351,181.0,27944.0,352.37388724035605,1.25,4.0,0,539.2,0.09647867162897222,13.764217263576723,13.527828485512494,13.966504027663795,1162989.0633889849
False,False,2025-12-10,447000.0,33.754932000000004,-117.054896,2024.0,SRCAR - Southwest Riverside County,True,2.0,0.13,2005.0,2.0,Hemet,2.0,True,1.0,One,5662.0,False,2.0,Hemet Unified,92545,184.0,5662.0,220.8498023715415,1.0,20.0,0,1012.0,0.35747085835393855,13.010313873595706,12.990536830078119,12.919488414852076,408190.1565774152
True,False,2025-12-01,1040000.0,34.190227,-118.870135,1708.0,TOE - Thousand Oaks East,True,2.0,0.26,2014.0,3.0,Thousand Oaks,3.0,False,1.0,One,11325.0,False,2.0,Apple Valley Unified,91360,986.0,11325.0,608.8992974238876,1.0,11.0,0,569.3333333333334,0.1508167770419426,13.854731271117556,13.909911233385758,13.751674233654715,938158.540711801
True,True,2025-12-26,2200000.0,33.11423513,-117.23651008,3758.0,92009 - Carlsbad,True,7.0,0.257,2004.0,5.0,Carlsbad,4.0,True,2.0,Two,11193.0,False,3.0,Jamul-Dulzara Union,92009,115.0,11193.0,585.4177754124535,0.8,21.0,0,939.5,0.3357455552577504,14.603967918328545,14.457364444136669,14.80552745829996,2691279.9554995922
True,False,2025-12-17,410000.0,34.48727,-117.310903,1587.0,699 - Not Defined,True,2.0,0.1865,2006.0,2.0,Victorville,3.0,True,1.0,One,8126.0,False,2.0,Victor Valley Union High,92395,0.0,8126.0,258.349086326402,1.5,19.0,0,529.0,0.1952990401181393,12.92391243868049,12.947950462906661,12.910956288085599,404722.2417987665
True,False,2025-12-08,600000.0,33.720327000000005,-117.423125,1639.0,248 - Corona,True,2.0,0.2,2000.0,2.0,Corona,3.0,True,1.0,One,8712.0,False,2.0,Lake Elsinore Unified,92883,110.0,8712.0,366.0768761439903,1.5,25.0,0,546.3333333333334,0.18813131313131312,13.304684934198283,13.547957803444275,13.465322938311694,704555.8887862772
False,False,2025-12-16,840000.0,33.866304,-117.952828,1273.0,83 - Fullerton,True,3.0,0.1457,1955.0,2.0,Fullerton,3.0,True,1.0,One,6345.0,False,3.0,Fullerton Joint Union High,92833,0.0,6345.0,659.858601728201,1.5,70.0,0,424.3333333333333,0.20063041765169426,13.641157170819497,13.87377946608825,13.781018537832214,966096.04897462
True,False,2025-12-04,1200000.0,37.96610756,-122.1264674,2809.0,SRCAR - Southwest Riverside County,True,2.0,1.84,1959.0,3.0,Martinez,3.0,True,2.0,Two,80151.0,False,2.0,Martinez,94553,55.0,80151.0,427.1982912068352,1.0,66.0,0,936.3333333333334,0.035046350014347916,13.997832114758229,13.604789526648622,13.943966692573637,1137071.5421098617
True,False,2025-12-04,565000.0,33.652729,-117.372768,2505.0,SRCAR - Southwest Riverside County,True,2.0,0.22,2003.0,3.0,Lake Elsinore,4.0,True,2.0,Two,9583.0,False,2.0,Lake Elsinore Unified,92530,0.0,9583.0,225.5489021956088,1.3333333333333333,22.0,0,626.25,0.26140039653553165,13.244581010128577,13.270783382522602,13.403109937046617,662058.9882363359
False,False,2025-12-12,572394.0,34.367889,-117.279821,2691.0,HSP - Hesperia,True,3.0,6900.0,2025.0,3.0,Hesperia,5.0,False,1.0,One,6900.0,True,3.0,Hesperia Unified,92345,157.0,300564000.0,212.70680044593087,1.6666666666666667,0.0,0,538.2,8.953168044077135e-06,13.257582844429201,13.064514272196533,13.439359149055429,686498.3832019091
True,False,2025-12-03,600000.0,33.928448,-116.88423,2200.0,263 - Banning/Beaumont/Cherry Valley,False,0.0,0.45,1964.0,4.0,Banning,6.0,False,1.0,One,19602.0,False,0.0,Banning Unified,92220,0.0,19602.0,272.72727272727275,1.5,61.0,0,366.6666666666667,0.1122334455667789,13.304684934198283,12.994530005894443,13.140545356663573,509174.1388970108
False,False,2025-12-17,900000.0,33.529342,-117.144349,3432.0,SRCAR - Southwest Riverside County,True,3.0,0.23,2000.0,4.0,Temecula,6.0,True,2.0,Two,10019.0,False,3.0,Temecula Unified,92591,0.0,10019.0,262.23776223776224,1.5,25.0,0,572.0,0.34254915660245533,13.710150042306449,13.514405465180353,13.764300831792038,950079.3931218736
False,False,2025-12-12,1425000.0,34.290868,-118.736123,3800.0,SVC - Central Simi,True,3.0,0.41,1980.0,4.0,Simi Valley,6.0,True,1.0,One,17859.0,False,3.0,Riverside Unified,93063,0.0,17859.0,375.0,1.5,45.0,0,633.3333333333334,0.21277787110140545,14.169682371684887,13.637546696375418,14.0779751632014,1300130.449545119
True,False,2025-12-09,650000.0,33.70857,-117.143985,2314.0,SRCAR - Southwest Riverside County,True,3.0,0.18,2012.0,3.0,Menifee,3.0,True,1.0,One,7841.0,False,3.0,Perris Union High,92585,76.5,7841.0,280.8988764044944,1.0,13.0,0,771.3333333333334,0.2951154189516643,13.38472764187182,13.304684934198283,13.379918945791786,646881.8506727582
False,False,2025-12-30,1010000.0,33.950779,-117.617649,2726.0,681 - Chino,True,3.0,0.1264,2025.0,3.0,Chino,5.0,False,2.0,Two,5504.0,True,3.0,Chino Valley Unified,91708,198.0,5504.0,370.5062362435803,1.6666666666666667,0.0,0,545.2,0.4952761627906977,13.825460888817442,13.618800958084467,13.757207107910753,943363.6402519062
False,False,2025-12-12,629990.0,33.700312,-117.12576,1890.0,SRCAR - Southwest Riverside County,True,4.0,0.1522,2025.0,3.0,Winchester,4.0,False,1.0,One,6632.0,True,2.0,Perris Union High,92596,0.0,6632.0,333.3280423280424,1.3333333333333333,0.0,0,472.5,0.2849819059107358,13.353459225225865,13.337474757021274,13.319639684862599,609040.2794778649
False,False,2025-12-08,409000.0,33.730068,-117.190883,1773.0,SRCAR - Southwest Riverside County,True,2.0,0.1,1999.0,3.0,Menifee,2.0,True,1.0,One,4356.0,False,2.0,Perris Union High,92585,155.0,4356.0,230.68245910885503,0.6666666666666666,26.0,0,886.5,0.40702479338842973,12.921470435024938,13.304684934198283,13.137050562434071,507397.78585672926
False,True,2025-12-10,495000.0,35.351204,-119.084072,2113.0,BKSF - Bakersfield,True,2.0,0.222,1966.0,3.0,Bakersfield,4.0,True,1.0,One,9671.0,False,2.0,Bakersfield City,93309,0.0,9671.0,234.2640795078088,1.3333333333333333,59.0,0,528.25,0.2184882638817082,13.112313041550827,12.80765263256463,12.927751582662937,411577.07440361177
False,False,2025-12-04,650000.0,34.007983,-117.958846,948.0,631 - Hacienda Heights,True,2.0,0.1486,1954.0,1.0,Hacienda Heights,3.0,False,1.0,One,6471.0,False,2.0,Hacienda La Puente Unified,91745,0.0,6471.0,685.6540084388186,3.0,71.0,0,316.0,0.14649976819656932,13.38472764187182,13.845069360205818,13.570827183540207,782952.401754967
False,False,2025-12-26,505000.0,34.688583,-118.191748,2101.0,LAC - Lancaster,True,2.0,0.2299,1987.0,3.0,Lancaster,3.0,True,2.0,Two,10015.0,False,2.0,Antelope Valley Union,93536,0.0,10015.0,240.36173250832937,1.0,38.0,0,700.3333333333334,0.20978532201697453,13.132313708257497,13.224918336616522,13.31229473662998,604583.2983385727
True,False,2025-12-19,959000.0,37.26627,-120.414769,2614.0,IRSP - Irvine Spectrum,True,3.0,4.7,2002.0,3.0,Merced,4.0,True,1.0,One,204732.0,False,3.0,Merced Union,95348,0.0,204732.0,366.8706962509564,1.3333333333333333,23.0,0,653.5,0.012767911220522439,13.773646353865574,12.970364687642453,13.331567490119905,616348.2909502563
False,True,2025-12-26,5500000.0,33.611324,-117.888735,3109.0,CS - Corona Del Mar - Spyglass,True,2.0,0.2089,1965.0,4.0,Corona Del Mar,4.0,True,1.0,One,9100.0,False,2.0,Newport Mesa Unified,92625,75.0,9100.0,1769.0575747828884,1.0,60.0,0,777.25,0.34164835164835167,15.520258650202699,15.317162327489429,15.518005177200067,5487619.852888173
False,False,2025-12-05,610000.0,33.741605,-117.110685,2122.0,SRCAR - Southwest Riverside County,False,3.0,0.92,1966.0,2.0,Homeland,4.0,False,1.0,One,40075.0,False,3.0,Perris Union High,92548,0.0,40075.0,287.4646559849199,2.0,59.0,0,530.5,0.05295071740486588,13.321214236149494,13.21676363885016,13.347614402875466,626318.5602759066
True,False,2025-12-05,1263000.0,36.60331106,-121.93316893,2220.0,699 - Not Defined,True,4.0,0.1067,1980.0,3.0,Pacific Grove,4.0,True,1.0,One,4650.0,False,2.0,Other,93950,0.0,4650.0,568.918918918919,1.3333333333333333,45.0,0,555.0,0.4774193548387097,14.049000401332629,14.077867425927353,14.110423164966003,1343008.9839756722
False,False,2025-12-24,949900.0,34.234756,-118.416781,1613.0,ARL - Arleta,True,0.0,0.1382,1953.0,3.0,Arleta,4.0,False,1.0,One,6021.0,False,0.0,Los Angeles Unified,91331,0.0,6021.0,588.9026658400496,1.3333333333333333,72.0,0,403.25,0.2678956983889719,13.764111994878274,13.541073712262515,13.589151071343512,797431.3842196162
True,True,2025-12-19,1325000.0,34.385139,-117.400346,4053.0,OKH - Oak Hills,True,10.0,2.77,2003.0,4.0,Oak Hills,4.0,True,1.0,One,120661.0,False,4.0,Hesperia Unified,92344,0.0,120661.0,326.9183320996793,1.0,22.0,0,1013.25,0.033589975219830766,14.09692301740246,13.180613417425775,13.657967886567306,854240.3612011884
True,False,2025-12-23,2300000.0,34.267374,-117.202079,2528.0,287A - Arrowhead Woods,True,2.0,0.2043,1967.0,4.0,Lake Arrowhead,4.0,True,2.0,Two,8900.0,False,2.0,Rim of the World,92352,0.0,8900.0,909.8101265822784,1.0,58.0,0,632.0,0.2840449438202247,14.648419680899378,13.412043452518782,13.622228844259274,824249.7389809168
True,False,2025-12-09,489000.0,33.912098,-118.241472,808.0,"RN - Compton N of Rosecrans, E of Central",True,0.0,0.1304,1950.0,1.0,Compton,2.0,False,1.0,One,5682.0,False,0.0,Compton Unified,90222,0.0,5682.0,605.1980198019802,2.0,75.0,0,404.0,0.14220344948961633,13.10011776845701,13.304684934198283,13.047983202800378,464159.351775552
True,False,2025-12-01,1035000.0,34.153753,-118.111291,1440.0,699 - Not Defined,False,6.0,0.1376,1928.0,1.0,Pasadena,2.0,True,1.0,One,5996.0,False,2.0,Pasadena Unified,91107,0.0,5996.0,718.75,2.0,97.0,0,720.0,0.24016010673782523,13.849911984681606,14.263026495559501,14.036152108710281,1246876.4085330344
True,False,2025-12-09,920000.0,34.134612,-117.758994,1927.0,684 - La Verne,True,3.0,0.1147,1989.0,3.0,La Verne,4.0,True,2.0,Two,4998.0,False,3.0,Bonita Unified,91750,230.0,4998.0,477.42605085625326,1.3333333333333333,36.0,0,481.75,0.3855542216886755,13.732128949025222,13.758940206475879,13.731162380643504,919111.1867074292
False,False,2025-12-29,645000.0,33.934108,-118.246578,1652.0,WATT - Watts,False,2.0,0.1454,1962.0,3.0,Los Angeles,4.0,False,1.0,One,6332.0,False,2.0,Los Angeles Unified,90059,0.0,6332.0,390.4358353510896,1.3333333333333333,63.0,0,413.0,0.260897030953885,13.37700559577791,13.31294958517389,13.312186291032415,604517.7374964631
True,False,2025-12-18,200000.0,34.234759999999994,-117.181466,894.0,287 - Arrowhead Area,True,0.0,0.2342,1926.0,1.0,Lake Arrowhead,2.0,True,1.0,One,10200.0,False,0.0,Rim of the World,92385,0.0,10200.0,223.71364653243847,2.0,99.0,0,447.0,0.08764705882352941,12.206072645530174,13.049792684569493,12.75235680897777,345364.8968072667
False,False,2025-12-03,885000.0,32.78493127,-116.92064862,1336.0,92019 - El Cajon,True,4.0,0.1377,1961.0,2.0,El Cajon,3.0,False,1.0,One,6000.0,False,2.0,Los Angeles Unified,92019,0.0,6000.0,662.4251497005988,1.5,64.0,0,445.3333333333333,0.22266666666666668,13.693342923990066,13.773646353865574,13.662561810402583,858173.7041791137
True,False,2025-12-23,1630000.0,34.106655,-118.444878,1802.0,C04 - Bel Air - Holmby Hills,True,5.0,0.291,1939.0,2.0,Los Angeles,3.0,True,2.0,Two,12677.0,False,2.0,Long Beach Unified,90077,359.0,12677.0,904.5504994450612,1.5,86.0,0,600.6666666666666,0.1421471957087639,14.304090572782945,14.844970510943792,14.612160333201967,2218097.341970484
True,False,2025-12-03,469900.0,34.447726,-117.33677,1803.0,HSP - Hesperia,True,2.0,0.5158,2007.0,2.0,Hesperia,4.0,True,1.0,One,22470.0,False,2.0,Hesperia Unified,92345,0.0,22470.0,260.6211869107044,2.0,18.0,0,450.75,0.08024032042723632,13.060275185090907,13.064514272196533,13.04995709099192,465076.4552711253
False,False,2025-12-30,440000.0,38.65294792,-121.55378104,1703.0,670 - Whittier,True,2.0,0.1533,2007.0,2.0,Sacramento,2.0,True,1.0,One,6677.0,False,2.0,Redlands Unified,95834-7509,270.0,6677.0,258.36758661186144,1.0,18.0,0,851.5,0.2550546652688333,12.994530005894443,13.698976741708323,13.548211508161465,765444.1313182951
True,False,2025-12-24,855000.0,34.454424,-118.63018999999998,2772.0,HSHL - Hasley Hills,True,2.0,0.1571,2003.0,3.0,Castaic,4.0,False,2.0,Two,6845.0,False,2.0,William S. Hart Union,91384,100.0,6845.0,308.4415584415584,1.3333333333333333,22.0,0,693.0,0.4049671292914536,13.658856747918897,13.602317337503232,13.707375628432851,897506.4881301833
True,True,2025-12-17,1925000.0,37.500787,-122.466236,2270.0,699 - Not Defined,True,2.0,0.1148,1989.0,3.0,El Granada,3.0,True,1.0,One,5000.0,False,2.0,Other,94018,0.0,5000.0,848.0176211453745,1.0,36.0,0,756.6666666666666,0.454,14.470436525704022,14.235010055036241,14.23728125224123,1524658.8715911382
True,False,2025-12-08,1065000.0,33.766628999999995,-118.012849,1820.0,59 - Westminster North of 405 & Westminster,True,2.0,0.1678,1956.0,3.0,Westminster,3.0,False,1.0,One,7310.0,False,2.0,Victor Valley Union High,92683,0.0,7310.0,585.1648351648352,1.0,69.0,0,606.6666666666666,0.24897400820793433,13.878485357125662,13.933293593620657,13.978457539814249,1176974.2870349193
False,False,2025-12-02,1795858.0,37.710704,-121.833326,2612.0,324 - East Palm Desert,True,2.0,0.0899,2025.0,3.0,Dublin,4.0,False,2.0,Two,3916.0,False,2.0,San Diego Unified,94568,369.0,3916.0,687.54134762634,1.3333333333333333,0.0,0,653.0,0.6670071501532175,14.40099346013054,14.288629462085328,14.402068968643297,1797790.4995903042
True,True,2025-12-24,589500.0,34.116452,-117.175705,2118.0,276 - Highland,True,2.0,0.2282,1986.0,3.0,Highland,3.0,True,2.0,Two,9940.0,False,2.0,San Bernardino City Unified,92346,0.0,9940.0,278.328611898017,1.0,39.0,0,706.0,0.2130784708249497,13.287029998959563,13.28681753563043,13.379909855500365,646875.9703549476
True,False,2025-12-24,1450000.0,34.179022,-118.973849,3130.0,NBPK - Newbury Park,True,3.0,0.21,2003.0,3.0,Newbury Park,5.0,True,2.0,Two,9147.0,False,3.0,Ventura Unified,91320,212.0,9147.0,463.258785942492,1.6666666666666667,22.0,0,626.0,0.34218869574723954,14.187074114396758,13.933293593620657,14.156483612507959,1406315.3465428958
True,False,2025-12-29,900000.0,32.823764000000004,-116.533308,3500.0,91962 - Pine Valley,True,6.0,64.0,1990.0,4.0,Pine Valley,6.0,True,2.0,Two,64.0,False,2.0,Mountain Empire Unified,91962,0.0,2787840.0,257.1428571428572,1.5,35.0,0,583.3333333333334,0.0012554522497704316,13.710150042306449,13.415032991367148,14.076588818767537,1298329.2697493702
False,False,2025-12-16,710710.0,34.270781,-119.158708,1319.0,VC28 - Wells Rd. East to City Limit,True,2.0,0.0785,1995.0,3.0,Ventura,3.0,False,2.0,Two,3420.0,False,2.0,Orcutt Union,93004,0.0,3420.0,538.8248673237301,1.0,30.0,0,439.6666666666667,0.38567251461988306,13.474019749350582,13.68710868156085,13.483706117563683,717627.6481084097
True,False,2025-12-15,620000.0,34.116249,-117.149567,2236.0,276 - Highland,True,5.0,0.4408,2001.0,3.0,Highland,4.0,True,1.0,One,19200.0,False,3.0,San Bernardino City Unified,92346,0.0,19200.0,277.2808586762075,1.3333333333333333,24.0,0,559.0,0.11645833333333333,13.337474757021274,13.28681753563043,13.452620833163373,695663.1436610759
False,False,2025-12-04,450000.0,34.555507,-118.05066,1289.0,PLM - Palmdale,True,2.0,0.1613,1991.0,2.0,Palmdale,4.0,True,1.0,One,7025.0,False,2.0,Antelope Valley Union,93552,0.0,7025.0,349.1078355314197,2.0,34.0,0,322.25,0.18348754448398577,13.017002861746503,13.122363377404328,12.990795407446322,438359.8412562809
True,False,2025-12-11,600000.0,35.544803,-120.708184,1504.0,TTON - Templeton,True,2.0,0.0711,2003.0,3.0,Templeton,3.0,True,2.0,Two,3095.0,False,2.0,Templeton Unified,93465,230.0,3095.0,398.93617021276594,1.0,22.0,0,501.3333333333333,0.4859450726978998,13.304684934198283,13.974648779302571,13.760731983042918,946694.7467061585
True,False,2025-12-03,615000.0,34.066056,-117.744715,1190.0,687 - Pomona,False,2.0,0.1357,1901.0,2.0,Pomona,3.0,True,1.0,One,5913.0,False,0.0,Pomona Unified,91767,0.0,5913.0,516.8067226890756,1.5,124.0,0,396.6666666666667,0.20125147979029256,13.329377546788654,13.422467969854667,13.357626273410899,632620.6759561733
True,False,2025-12-14,413333.0,36.347447,-119.433348,1854.0,92019 - El Cajon,True,2.0,0.072,2025.0,3.0,Visalia,3.0,False,2.0,Two,3135.0,True,2.0,Visalia Unified,93291,104.96,3135.0,222.94120819848976,1.0,0.0,0,618.0,0.5913875598086125,12.932008842461173,12.89921982609012,12.980416031842516,433833.4708992452
True,False,2025-12-02,1650000.0,37.50435698,-122.46399961,2080.0,699 - Not Defined,True,2.0,0.1965,1964.0,3.0,El Granada,4.0,True,1.0,One,8560.0,False,2.0,Other,94018,0.0,8560.0,793.2692307692307,1.3333333333333333,61.0,0,520.0,0.24299065420560748,14.316285845876763,14.235010055036241,14.255436602157355,1552592.3910422127
True,False,2025-12-14,399714.0,36.347447,-119.433348,1854.0,SRCAR - Southwest Riverside County,True,2.0,0.072,2025.0,3.0,Visalia,3.0,False,2.0,Two,3135.0,True,2.0,Visalia Unified,93291,104.96,3135.0,215.59546925566343,1.0,0.0,0,618.0,0.5913875598086125,12.898504570355712,12.89921982609012,12.980416031842516,433833.4708992452
True,False,2025-12-14,397697.0,36.347447,-119.433348,1662.0,SRCAR - Southwest Riverside County,True,2.0,0.072,2025.0,3.0,Visalia,3.0,False,2.0,Two,3135.0,True,2.0,Visalia Unified,93291,104.96,3135.0,239.2882069795427,1.0,0.0,0,554.0,0.5301435406698565,12.893445687792928,12.89921982609012,12.925837160293163,410789.89578208665
True,True,2025-12-16,1200000.0,34.148534000000005,-117.563724,3421.0,688 - Rancho Cucamonga,True,3.0,0.2762,1989.0,3.0,Rancho Cucamonga,4.0,True,2.0,Two,12031.0,False,3.0,Cucamonga,91737,0.0,12031.0,350.7746273019585,1.3333333333333333,36.0,0,855.25,0.2843487656886377,13.997832114758229,13.75893124807979,14.023909751160303,1231704.7595821836
True,True,2025-12-09,417088.0,33.722346,-116.26162,1605.0,699 - Not Defined,True,2.0,0.11,1999.0,2.0,Indio,2.0,True,1.0,One,4792.0,False,2.0,Victor Valley Union High,92201,525.0,4792.0,259.86791277258567,1.0,26.0,0,802.5,0.3349332220367279,12.941052509692053,13.235692062711331,13.025081929960713,453650.3063785003
True,False,2025-12-14,392740.0,36.347447,-119.433348,1662.0,5 - Wrigley Area,True,2.0,0.072,2025.0,3.0,Visalia,3.0,False,2.0,Two,3135.0,True,2.0,Visalia Unified,93291,104.96,3135.0,236.30565583634177,1.0,0.0,0,554.0,0.5301435406698565,12.880903094304221,12.89921982609012,12.925837160293163,410789.89578208665
True,False,2025-12-14,399714.0,36.347447,-119.433348,1662.0,"RB - Cerritos South of 91 Frwy, E of Norwalk",True,2.0,0.072,2025.0,3.0,Visalia,3.0,False,2.0,Two,3135.0,True,2.0,Visalia Unified,93291,104.96,3135.0,240.5018050541516,1.0,0.0,0,554.0,0.5301435406698565,12.898504570355712,12.89921982609012,12.925837160293163,410789.89578208665
True,False,2025-12-15,677000.0,32.778602,-116.888618,1351.0,92019 - El Cajon,True,2.0,0.08,1988.0,2.0,El Cajon,2.0,True,1.0,One,3485.0,False,2.0,Grossmont Union,92019,265.0,3485.0,501.11028867505553,1.0,37.0,0,675.5,0.38766140602582494,13.425426551894413,13.773646353865574,13.497344261168905,727481.8004628138
True,False,2025-12-22,875000.0,34.227625,-117.227358,4330.0,287 - Arrowhead Area,True,2.0,0.4132,1982.0,4.0,Rimforest,5.0,True,2.0,Two,18000.0,False,2.0,Rim of the World,92378,0.0,18000.0,202.07852193995384,1.25,43.0,0,866.0,0.24055555555555555,13.681979165339751,12.800184869209073,13.36353298229128,636368.4396990775
True,False,2025-12-12,1068000.0,33.819798,-118.133479,1788.0,31 - South of Conant,False,2.0,0.1367,1947.0,2.0,Long Beach,3.0,True,1.0,One,5954.0,False,2.0,Long Beach Unified,90808,0.0,5954.0,597.3154362416108,1.5,78.0,0,596.0,0.3003023177695667,13.881298298502276,13.869051324892304,13.949450731531199,1143324.41657682
True,False,2025-12-01,370000.0,34.098895,-116.426288,1816.0,DC524 - Storey Park,True,12.0,0.4222,1977.0,2.0,Yucca Valley,3.0,True,1.0,One,18392.0,False,2.0,Yucca Valley,92284,0.0,18392.0,203.7444933920705,1.5,48.0,0,605.3333333333334,0.0987385819921705,12.821258284620408,12.86876061860541,12.946146058201789,419217.8776736187
True,True,2025-12-19,7050000.0,33.02026229,-117.21776041,6145.0,92067 - Rancho Santa Fe,True,11.0,0.55,2002.0,6.0,Rancho Santa Fe,5.0,True,2.0,Two,23958.0,False,5.0,Morongo Unified,92067,0.03,23958.0,1147.2742066720912,0.8333333333333334,23.0,0,1229.0,0.2564905250855664,15.768538174788452,15.37889082594447,15.564793929167825,5750480.239320829
True,True,2025-12-03,395000.0,34.50429935,-117.31366427,1500.0,VIC - Victorville,False,4.0,0.12,1964.0,2.0,Victorville,3.0,True,1.0,One,9600.0,False,2.0,Los Angeles Unified,92395,120.0,18816.0,263.3333333333333,1.5,61.0,0,500.0,0.07971938775510204,12.886641043883259,12.947950462906661,12.870693725721017,388750.77098742774
True,False,2025-12-12,3650000.0,37.44272211,-122.14032593,1857.0,699 - Not Defined,True,2.0,0.1802,1946.0,3.0,Palo Alto,3.0,True,2.0,One,7848.0,False,2.0,Palo Alto Unified,94303,0.0,7848.0,1965.5358104469576,1.0,79.0,0,619.0,0.23662079510703363,15.110237725558674,14.978661367769956,14.856099247565467,2830883.0353239235
True,False,2025-12-12,2450000.0,37.36546631,-122.04781328,1681.0,699 - Not Defined,False,0.0,0.141,1954.0,2.0,Sunnyvale,3.0,True,1.0,One,6144.0,False,0.0,Other,94087,0.0,6144.0,1457.4657941701369,1.5,71.0,0,560.3333333333334,0.2736002604166667,14.71159858252091,14.866332182796036,14.827707372574858,2751639.2214232055
True,True,2025-12-01,6200000.0,34.11299,-118.475353,8764.0,C04 - Bel Air - Holmby Hills,True,10.0,0.497,1991.0,7.0,Los Angeles,5.0,True,1.0,ThreeOrMore,21648.0,False,3.0,Turlock Unified,90077,1295.0,21648.0,707.4395253308992,0.7142857142857143,34.0,0,1752.8,0.4048410938654841,15.64005985001532,14.844970510943792,15.47221917370685,5242028.887910018
True,False,2025-12-11,1421040.0,33.099909999999994,-117.05617,3399.0,92029 - Escondido,True,5.0,0.3458,2025.0,4.0,Escondido,4.0,True,2.0,Two,15065.0,True,3.0,Escondido Union,92025,524.0,15065.0,418.0759046778464,1.0,0.0,0,849.75,0.22562230335214073,14.166899555873767,13.740514638062564,14.256295285657481,1553926.149066875
True,False,2025-12-23,225000.0,34.505844,-117.5437,810.0,PHEL - Phelan,False,3.0,2.01,1959.0,1.0,Phelan,2.0,True,1.0,One,87555.0,False,3.0,Snowline Joint Unified,92371,0.0,87555.0,277.77777777777777,2.0,66.0,0,405.0,0.009251327736851122,12.323855681186558,13.11835535600679,12.750671090070602,344783.19909800804
True,False,2025-12-01,1710000.0,33.505014,-117.741425,1089.0,SL - South Laguna,True,2.0,0.0347,1975.0,2.0,Laguna Beach,2.0,True,2.0,Two,1511.0,False,2.0,Laguna Beach Unified,92651,0.0,1511.0,1570.2479338842977,1.0,50.0,0,544.5,0.7207147584381205,14.352003928478842,14.914122846632385,14.282604347658177,1595351.0238846596
False,True,2025-12-30,1700000.0,34.170376,-118.56496,2731.0,WHLL - Woodland Hills,True,2.0,0.3939999999999999,1955.0,3.0,Woodland Hills,4.0,True,1.0,One,17163.0,False,2.0,Los Angeles Unified,91364,0.0,17163.0,622.482607103625,1.3333333333333333,70.0,0,682.75,0.15912136572860222,14.346138809026444,14.15910026235435,14.392423073700874,1780532.5692054871
True,False,2025-12-15,1686000.0,33.836787,-117.766573,2563.0,77 - Anaheim Hills,True,7.0,0.4419,1977.0,3.0,Anaheim Hills,4.0,True,2.0,Two,19250.0,False,3.0,Orange Unified,92807,140.0,19250.0,657.8228638314475,1.3333333333333333,48.0,0,640.75,0.13314285714285715,14.337869417543939,13.997832114758229,14.189153222537325,1453017.842927622
False,False,2025-12-05,1825000.0,33.928189,-118.416913,1845.0,141 - El Segundo,True,5.0,0.1147,1952.0,2.0,El Segundo,3.0,True,2.0,Two,4996.0,False,2.0,El Rancho Unified,90245,0.0,4996.0,989.159891598916,1.5,73.0,0,615.0,0.36929543634907924,14.417090544998729,14.498607402670718,14.479362252098204,1942258.932982876
True,False,2025-12-26,440000.0,34.491112,-117.202043,1986.0,APPV - Apple Valley,True,7.0,0.4138,2006.0,2.0,Apple Valley,5.0,True,1.0,One,18027.0,False,3.0,Apple Valley Unified,92308,0.0,18027.0,221.5508559919436,2.5,19.0,0,397.2,0.11016808121151606,12.994530005894443,12.936033799212835,13.004864528531655,444570.76763048867
True,False,2025-12-11,216500.0,33.572427000000005,-114.54396,1248.0,374 - Blythe,True,8.0,0.44,1997.0,2.0,Blythe,3.0,False,1.0,One,19166.0,False,4.0,Palo Verde Unified,92225,115.0,19166.0,173.47756410256412,1.5,28.0,0,416.0,0.0651153083585516,12.285345826424681,12.489070342979904,12.519257386661842,273554.8383681063
False,False,2025-12-12,1333000.0,33.907683,-118.373924,1724.0,107 - Holly Glen/Del Aire,True,2.0,0.1171,1955.0,2.0,Hawthorne,3.0,True,1.0,One,5101.0,False,2.0,Wiseburn Unified,90250,0.0,5101.0,773.2018561484919,1.5,70.0,0,574.6666666666666,0.3379729464810821,14.102942599160846,13.710150042306449,13.732475476820824,920318.8608158296
True,False,2025-12-09,2330000.0,33.886641,-117.911245,4842.0,83 - Fullerton,True,3.0,0.4261,2009.0,7.0,Fullerton,6.0,True,1.0,One,18560.0,False,3.0,Fullerton Joint Union High,92831,0.0,18560.0,481.2061131763734,0.8571428571428571,16.0,0,807.0,0.26088362068965515,14.661378825541883,13.966081104032241,14.70743625414377,2439823.4891582513
False,True,2025-12-08,1415000.0,33.714413,-117.819042,1977.0,Columbus Square,True,2.0,0.0713,2009.0,3.0,Tustin,3.0,True,2.0,Two,3108.0,False,2.0,Tustin Unified,92782,184.0,3108.0,715.7309054122408,1.0,16.0,0,659.0,0.6361003861003861,14.162640089059476,14.43804873756645,14.20049975866983,1469598.450729064
True,False,2025-12-23,524000.0,33.706396000000005,-117.121246,1874.0,SRCAR - Southwest Riverside County,True,2.0,0.0716,2023.0,3.0,Winchester,5.0,False,2.0,Two,3119.0,False,2.0,Perris Union High,92596,126.0,3119.0,279.61579509071504,1.6666666666666667,2.0,0,374.8,0.600833600512985,13.169246963303179,13.337474757021274,13.28156082591738,586284.7229594605
True,False,2025-12-11,1522292.0,33.099909999999994,-117.05617,4043.0,92029 - Escondido,True,5.0,0.3356,2025.0,5.0,Escondido,5.0,True,2.0,Two,14618.0,True,3.0,Escondido Union,92025,524.0,14618.0,376.5253524610438,1.0,0.0,0,808.6,0.27657682309481463,14.235727651827599,13.740514638062564,14.377897859585914,1754856.876291516
True,False,2025-12-04,1225000.0,33.74363,-117.802046,1539.0,NTS - North Tustin,True,2.0,0.1756,1961.0,2.0,North Tustin,3.0,True,1.0,One,7650.0,False,2.0,Tustin Unified,92705,0.0,7650.0,795.9714100064978,1.5,64.0,0,513.0,0.2011764705882353,14.018451401960965,14.376839163903371,14.202114116590051,1471972.8246565566
False,False,2025-12-09,1300000.0,34.269199,-118.546567,2154.0,PORA - Porter Ranch,False,3.0,0.1721,1965.0,3.0,Porter Ranch,4.0,True,2.0,Two,7495.0,False,4.0,Long Beach Unified,91326,250.0,7495.0,603.5283194057567,1.3333333333333333,60.0,0,538.5,0.28739159439626416,14.077874822431765,14.126664986601197,14.08783966039264,1313019.047970585
True,False,2025-12-18,785000.0,33.952927,-118.296573,1690.0,C36 - Metropolitan Southwest,False,0.0,0.1548,1922.0,3.0,Los Angeles,3.0,False,1.0,One,6744.0,False,2.0,Los Angeles Unified,90044,295.0,6744.0,464.4970414201184,1.0,103.0,0,563.3333333333334,0.25059311981020166,13.573438996764546,13.38472764187182,13.506940200256501,734496.2729070438
True,False,2025-12-15,1350000.0,32.76794162,-117.0940987,2566.0,92115 - San Diego,True,2.0,0.1595,1992.0,3.0,San Diego,3.0,True,1.0,ThreeOrMore,6948.0,False,2.0,Vista Unified,92115,0.0,6948.0,526.1106780982074,1.0,33.0,0,855.3333333333334,0.36931491076568795,14.115615150414612,13.748301808270824,13.881845432330449,1068584.4988134431
False,False,2025-12-19,3300000.0,34.08626,-118.335526,4732.0,C20 - Hollywood,True,2.0,0.1436,2015.0,6.0,Los Angeles,5.0,True,2.0,Two,6257.0,False,2.0,Rialto Unified,90038,0.0,6257.0,697.3795435333897,0.8333333333333334,10.0,0,946.4,0.7562729742688189,15.009433026436708,13.864300722133706,14.601114870116835,2193732.2392975404
True,False,2025-12-09,525000.0,39.024988,-122.928359,2682.0,LCLPS - Lakeport South,True,12.0,2.39,1988.0,3.0,Lakeport,3.0,True,2.0,Two,104108.0,False,2.0,Lakeport Unified,95453,0.0,104108.0,195.74944071588368,1.0,37.0,0,894.0,0.025761708994505705,13.17115354157376,12.89167886987763,13.246875538807812,566297.8971654642
False,False,2025-12-09,1175000.0,34.300994,-118.502667,1993.0,GH - Granada Hills,True,2.0,0.2914,1964.0,2.0,Granada Hills,4.0,True,1.0,One,12692.0,False,1.0,Los Angeles Unified,91344,0.0,12692.0,589.5634721525339,2.0,61.0,0,498.25,0.15702804916482824,13.976778705560397,13.892471599100402,13.892236903284708,1079746.558261071
True,False,2025-12-08,1060000.0,33.358503000000006,-117.152052,3844.0,92028 - Fallbrook,True,6.0,0.296,2018.0,6.0,Fallbrook,5.0,False,2.0,Two,12895.0,False,3.0,Fallbrook Union,92028,205.0,12895.0,275.7544224765869,0.8333333333333334,7.0,0,768.8,0.29810003877471886,13.87377946608825,13.681979165339751,14.354933300110956,1715016.5696018983
False,False,2025-12-16,460000.0,33.951784,-118.258051,1080.0,C37 - Metropolitan South,True,0.0,0.1154,1939.0,1.0,Los Angeles,2.0,False,1.0,One,5027.0,False,2.0,Long Beach Unified,90002,0.0,5027.0,425.9259259259259,2.0,86.0,0,540.0,0.21483986473045555,13.038981768465277,13.287734158360443,13.138752292395514,508261.9749709962
True,True,2025-12-10,750000.0,33.747526,-116.282324,2174.0,"312 - Bermuda Dunes, Myoma",True,4.0,0.21,2013.0,3.0,Bermuda Dunes,3.0,True,1.0,One,9148.0,False,2.0,Corona-Norco Unified,92203,70.0,9148.0,344.9862005519779,1.0,12.0,0,724.6666666666666,0.23764757324005248,13.527828485512494,13.255142955086335,13.364795596461983,637172.43496993
False,False,2025-12-22,375000.0,34.388139,-117.283922,1222.0,HSP - Hesperia,True,2.0,0.4362,1982.0,2.0,Hesperia,3.0,False,1.0,One,19000.0,False,2.0,Hesperia Unified,92345,145.0,19000.0,306.873977086743,1.5,43.0,0,407.3333333333333,0.06431578947368422,12.834681304952548,13.064514272196533,12.886351367573953,394885.59442891594
False,False,2025-12-31,800000.0,33.750402,-117.895509,790.0,70 - Santa Ana North of First,True,1.0,0.1377,1949.0,1.0,Santa Ana,2.0,False,1.0,One,5999.0,False,1.0,Santa Ana Unified,92703,0.0,5999.0,1012.6582278481012,2.0,76.0,0,395.0,0.1316886147691282,13.592367006650065,13.597966781776865,13.351737984338943,628906.5681447394
False,False,2025-12-12,595000.0,37.72490113,-121.42433884,1635.0,699 - Not Defined,True,2.0,0.1492,1983.0,2.0,Tracy,3.0,True,1.0,One,6500.0,False,2.0,Tracy Joint Unified,95376,100.0,6500.0,363.914373088685,1.5,42.0,0,545.0,0.25153846153846154,13.296316684527767,13.279367126213993,13.225067889769853,554081.9559798801
True,False,2025-12-09,360000.0,39.917868,-122.142453,1356.0,688 - Rancho Cucamonga,True,0.0,10.06,1950.0,1.0,Corning,2.0,True,1.0,One,10.06,False,0.0,Corning Union,96021,0.0,438213.6,265.4867256637168,2.0,75.0,0,678.0,0.0030943813701811173,12.793859310432293,12.714366872124934,12.71960924027733,334238.2163286334
True,False,2025-12-16,4375153.0,33.723628999999995,-117.74073,3502.0,OH - Orchard Hills,True,2.0,0.13,2025.0,5.0,Irvine,4.0,False,2.0,Two,5661.0,False,2.0,Irvine Unified,92602,975.0,5661.0,1249.329811536265,0.8,0.0,0,875.5,0.6186186186186187,15.291452048590937,14.808762330974558,15.18194103793625,3921328.4236244853
False,False,2025-12-17,860000.0,34.221894,-118.592369,1683.0,CP - Canoga Park,True,2.0,0.1447,1981.0,2.0,Canoga Park,4.0,False,1.0,One,6302.0,False,2.0,Los Angeles Unified,91304,0.0,6302.0,510.9922756981581,2.0,44.0,0,420.75,0.26705807680101556,13.664687668229691,13.846039762999096,13.745750264052795,932617.3471708316
True,False,2025-12-15,610000.0,37.77904533,-121.27289751,2194.0,69 - Santa Ana South of First,True,2.0,0.1251,2025.0,3.0,Manteca,4.0,False,1.0,"Two,One",5451.0,True,2.0,Apple Valley Unified,95337,0.0,5451.0,278.0309936189608,1.3333333333333333,0.0,0,548.5,0.40249495505411853,13.321214236149494,13.415032991367148,13.441538270672124,687995.9777963281
True,False,2025-12-10,4816729.0,33.723628999999995,-117.74073,3716.0,OH - Orchard Hills,True,2.0,0.13,2025.0,5.0,Irvine,4.0,False,2.0,Two,5661.0,False,2.0,Irvine Unified,92602,975.0,5661.0,1296.213401506997,0.8,0.0,0,929.0,0.6564211270093623,15.38760562494734,14.808762330974558,15.178237255334258,3906831.5388595145
True,False,2025-12-24,1500000.0,33.458492,-117.582507,2570.0,TL - Talega,True,3.0,0.1188,2000.0,3.0,San Clemente,4.0,True,2.0,Two,5174.0,False,3.0,Capistrano Unified,92673,267.0,5174.0,583.6575875486382,1.3333333333333333,25.0,0,642.5,0.4967143409354465,14.22097566607244,14.446782334806132,14.393361313395038,1782203.9194796472
False,False,2025-12-26,505000.0,34.527469,-117.263497,2068.0,APPV - Apple Valley,True,2.0,0.6638,1988.0,3.0,Apple Valley,5.0,True,1.0,One,28917.0,False,2.0,Apple Valley Unified,92307,0.0,28917.0,244.19729206963248,1.6666666666666667,37.0,0,413.6,0.07151502576339178,13.132313708257497,13.049792684569493,13.170430437610946,524620.5076422719
False,False,2025-12-16,1050000.0,36.59410483,-121.84066237,2106.0,699 - Not Defined,True,3.0,0.1561,1954.0,2.0,Del Rey Oaks,4.0,True,2.0,Two,6800.0,False,1.0,Other,93940,92.0,6800.0,498.57549857549856,2.0,71.0,0,526.5,0.30970588235294116,13.864300722133706,14.119680947920857,14.140951620701586,1384641.224967912
True,False,2025-12-11,4646200.0,33.723628999999995,-117.74073,3789.0,OH - Orchard Hills,True,2.0,0.1286,2025.0,5.0,Irvine,4.0,False,2.0,Two,5600.0,False,2.0,Irvine Unified,92602,975.0,5600.0,1226.2338347849036,0.8,0.0,0,947.25,0.6766071428571429,15.351560239169002,14.808762330974558,15.17483477091459,3893561.1942910473
True,False,2025-12-09,340000.0,37.207057,-119.677464,1320.0,YG20 - Coarsegold,True,1.0,1.0,1987.0,2.0,Coarsegold,4.0,True,1.0,One,1.0,False,1.0,Yosemite Unified,93614,0.0,43560.0,257.5757575757576,2.0,38.0,0,330.0,0.030303030303030304,12.736700896592344,12.837330275499196,12.786856304114645,357487.7247326934
False,False,2025-12-19,420000.0,35.125765,-120.619708,408.0,GRVC - Grover Beach,False,1.0,0.0459,1948.0,1.0,Grover Beach,1.0,False,1.0,One,2000.0,False,1.0,San Luis Coastal Unified,93433,0.0,2000.0,1029.4117647058824,1.0,77.0,0,408.0,0.204,12.948009990259552,13.576613610603875,13.112321244118514,495004.060287657
True,False,2025-12-19,1350000.0,33.725588,-118.316852,2059.0,179 - South Shores,False,3.0,0.1626,1955.0,2.0,San Pedro,3.0,True,1.0,One,7082.0,False,3.0,Los Angeles Unified,90732,0.0,7082.0,655.6580864497329,1.5,70.0,0,686.3333333333334,0.2907370799209263,14.115615150414612,13.946538820370678,13.999912782751416,1202499.4009018578
True,False,2025-12-12,429000.0,34.660734000000005,-118.396247,1024.0,LEL - Lake Elizabeth,True,1.0,0.1533,1983.0,2.0,Lake Hughes,2.0,True,2.0,Two,6679.0,False,1.0,Antelope Valley Union,93532,0.0,6679.0,418.9453125,1.0,42.0,0,512.0,0.15331636472525828,12.969212197910155,13.091904169919621,12.848569555955649,380244.42779424833
True,True,2025-12-08,2535000.0,33.501542,-117.717438,3211.0,LNSLT - Salt Creek,False,5.0,0.1928,1977.0,4.0,Laguna Niguel,4.0,True,2.0,Two,8400.0,False,2.0,Laguna Beach Unified,92677,240.0,8400.0,789.4736842105264,1.0,48.0,0,802.75,0.38226190476190475,14.74570419500742,14.349075668699754,14.640636699192598,2282168.6227268917
False,True,2025-12-05,1650000.0,33.642122,-117.943461,2345.0,C2 - Southwest Costa Mesa,True,4.0,0.1148,1971.0,4.0,Costa Mesa,4.0,True,2.0,Two,5000.0,False,2.0,Newport Mesa Unified,92627,0.0,5000.0,703.6247334754797,1.0,54.0,0,586.25,0.469,14.316285845876763,14.375126345899696,14.480538224354623,1944544.3191148157
False,False,2025-12-12,1096230.0,36.778261,-119.4179324,3001.0,92028 - Fallbrook,True,3.0,0.1674,2025.0,3.0,Mountain House,5.0,False,2.0,One,7292.0,False,3.0,Other,95391,0.0,7292.0,365.2882372542486,1.6666666666666667,0.0,0,600.2,0.41154690071311023,13.907387578488423,13.827930029637734,14.073343058771945,1294122.0360734758
True,False,2025-12-10,1245000.0,34.177822,-118.508682,1430.0,ENC - Encino,True,3.0,0.1377,1956.0,2.0,Encino,3.0,True,1.0,One,6000.0,False,2.0,San Jacinto Unified,91316,0.0,6000.0,870.6293706293707,1.5,69.0,0,476.6666666666667,0.23833333333333334,14.034646087880946,14.300596894375873,14.120037059129007,1355982.7947018477
False,False,2025-12-16,835000.0,33.87145827,-117.58097802,1996.0,248 - Corona,True,4.0,0.33,1979.0,2.0,Corona,3.0,False,2.0,Two,14374.0,False,2.0,Hemet Unified,92882,0.0,14374.0,418.3366733466934,1.5,46.0,0,665.3333333333334,0.13886183386670378,13.635187003832993,13.623138665316818,13.61284155226482,816548.4695907056
True,False,2025-12-08,1100000.0,34.296619,-118.464629,2415.0,SYL - Sylmar,True,0.0,0.1582,2022.0,4.0,Sylmar,5.0,False,2.0,Two,6892.0,True,0.0,Los Angeles Unified,91342,0.0,6892.0,455.4865424430642,1.25,3.0,0,483.0,0.3504062681369704,13.9108207377686,13.667586227071855,13.933788459018727,1125556.8613471698
False,False,2025-12-05,1050000.0,33.858255,-118.384069,1672.0,154 - N Redondo Bch/Golden Hills,False,2.0,0.0574,1961.0,3.0,Redondo Beach,4.0,False,2.0,Two,2502.0,False,1.0,Santa Maria Joint Union,90278,397.0,2502.0,627.9904306220096,1.3333333333333333,64.0,0,418.0,0.6682653876898481,13.864300722133706,14.253765488895429,14.218147164527949,1495763.242345703
False,False,2025-12-22,930000.0,34.259867,-118.508063,1650.0,GH - Granada Hills,True,2.0,0.1737,1962.0,2.0,Granada Hills,4.0,True,1.0,One,7566.0,False,2.0,Los Angeles Unified,91344,0.0,7566.0,563.6363636363636,2.0,63.0,0,412.5,0.21808088818398097,13.742939865129438,13.892471599100402,13.785405652547476,970343.7338950927
True,False,2025-12-19,700000.0,33.869389,-117.604752,1515.0,248 - Corona,True,2.0,0.18,1973.0,2.0,Corona,4.0,True,1.0,One,7841.0,False,2.0,Corona-Norco Unified,92882,0.0,7841.0,462.0462046204621,2.0,52.0,0,378.75,0.19321515112868257,13.458835614025542,13.623138665316818,13.555865629017125,771325.4125130323
False,False,2025-12-02,5060000.0,33.682148,-117.704722,5340.0,GP - Great Park,True,2.0,0.1604,2018.0,6.0,Irvine,5.0,False,2.0,Two,6987.0,False,2.0,Irvine Unified,92618,317.5,6987.0,947.5655430711612,0.8333333333333334,7.0,0,1068.0,0.764276513525118,15.436877041263648,14.648419680899378,15.419185276388793,4971266.9066770915
True,False,2025-12-19,314000.0,34.239701000000004,-117.282209,1036.0,286 - Crestline Area,True,2.0,0.1457,1981.0,2.0,Crestline,3.0,True,2.0,Two,6345.0,False,0.0,Rim of the World,92325,0.0,6345.0,303.0888030888031,1.5,44.0,0,345.3333333333333,0.1632781717888101,12.65714826489039,12.793859310432293,12.659139264206631,314625.7965588345
False,False,2025-12-03,860000.0,33.820461,-117.89654,1332.0,78 - Anaheim East of Harbor,True,2.0,0.1322,1969.0,2.0,Anaheim,4.0,True,1.0,One,5760.0,False,2.0,Anaheim Union High,92805,0.0,5760.0,645.6456456456457,2.0,56.0,0,333.0,0.23125,13.664687668229691,13.670484785914017,13.592804471906295,800350.0487664883
True,False,2025-12-11,420000.0,34.480188,-117.199982,1641.0,APPV - Apple Valley,True,3.0,0.432,1960.0,2.0,Apple Valley,3.0,True,1.0,One,18816.0,False,3.0,Apple Valley Unified,92308,0.0,18816.0,255.94149908592323,1.5,65.0,0,547.0,0.08721301020408163,12.948009990259552,12.936033799212835,12.929410820505476,412260.5455243538
True,True,2025-12-01,1210000.0,33.567103,-117.253678,3776.0,SRCAR - Southwest Riverside County,True,3.0,0.42,2001.0,3.0,Murrieta,5.0,True,2.0,Two,18295.0,False,3.0,Murrieta,92562,0.0,18295.0,320.4449152542373,1.6666666666666667,24.0,0,755.2,0.20639518994260728,14.006130917572923,13.487006490992238,13.799220799133362,983842.2017833209
False,False,2025-12-05,440000.0,34.124802,-117.319385,795.0,274 - San Bernardino,True,2.0,0.178,1949.0,1.0,San Bernardino,2.0,False,1.0,One,7755.0,False,2.0,San Bernardino City Unified,92411,0.0,7755.0,553.4591194968554,2.0,76.0,0,397.5,0.10251450676982592,12.994530005894443,12.994530005894443,12.689982452950074,324481.06202645676
True,False,2025-12-17,496000.0,33.930132,-116.486755,1567.0,340 - Desert Hot Springs,True,2.0,0.17,2022.0,2.0,Desert Hot Springs,4.0,False,1.0,One,7405.0,True,2.0,Temecula Unified,92240,0.0,7405.0,316.52839821314615,2.0,3.0,0,391.75,0.21161377447670493,13.114331205707064,12.911642346088676,13.008928134840893,446381.0037591921
True,True,2025-12-02,1580000.0,34.158039,-118.242775,2518.0,627 - Rossmoyne & Verdu Woodlands,False,1.0,0.15,1924.0,3.0,Glendale,4.0,True,2.0,Two,6532.0,False,1.0,Glendale Unified,91206,0.0,6532.0,627.4821286735504,1.3333333333333333,101.0,0,629.5,0.38548683404776485,14.27293540500315,14.269765830241871,14.487082167609579,1957311.033564046
False,False,2025-12-20,625000.0,33.891374,-118.213679,1605.0,"RO - Compton S of Rosecrans, E of Alameda",False,2.0,0.1639,1940.0,1.0,Compton,2.0,False,1.0,One,7139.0,False,2.0,Compton Unified,90221,0.0,7139.0,389.4080996884735,2.0,85.0,0,802.5,0.22482140355792127,13.345506928718539,13.353475098367715,13.27182511118287,580604.5174398588
True,False,2025-12-22,320000.0,39.72387,-121.818906,920.0,141 - El Segundo,False,1.0,0.22,1946.0,1.0,Chico,2.0,False,1.0,One,9583.0,False,1.0,Chico Unified,95928,0.0,9583.0,347.8260869565217,2.0,79.0,0,460.0,0.09600333924658248,12.676076274775909,13.078384738024758,12.822711751086812,370538.17360647104
True,True,2025-12-01,1150000.0,33.871472,-117.443999,4372.0,252 - Riverside,True,4.0,0.37,2003.0,5.0,Riverside,5.0,True,2.0,Two,16117.0,False,4.0,Riverside Unified,92503,185.0,16117.0,263.0375114364135,1.0,22.0,0,874.4,0.27126636470807225,13.955272500339433,13.399995114002609,14.151692393777878,1399593.4978964743
True,False,2025-12-22,970000.0,34.465199,-118.487281,3035.0,BOUQ - Bouquet Canyon,True,2.0,0.1438,1991.0,3.0,Saugus,4.0,True,2.0,Two,6266.0,False,2.0,See Remarks,91390,0.0,6266.0,319.6046128500824,1.3333333333333333,34.0,0,758.75,0.484360038301947,13.785051350479566,13.751477381367541,13.92279580510443,1113251.7610743686
False,True,2025-12-10,1850000.0,34.237697999999995,-118.505965,3024.0,NR - Northridge,True,3.0,0.248,1976.0,4.0,Northridge,5.0,True,2.0,Two,10805.0,False,3.0,Los Angeles Unified,91325,0.0,10805.0,611.7724867724868,1.25,49.0,0,604.8,0.27987043035631654,14.430696197054507,13.955272500339433,14.201875017460464,1471620.9193072135
True,False,2025-12-17,970000.0,33.969919,-118.02245,2001.0,670 - Whittier,True,2.0,0.292,1949.0,2.0,Whittier,3.0,True,1.0,One,12721.0,False,2.0,Whittier Union High,90602,0.0,12721.0,484.7576211894053,1.5,76.0,0,667.0,0.15729895448471032,13.785051350479566,13.764217263576723,13.843099362890523,1027972.9001114944
True,False,2025-12-08,370000.0,39.867137,-121.670946,1998.0,SLO - San Luis Obispo,True,2.0,1.15,1991.0,2.0,Forest Ranch,3.0,True,1.0,One,50094.0,False,2.0,Chico Unified,95942,120.0,50094.0,185.1851851851852,1.5,34.0,0,666.0,0.03988501616960115,12.821258284620408,12.628067055589549,12.771410430802467,352008.439731402
True,False,2025-12-04,440000.0,34.570692,-118.04012,1608.0,PLM - Palmdale,True,2.0,0.1591,1987.0,2.0,Palmdale,3.0,True,1.0,One,6932.0,False,2.0,Los Angeles Unified,93552,0.0,6932.0,273.6318407960199,1.5,38.0,0,536.0,0.2319676860934795,12.994530005894443,13.122363377404328,13.053003959658817,466495.6430919456
True,True,2025-12-29,530000.0,33.847121,-116.471332,1675.0,335 - Cathedral City North,True,2.0,0.22,1997.0,2.0,Cathedral City,3.0,False,1.0,One,9583.0,False,2.0,Palm Springs Unified,92234,40.0,9583.0,316.4179104477612,1.5,28.0,0,558.3333333333334,0.17478868830220182,13.180632285528304,13.224919965729422,13.165092629807889,521827.6447169222
True,False,2025-12-17,1075000.0,33.298339,-117.2588,2424.0,92028 - Fallbrook,True,3.0,2.39,1984.0,3.0,Fallbrook,3.0,True,1.0,One,2.39,False,3.0,Fallbrook Union,92028,0.0,104108.4,443.4818481848185,1.0,41.0,0,808.0,0.023283423815945687,13.8878312195439,13.681979165339751,13.876036334961812,1062394.982570222
True,False,2025-12-04,550000.0,38.37938249,-121.3753095,1815.0,699 - Not Defined,True,2.0,0.0438,2023.0,3.0,Elk Grove,3.0,False,2.0,Two,1908.0,False,2.0,Other,95757,71.0,1908.0,303.030303030303,1.0,2.0,0,605.0,0.9512578616352201,13.217673557208654,13.508985397711013,13.426740884690068,677890.388307759
False,False,2025-12-09,852500.0,34.152,-119.196164,2350.0,VC33 - Oxnard - Southwest / Port Huenem,True,2.0,0.0539,2004.0,3.0,Port Hueneme,4.0,True,2.0,Two,2350.0,False,2.0,Oxnard Union,93041,230.0,2350.0,362.7659574468085,1.3333333333333333,21.0,0,587.5,1.0,13.655928488139809,13.458835614025542,13.47982892047207,714850.6512391974
False,False,2025-12-22,500000.0,33.966977,-117.363426,882.0,252 - Riverside,True,1.0,0.16,1950.0,1.0,Riverside,2.0,True,1.0,One,6970.0,False,1.0,Riverside Unified,92507,0.0,6970.0,566.8934240362812,2.0,75.0,0,441.0,0.1265423242467719,13.122363377404328,13.38472764187182,13.190419042649303,535212.4461421205
True,False,2025-12-09,600000.0,33.686268,-117.224199,2256.0,699 - Not Defined,True,2.0,0.15,2020.0,3.0,Menifee,3.0,False,1.0,One,6534.0,False,2.0,Menifee Union,92584,130.0,6534.0,265.9574468085106,1.0,5.0,0,752.0,0.34527089072543615,13.304684934198283,13.353475098367715,13.369743037070831,640332.6187142065
True,False,2025-12-16,785000.0,32.76618405,-117.04912389,1267.0,92115 - San Diego,True,3.0,0.1436,1960.0,3.0,San Diego,3.0,False,1.0,One,6255.0,False,0.0,Palmdale,92115,0.0,6255.0,619.5737963693765,1.0,65.0,0,422.3333333333333,0.20255795363709034,13.573438996764546,13.748301808270824,13.639040930465073,838224.2377348928
True,False,2025-12-09,560000.0,33.71549,-117.030689,2591.0,SRCAR - Southwest Riverside County,True,6.0,0.13,2022.0,3.0,Hemet,4.0,False,2.0,Two,5663.0,False,2.0,Hemet Unified,92545,113.0,5663.0,216.1327672713238,1.3333333333333333,3.0,0,647.75,0.45753134381070104,13.235692062711331,12.990536830078119,13.196227470582159,538330.2350247058
False,False,2025-12-05,329000.0,33.718990000000005,-117.199934,1000.0,SRCAR - Southwest Riverside County,True,4.0,0.16,1973.0,1.0,Menifee,2.0,False,1.0,One,6969.0,False,2.0,Menifee Union,92586,435.0,6969.0,329.0,2.0,52.0,0,500.0,0.14349261013057826,12.70381302974751,12.89921982609012,12.628126607523267,305018.1638806259
True,False,2025-12-26,1400000.0,34.102723,-118.294188,2250.0,C20 - Hollywood,True,3.0,0.155,1962.0,2.0,Los Angeles,3.0,True,1.0,One,6751.0,False,2.0,Coalinga-Huron Joint Unified,90027,0.0,6751.0,622.2222222222222,1.5,63.0,0,750.0,0.3332839579321582,14.151982794585487,14.612710764892958,14.5744042355093,2135911.905587634
True,False,2025-12-08,1050000.0,33.912793,-117.374364,3676.0,252 - Riverside,True,3.0,1.0921,2022.0,5.0,Riverside,5.0,False,2.0,Two,47572.0,False,3.0,Riverside Unified,92506,211.0,47572.0,285.63656147986944,1.0,3.0,0,735.2,0.07727234507693602,13.864300722133706,13.493926933836812,14.219089118920616,1497172.8468895908
False,True,2025-12-04,1800000.0,33.779856,-118.111168,2515.0,38 - Bixby Hill,True,2.0,0.1896,1966.0,3.0,Long Beach,4.0,True,2.0,Two,8261.0,False,2.0,Long Beach Unified,90815,193.0,8261.0,715.7057654075546,1.3333333333333333,59.0,0,628.75,0.30444256143324055,14.403297222866392,13.937728190688523,14.090780246929073,1316885.7765438026
True,True,2025-12-15,740000.0,33.735149,-116.39628799999998,2079.0,321 - Rancho Mirage,True,2.0,0.18,1997.0,2.0,Rancho Mirage,3.0,True,1.0,One,7841.0,True,2.0,Capistrano Unified,92270,320.0,7841.0,355.9403559403559,1.5,28.0,0,693.0,0.265144751944905,13.514405465180353,13.9108207377686,13.780726399999947,965813.8569905956
True,False,2025-12-02,440000.0,33.731782,-117.190173,1776.0,SRCAR - Southwest Riverside County,True,2.0,0.11,1998.0,2.0,Menifee,3.0,True,1.0,One,4792.0,False,2.0,Menifee Union,92585,150.0,4792.0,247.74774774774772,1.5,27.0,0,592.0,0.37061769616026713,12.994530005894443,13.304684934198283,13.227073592507475,555194.3949138325
True,False,2025-12-12,512000.0,35.293757,-120.677353,746.0,SLO - San Luis Obispo,False,0.0,0.0171,1985.0,1.0,San Luis Obispo,1.0,True,2.0,Two,746.0,False,0.0,San Luis Coastal Unified,93405,300.0,746.0,686.3270777479893,1.0,40.0,0,746.0,1.0,13.146079904021645,13.928829278248507,13.176000644896316,527550.9065037012
False,False,2025-12-05,610000.0,33.941712,-118.240192,1455.0,WATT - Watts,True,2.0,0.1261,1974.0,2.0,Los Angeles,4.0,False,1.0,One,5493.0,False,2.0,Los Angeles Unified,90002,0.0,5493.0,419.2439862542955,2.0,51.0,0,363.75,0.2648825778263244,13.321214236149494,13.287734158360443,13.234103728699052,559111.2389646616
False,False,2025-12-17,920000.0,34.21341,-119.171432,2213.0,VC35 - Oxnard - Northeast,True,3.0,0.11,2005.0,3.0,Oxnard,4.0,True,1.0,One,4791.0,False,3.0,Los Angeles Unified,93030,28.0,4791.0,415.7252598282874,1.3333333333333333,20.0,0,553.25,0.46190774368607806,13.732128949025222,13.617059619240436,13.638623122288662,837874.0939462631
False,False,2025-12-03,1475000.0,37.88732232,-122.07570338,1527.0,92078 - San Marcos,True,6.0,0.2296,1949.0,2.0,Walnut Creek,3.0,True,1.0,One,10000.0,False,4.0,Acalanes,94595,350.0,10000.0,965.946299934512,1.5,76.0,0,509.0,0.1527,14.204168547756057,14.242321468926221,14.174624033096034,1432059.2954692175
True,False,2025-12-02,1468000.0,37.70940604,-122.04599567,1953.0,SRCAR - Southwest Riverside County,True,1.0,0.5309,1964.0,2.0,Castro Valley,4.0,True,1.0,One,23124.0,False,1.0,William S. Hart Union,94552,450.0,23124.0,751.6641065028161,2.0,61.0,0,488.25,0.08445770627919046,14.199411488156597,14.237504968023648,14.225924902296459,1507442.255885779
False,False,2025-12-23,995000.0,37.95463869,-122.06888785,1668.0,C5 - East Costa Mesa,False,5.0,0.1758,1949.0,2.0,Pleasant Hill,3.0,True,1.0,One,7659.0,False,2.0,Los Angeles Unified,94523,0.0,7659.0,596.5227817745804,1.5,76.0,0,556.0,0.21778300039169604,13.81049801614073,13.92391643180806,13.929120727480976,1120315.306689708
False,True,2025-12-12,605000.0,33.695516,-116.210957,1693.0,315 - Coachella,True,10.0,0.15,2005.0,2.0,Coachella,3.0,True,2.0,One,6534.0,False,2.0,Fullerton Joint Union High,92236,0.0,6534.0,357.3538098050797,1.5,20.0,0,564.3333333333334,0.2591062136516682,13.312983737012978,13.12126236606766,13.060356062108065,469938.00564723345
False,False,2025-12-23,748690.0,33.876704,-117.33044,2723.0,252 - Riverside,True,2.0,0.0976,2026.0,3.0,Riverside,5.0,False,2.0,Two,4250.0,True,2.0,Riverside Unified,92508,350.0,4250.0,274.95042232831435,1.6666666666666667,-1.0,0,544.6,0.6407058823529411,13.526080291645005,13.56126305375042,13.64154239802426,840323.6531880054
True,False,2025-12-05,650000.0,33.596872999999995,-117.114877,2644.0,SRCAR - Southwest Riverside County,True,2.0,0.13,2002.0,3.0,Winchester,4.0,True,2.0,Two,5663.0,False,2.0,Templeton Unified,92596,22.0,5663.0,245.839636913767,1.3333333333333333,23.0,0,661.0,0.46689034080875863,13.38472764187182,13.337474757021274,13.382520780935208,648567.1220539227
False,False,2025-12-23,737990.0,33.876713,-117.33008,3008.0,252 - Riverside,True,2.0,0.0976,2026.0,3.0,Riverside,5.0,False,2.0,Two,4250.0,True,2.0,Riverside Unified,92508,350.0,4250.0,245.34242021276592,1.6666666666666667,-1.0,0,601.6,0.707764705882353,13.511685553355305,13.56126305375042,13.668291788547643,863105.1357536424
False,False,2025-12-30,1540000.0,33.520039000000004,-117.574854,2823.0,RIEN - Rienda,True,4.0,0.0857,2025.0,3.0,Rancho Mission Viejo,4.0,False,2.0,Two,3731.0,True,2.0,Capistrano Unified,92694,246.0,3731.0,545.5189514700673,1.3333333333333333,0.0,0,705.75,0.7566336102921469,14.247292974389811,14.232573444874031,14.439133998407721,1865675.9748783747
False,True,2025-12-04,850000.0,33.75223,-116.384435,2781.0,322 - North Palm Desert,True,4.0,0.22,2005.0,4.0,Palm Desert,4.0,True,1.0,"Two,One",9583.0,False,2.0,Temecula Unified,92260,146.96,9583.0,305.6454512765192,1.0,20.0,0,695.25,0.2902013983095064,13.652991628466498,13.624349319661324,13.898622408389727,1086663.3455086502
True,False,2025-12-09,815000.0,34.265425,-118.408458,1624.0,PAC - Pacoima,True,6.0,0.1736,1964.0,2.0,Pacoima,5.0,False,1.0,One,7560.0,False,2.0,Los Angeles Unified,91331,0.0,7560.0,501.8472906403941,2.5,61.0,0,324.8,0.21481481481481482,13.610943392223,13.541073712262515,13.503927806350497,732287.0100661806
False,False,2025-12-11,825000.0,33.838028,-117.324342,2920.0,232 - Gavilan Hills,True,4.0,0.48,2006.0,3.0,Perris,5.0,True,2.0,Two,20909.0,False,4.0,Val Verde,92570,49.0,20909.0,282.5342465753425,1.6666666666666667,19.0,0,584.0,0.13965278109904825,13.623138665316818,13.32666315004938,13.549982336948984,766800.8026831005
False,False,2025-12-04,420000.0,34.73628,-117.356389,2081.0,HNDL - Helendale,True,2.0,0.175,2006.0,2.0,Helendale,4.0,True,1.0,One,7625.0,False,2.0,Victor Valley Unified,92342,235.0,7625.0,201.82604517059107,2.0,19.0,0,520.25,0.27291803278688526,12.948009990259552,12.86099861326992,12.928959910561321,412074.695048857
True,False,2025-12-16,1175000.0,33.524927000000005,-117.580348,2182.0,RIEN - Rienda,True,2.0,0.0528,2024.0,4.0,Rancho Mission Viejo,4.0,False,2.0,ThreeOrMore,2300.0,False,2.0,Capistrano Unified,92694,304.0,2300.0,538.4967919340055,1.0,1.0,0,545.5,0.948695652173913,13.976778705560397,14.232573444874031,14.1567447355457,1406682.6158273567
True,True,2025-12-16,625000.0,34.098656,-117.905361,1196.0,614 - Covina,True,1.0,0.1653,1954.0,2.0,Covina,4.0,True,1.0,One,7199.0,False,1.0,Covina Valley Unified,91722,0.0,7199.0,522.5752508361204,2.0,71.0,0,299.0,0.16613418530351437,13.345506928718539,13.592367006650065,13.546110264684152,763837.4354508813
True,False,2025-12-12,590000.0,34.245013,-117.179584,1982.0,287A - Arrowhead Woods,True,2.0,0.2204,1999.0,3.0,Lake Arrowhead,3.0,True,2.0,Two,9600.0,False,2.0,Rim of the World,92352,0.0,9600.0,297.67911200807265,1.0,26.0,0,660.6666666666666,0.20645833333333333,13.287877815881902,13.412043452518782,13.41425869974179,669481.4254009026
False,False,2025-12-05,415000.0,34.567107,-118.088683,1406.0,PLM - Palmdale,True,2.0,0.1213,1984.0,2.0,Palmdale,3.0,True,1.0,One,5284.0,False,2.0,Antelope Valley Union,93550,138.0,5284.0,295.16358463726885,1.5,41.0,0,468.6666666666667,0.2660862982588948,12.936033799212835,13.049792684569493,12.943303470154362,418027.90604611643
True,True,2025-12-09,360000.0,34.845451000000004,-119.16038799999998,1516.0,PMCL - Pine Mountain Club,True,5.0,0.2435,2017.0,3.0,Pine Mountain Club,3.0,True,1.0,One,10608.0,False,1.0,El Tejon Unified,93222,1961.0,10608.0,237.467018469657,1.0,8.0,0,505.3333333333333,0.14291101055806937,12.793859310432293,12.793859310432293,12.940144648309394,416709.5137441536
False,False,2025-12-22,406000.0,34.658474,-118.398805,1280.0,LEL - Lake Elizabeth,True,2.0,0.1146,1988.0,2.0,Lake Hughes,3.0,True,1.0,One,4994.0,False,2.0,See Remarks,93532,0.0,4994.0,317.1875,1.5,37.0,0,426.6666666666667,0.2563075690828995,12.91410843858387,13.091904169919621,12.984668268791587,435682.1613633026
True,False,2025-12-11,420000.0,34.458081,-117.265356,1510.0,HSP - Hesperia,True,11.0,0.4477,2004.0,2.0,Hesperia,3.0,True,1.0,One,19500.0,False,2.0,Hesperia Unified,92345,0.0,19500.0,278.1456953642384,1.5,21.0,0,503.3333333333333,0.07743589743589743,12.948009990259552,13.064514272196533,12.951676550070626,421542.78174303396
False,False,2025-12-24,544900.0,33.691969,-117.170782,2091.0,LCCLR - Kelseyville Riviera,True,2.0,0.14,2003.0,2.0,Menifee,2.0,True,1.0,One,6098.0,False,2.0,Fallbrook Union,92584,330.0,6098.0,260.5930176948828,1.0,22.0,0,1045.5,0.34289931124959006,13.20835757057119,13.353475098367715,13.164092811366606,521306.17254674935
False,True,2025-12-24,613000.0,33.594286,-117.082412,1611.0,SRCAR - Southwest Riverside County,True,2.0,0.1107,2022.0,3.0,Winchester,3.0,True,2.0,Two,4822.0,False,2.0,Temecula Unified,92596,0.0,4822.0,380.5090006207325,1.0,3.0,0,537.0,0.3340937370385732,13.32612021491835,13.337474757021274,13.281693720339801,586362.6421064879
False,False,2025-12-02,725000.0,32.60726691,-117.07146734,1157.0,91911 - Chula Vista,True,4.0,0.1347,1967.0,2.0,Chula Vista,3.0,False,1.0,One,5868.0,False,2.0,Fullerton Joint Union High,91911,0.0,5868.0,626.6205704407952,1.5,58.0,0,385.6666666666667,0.19717109747784595,13.493926933836812,13.617059619240436,13.504488128001258,732697.4413085092
True,True,2025-12-23,2600000.0,37.49173354,-122.45561785,2180.0,699 - Not Defined,True,2.0,0.1515,1993.0,3.0,Half Moon Bay,3.0,True,1.0,Two,6600.0,False,2.0,Other,94019,17.0,6600.0,1192.6605504587155,1.0,32.0,0,726.6666666666666,0.3303030303030303,14.77102200299171,14.346138809026444,14.319621399951403,1655512.8533220398
False,False,2025-12-11,2038125.0,33.03020226,-117.11644584,3823.0,92127 - Rancho Bernardo,True,5.0,0.1232,2006.0,5.0,San Diego,6.0,True,2.0,Two,7252.0,False,3.0,Norwalk - La Mirada,92127,100.0,14810.0,533.1218938006801,1.2,19.0,0,637.1666666666666,0.25813639432815666,14.52754082552572,14.53335035111459,14.806799328388783,2694705.0916780457
True,False,2025-12-22,2000000.0,33.540191,-117.089683,4497.0,SRCAR - Southwest Riverside County,True,5.0,0.4971,2025.0,5.0,Temecula,4.0,True,2.0,Two,21652.0,True,3.0,Temecula Unified,92591,317.0,21652.0,444.74093840338,0.8,0.0,0,1124.25,0.20769443931276557,14.508657738524219,13.514405465180353,14.825247040007335,2744877.5951681165
False,False,2025-12-05,899999.0,36.59709711,-121.86355138,1320.0,699 - Not Defined,True,2.0,0.14,2007.0,2.0,Monterey,3.0,False,2.0,Two,6098.0,False,2.0,Other,93940,0.0,6098.0,681.8174242424243,1.5,18.0,0,440.0,0.2164644145621515,13.71014893119472,14.119680947920857,13.849585179668457,1034661.8120751551
True,True,2025-12-15,3162500.0,33.493012,-117.622175,4400.0,OR - Ortega/Orange County,True,7.0,0.4604,2015.0,7.0,San Juan Capistrano,6.0,True,2.0,Two,20056.0,False,4.0,Capistrano Unified,92675,350.0,20056.0,718.75,0.8571428571428571,10.0,0,733.3333333333334,0.21938571998404469,14.966873412017913,14.32231001513485,15.026341101945158,3356271.0259848586
True,False,2025-12-01,460000.0,37.75427388,-122.16182815,1177.0,LV - Laguna Village,True,1.0,0.0432,2002.0,2.0,Oakland,3.0,False,2.0,Two,1883.0,False,1.0,Oceanside Unified,94605,100.0,1883.0,390.82412914188615,1.5,23.0,0,392.3333333333333,0.6250663834306956,13.038981768465277,13.527828485512494,13.247061958482242,566403.4760757713
True,True,2025-12-08,1110000.0,34.157934999999995,-117.607047,2273.0,688 - Rancho Cucamonga,True,3.0,0.4568,1977.0,2.0,Rancho Cucamonga,3.0,True,1.0,One,19900.0,False,3.0,Alta Loma,91737,0.0,19900.0,488.34139903211616,1.5,48.0,0,757.6666666666666,0.11422110552763819,13.919870573288517,13.75893124807979,13.882866875604783,1069676.5549045394
False,False,2025-12-04,1700000.0,36.9874406,-122.00309094,2312.0,699 - Not Defined,False,4.0,0.226,1923.0,3.0,Santa Cruz,3.0,False,1.0,One,9845.0,False,1.0,Other,95062,390.0,9845.0,735.2941176470588,1.0,102.0,0,770.6666666666666,0.23484002031488066,14.346138809026444,14.444785440003537,14.569565093934395,2125600.8938291324
True,False,2025-12-08,2100000.0,33.963444,-117.962709,3882.0,88 - La Habra Heights,True,2.0,1.0719,2008.0,4.0,La Habra Heights,4.0,True,2.0,Two,46691.0,False,2.0,Fullerton Joint Union High,90631,0.0,46691.0,540.9582689335394,1.0,17.0,0,970.5,0.08314236148294103,14.557447902693651,13.792724135316895,14.379824668059406,1758241.4090165712
True,False,2025-12-15,1185000.0,34.458312,-118.572138,2991.0,VLWH - Valencia West Hills,True,3.0,0.1526,2014.0,5.0,Valencia,4.0,True,2.0,Two,6646.0,False,3.0,William S. Hart Union,91354,155.5,6646.0,396.1885656970913,0.8,11.0,0,747.75,0.45004513993379475,13.985253332551368,13.710150042306449,13.985353700041255,1185118.9414443427
True,False,2025-12-30,1910000.0,32.62861291,-117.13807672,2590.0,92118 - Coronado,True,2.0,0.159,1990.0,3.0,Coronado,3.0,True,2.0,Two,8030.0,False,2.0,Morongo Unified,92118,515.72,5227.0,737.4517374517375,1.0,35.0,0,863.3333333333334,0.495504113258083,14.462613800022813,14.925872877186109,14.781338965012328,2626962.9499586686
False,False,2025-12-19,797868.0,33.998883,-117.572782,2360.0,686 - Ontario,True,2.0,0.062,2025.0,3.0,Ontario,4.0,False,2.0,Two,2700.0,True,2.0,Chaffey Joint Union High,91761,200.0,2700.0,338.0796610169492,1.3333333333333333,0.0,0,590.0,0.8740740740740741,13.589698449215783,13.532323657186438,13.60768999696299,812352.7914060031
False,False,2025-12-18,775454.0,33.998883,-117.572782,2130.0,686 - Ontario,True,2.0,0.062,2025.0,3.0,Ontario,4.0,False,2.0,Two,2700.0,True,2.0,Chaffey Joint Union High,91761,200.0,2700.0,364.06291079812206,1.3333333333333333,0.0,0,532.5,0.7888888888888889,13.561203943269478,13.532323657186438,13.543755139028766,762040.6190048824
True,False,2025-12-03,540000.0,37.312152000000005,-119.61503799999998,1690.0,SRCAR - Southwest Riverside County,True,2.0,1.29,1973.0,2.0,Oakhurst,3.0,True,1.0,One,1.29,False,2.0,Yosemite Unified,93644,0.0,56192.4,319.5266272189349,1.5,52.0,0,563.3333333333334,0.030075241491731977,13.199324418540456,13.17115354157376,13.136907454720276,507325.17851507
False,False,2025-12-19,702660.0,33.998883,-117.572782,1889.0,686 - Ontario,True,2.0,0.062,2025.0,3.0,Ontario,3.0,False,2.0,Two,2700.0,True,2.0,Chaffey Joint Union High,91761,200.0,2700.0,371.9745897300159,1.0,0.0,0,629.6666666666666,0.6996296296296296,13.462628412264237,13.532323657186438,13.486088848408285,719339.600391297
False,False,2025-12-15,2600000.0,33.699293,-117.756915,3294.0,WD - Woodbury,True,2.0,0.0999,2010.0,4.0,Irvine,5.0,True,2.0,Two,4350.0,False,2.0,Irvine Unified,92620,210.0,4350.0,789.3139040680024,1.25,15.0,0,658.8,0.7572413793103449,14.77102200299171,14.503142431449666,14.663366097813222,2334634.9483189755
True,False,2025-12-19,390000.0,37.367057,-120.594278,1620.0,PRNE - PR North 46-East 101,True,2.0,0.1462,1993.0,2.0,Atwater,3.0,True,1.0,One,6368.0,False,2.0,Atwater,95301,0.0,6368.0,240.74074074074076,1.5,32.0,0,540.0,0.2543969849246231,12.873902018105829,13.038981768465277,12.985993319472104,436259.8449532004
False,False,2025-12-01,920000.0,34.167518,-118.957242,2058.0,NBPK - Newbury Park,True,2.0,0.0472,2007.0,3.0,Newbury Park,4.0,True,2.0,Two,2058.0,False,2.0,Conejo Valley Unified,91320,256.0,2058.0,447.0359572400389,1.3333333333333333,18.0,0,514.5,1.0,13.732128949025222,13.933293593620657,13.850783710560323,1035902.6296501249
False,False,2025-12-05,999999.0,33.971621,-117.841278,1300.0,616 - Diamond Bar,True,2.0,0.1863,1963.0,2.0,Diamond Bar,3.0,True,1.0,One,8115.0,True,2.0,Walnut Valley Unified,91765,0.0,8115.0,769.23,1.5,62.0,0,433.3333333333333,0.16019716574245224,13.815509557963773,13.957010120237973,13.796745316879804,981409.7298851971
True,True,2025-12-17,1270000.0,33.697331,-116.394381,3019.0,323 - South Palm Desert,True,10.0,0.28,1979.0,5.0,Palm Desert,4.0,True,1.0,One,12197.0,False,2.0,Orange Unified,92260,0.0,12197.0,420.6690957270619,0.8,46.0,0,754.75,0.24751988193818153,14.054527458434775,13.624349319661324,14.100537985457931,1329798.5006612386
False,False,2025-12-19,813400.0,34.25855,-118.740571,2285.0,SVC - Central Simi,True,2.0,0.16,1971.0,3.0,Simi Valley,5.0,True,2.0,Two,6969.0,False,2.0,Simi Valley Unified,93065,0.0,6969.0,355.97374179431074,1.6666666666666667,54.0,0,457.0,0.3278806141483714,13.60897827245526,13.676248490630767,13.807239784625782,991763.335407305
False,False,2025-12-10,487000.0,34.095718,-117.362007,1001.0,272 - Rialto,True,0.0,0.1699,1952.0,1.0,Rialto,4.0,False,1.0,One,7400.0,False,0.0,Rialto Unified,92376,0.0,7400.0,486.5134865134865,4.0,73.0,0,250.25,0.13527027027027028,13.096019402064726,13.253391639810733,13.084995763775078,481660.96998751385
True,False,2025-12-24,770000.0,34.428123,-118.427299,1537.0,CAN2 - Canyon Country 2,True,2.0,0.1636,1969.0,2.0,Canyon Country,3.0,True,1.0,One,7127.0,False,2.0,Hemet Unified,91387,0.0,7127.0,500.9759271307742,1.5,56.0,0,512.3333333333334,0.21565876245264487,13.554145793829866,13.737549016494562,13.689774078443417,881847.2009639578
True,True,2025-12-23,910000.0,33.885788,-117.366657,2532.0,252 - Riverside,False,3.0,0.74,1971.0,2.0,Riverside,4.0,True,1.0,One,32234.0,False,3.0,Riverside Unified,92504,0.0,32234.0,359.3996840442338,2.0,54.0,0,633.0,0.078550598746665,13.721199878493033,13.353475098367715,13.581261301218193,791164.5882055683
False,False,2025-12-04,820000.0,34.224478000000005,-119.026798,1306.0,VC41 - Camarillo Central,True,2.0,0.16,1960.0,2.0,Camarillo,3.0,True,1.0,One,6969.0,False,2.0,Lake Elsinore Unified,93010,0.0,6969.0,627.8713629402756,1.5,65.0,0,435.3333333333333,0.18740134883053522,13.617059619240436,13.790192749979985,13.707633073737679,897737.5767066625
True,False,2025-12-30,378000.0,33.733868,-117.192394,1773.0,SRCAR - Southwest Riverside County,True,4.0,0.09,1996.0,3.0,Menifee,3.0,True,1.0,One,3920.0,False,2.0,Perris Union High,92585,155.0,3920.0,213.1979695431472,1.0,29.0,0,591.0,0.45229591836734695,12.842649474601725,13.304684934198283,13.239074227641478,561897.218905976
True,False,2025-12-24,901000.0,34.470752000000005,-118.559586,2388.0,TSRO - Tesoro de Valle,True,2.0,0.1195,2003.0,3.0,Valencia,4.0,True,2.0,Two,5205.0,False,2.0,William S. Hart Union,91354,195.0,5205.0,377.30318257956446,1.3333333333333333,22.0,0,597.0,0.45878962536023055,13.711260536590475,13.710150042306449,13.816133994741545,1000623.6311543703
True,False,2025-12-23,1125000.0,34.201873,-118.660701,2417.0,WEH - West Hills,True,2.0,0.1836,1985.0,3.0,West Hills,4.0,True,2.0,Two,7997.0,False,2.0,Las Virgenes,91307,140.0,7997.0,465.4530409598676,1.3333333333333333,40.0,0,604.25,0.30223833937726646,13.933293593620657,13.849911984681606,13.958912495896492,1154193.622644208
False,True,2025-12-26,960000.0,34.207065,-118.501946,2260.0,LKBL - Lake Balboa,False,2.0,0.1655,1950.0,3.0,Lake Balboa,4.0,True,2.0,Two,7208.0,False,2.0,Los Angeles Unified,91406,0.0,7208.0,424.7787610619469,1.3333333333333333,75.0,0,565.0,0.3135405105438402,13.77468856344402,13.708480036117827,13.930491251458083,1121851.7783245528
False,False,2025-12-08,1020000.0,34.067403000000006,-117.89925,2294.0,669 - West Covina,True,2.0,0.2573,1954.0,2.0,West Covina,3.0,True,1.0,One,11210.0,False,2.0,West Covina,91791,0.0,11210.0,444.63818657367045,1.5,71.0,0,764.6666666666666,0.20463871543264942,13.835313185260453,13.785051350479566,13.95494836793419,1149627.3081379882
True,False,2025-12-17,448500.0,38.16243207,-121.69631951,1632.0,614 - Covina,True,2.0,0.14,1959.0,2.0,Rio Vista,3.0,True,1.0,One,6098.0,False,2.0,Charter Oak Unified,94571,0.0,6098.0,274.81617647058823,1.5,66.0,0,544.0,0.2676287307313873,13.013663960480988,13.106132772326639,13.062139349636007,470776.78790429386
True,False,2025-12-02,1280000.0,34.442377,-119.246208,2000.0,VC11 - Ojai,True,2.0,0.45,1982.0,3.0,Ojai,3.0,True,1.0,One,19601.0,False,2.0,Newport Mesa Unified,93023,0.0,19601.0,640.0,1.0,43.0,0,666.6666666666666,0.10203561042803938,14.0623706358958,13.983564142960525,14.014350101187901,1219986.1951418282
False,False,2025-12-11,666000.0,34.014307,-117.596083,1906.0,686 - Ontario,True,2.0,0.0536,2025.0,3.0,Ontario,3.0,False,2.0,Two,2335.0,True,2.0,Mountain View,91761,213.0,2335.0,349.42287513116474,1.0,0.0,0,635.3333333333334,0.8162740899357601,13.409044949522526,13.532323657186438,13.47530881703921,711626.7440426011
False,False,2025-12-23,929000.0,37.98433909,-122.09150353,1832.0,ORWE - SM/Orcutt West,True,3.0,0.186,1960.0,2.0,Martinez,3.0,True,1.0,One,8100.0,False,2.0,San Ramon Valley,94553,259.0,8100.0,507.0960698689957,1.5,65.0,0,610.6666666666666,0.22617283950617284,13.741864017795976,13.604789526648622,13.641733410202166,840484.180570001
True,False,2025-12-24,675000.0,34.061278,-117.255551,1493.0,267 - Loma Linda,False,2.0,0.4417,1959.0,2.0,Loma Linda,4.0,True,1.0,One,19241.0,False,2.0,Redlands Unified,92354,0.0,19241.0,452.1098459477562,2.0,66.0,0,373.25,0.07759471960916792,13.422467969854667,13.422467969854667,13.415788827341911,670506.6015328048
True,False,2025-12-15,3175000.0,37.84031942,-122.08890403,3092.0,632 - Highland Park,True,3.0,19.7962,1967.0,3.0,Moraga,4.0,True,1.0,One,862323.0,False,2.0,Long Beach Unified,94556,0.0,862323.0,1026.843467011643,1.3333333333333333,58.0,0,773.0,0.0035856633767161494,14.970818190308929,14.389310980891652,14.654623577975272,2314313.316537912
False,False,2025-12-24,865000.0,34.119029,-117.919423,1780.0,607 - Azusa,True,2.0,0.1024,2000.0,3.0,Azusa,4.0,False,2.0,Two,4460.0,False,2.0,Azusa Unified,91702,0.0,4460.0,485.9550561797753,1.3333333333333333,25.0,0,445.0,0.3991031390134529,13.670484785914017,13.534473028231162,13.47478426961179,711253.5599496654
True,False,2025-12-22,300000.0,34.427438,-117.649982,2040.0,PINH - Pinon Hills,True,1.0,1.3138,1976.0,1.0,Pinon Hills,2.0,False,1.0,One,57230.0,False,1.0,Other,92372,0.0,57230.0,147.05882352941177,2.0,49.0,0,1020.0,0.03564564039839245,12.611537753638338,13.094474869669831,13.05063641951099,465392.5023084674
True,False,2025-12-24,878888.0,37.64760977,-122.07042318,1974.0,87 - La Habra,True,4.0,0.124,1952.0,3.0,Hayward,4.0,True,1.0,"Two,One",5400.0,False,2.0,Hayward,94544,450.71,5400.0,445.2320162107396,1.3333333333333333,73.0,0,493.5,0.3655555555555556,13.686412751029103,13.732128949025222,13.866774421145912,1052600.5991865066
True,False,2025-12-25,272025.0,34.51862,-117.42857,1126.0,ADL - Adelanto,True,2.0,0.1694,1992.0,2.0,Adelanto,3.0,True,1.0,One,7378.0,False,2.0,Adelanto,92301,0.0,7378.0,241.58525754884548,1.5,33.0,0,375.3333333333333,0.1526158850637029,12.513649252819214,12.907924856844918,12.759082138599066,347695.4175538994
True,False,2025-12-11,600000.0,34.24331,-116.858306,1536.0,289 - Big Bear Area,True,0.0,0.1653,1979.0,3.0,Big Bear,3.0,True,2.0,Two,7200.0,False,0.0,Bear Valley Unified,92314,0.0,7200.0,390.625,1.0,46.0,0,512.0,0.21333333333333335,13.304684934198283,12.965709567358951,12.988400661540359,437311.33677308384
False,False,2025-12-10,740000.0,33.940976,-118.286198,1384.0,C34 - Los Angeles Southwest,False,1.0,0.1109,1926.0,2.0,Los Angeles,4.0,True,2.0,Two,4830.0,False,1.0,Los Angeles Unified,90044,0.0,4830.0,534.6820809248555,2.0,99.0,0,346.0,0.2865424430641822,13.514405465180353,13.38472764187182,13.378760233779868,646132.7349905758
False,False,2025-12-22,700000.0,34.054984999999995,-117.766833,1184.0,687 - Pomona,False,2.0,0.1326,1912.0,2.0,Pomona,3.0,False,1.0,One,5777.0,False,2.0,Pomona Unified,91766,0.0,5777.0,591.2162162162163,1.5,113.0,0,394.6666666666667,0.20495066643586637,13.458835614025542,13.449504179573367,13.398321565923242,658896.3820040878
False,False,2025-12-05,2640000.0,33.623919,-117.926383,2124.0,N6 - Newport Heights,True,2.0,0.0976,1959.0,3.0,Newport Beach,3.0,True,2.0,Two,4250.0,False,2.0,Newport Mesa Unified,92663,0.0,4250.0,1242.9378531073446,1.0,66.0,0,708.0,0.49976470588235294,14.7862894751225,15.327852605716153,15.133139391485745,3734555.6172265187
True,False,2025-12-16,299000.0,34.049655,-116.605282,1380.0,DC513 - SW Morongo,True,3.0,5.0,1970.0,2.0,Morongo Valley,2.0,True,1.0,One,217800.0,False,3.0,Yucca Valley,92256,0.0,217800.0,216.66666666666663,1.0,55.0,0,690.0,0.006336088154269973,12.608198852372823,12.834681304952548,12.76973276556643,351418.3825069151
True,True,2025-12-16,545000.0,34.686117,-118.177916,1981.0,LAC - Lancaster,True,2.0,0.2669,1989.0,2.0,Lancaster,4.0,True,1.0,One,11627.0,False,2.0,Lancaster,93536,0.0,11627.0,275.1135790005048,2.0,36.0,0,495.25,0.1703792895845876,13.208541073645382,13.224918336616522,13.251348674723031,568836.6985966933
False,False,2025-12-19,820883.0,34.642124,-118.251031,2929.0,PLM - Palmdale,True,2.0,0.3324,2025.0,4.0,Palmdale,5.0,False,2.0,Two,14480.0,True,2.0,Antelope Valley Union,93551,0.0,14480.0,280.26049846363946,1.25,0.0,0,585.8,0.2022790055248619,13.618135869143973,13.345506928718539,13.689113864756651,881265.1855206668
True,False,2025-12-30,556650.0,34.623202,-118.300006,1463.0,LEL - Lake Elizabeth,False,2.0,5.0,1957.0,2.0,Leona Valley,3.0,True,1.0,One,5.0,False,2.0,Antelope Valley Union,93551,0.0,217800.0,380.4853041695147,1.5,68.0,0,487.6666666666667,0.006717171717171717,13.229691955156854,13.345506928718539,13.414681703014093,669764.6781387872
True,False,2025-12-23,874999.0,33.861407,-117.997023,1024.0,82 - Buena Park,False,2.0,0.1722,1923.0,2.0,Buena Park,3.0,False,1.0,One,7500.0,False,2.0,Burbank Unified,90621,0.0,7500.0,854.4912109375,1.5,102.0,0,341.3333333333333,0.13653333333333334,13.681978022481955,13.87377946608825,13.713162875383643,902715.6385981824
True,False,2025-12-01,408000.0,33.215536,-117.322788,994.0,92057 - Oceanside,True,1.0,0.0407,1970.0,2.0,Oceanside,2.0,False,1.0,One,1773.0,False,1.0,Oceanside Unified,92057,638.0,1773.0,410.4627766599598,1.0,55.0,0,497.0,0.5606316976875353,12.9190224533863,13.681979165339751,13.126727820121824,502186.9903843282
False,False,2025-12-09,850000.0,37.87933209,-122.294201,882.0,699 - Not Defined,True,0.0,0.0803,1903.0,1.0,Berkeley,3.0,False,1.0,One,3500.0,False,0.0,Capistrano Unified,94702,84.0,3500.0,963.718820861678,3.0,122.0,0,294.0,0.252,13.652991628466498,14.096915897380246,13.72584283616524,914234.9151398896
True,False,2025-12-09,1510000.0,32.783347,-117.148424,2183.0,92108 - Mission Valley,True,2.0,4.2241,2017.0,4.0,San Diego,3.0,False,2.0,ThreeOrMore,184001.0,False,2.0,San Diego Unified,92108,362.0,184001.0,691.7086578103527,0.75,8.0,0,727.6666666666666,0.011864065956163282,14.227620208791107,13.764217263576723,13.959426861056093,1154787.4523406907
True,True,2025-12-18,1250000.0,33.93886,-117.564316,3411.0,250 - Norco,True,3.0,0.46,1987.0,3.0,Norco,5.0,True,2.0,Two,20038.0,False,3.0,Corona-Norco Unified,92860,0.0,20038.0,366.4614482556435,1.6666666666666667,38.0,0,682.2,0.17022656951791595,14.038654109278484,13.753635154246187,14.104011975833357,1334426.2415632694
True,False,2025-12-05,6850000.0,34.101554,-118.420121,2639.0,C02 - Beverly Hills Post Office,True,4.0,0.5775,1961.0,4.0,Beverly Hills,3.0,True,1.0,One,25155.0,False,2.0,Bonita Unified,90210,0.0,25155.0,2595.6801818870786,0.75,64.0,0,879.6666666666666,0.1049095607235142,15.739759210238407,15.053884789007542,15.025012212634536,3351813.87548063
True,False,2025-12-23,625000.0,33.681493,-117.21771499999998,2314.0,SRCAR - Southwest Riverside County,True,4.0,0.18,2013.0,2.0,Menifee,4.0,False,1.0,One,7841.0,False,2.0,Menifee Union,92584,130.0,7841.0,270.09507346586,2.0,12.0,0,578.5,0.2951154189516643,13.345506928718539,13.353475098367715,13.373699192703834,642870.8918018374
False,False,2025-12-19,585000.0,39.413209,-123.779095,1902.0,FBE - Fort Bragg East,True,6.0,1.0,1957.0,3.0,Fort Bragg,3.0,True,1.0,One,1.0,False,2.0,Menifee Union,95437,0.0,43560.0,307.57097791798105,1.0,68.0,0,634.0,0.04366391184573003,13.279367126213993,13.317924750600472,13.483918174307577,717779.8420270992
False,False,2025-12-15,3500000.0,32.97040476,-117.19872526,4160.0,92130 - Carmel Valley,True,4.0,0.243,2019.0,5.0,San Diego,4.0,False,2.0,Two,10587.0,False,2.0,Saddleback Valley Unified,92130,210.0,10587.0,841.3461538461538,0.8,6.0,0,1040.0,0.3929347312742042,15.068273526459642,14.674172177001793,15.28940684955525,4366214.085349068
True,True,2025-12-24,880000.0,33.623718,-117.126978,3381.0,SRCAR - Southwest Riverside County,True,3.0,0.17,2021.0,3.0,Murrieta,5.0,True,2.0,Two,7405.0,False,3.0,Perris Union High,92563,99.0,7405.0,260.2780242531795,1.6666666666666667,4.0,0,676.2,0.45658338960162054,13.687677186454389,13.458835614025542,13.593877826103784,801209.5690531257
True,False,2025-12-12,300000.0,34.232794,-117.258976,947.0,286 - Crestline Area,True,3.0,0.1506,1987.0,2.0,Crestline,3.0,True,2.0,Two,6560.0,False,0.0,Rim of the World,92325,0.0,6560.0,316.78986272439283,1.5,38.0,0,315.6666666666667,0.14435975609756097,12.611537753638338,12.793859310432293,12.649841286160942,311713.97083348554
False,False,2025-12-09,920000.0,32.63460708,-117.01319177,1740.0,91910 - Chula Vista,True,4.0,0.2583,1998.0,3.0,Chula Vista,3.0,True,2.0,Two,18036.0,False,2.0,Corona-Norco Unified,91910,0.0,4598.0,528.735632183908,1.0,27.0,0,580.0,0.3784254023488473,13.732128949025222,13.710150042306449,13.642629870905457,841237.9794346684
False,False,2025-12-18,633585.0,33.95183,-116.952598,1473.0,263 - Banning/Beaumont/Cherry Valley,True,2.0,0.1977,2018.0,2.0,Beaumont,2.0,False,1.0,One,8612.0,True,2.0,Beaumont,92223,325.0,8612.0,430.132382892057,1.0,7.0,0,736.5,0.17104040873200185,13.359149444959689,13.197470849891134,13.034042354832737,457733.47199688066
False,True,2025-12-09,1040999.0,34.272447,-118.532217,2617.0,PORA - Porter Ranch,True,2.0,0.2332,1957.0,4.0,Porter Ranch,4.0,True,1.0,One,10160.0,False,0.0,Los Angeles Unified,91326,0.0,10160.0,397.7833397019488,1.0,68.0,0,654.25,0.25757874015748033,13.855691386981851,14.126664986601197,14.354224866136628,1713802.0238609863
True,False,2025-12-09,1300000.0,34.400858,-119.525068,1280.0,CPTA - Carpinteria,True,2.0,0.13,1985.0,2.0,Carpinteria,3.0,False,1.0,One,5662.0,False,2.0,Rim of the World,93013,200.0,5662.0,1015.625,1.5,40.0,0,426.6666666666667,0.2260685270222536,14.077874822431765,14.615250051236272,14.23254654762,1517457.1247118467
False,False,2025-12-10,370000.0,34.514782000000004,-117.435107,1479.0,699 - Not Defined,True,2.0,0.1653,2004.0,2.0,Adelanto,3.0,True,1.0,One,7200.0,False,2.0,Adelanto,92301,0.0,7200.0,250.1690331304936,1.5,21.0,0,493.0,0.20541666666666666,12.821258284620408,12.907924856844918,12.858873748536137,384182.7956093646
True,False,2025-12-10,1300000.0,37.83831573,-122.19389824,3592.0,SRCAR - Southwest Riverside County,True,2.0,0.1525,1991.0,3.0,Oakland,4.0,True,1.0,ThreeOrMore,6643.0,False,2.0,Riverside Unified,94611,0.0,6643.0,361.9153674832962,1.3333333333333333,34.0,0,898.0,0.5407195544181845,14.077874822431765,14.128493142202753,14.328228923743259,1669824.2239663482
True,True,2025-12-19,1030000.0,34.213658,-118.866625,2352.0,TOE - Thousand Oaks East,False,0.0,0.49,1960.0,3.0,Thousand Oaks,6.0,False,1.0,One,21344.0,False,0.0,Conejo Valley Unified,91360,0.0,21344.0,437.9251700680272,2.0,65.0,0,392.0,0.11019490254872563,13.845069360205818,13.909911233385758,14.018031744868278,1224486.0279150174
False,False,2025-12-05,740000.0,33.22301213,-117.30231113,1579.0,92057 - Oceanside,True,4.0,0.0589,1997.0,3.0,Oceanside,3.0,True,2.0,Two,2566.0,False,2.0,Mariposa County Unified,92057,260.0,2566.0,468.65104496516784,1.0,28.0,0,526.3333333333334,0.6153546375681995,13.514405465180353,13.681979165339751,13.563314431845605,777092.3150227712
False,False,2025-12-03,1616000.0,34.264177000000004,-118.540865,4583.0,PORA - Porter Ranch,True,3.0,0.301,1989.0,7.0,Porter Ranch,5.0,True,2.0,Two,13111.0,False,3.0,Los Angeles Unified,91326,260.0,13111.0,352.607462360899,0.7142857142857143,36.0,0,916.6,0.34955380977804895,14.295464518063177,14.126664986601197,14.68959590030201,2396682.14744069
False,False,2025-12-05,570000.0,34.086742,-117.402868,1060.0,265 - Bloomington,True,2.0,0.1646,1970.0,2.0,Bloomington,3.0,False,1.0,One,7171.0,False,2.0,Fontana Unified,92316,0.0,7171.0,537.7358490566038,1.5,55.0,0,353.3333333333333,0.14781759866127459,13.253391639810733,13.208541073645382,13.057489344869325,468592.75541260396
False,False,2025-12-22,755000.0,33.97933,-118.310685,1316.0,C34 - Los Angeles Southwest,False,1.0,0.0918,1925.0,2.0,Los Angeles,3.0,False,1.0,One,4000.0,False,1.0,Los Angeles Unified,90047,0.0,4000.0,573.7082066869301,1.5,100.0,0,438.6666666666667,0.329,13.534473028231162,13.493926933836812,13.46066588516069,701282.3629725892
True,False,2025-12-01,1050000.0,34.055089,-117.228344,3339.0,267 - Loma Linda,True,3.0,0.1679,2021.0,3.0,Loma Linda,5.0,True,2.0,Two,7315.0,False,3.0,Redlands Unified,92354,0.0,7315.0,314.4654088050315,1.6666666666666667,4.0,0,667.8,0.4564593301435407,13.864300722133706,13.422467969854667,13.577327482928798,788058.4040662153
True,False,2025-12-02,580000.0,37.09993672,-121.79711052,1864.0,699 - Not Defined,False,5.0,10.0,1976.0,2.0,Los Gatos,4.0,False,1.0,One,435600.0,False,2.0,Other,95033,0.0,435600.0,311.15879828326183,2.0,49.0,0,466.0,0.004279155188246097,13.270783382522602,14.068987125640334,13.958294993236356,1153481.1250191429
False,False,2025-12-02,705000.0,33.97869,-118.304807,876.0,C34 - Los Angeles Southwest,False,2.0,0.1119,1932.0,1.0,Los Angeles,3.0,False,1.0,One,4873.0,False,2.0,Los Angeles Unified,90047,0.0,4873.0,804.7945205479452,3.0,93.0,0,292.0,0.17976605786989533,13.465953081794405,13.493926933836812,13.35837363467681,633093.6488641977
False,False,2025-12-10,2360000.0,33.974444,-118.396322,2550.0,C29 - Westchester,False,1.5,0.1958,1953.0,3.0,Los Angeles,4.0,True,1.0,One,8531.0,False,1.5,Los Angeles Unified,90045,0.0,8531.0,925.4901960784314,1.3333333333333333,72.0,0,637.5,0.2989098581643418,14.674172177001793,14.331323723241304,14.528812795431243,2040719.083111769
True,False,2025-12-15,715000.0,33.981393,-117.31691200000002,1723.0,252 - Riverside,True,2.0,0.15,1969.0,2.0,Riverside,5.0,True,1.0,One,6534.0,False,2.0,Riverside Unified,92507,0.0,6534.0,414.9738827626233,2.5,56.0,0,344.6,0.26369758187940007,13.480037821676145,13.38472764187182,13.364757471845872,637148.143478505
False,False,2025-12-01,1535000.0,33.684101,-117.9291,1600.0,C1 - Mesa Verde,True,6.0,0.1377,1957.0,2.0,Costa Mesa,4.0,True,1.0,One,6000.0,False,2.0,Newport Mesa Unified,92626,0.0,6000.0,959.375,2.0,68.0,0,400.0,0.26666666666666666,14.244040939003435,14.28551418721001,14.200946139571638,1470254.5978456717
False,False,2025-12-01,905000.0,34.0752,-117.865169,1783.0,614 - Covina,True,2.0,0.2623,1972.0,2.0,Covina,3.0,True,1.0,One,11424.0,False,2.0,Covina Valley Unified,91724,0.0,11424.0,507.5715086932137,1.5,53.0,0,594.3333333333334,0.1560749299719888,13.715690222682063,13.681962838542578,13.726821768594558,915130.3275489502
False,False,2025-12-12,1340000.0,34.215516,-118.247261,2173.0,635 - La Crescenta/Glendale Montrose & Annex,False,1.0,0.2469,1954.0,2.0,La Crescenta,4.0,True,1.0,One,10757.0,False,1.0,Paradise Unified,91214,0.0,10757.0,616.6589967786471,2.0,71.0,0,543.25,0.20200799479408757,14.108180171927094,14.115615150414612,14.210510103432851,1484383.5162218085
True,True,2025-12-19,6700000.0,34.150262,-118.582115,8293.0,WHLL - Woodland Hills,False,3.0,0.6893,1988.0,8.0,Woodland Hills,6.0,True,2.0,Two,30028.0,False,3.0,Turlock Unified,91364,650.0,30028.0,807.9102857831906,0.75,37.0,0,1382.1666666666667,0.2761755694684961,15.717618084361195,14.15910026235435,15.210424641250105,4034627.9157671896
True,False,2025-12-15,630000.0,34.001729,-117.43506200000002,1133.0,251 - Jurupa Valley,True,2.0,0.19,1991.0,2.0,Jurupa Valley,3.0,True,1.0,One,8276.0,False,2.0,Jurupa Unified,92509,0.0,8276.0,556.0458958517211,1.5,34.0,0,377.6666666666667,0.13690188496858385,13.353475098367715,13.422467969854667,13.275390410391001,582678.2407915829
True,False,2025-12-08,2020000.0,34.139197,-118.175873,2502.0,647 - Pasadena (SW),False,2.0,0.1433,1931.0,3.0,Pasadena,4.0,True,2.0,Two,6242.0,False,2.0,Pasadena Unified,91105,0.0,6242.0,807.3541167066347,1.3333333333333333,94.0,0,625.5,0.40083306632489585,14.518608069377388,14.739643644497264,14.818168656892759,2725516.901985241
True,False,2025-12-12,1385000.0,37.37018664,-121.82689223,2230.0,92025 - Escondido,False,0.0,0.2296,1937.0,3.0,San Jose,5.0,True,1.0,One,10000.0,False,0.0,William S. Hart Union,95127,487.0,10000.0,621.0762331838565,1.6666666666666667,88.0,0,446.0,0.223,14.141210697603576,13.972514306773938,14.158582681768516,1409270.4002036059
False,False,2025-12-05,574000.0,34.064063,-117.631075,945.0,686 - Ontario,False,8.0,0.124,1930.0,1.0,Ontario,3.0,False,1.0,One,5400.0,False,2.0,Ontario-Montclair,91764,0.0,5400.0,607.4074074074074,3.0,95.0,0,315.0,0.175,13.260384675301703,13.414286165238757,13.296596693465595,595166.6286456742
False,False,2025-12-19,279900.0,37.294791,-120.320693,938.0,286 - Crestline Area,False,1.0,0.1761,1946.0,1.0,Planada,2.0,False,1.0,One,7671.0,False,1.0,Planada,95365,0.0,7671.0,298.40085287846483,2.0,79.0,0,469.0,0.12227871203232955,12.542187675503545,13.698976741708323,13.477175615475598,712956.4484946069
True,False,2025-12-04,298000.0,34.472363,-117.46045,1056.0,PHEL - Phelan,False,2.0,1.07,1986.0,2.0,Phelan,2.0,True,1.0,One,46609.0,False,2.0,Snowline Joint Unified,92371,0.0,46609.0,282.1969696969697,1.0,39.0,0,528.0,0.02265656847389989,12.604848765487542,13.11835535600679,12.867095696278664,387354.54760037555
False,False,2025-12-12,560000.0,33.938834,-117.207175,1726.0,259 - Moreno Valley,True,2.0,0.27,2003.0,2.0,Moreno Valley,3.0,True,1.0,One,11761.0,False,2.0,Moreno Valley Unified,92555,0.0,11761.0,324.4495944380069,1.5,22.0,0,575.3333333333334,0.14675622821188675,13.235692062711331,13.304684934198283,13.26218396473877,575033.7218403852
True,False,2025-12-04,260000.0,38.939135,-122.609941,1276.0,LCCLE - Clearlake  East,True,2.0,0.12,2006.0,2.0,Clearlake,3.0,False,1.0,One,5227.0,False,2.0,Lake,95422,0.0,5227.0,203.76175548589345,1.5,19.0,0,425.3333333333333,0.2441170843696193,12.468436909997665,12.524526376648708,12.509773108742849,270972.63278869976
False,False,2025-12-29,578705.0,33.916920000000005,-117.185494,1900.0,259 - Moreno Valley,True,2.0,0.0708,2025.0,3.0,Moreno Valley,4.0,False,2.0,Two,3086.0,True,2.0,Moreno Valley Unified,92555,132.0,3086.0,304.5815789473684,1.3333333333333333,0.0,0,475.0,0.6156837329876863,13.268548127579901,13.304684934198283,13.304081644388313,599638.1352796425
True,True,2025-12-17,865000.0,33.608559,-117.092417,2560.0,SRCAR - Southwest Riverside County,True,7.0,0.2,2017.0,3.0,Winchester,3.0,True,1.0,One,8712.0,False,3.0,Temecula Unified,92596,50.0,8712.0,337.890625,1.0,8.0,0,853.3333333333334,0.2938475665748393,13.670484785914017,13.337474757021274,13.467509164940598,706097.8926026172
False,False,2025-12-08,665000.0,33.35223594,-117.15262728,1579.0,92028 - Fallbrook,True,3.0,0.154,2018.0,3.0,Fallbrook,3.0,False,2.0,Two,2900.0,True,2.0,Kern Union,92028,277.0,4250.0,421.1526282457252,1.0,7.0,0,526.3333333333334,0.3715294117647059,13.407542319637992,13.681979165339751,13.57268258317486,784406.4398488802
False,False,2025-12-19,770000.0,32.70946036,-117.00952981,1232.0,91977 - Spring Valley,True,2.0,0.1768,1958.0,2.0,Spring Valley,3.0,False,1.0,One,7700.0,False,2.0,Snowline Joint Unified,91977,1000.0,7700.0,625.0,1.5,67.0,0,410.6666666666667,0.16,13.554145793829866,13.592367006650065,13.537671740039348,757418.8940251605
True,False,2025-12-03,840000.0,34.088155,-117.717662,1174.0,683 - Claremont,False,2.0,0.1451,1952.0,2.0,Claremont,3.0,True,1.0,One,6320.0,False,2.0,Claremont Unified,91711,0.0,6320.0,715.5025553662691,1.5,73.0,0,391.3333333333333,0.18575949367088607,13.641157170819497,13.9108207377686,13.715025756534489,904398.8578778582
True,False,2025-12-01,440000.0,33.801092,-116.981586,2180.0,SRCAR - Southwest Riverside County,False,4.0,3.11,1910.0,2.0,San Jacinto,3.0,True,1.0,"Two,One",135472.0,False,4.0,San Jacinto Unified,92582,0.0,135472.0,201.8348623853211,1.5,115.0,0,726.6666666666666,0.016091886146214717,12.994530005894443,13.154789908438397,13.36084693892341,634661.4200628096
False,False,2025-12-12,850000.0,33.22190902,-117.04014142,2771.0,92082 - Valley Center,True,3.0,0.1374,2023.0,3.0,Valley Center,4.0,False,2.0,Two,5985.0,False,2.0,Other,92082,250.0,5985.0,306.7484662576687,1.3333333333333333,2.0,0,692.75,0.4629908103592314,13.652991628466498,13.710150042306449,13.928797004919899,1119952.6940455257
False,False,2025-12-17,415000.0,39.753037,-121.837187,1310.0,321 - Rancho Mirage,True,2.0,0.21,1961.0,2.0,Chico,2.0,True,1.0,One,9148.0,False,2.0,Pleasant Valley,95926,0.0,9148.0,316.793893129771,1.0,64.0,0,655.0,0.14320069960647136,12.936033799212835,13.060487973686241,12.8436530002291,378379.523085869
False,False,2025-12-24,659990.0,34.592785,-118.161859,2127.0,PLM - Palmdale,True,2.0,0.2939,2025.0,2.0,Palmdale,3.0,False,1.0,One,12802.0,True,2.0,Antelope Valley Union,93551,0.0,12802.0,310.2914903620122,1.5,0.0,0,709.0,0.16614591470082798,13.39997996237267,13.345506928718539,13.36768786048383,639017.9734851072
True,True,2025-12-23,1508000.0,34.155302,-117.57291,4852.0,688 - Rancho Cucamonga,True,3.0,0.7851,1986.0,5.0,Rancho Cucamonga,7.0,True,2.0,MultiSplit,34200.0,False,3.0,Etiwanda,91737,252.0,34200.0,310.79967023907665,1.4,39.0,0,693.1428571428571,0.14187134502923976,14.226294827550038,13.75893124807979,14.385249731322663,1767805.9004200872
False,False,2025-12-03,1090000.0,34.236126,-118.811706,2824.0,SWR - Simi Wood Ranch,True,3.0,0.155,1994.0,3.0,Simi Valley,5.0,True,2.0,Two,6751.0,False,3.0,Simi Valley Unified,93065,130.0,6751.0,385.9773371104816,1.6666666666666667,31.0,0,564.8,0.4183083987557399,13.901688254205327,13.676248490630767,13.874759125776398,1061038.9480941275
False,False,2025-12-24,889590.0,35.615702,-120.649803,2083.0,PSOR - Paso Robles,True,2.0,0.1934,2025.0,4.0,Paso Robles,4.0,False,1.0,One,8423.0,False,2.0,Paso Robles Joint Unified,93446,240.0,8423.0,427.0715314450312,1.0,0.0,0,520.75,0.24729906209189126,13.69851596140808,13.591116224748411,13.720144106736136,909039.7546903577
True,False,2025-12-12,420000.0,33.737249,-116.953892,1452.0,SRCAR - Southwest Riverside County,False,4.0,0.23,1963.0,2.0,Hemet,3.0,True,1.0,One,10019.0,False,2.0,Hemet Unified,92544,0.0,10019.0,289.25619834710744,1.5,62.0,0,484.0,0.14492464317796186,12.948009990259552,13.081541382884074,13.00719271812863,445607.0184929638
False,False,2025-12-22,830000.0,34.153905,-118.78935,1218.0,AGOA - Agoura,True,2.0,0.1019,1975.0,2.0,Agoura Hills,3.0,False,1.0,One,4438.0,False,2.0,South San Francisco Unified,91301,163.5,4438.0,681.4449917898194,1.5,50.0,0,406.0,0.2744479495268139,13.62918097977278,14.2040248902346,13.909605253213108,1098663.779231325
True,True,2025-12-18,4088888.0,34.16233,-118.679487,4597.0,CLB - Calabasas,True,3.0,0.4165,1995.0,5.0,Calabasas,5.0,True,2.0,Two,18142.0,False,3.0,Las Virgenes,91302,595.0,18142.0,889.4687839895585,1.0,30.0,0,919.4,0.2533899239334142,15.223783608411612,14.473030560881067,15.03198500049206,3375267.0344996196
True,False,2025-12-16,340000.0,34.447112,-117.19916,999.0,APPV - Apple Valley,True,2.0,0.4413,1998.0,1.0,Apple Valley,2.0,False,1.0,One,19223.0,False,2.0,Apple Valley Unified,92308,0.0,19223.0,340.34034034034033,2.0,27.0,0,499.5,0.05196899547417157,12.736700896592344,12.936033799212835,12.650382824968988,311882.8217612404
True,False,2025-12-02,650000.0,34.536004,-118.05328,2051.0,PLM - Palmdale,True,3.0,0.9241,1988.0,2.0,Palmdale,4.0,True,1.0,One,40255.0,False,3.0,Los Angeles Unified,93552,0.0,40255.0,316.9185763042418,2.0,37.0,0,512.75,0.05095019252266799,13.38472764187182,13.122363377404328,13.20386666930727,542458.3945094453
False,False,2025-12-10,1674787.0,33.520039000000004,-117.574854,3057.0,RIEN - Rienda,True,4.0,0.1203,2025.0,4.0,Rancho Mission Viejo,5.0,False,2.0,Two,5239.0,True,2.0,Capistrano Unified,92694,246.0,5239.0,547.853123977756,1.25,0.0,0,611.4,0.5835083031112808,14.33119655097615,14.232573444874031,14.488900145048186,1960872.6173219294
False,False,2025-12-23,1480000.0,37.3153961,-121.78664834,1398.0,SRCAR - Southwest Riverside County,True,2.0,0.1033,1983.0,3.0,San Jose,3.0,False,2.0,Two,4500.0,False,2.0,Moreno Valley Unified,95148,0.0,4500.0,1058.6552217453504,1.0,42.0,0,466.0,0.31066666666666665,14.207552645740298,14.239034472530271,14.007101083579542,1211174.4704915616
True,False,2025-12-31,634990.0,34.368395,-117.288683,3030.0,HSP - Hesperia,True,2.0,0.2305,2025.0,4.0,Hesperia,4.0,False,2.0,Two,10041.0,True,2.0,Hesperia Unified,92345,157.0,10041.0,209.56765676567656,1.0,0.0,0,757.5,0.30176277263220797,13.361364529719332,13.064514272196533,13.378939078743446,646248.302910094
False,True,2025-12-23,495250.0,33.715569,-116.365815,1408.0,323 - South Palm Desert,True,6.0,0.21,1964.0,2.0,Palm Desert,3.0,False,1.0,One,9148.0,False,2.0,Desert Sands Unified,92260,0.0,9148.0,351.7400568181818,1.5,61.0,0,469.3333333333333,0.15391342369916922,13.112817964560797,13.624349319661324,13.535316221130032,755636.8791068832
True,False,2025-12-08,1660000.0,33.167889,-117.339076,2096.0,92008 - Carlsbad,False,2.0,0.2208,1941.0,2.0,Carlsbad,3.0,True,1.0,One,9619.0,False,2.0,Carlsbad Unified,92008,0.0,9619.0,791.9847328244275,1.5,84.0,0,698.6666666666666,0.21790206882212287,14.322328160332725,14.403297222866392,14.400283042388667,1794582.643686431
False,False,2025-12-05,615000.0,33.659101,-117.194677,2132.0,SRCAR - Southwest Riverside County,True,2.0,0.23,2011.0,2.0,Menifee,4.0,False,1.0,One,10019.0,False,2.0,Perris Union High,92584,50.3,10019.0,288.46153846153845,2.0,14.0,0,533.0,0.21279568819243438,13.329377546788654,13.353475098367715,13.368068145910591,639261.0289201527
False,False,2025-12-24,634500.0,33.976436,-118.314266,1425.0,C36 - Metropolitan Southwest,False,6.0,0.1049,1929.0,2.0,Los Angeles,3.0,False,1.0,One,4568.0,False,2.0,Los Angeles Unified,90047,0.0,4568.0,445.2631578947368,1.5,96.0,0,475.0,0.31195271453590195,13.36059256613658,13.493926933836812,13.497127582231348,727324.1875555129
False,False,2025-12-04,900000.0,34.161171,-118.588641,1166.0,WHLL - Woodland Hills,True,2.0,0.1263,1948.0,2.0,Woodland Hills,2.0,True,1.0,One,5502.0,False,2.0,Other,91364,0.0,5502.0,771.869639794168,1.0,77.0,0,583.0,0.2119229371137768,13.710150042306449,14.15910026235435,13.854335358955877,1039588.3328492478
True,False,2025-12-24,965000.0,33.682696,-117.249674,2339.0,SRCAR - Southwest Riverside County,True,4.0,0.17,1981.0,2.0,Canyon Lake,3.0,True,1.0,One,7405.0,False,2.0,Lake Elsinore Unified,92587,350.0,7405.0,412.5694741342454,1.5,44.0,0,779.6666666666666,0.31586765698852126,13.779883380321124,13.407542319637992,13.438629500522346,685997.6633606056
True,False,2025-12-08,1050000.0,34.223951,-118.900592,1938.0,TOW - Thousand Oaks West,True,6.0,0.22,1971.0,3.0,Thousand Oaks,3.0,True,2.0,Two,9583.0,False,2.0,Conejo Valley Unified,91360,0.0,9583.0,541.795665634675,1.0,54.0,0,646.0,0.20223312115204006,13.864300722133706,13.909911233385758,13.904612846219118,1093192.4713576543
True,False,2025-12-03,407000.0,33.747853000000006,-116.242612,1488.0,309 - Indio North of East Valley,True,4.0,0.13,2008.0,2.0,Indio,2.0,False,1.0,One,5663.0,False,2.0,Covina Valley Unified,92203,369.0,5663.0,273.52150537634407,1.0,17.0,0,744.0,0.26275825534169167,12.916568464424731,13.255142955086335,13.035677851453842,458482.7060615817
True,True,2025-12-02,725000.0,34.606911,-118.19015,3163.0,PLM - Palmdale,True,3.0,0.1925,1992.0,3.0,Palmdale,4.0,True,2.0,Two,8386.0,False,3.0,Antelope Valley Union,93551,0.0,8386.0,229.2127726841606,1.3333333333333333,33.0,0,790.75,0.3771762461244932,13.493926933836812,13.345506928718539,13.48547868989178,718900.8230833275
True,False,2025-12-09,535000.0,34.10856,-117.184853,1839.0,276 - Highland,True,2.0,0.0574,2017.0,3.0,Highland,3.0,False,2.0,Two,2500.0,False,2.0,Redlands Unified,92346,176.0,2500.0,290.9189777052746,1.0,8.0,0,613.0,0.7356,13.190022025878143,13.28681753563043,13.257792244175105,572513.8717082718
True,False,2025-12-12,495000.0,33.943624,-116.982712,1315.0,263 - Banning/Beaumont/Cherry Valley,True,2.0,0.2,1957.0,3.0,Beaumont,3.0,True,1.0,One,8712.0,False,2.0,Beaumont,92223,0.0,8712.0,376.425855513308,1.0,68.0,0,438.3333333333333,0.15094123048668504,13.112313041550827,13.197470849891134,13.117298457000988,497473.9423389889
True,False,2025-12-04,860000.0,35.658428,-120.705175,1152.0,PRNW - PR North 46-West 101,True,4.0,8.01,1983.0,1.0,Paso Robles,2.0,True,1.0,One,348916.0,False,4.0,Paso Robles Joint Unified,93446,0.0,348916.0,746.5277777777778,2.0,42.0,0,576.0,0.0033016542663563725,13.664687668229691,13.591116224748411,13.446564634045767,691462.8010381097
False,False,2025-12-26,410000.0,34.424785,-117.275608,1680.0,HSP - Hesperia,True,4.0,0.6543,1979.0,2.0,Hesperia,3.0,True,1.0,One,28500.0,False,4.0,Hesperia Unified,92345,0.0,28500.0,244.04761904761904,1.5,46.0,0,560.0,0.05894736842105263,12.92391243868049,13.064514272196533,12.982824068619077,434879.41668461054
True,False,2025-12-09,685000.0,37.77210748,-122.16642152,1178.0,SRCAR - Southwest Riverside County,True,1.0,0.146,1947.0,2.0,Oakland,3.0,True,2.0,Two,6358.0,False,1.0,Encinitas Union,94605,0.0,6358.0,581.4940577249575,1.5,78.0,0,392.6666666666667,0.18527838943063857,13.437174117244362,13.527828485512494,13.501766349684933,730705.9127793624
True,False,2025-12-01,2176750.0,33.555240999999995,-117.7088,2541.0,LNLAK - Lake Area,True,2.0,0.1309,1980.0,3.0,Laguna Niguel,4.0,True,2.0,Two,5700.0,False,2.0,Capistrano Unified,92677,120.0,5700.0,856.650924832743,1.3333333333333333,45.0,0,635.25,0.4457894736842105,14.593343496690862,14.349075668699754,14.385145486566184,1767621.625529509
False,False,2025-12-30,911350.0,35.615702,-120.649803,2126.0,PSOR - Paso Robles,True,2.0,0.1263,2025.0,2.0,Paso Robles,3.0,False,1.0,One,5500.0,False,2.0,Paso Robles Joint Unified,93446,240.0,5500.0,428.6688617121355,1.5,0.0,0,708.6666666666666,0.3865454545454545,13.72268229565308,13.591116224748411,13.61280400810528,816517.813540173
False,False,2025-12-24,829590.0,35.615702,-120.649803,1774.0,PSOR - Paso Robles,True,2.0,0.1263,2025.0,2.0,Paso Robles,3.0,False,1.0,One,5500.0,False,2.0,Paso Robles Joint Unified,93446,240.0,5500.0,467.6381059751973,1.5,0.0,0,591.3333333333334,0.3225454545454545,13.628686881822876,13.591116224748411,13.524200072859863,747283.6215616531
True,False,2025-12-02,600000.0,34.145049,-117.212766,2683.0,276 - Highland,True,6.0,0.2583,1979.0,3.0,Highland,4.0,True,2.0,Two,11250.0,False,3.0,San Bernardino City Unified,92346,0.0,11250.0,223.63026462914647,1.3333333333333333,46.0,0,670.75,0.2384888888888889,13.304684934198283,13.28681753563043,13.429610684418446,679838.5921002756
True,False,2025-12-01,690000.0,35.55201,-121.085577,944.0,CAMB - Cambria,True,0.0,0.08,1973.0,2.0,Cambria,2.0,True,1.0,One,3485.0,False,0.0,Coast Unified,93428,0.0,3485.0,730.9322033898305,1.0,52.0,0,472.0,0.2708751793400287,13.444446876573442,13.716772655681458,13.315939674488314,606790.9878926201
True,True,2025-12-29,5400000.0,32.984836,-117.140279,7262.0,92129 - Rancho Penasquitos,True,4.0,1.96,2015.0,8.0,San Diego,6.0,True,1.0,"Two,One",1.96,False,4.0,Poway Unified,92127,650.0,85377.6,743.5968052877995,0.75,10.0,0,1210.3333333333333,0.08505743895354284,15.501909511534503,14.53335035111459,15.66009016024302,6325440.030787923
False,False,2025-12-26,800000.0,33.939331,-118.216523,1862.0,T4 - South Gate E of 710,False,2.0,0.1407,1930.0,2.0,South Gate,3.0,True,1.0,One,6131.0,False,2.0,Los Angeles Unified,90280,0.0,6131.0,429.6455424274973,1.5,95.0,0,620.6666666666666,0.30370249551459794,13.592367006650065,13.458120817620745,13.53944844500255,758765.8001064451
True,False,2025-12-15,365000.0,37.584465,-119.851261,1460.0,MP3 - Mariposa 3,True,2.0,0.8,1989.0,2.0,Mariposa,3.0,True,1.0,One,0.8,False,0.0,Mariposa County Unified,95338,0.0,34848.0,250.0,1.5,36.0,0,486.6666666666667,0.04189623507805326,12.80765263256463,12.89921982609012,12.874908954876107,390392.9031215106
True,False,2025-12-18,527990.0,33.887808,-117.22321,2035.0,259 - Moreno Valley,True,2.0,0.0517,2025.0,3.0,Moreno Valley,4.0,False,2.0,Two,2250.0,True,2.0,Moreno Valley Unified,92551,178.0,2250.0,259.45454545454544,1.3333333333333333,0.0,0,508.75,0.9044444444444445,13.176832623115107,13.180632285528304,13.210772980288063,546217.7475641923
False,False,2025-12-15,574637.0,33.934614,-116.935572,2135.0,263 - Banning/Beaumont/Cherry Valley,True,2.0,0.151,2025.0,2.0,Banning,3.0,False,1.0,One,6578.0,True,2.0,Beaumont,92220,202.0,6578.0,269.15081967213115,1.5,0.0,0,711.6666666666666,0.32456673761021587,13.261493816075165,12.994530005894443,13.128103816008393,502878.4732470705
False,False,2025-12-12,1625000.0,37.8213111,-121.9131761,1174.0,91911 - Chula Vista,True,2.0,0.4993,1949.0,1.0,Alamo,3.0,True,1.0,One,21750.0,False,2.0,Apple Valley Unified,94506,0.0,21750.0,1384.1567291311756,3.0,76.0,0,391.3333333333333,0.05397701149425287,14.301018373745976,14.68050799545088,14.231486067570843,1515848.7446838391
True,False,2025-12-19,1150000.0,35.421518,-120.626287,1857.0,ATSC - Atascadero,True,2.0,1.39,2018.0,2.0,Atascadero,3.0,True,1.0,One,60548.0,False,2.0,Atascadero Unified,93422,0.0,60548.0,619.2784060312332,1.5,7.0,0,619.0,0.03066988174671335,13.955272500339433,13.64826835113874,13.701920181785264,892623.5208625556
False,False,2025-12-15,525000.0,33.935154,-117.397934,1389.0,252 - Riverside,True,1.0,0.12,1960.0,2.0,Riverside,3.0,True,1.0,One,5227.0,False,1.0,Riverside Unified,92504,0.0,5227.0,377.9697624190065,1.5,65.0,0,463.0,0.2657356035967094,13.17115354157376,13.353475098367715,13.278555099696543,584525.1573058134
True,False,2025-12-17,1410000.0,33.875384999999994,-117.766061,3074.0,85 - Yorba Linda,True,3.0,0.1607,1979.0,4.0,Yorba Linda,4.0,True,2.0,Two,7000.0,False,0.0,Conejo Valley Unified,92887,423.0,7000.0,458.6857514638907,1.0,46.0,0,768.5,0.43914285714285717,14.15910026235435,14.31598272370925,14.507475359757988,1997636.639936251
True,False,2025-12-06,305000.0,34.545137,-117.207794,1176.0,699 - Not Defined,True,2.0,0.4924,1963.0,2.0,Apple Valley,3.0,False,1.0,One,21450.0,False,2.0,Apple Valley Unified,92307,0.0,21450.0,259.3537414965986,1.5,62.0,0,392.0,0.05482517482517483,12.628067055589549,13.049792684569493,12.878304892873834,391720.906848167
True,False,2025-12-09,600000.0,33.671415,-117.177706,2610.0,SRCAR - Southwest Riverside County,True,2.0,0.1653,2021.0,3.0,Menifee,4.0,False,2.0,Two,7200.0,False,2.0,Menifee Union,92584,138.0,7200.0,229.8850574712644,1.3333333333333333,4.0,0,652.5,0.3625,13.304684934198283,13.353475098367715,13.433859664554305,682733.3583206503
True,False,2025-12-02,920000.0,34.390831,-118.556983,1540.0,VAL1 - Valencia 1,True,2.0,0.1394,1976.0,2.0,Valencia,3.0,True,1.0,One,6073.0,False,2.0,William S. Hart Union,91355,0.0,6073.0,597.4025974025974,1.5,49.0,0,513.3333333333334,0.253581425983863,13.732128949025222,13.697852514496041,13.636670879738208,836239.9561238425
True,False,2025-12-30,2250000.0,34.045203,-117.88276,4599.0,669 - West Covina,True,2.0,0.6482,2015.0,6.0,West Covina,5.0,True,2.0,Two,28237.0,False,2.0,West Covina,91791,0.0,28237.0,489.2367906066536,0.8333333333333334,10.0,0,919.8,0.16287140985232143,14.626440774180603,13.785051350479566,14.655527327600673,2316405.8217387656
True,False,2025-12-12,705000.0,33.956801,-117.045165,3120.0,263 - Banning/Beaumont/Cherry Valley,True,3.0,0.15,2017.0,4.0,Beaumont,5.0,False,2.0,Two,6534.0,False,3.0,Beaumont,92223,155.0,6534.0,225.96153846153845,1.25,8.0,0,624.0,0.47750229568411384,13.465953081794405,13.197470849891134,13.356260218606046,631757.0714419802
True,False,2025-12-01,539000.0,40.244807,-122.204794,2873.0,252 - Riverside,True,3.0,0.54,1986.0,3.0,Red Bluff,4.0,True,2.0,Two,0.54,False,3.0,Red Bluff Joint Union,96080,0.0,23522.4,187.60877131917857,1.3333333333333333,39.0,0,718.25,0.12213889739142264,13.197470849891134,12.730801174465157,13.180225640324778,529784.521856677
True,True,2025-12-22,1049900.0,33.601997999999995,-116.436427,3894.0,"326 - Pinyon Pines, Garner Valley",True,4.0,3.0,2006.0,4.0,Mountain Center,3.0,True,2.0,Two,130680.0,False,2.0,Beaumont,92561,83.0,130680.0,269.6199280945044,0.75,19.0,0,1298.0,0.0297979797979798,13.864205479503033,13.573438996764546,14.378243963870071,1755464.3448921612
True,False,2025-12-01,990000.0,33.582462,-117.646523,1651.0,MS - Mission Viejo South,True,2.0,0.0436,1993.0,3.0,Mission Viejo,3.0,True,2.0,Two,1898.0,False,2.0,Saddleback Valley Unified,92692,410.0,1898.0,599.6365838885524,1.0,32.0,0,550.3333333333334,0.8698630136986302,13.805460222110773,14.006130917572923,13.815688400180305,1000177.8580308949
False,False,2025-12-05,730000.0,34.119115,-117.591125,1556.0,688 - Rancho Cucamonga,True,2.0,0.1655,1974.0,2.0,Rancho Cucamonga,3.0,True,1.0,One,7210.0,False,2.0,Chaffey Joint Union High,91730,0.0,7210.0,469.1516709511568,1.5,51.0,0,518.6666666666666,0.2158113730929265,13.500799813124575,13.500799813124575,13.477585017775455,713248.3942618748
True,True,2025-12-09,632000.0,33.576317,-117.173276,1725.0,SRCAR - Southwest Riverside County,True,2.0,0.13,1988.0,3.0,Murrieta,3.0,True,2.0,Two,5663.0,False,2.0,Murrieta,92563,0.0,5663.0,366.3768115942029,1.0,37.0,0,575.0,0.3046088645594208,13.356644673128994,13.458835614025542,13.381035593349626,647604.5931607408
True,False,2025-12-23,299900.0,34.461833,-117.247659,1363.0,APPV - Apple Valley,True,2.0,0.0941,2002.0,2.0,Apple Valley,2.0,False,1.0,One,4100.0,False,2.0,Apple Valley Unified,92308,228.0,4100.0,220.02934702861336,1.0,23.0,0,681.5,0.3324390243902439,12.6112043647371,12.936033799212835,12.70111543774412,328113.6882221415
False,False,2025-12-23,2900000.0,32.73368085,-117.25275427,3219.0,92107 - Ocean Beach,True,4.0,0.1584,1944.0,6.0,San Diego,7.0,False,1.0,One,6900.0,False,2.0,Los Alamitos Unified,92107,374.0,6900.0,900.9009009009008,1.1666666666666667,81.0,0,459.85714285714283,0.46652173913043476,14.880221294956703,14.403297222866392,14.782352731911018,2629627.4283932475
False,False,2025-12-19,1925000.0,33.721969,-117.767762,2864.0,NW - Northwood,True,3.0,0.1421,1978.0,3.0,Irvine,4.0,True,2.0,Two,6190.0,False,3.0,Irvine Unified,92620,55.0,6190.0,672.1368715083798,1.3333333333333333,47.0,0,716.0,0.4626817447495961,14.470436525704022,14.503142431449666,14.508671578061378,2000027.6792658507
True,False,2025-12-02,599000.0,34.646124,-118.255021,3097.0,LAC - Lancaster,True,2.0,0.3089,1980.0,3.0,Lancaster,5.0,True,2.0,Two,13456.0,False,2.0,Westside Union,93536,0.0,13456.0,193.41298030351956,1.6666666666666667,45.0,0,619.4,0.23015755053507728,13.303016877097587,13.224918336616522,13.45335394922698,696173.332477511
False,False,2025-12-10,889900.0,38.0891951,-122.1917534,2634.0,699 - Not Defined,True,2.0,0.1441,2025.0,3.0,Vallejo,4.0,False,2.0,One,6277.0,False,2.0,Vallejo City Unified,94591,105.0,6277.0,337.85117691723616,1.3333333333333333,0.0,0,658.5,0.41962721045085233,13.698864375844954,13.304684934198283,13.398330032041905,658901.9603226578
False,False,2025-12-09,1745000.0,33.761396000000005,-117.875952,3027.0,70 - Santa Ana North of First,False,4.0,0.2083,1932.0,3.0,Santa Ana,4.0,True,2.0,Two,9072.0,False,2.0,Santa Ana Unified,92706,0.0,9072.0,576.4783614139412,1.3333333333333333,93.0,0,756.75,0.33366402116402116,14.372265113618665,13.981024996441848,14.431819542569578,1852079.3569023423
False,False,2025-12-23,695000.0,33.929173,-118.217604,1658.0,RM - Lynwood,True,4.0,0.0681,2007.0,3.0,Lynwood,3.0,False,2.0,Two,2967.0,False,2.0,Lynwood Unified,90262,0.0,2967.0,419.1797346200241,1.0,18.0,0,552.6666666666666,0.5588136164475902,13.45166712454693,13.458835614025542,13.309418794646012,602847.0497199389
False,False,2025-12-15,650000.0,33.554876,-117.111317,2330.0,208 - Murrieta-East,True,5.0,0.1,2002.0,3.0,Murrieta,4.0,True,2.0,Two,4356.0,False,3.0,Lancaster,92563,45.0,4356.0,278.9699570815451,1.3333333333333333,23.0,0,582.5,0.5348943985307621,13.38472764187182,13.458835614025542,13.484541443041364,718227.3512051294
False,True,2025-12-23,690000.0,33.901954,-117.455848,2126.0,252 - Riverside,True,2.0,0.13,1978.0,3.0,Riverside,4.0,True,2.0,Two,5663.0,False,2.0,Riverside Unified,92503,0.0,5663.0,324.55315145813734,1.3333333333333333,47.0,0,531.5,0.3754193890164224,13.444446876573442,13.399995114002609,13.452390474497953,695502.9100840257
True,False,2025-12-05,1050000.0,37.09797727,-121.97117573,1571.0,699 - Not Defined,False,4.0,2.847,1984.0,2.0,Scotts Valley,3.0,True,1.0,One,124015.0,False,0.0,Other,95066,0.0,124015.0,668.364099299809,1.5,41.0,0,523.6666666666666,0.01266782244083377,13.864300722133706,14.187074114396758,14.03241105049846,1242220.485774969
True,True,2025-12-16,440000.0,35.38812,-119.125891,1607.0,BKSF - Bakersfield,True,2.0,0.2329,1986.0,2.0,Bakersfield,4.0,True,2.0,Two,10147.0,False,2.0,Kern Union,93312,0.0,10147.0,273.80211574362164,2.0,39.0,0,401.75,0.15837193259091356,12.994530005894443,13.06577902835151,13.0590809324594,469339.1556500335
True,True,2025-12-22,1275000.0,33.653604,-117.288058,2750.0,SRCAR - Southwest Riverside County,True,10.0,2.31,1980.0,3.0,Wildomar,3.0,True,2.0,Two,2.31,False,10.0,Lake Elsinore Unified,92595,0.0,100623.6,463.6363636363636,1.0,45.0,0,916.6666666666666,0.027329572784118236,14.058456736574664,13.442996549995796,13.786624001970074,971526.6720927126
True,True,2025-12-05,1295000.0,33.724470000000004,-116.349749,2736.0,325 - Indian Wells,True,3.0,0.15,1986.0,3.0,Indian Wells,3.0,True,1.0,Two,6534.0,False,3.0,Atascadero Unified,92210,1298.0,6534.0,473.3187134502924,1.0,39.0,0,912.0,0.418732782369146,14.074021253115776,14.452073389471401,14.286677215496852,1601861.927786413
True,True,2025-12-02,742000.0,34.444567,-118.39691299999998,1193.0,CAN2 - Canyon Country 2,True,2.0,0.1762,1970.0,2.0,Canyon Country,3.0,True,1.0,One,7675.0,False,2.0,William S. Hart Union,91387,0.0,7675.0,621.9614417435038,1.5,55.0,0,397.6666666666667,0.15543973941368078,13.517104522149518,13.737549016494562,13.581977785605984,791731.6484018209
True,True,2025-12-04,883000.0,37.181463,-119.761601,4300.0,YG20 - Coarsegold,True,9.0,1.14,2006.0,3.0,Coarsegold,4.0,True,2.0,Two,1.14,False,4.0,Yosemite Unified,93614,173.33,49658.4,205.34883720930236,1.3333333333333333,19.0,0,1075.0,0.08659159376862725,13.691080479586097,12.837330275499196,13.625501760461402,826951.8588000081
True,False,2025-12-01,320000.0,39.743618,-121.880033,1232.0,SRCAR - Southwest Riverside County,False,20.0,2.15,1957.0,2.0,Chico,3.0,True,1.0,One,2.15,False,20.0,Chico Unified,95926,0.0,93654.0,259.7402597402597,1.5,68.0,0,410.6666666666667,0.013154803852478272,12.676076274775909,13.060487973686241,12.917365528118951,407324.5342435972
False,False,2025-12-09,300000.0,34.514478000000004,-117.19303700000002,1800.0,APPV - Apple Valley,False,2.0,0.995,1971.0,2.0,Apple Valley,3.0,True,1.0,One,43342.0,False,2.0,Apple Valley Unified,92307,0.0,43342.0,166.66666666666666,1.5,54.0,0,600.0,0.04153015550736007,12.611537753638338,13.049792684569493,13.009011006748748,446417.99773746356
True,False,2025-12-19,360000.0,34.700869,-118.155794,1048.0,LAC - Lancaster,True,1.0,0.172,1953.0,1.0,Lancaster,3.0,False,1.0,One,7491.0,False,1.0,Antelope Valley Union,93534,0.0,7491.0,343.51145038167937,3.0,72.0,0,349.3333333333333,0.13990121479108264,12.793859310432293,12.971540487669746,12.780005317341836,355046.9514584909
True,True,2025-12-29,990000.0,37.320383,-120.600391,3097.0,TOE - Thousand Oaks East,True,3.0,1.01,2004.0,5.0,Atwater,4.0,True,2.0,Two,43996.0,False,3.0,Atwater,95301,0.0,43996.0,319.66419115272845,0.8,21.0,0,774.25,0.07039276297845258,13.805460222110773,13.038981768465277,13.63697520927241,836494.4873688943
False,False,2025-12-03,444000.0,33.90862,-116.949691,1592.0,263 - Banning/Beaumont/Cherry Valley,True,4.0,0.11,2019.0,2.0,Beaumont,2.0,False,1.0,One,4792.0,False,2.0,Beaumont,92223,298.0,4792.0,278.89447236180905,1.0,6.0,0,796.0,0.332220367278798,13.003579841414362,13.197470849891134,13.064771308563072,472017.4850896761
True,False,2025-12-30,1430000.0,33.665875,-117.717608,2132.0,GP - Great Park,True,2.0,0.023,2025.0,4.0,Irvine,4.0,False,1.0,ThreeOrMore,1000.0,True,2.0,Irvine Unified,92618,260.0,1000.0,670.7317073170732,1.0,0.0,0,533.0,2.132,14.17318500223609,14.648419680899378,14.338360070663828,1686827.4441375593
False,False,2025-12-23,903000.0,32.79950538,-117.11765087,1554.0,92123 - San Diego,True,2.0,0.19,2000.0,3.0,San Diego,3.0,True,2.0,Two,19684.0,False,2.0,Palos Verdes Peninsula Unified,92123,160.0,5200.0,581.081081081081,1.0,25.0,0,518.0,0.2988461538461539,13.713477832399123,13.856882046372755,13.70422392032707,894682.2625616752
True,False,2025-12-05,445000.0,33.760271,-116.990253,1396.0,SRCAR - Southwest Riverside County,True,2.0,0.14,1978.0,2.0,Hemet,3.0,True,1.0,One,6098.0,False,2.0,Hemet Unified,92545,0.0,6098.0,318.7679083094556,1.5,47.0,0,465.3333333333333,0.22892751721876026,13.005829561148378,12.990536830078119,12.905809464359736,402644.55908208987
True,False,2025-12-10,1675000.0,33.109291,-117.265411,2448.0,92009 - Carlsbad,True,4.0,0.1099,2009.0,3.0,Carlsbad,3.0,True,2.0,Two,4788.0,False,2.0,Carlsbad Unified,92009,260.0,4788.0,684.2320261437909,1.0,16.0,0,816.0,0.5112781954887218,14.331323723241304,14.457364444136669,14.287222268193894,1602735.2649362055
True,False,2025-12-01,499000.0,34.753741999999995,-118.283058,1647.0,LAC - Lancaster,True,1.0,2.5057,1988.0,2.0,Lancaster,3.0,True,1.0,One,109149.0,False,1.0,Lancaster,93536,0.0,109149.0,302.9751062537948,1.5,37.0,0,549.0,0.01508946485996207,13.120361374733656,13.224918336616522,13.177514865933,528350.3402912307
True,False,2025-12-04,1650000.0,34.294272,-118.919983,3712.0,NMP - North Moorpark,False,3.0,5.019,1995.0,3.0,Moorpark,3.0,True,2.0,Two,218627.0,False,3.0,Moorpark Unified,93021,215.0,218627.0,444.5043103448275,1.0,30.0,0,1237.3333333333333,0.01697868973182635,14.316285845876763,13.8878312195439,14.382985260790285,1763807.2851335495
False,True,2025-12-19,1025000.0,33.794157,-117.813882,1433.0,"72 - Orange & Garden Grove, E of Harbor, N of 22 F",True,2.0,0.1729,1965.0,2.0,Orange,3.0,True,1.0,One,7530.0,False,2.0,Orange Unified,92869,0.0,7530.0,715.2826238660153,1.5,60.0,0,477.6666666666667,0.1903054448871182,13.840203170554645,14.115985383678474,13.981983642076525,1181131.7442330807
False,False,2025-12-04,314000.0,33.760449,-117.002016,1166.0,SRCAR - Southwest Riverside County,False,2.0,0.08,1989.0,2.0,Hemet,2.0,True,1.0,One,3485.0,False,2.0,Hemet Unified,92545,40.0,3485.0,269.2967409948542,1.0,36.0,0,583.0,0.3345767575322812,12.65714826489039,12.990536830078119,12.688715751759212,324070.3016890029
False,False,2025-12-23,1151000.0,36.94399807,-121.85307324,2177.0,699 - Not Defined,True,2.0,0.42,1980.0,3.0,La Selva Beach,4.0,True,2.0,Two,18295.0,False,2.0,Other,95076,436.0,18295.0,528.7092328892973,1.3333333333333333,45.0,0,544.25,0.11899426072697458,13.95614168770402,13.723849529400505,13.878805874416875,1065341.4056254213
True,False,2025-12-05,915000.0,33.850604,-117.885809,1300.0,78 - Anaheim East of Harbor,True,2.0,0.1928,1957.0,2.0,Anaheim,3.0,True,1.0,One,8400.0,False,2.0,Placentia-Yorba Linda Unified,92806,0.0,8400.0,703.8461538461538,1.5,68.0,0,433.3333333333333,0.15476190476190477,13.726679344257658,13.825460888817442,13.758348847556803,944441.3310246941
True,False,2025-12-10,1139000.0,33.530299,-117.122068,2193.0,SRCAR - Southwest Riverside County,True,3.0,0.69,1986.0,2.0,Temecula,4.0,True,1.0,One,0.69,False,3.0,Temecula Unified,92591,354.0,30056.4,519.3798449612403,2.0,39.0,0,548.25,0.07296282987982593,13.945661242429319,13.514405465180353,13.707145294388456,897299.7856371251
True,False,2025-12-08,765000.0,34.123586,-116.213479,1597.0,DC614 - Panorama Heights,False,4.0,2.5,1961.0,1.0,Joshua Tree,2.0,True,1.0,One,108900.0,False,2.0,San Luis Coastal Unified,92252,0.0,108900.0,479.02316844082657,2.0,64.0,0,798.5,0.014664830119375574,13.547631112808673,12.871334622600584,12.841509505158553,377569.3370684107
False,True,2025-12-09,481826.0,37.06621887,-120.82382491,1724.0,699 - Not Defined,True,2.0,0.1454,2021.0,3.0,Los Banos,4.0,False,1.0,Two,6332.0,False,2.0,Los Banos Unified,93635,0.0,6332.0,279.4814385150812,1.3333333333333333,4.0,0,431.0,0.2722678458622868,13.085338332007428,13.085680023156335,13.160223337704222,519292.8897265094
False,False,2025-12-02,700000.0,34.020399,-118.311724,1002.0,WLA - West Los Angeles,True,0.0,0.0603,1921.0,2.0,Los Angeles,3.0,False,1.0,One,2626.0,False,0.0,Los Angeles Unified,90018,0.0,2626.0,698.6027944111777,1.5,104.0,0,334.0,0.38156892612338156,13.458835614025542,13.681979165339751,13.535920103370348,756093.3326065134
True,False,2025-12-17,289500.0,39.12747,-122.850873,1587.0,LCNIC - Nice,True,2.0,0.13,2007.0,2.0,Nice,3.0,False,1.0,One,5663.0,False,2.0,Upper Lake Union,95464,0.0,5663.0,182.4196597353497,1.5,18.0,0,529.0,0.2802401553946671,12.575910575995186,12.409013489526863,12.625946060961946,304353.7821930867
True,False,2025-12-08,1620000.0,37.90919309,-121.59279584,2400.0,164 - Valmonte,True,2.0,0.168,2025.0,5.0,Discovery Bay,4.0,True,1.0,One,7320.0,True,2.0,Escondido Union,94505,176.0,7320.0,675.0,0.8,0.0,0,600.0,0.32786885245901637,14.297936707208567,13.589232200143268,13.898218187586263,1086224.1823434571
True,False,2025-12-19,1015000.0,33.993594,-117.485415,2617.0,251 - Jurupa Valley,True,3.0,2.07,1991.0,3.0,Jurupa Valley,4.0,True,2.0,Two,2.07,False,3.0,Jurupa Unified,92509,0.0,90169.2,387.8486816965992,1.3333333333333333,34.0,0,654.25,0.029023214135203597,13.830399170458024,13.422467969854667,13.764981920925116,950726.7022846855
True,True,2025-12-19,678000.0,39.51957,-121.495608,3882.0,SRCAR - Southwest Riverside County,True,4.0,4.74,1985.0,4.0,Oroville,4.0,False,2.0,Two,206474.0,False,4.0,Oroville City,95966,0.0,206474.0,174.65224111282845,1.0,40.0,0,970.5,0.018801398723325938,13.426902566922532,12.821258284620408,13.521664220550413,745391.0213556081
False,False,2025-12-04,761167.0,34.067440999999995,-117.896802,1260.0,669 - West Covina,True,2.0,0.2203,1955.0,2.0,West Covina,3.0,True,1.0,One,9595.0,False,2.0,West Covina,91791,0.0,9595.0,604.1007936507937,1.5,70.0,0,420.0,0.13131839499739448,13.542608060863225,13.785051350479566,13.687779466919405,880090.0114123402
True,True,2025-12-29,1550000.0,33.814863,-116.540032,2702.0,334 - South End Palm Springs,True,2.0,0.18,1948.0,5.0,Palm Springs,4.0,True,1.0,One,7841.0,False,2.0,Capistrano Unified,92264,0.0,7841.0,573.6491487786825,0.8,77.0,0,675.5,0.3445989032011223,14.253765488895429,14.077874822431765,14.576969845256528,2141398.8576709484
True,False,2025-12-31,1380000.0,33.891187,-117.839007,2394.0,85 - Yorba Linda,True,2.0,0.1818,1962.0,3.0,Yorba Linda,4.0,True,1.0,One,7920.0,False,2.0,Placentia-Yorba Linda Unified,92886,0.0,7920.0,576.4411027568922,1.3333333333333333,63.0,0,598.5,0.30227272727272725,14.137594057133388,14.20888790014483,14.375081251559447,1749921.086683848
True,False,2025-12-02,1800000.0,37.04160922,-121.62041654,2213.0,699 - Not Defined,True,2.0,2.6582,1985.0,3.0,Gilroy,4.0,True,1.0,ThreeOrMore,115792.0,False,2.0,Gilroy Unified,95020,0.0,115792.0,813.3755083596927,1.3333333333333333,40.0,0,553.25,0.01911185574132928,14.403297222866392,13.965653216393994,14.048952571949469,1262939.5929336979
False,False,2025-12-17,1902000.0,33.998443,-118.440989,1175.0,C13 - Palms - Mar Vista,True,6.0,0.1207,2022.0,2.0,Los Angeles,3.0,False,1.0,One,5256.0,False,2.0,William S. Hart Union,90066,0.0,5256.0,1618.723404255319,1.5,3.0,0,391.6666666666667,0.22355403348554034,14.458416522087473,14.628660530918916,14.286910099761963,1602235.0196662035
True,False,2025-12-17,725000.0,34.054832,-116.968038,1972.0,269 - Yucaipa/Calimesa/Oak Glen,False,2.0,2.87,1987.0,2.0,Oak Glen,3.0,True,2.0,Two,125017.0,False,2.0,Yucaipa/Calimesa Unified,92399,0.0,125017.0,367.6470588235294,1.5,38.0,0,657.3333333333334,0.015773854755753217,13.493926933836812,13.274219822166483,13.434058033345675,682868.804745496
True,False,2025-12-12,2385000.0,33.531155,-117.639198,4574.0,LD - Ladera Ranch,True,4.0,0.2247,2006.0,5.0,Ladera Ranch,5.0,True,2.0,Two,9790.0,False,4.0,Capistrano Unified,92694,660.0,9790.0,521.4254481853957,1.0,19.0,0,914.8,0.4672114402451481,14.684709682304579,14.232573444874031,14.808753383487101,2699975.841891945
True,False,2025-12-18,520000.0,34.115038,-117.346966,1303.0,274 - San Bernardino,True,2.0,0.1808,1958.0,2.0,San Bernardino,4.0,False,1.0,One,7875.0,False,2.0,San Bernardino City Unified,92410,0.0,7875.0,399.0790483499616,2.0,67.0,0,325.75,0.16546031746031745,13.16158409055761,12.971540487669746,12.904518521850624,402125.10347051435
True,False,2025-12-05,222000.0,36.968261,-120.049031,712.0,687 - Pomona,True,0.0,0.12,1976.0,1.0,Madera,2.0,True,1.0,One,5227.0,False,0.0,Madera Unified,93638,0.0,5227.0,311.7977528089888,2.0,49.0,0,356.0,0.13621580256361202,12.310432660854417,12.983035246782094,12.623555494396077,303627.07318639115
True,False,2025-12-03,1257500.0,32.80306599,-117.20292943,1292.0,92117 - Clairemont Mesa,True,3.0,0.2112,1953.0,2.0,San Diego,3.0,True,1.0,One,9200.0,False,1.0,Bear Valley Unified,92117,392.0,9200.0,973.297213622291,1.5,72.0,0,430.6666666666667,0.14043478260869566,14.044636180956031,13.964016766263498,13.851650171357473,1036800.5876348981
False,True,2025-12-19,1440000.0,33.775776,-117.817853,2814.0,"75 - Orange, Orange Park Acres E of 55",True,6.0,0.2365,1961.0,3.0,Orange,4.0,True,1.0,"Two,One",10300.0,False,2.0,Orange Unified,92869,0.0,10300.0,511.727078891258,1.3333333333333333,64.0,0,703.5,0.2732038834951456,14.180153671552183,14.115985383678474,14.398002406709637,1790494.5180148685
True,False,2025-12-18,700000.0,34.087092,-117.59381100000002,1645.0,688 - Rancho Cucamonga,True,2.0,0.1694,1977.0,2.0,Rancho Cucamonga,4.0,True,1.0,One,7380.0,False,2.0,Cucamonga,91730,0.0,7380.0,425.531914893617,2.0,48.0,0,411.25,0.22289972899728996,13.458835614025542,13.500799813124575,13.499749815774491,729233.904204102
False,False,2025-12-01,720000.0,33.983757000000004,-118.227601,1750.0,"T1 - Vernon, Maywood, Hunt Pk & Bell, N of Florenc",True,2.0,0.0848,1987.0,3.0,Huntington Park,4.0,True,2.0,Two,3695.0,False,2.0,Los Angeles Unified,90255,0.0,3695.0,411.4285714285714,1.3333333333333333,38.0,0,437.5,0.4736129905277402,13.487006490992238,13.465953081794405,13.426615390477016,677805.322324699
True,False,2025-12-30,3925000.0,33.968627000000005,-118.456849,4817.0,C12 - Marina Del Rey,True,3.0,0.0837,2003.0,6.0,Marina Del Rey,5.0,True,1.0,ThreeOrMore,3647.0,False,3.0,Fresno Unified,90292,0.0,3647.0,814.8225036329666,0.8333333333333334,22.0,0,963.4,1.3208116259939677,15.182876909198646,14.871563232213587,15.501338622791202,5396918.080586431
True,False,2025-12-04,625000.0,34.501464,-118.623953,1740.0,ECAS - East Castaic,True,4.0,0.1119,1986.0,3.0,Castaic,4.0,True,1.0,One,4876.0,False,2.0,Call Listing Office,91384,180.0,4876.0,359.1954022988506,1.3333333333333333,39.0,0,435.0,0.35684987694831827,13.345506928718539,13.602317337503232,13.569667861907922,782045.2340497404
False,False,2025-12-09,810000.0,34.078575,-117.953604,1489.0,608 - Baldwin Pk/Irwindale,True,2.0,0.1545,1989.0,2.0,Baldwin Park,3.0,True,1.0,One,6729.0,False,2.0,Baldwin Park Unified,91706,100.0,6729.0,543.9892545332438,1.5,36.0,0,496.3333333333333,0.22128102244018427,13.604789526648622,13.527828485512494,13.407560163549867,665011.8663072678
True,True,2025-12-15,1125000.0,34.108917,-117.73294,1816.0,683 - Claremont,True,2.0,0.2608,1960.0,3.0,Claremont,3.0,True,1.0,One,11360.0,False,2.0,Claremont Unified,91711,0.0,11360.0,619.4933920704846,1.0,65.0,0,605.3333333333334,0.15985915492957747,13.933293593620657,13.9108207377686,13.88221762289099,1068982.2898994926
False,False,2025-12-05,760000.0,34.213503,-119.14771,1993.0,VC35 - Oxnard - Northeast,True,2.0,0.08,2002.0,3.0,Oxnard,4.0,True,2.0,Two,3484.0,False,2.0,Other,93030,60.0,3484.0,381.334671349724,1.3333333333333333,23.0,0,498.25,0.5720436280137773,13.541073712262515,13.617059619240436,13.592257476803217,799912.3809210622
False,False,2025-12-22,2406000.0,33.106339,-117.315195,2314.0,92011 - Carlsbad,True,4.0,0.092,2005.0,3.0,Carlsbad,3.0,True,2.0,Two,4009.0,False,2.0,Carlsbad Unified,92011,314.0,4009.0,1039.7579948141745,1.0,20.0,0,771.3333333333334,0.5772012970815664,14.69347617551676,14.406071149749119,14.318935032496338,1654376.953045162
False,False,2025-12-29,685000.0,37.96376453,-121.72363418,2654.0,16 - Fountain Valley / Northeast HB,True,2.0,0.1234,2005.0,3.0,Brentwood,4.0,True,2.0,Two,5375.0,False,2.0,Bear Valley Unified,94513,50.0,5375.0,258.1009796533534,1.3333333333333333,20.0,0,663.5,0.4937674418604651,13.437174117244362,13.591116224748411,13.607926224386365,812544.7140805956
True,True,2025-12-10,1075000.0,39.809572,-121.888253,3597.0,699 - Not Defined,True,3.0,0.83,2003.0,4.0,Chico,4.0,True,2.0,Two,36155.0,False,3.0,Chico Unified,95973,0.0,36155.0,298.86016124548235,1.0,22.0,0,899.25,0.09948831420273821,13.8878312195439,13.151922179645874,13.746667981319412,933473.6190611299
False,False,2025-12-03,375000.0,34.525654,-117.178657,1260.0,APPV - Apple Valley,True,4.0,0.432,1986.0,2.0,Apple Valley,3.0,True,1.0,One,18820.0,False,4.0,Apple Valley Unified,92307,0.0,18820.0,297.6190476190476,1.5,39.0,0,420.0,0.0669500531349628,12.834681304952548,13.049792684569493,12.876301698665278,390936.99921794905
False,False,2025-12-30,710000.0,34.139238,-117.465125,1914.0,264 - Fontana,True,2.0,0.0854,2025.0,3.0,Fontana,4.0,False,2.0,Two,3721.0,False,2.0,Fontana Unified,92336,273.0,3721.0,370.9508881922675,1.3333333333333333,0.0,0,478.5,0.514377855415211,13.473020249017498,13.487006490992238,13.440118611642825,687019.9510708314
True,False,2025-12-30,650000.0,34.258375,-116.821838,1720.0,BBC - Big Bear City,True,2.0,0.1659,2007.0,3.0,Big Bear City,3.0,True,2.0,Two,7228.0,False,2.0,Bear Valley Unified,92314,0.0,7228.0,377.90697674418607,1.0,18.0,0,573.3333333333334,0.2379634753735473,13.38472764187182,12.965709567358951,12.999831094940395,442338.672459006
True,False,2025-12-02,255000.0,37.78962969,-122.24264377,440.0,CP - Canoga Park,False,0.0,0.0258,1913.0,1.0,Oakland,1.0,False,1.0,One,1125.0,False,0.0,Oceanside Unified,94606,74.0,1125.0,579.5454545454545,1.0,112.0,0,440.0,0.39111111111111113,12.449018824140563,13.542413674162383,12.921605057347902,409055.0642364465
False,False,2025-12-19,1499000.0,34.168432,-118.53792,2100.0,TAR - Tarzana,True,2.0,0.204,1937.0,3.0,Tarzana,4.0,False,1.0,One,8886.0,False,2.0,Long Beach Unified,91356,0.0,8886.0,713.8095238095239,1.3333333333333333,88.0,0,525.0,0.2363268062120189,14.220308777084735,14.42416726859578,14.400899243729379,1795688.8086926676
True,True,2025-12-11,1630000.0,34.283836,-118.520254,3225.0,GH - Granada Hills,True,3.0,0.7069,2000.0,3.0,Granada Hills,6.0,True,2.0,Two,30794.0,False,3.0,Los Angeles Unified,91344,0.0,30794.0,505.4263565891473,2.0,25.0,0,537.5,0.10472819380398779,14.304090572782945,13.892471599100402,14.240039652471403,1528870.296701152
True,False,2025-12-11,925000.0,34.181704,-118.94308999999998,2647.0,NBPK - Newbury Park,True,2.0,0.18,1964.0,3.0,Newbury Park,5.0,True,1.0,One,7840.0,False,2.0,San Luis Coastal Unified,91320,0.0,7840.0,349.4522100491122,1.6666666666666667,61.0,0,529.4,0.33762755102040815,13.737549016494562,13.933293593620657,14.097568461442746,1325855.4894089503
True,False,2025-12-01,410000.0,38.802040000000005,-122.568293,1560.0,LCHVL - Hidden Valley Lake,True,6.0,0.17,2021.0,2.0,Hidden Valley Lake,3.0,False,1.0,One,7405.0,False,2.0,Middletown Unified,95467,310.0,7405.0,262.8205128205128,1.5,4.0,0,520.0,0.21066846725185687,12.92391243868049,12.818551923022664,12.918568359443546,407814.7717300573
False,False,2025-12-01,830000.0,36.60172533,-121.83154483,2394.0,699 - Not Defined,True,2.0,0.2635,1995.0,2.0,Seaside,4.0,True,2.0,One,11477.0,False,2.0,Other,93955,0.0,11477.0,346.7000835421888,2.0,30.0,0,598.5,0.20859109523394614,13.62918097977278,13.564794368589576,13.607115197381402,811885.9855341642
True,False,2025-12-10,570000.0,33.941237,-116.959774,2408.0,263 - Banning/Beaumont/Cherry Valley,True,2.0,0.2,2007.0,2.0,Beaumont,3.0,True,1.0,One,8712.0,False,2.0,Beaumont,92223,52.0,8712.0,236.7109634551495,1.5,18.0,0,802.6666666666666,0.2764003673094582,13.253391639810733,13.197470849891134,13.230282501765585,556978.8248533949
True,False,2025-12-23,1325000.0,37.57602070000001,-122.0640716,1518.0,VAL1 - Valencia 1,True,2.0,0.0803,2007.0,3.0,Union City,3.0,False,2.0,Two,3500.0,False,2.0,Mount Diablo,94587,0.0,3500.0,872.8590250329381,1.0,18.0,0,506.0,0.4337142857142857,14.09692301740246,14.117095535585046,13.907799058550998,1096681.1696062796
False,False,2025-12-18,550000.0,34.600036,-118.164567,2112.0,PLM - Palmdale,True,3.0,0.1612,1990.0,4.0,Palmdale,4.0,True,2.0,Two,7020.0,False,3.0,Palmdale,93551,0.0,7020.0,260.4166666666667,1.0,35.0,0,528.0,0.30085470085470084,13.217673557208654,13.345506928718539,13.43028486690018,680297.0819050078
True,False,2025-12-31,830000.0,33.894956,-118.263723,1684.0,"RP - Compton S of Rosecrans, E of Central,W of Ala",True,2.0,0.2149,1922.0,2.0,Rancho Dominguez,5.0,False,2.0,Two,9361.0,False,2.0,Compton Unified,90220,0.0,9361.0,492.87410926365794,2.5,103.0,0,336.8,0.17989531033009293,13.62918097977278,13.386264921190707,13.374780534188456,643566.4307561875
True,False,2025-12-15,540000.0,34.532623,-117.272333,2182.0,APPV - Apple Valley,True,2.0,0.4694,2020.0,3.0,Apple Valley,4.0,True,1.0,One,20446.0,False,2.0,Apple Valley Unified,92307,0.0,20446.0,247.4793767186068,1.3333333333333333,5.0,0,545.5,0.10672014085884769,13.199324418540456,13.049792684569493,13.257809032787547,572523.4835024654
False,False,2025-12-31,550000.0,33.954599,-117.254371,1438.0,259 - Moreno Valley,True,2.0,0.19,1984.0,2.0,Moreno Valley,3.0,True,1.0,One,8276.0,False,2.0,Moreno Valley Unified,92557,0.0,8276.0,382.4756606397775,1.5,41.0,0,479.3333333333333,0.17375543740937652,13.217673557208654,13.262125319779487,13.184967224696056,532302.5047622839
True,False,2025-12-11,750000.0,34.705110999999995,-118.108528,1200.0,LAC - Lancaster,False,2.0,2.06,2025.0,2.0,Lancaster,2.0,True,1.0,One,2.06,True,2.0,East Side Union,93535,0.0,89733.6,625.0,1.0,0.0,0,600.0,0.013372917168151059,13.527828485512494,12.994530005894443,12.942614605733159,417740.0406560673
False,False,2025-12-22,610000.0,33.967804,-117.046296,3049.0,269 - Yucaipa/Calimesa/Oak Glen,True,2.0,0.1691,2019.0,3.0,Calimesa,4.0,True,2.0,Two,7366.0,False,2.0,Beaumont,92320,94.0,7366.0,200.06559527714003,1.3333333333333333,6.0,0,762.25,0.4139288623404833,13.321214236149494,13.321214236149494,13.476804070832914,712691.6025497942
True,False,2025-12-24,218500.0,33.921022,-116.380189,771.0,699 - Not Defined,True,0.0,5.0,1958.0,1.0,Desert Hot Springs,1.0,True,1.0,One,217800.0,False,0.0,Palm Springs Unified,92241,0.0,217800.0,283.3981841763943,1.0,67.0,0,771.0,0.0035399449035812673,12.294541293517781,13.117346290220361,12.827727822443725,372401.48888002726
True,False,2025-12-11,345000.0,33.682306,-116.183422,1100.0,315 - Coachella,True,2.0,0.14,1986.0,2.0,Coachella,3.0,False,1.0,One,6098.0,False,0.0,Coachella Valley Unified,92236,0.0,6098.0,313.6363636363636,1.5,39.0,0,366.6666666666667,0.18038701213512628,12.751299696013497,13.12126236606766,12.943172769988323,417973.2732997194
True,False,2025-12-01,890000.0,34.226841,-118.397821,2053.0,SUNV - Sun Valley,True,0.0,0.2224,1948.0,3.0,Sun Valley,5.0,False,1.0,One,9689.0,False,0.0,Los Angeles Unified,91352,0.0,9689.0,433.5119337554798,1.6666666666666667,77.0,0,410.6,0.21188977190628547,13.698976741708323,13.681979165339751,13.82995131619459,1014545.5296984409
True,False,2025-12-16,333000.0,40.555939,-121.718526,1433.0,699 - Not Defined,False,2.0,1.45,1978.0,2.0,Shingletown,3.0,False,2.0,Two,63162.0,False,2.0,Shasta Union,96088,0.0,63162.0,232.37962316817865,1.5,47.0,0,477.6666666666667,0.022687691966688833,12.71589776896258,12.358793732547838,12.582612946647096,291446.8532818748
True,False,2025-12-31,1750000.0,36.59530318,-121.91188519,3292.0,699 - Not Defined,True,2.0,0.241,1988.0,4.0,Monterey,4.0,True,2.0,Two,10500.0,False,2.0,Other,93940,220.0,10500.0,531.591737545565,1.0,37.0,0,823.0,0.31352380952380954,14.375126345899696,14.119680947920857,14.38737995301523,1771575.7327611502
True,False,2025-12-17,2895000.0,34.147502,-118.611073,5775.0,CLB - Calabasas,True,6.0,1.6661,1995.0,6.0,Calabasas,5.0,True,2.0,Two,72576.0,False,3.0,Las Virgenes,91302,106.0,72576.0,501.2987012987013,0.8333333333333334,30.0,0,1155.0,0.07957175925925926,14.878495668989233,14.473030560881067,15.371004071816214,4737423.932673777
True,False,2025-12-11,1870000.0,36.95755569,-121.87954845,2871.0,699 - Not Defined,True,4.0,0.284,1969.0,3.0,Aptos,3.0,True,1.0,One,12371.0,False,2.0,Other,95003,0.0,12371.0,651.3409961685824,1.0,56.0,0,957.0,0.23207501414598658,14.44144898883077,14.188463383490559,14.410541514816087,1813087.0715591987
True,False,2025-12-17,425000.0,34.385290999999995,-117.299685,1560.0,HSP - Hesperia,True,2.0,0.5537,1985.0,2.0,Hesperia,3.0,True,1.0,One,24121.0,False,2.0,Hesperia Unified,92345,0.0,24121.0,272.43589743589746,1.5,40.0,0,520.0,0.06467393557481033,12.959844447906553,13.064514272196533,12.977805258417035,432702.3072508478
True,False,2025-12-18,635000.0,34.105028999999995,-117.419381,1697.0,264 - Fontana,True,2.0,0.1921,1969.0,2.0,Fontana,3.0,False,1.0,One,8370.0,False,2.0,Fontana Unified,92335,0.0,8370.0,374.18974661166766,1.5,56.0,0,565.6666666666666,0.2027479091995221,13.36138027787483,13.226723392728571,13.21396571129218,547964.4608108444
False,False,2025-12-12,929990.0,34.475576000000004,-118.57263,2573.0,TSRO - Tesoro de Valle,True,2.0,0.2475,2025.0,3.0,Valencia,2.0,False,1.0,One,10782.0,True,2.0,William S. Hart Union,91354,483.0,10782.0,361.441896618733,0.6666666666666666,0.0,0,1286.5,0.23863847152661843,13.742929112383456,13.710150042306449,13.89162419304216,1079085.189119983
True,False,2025-12-29,590000.0,34.471898,-117.32872,2150.0,VIC - Victorville,True,3.0,0.48,2025.0,3.0,Victorville,4.0,True,1.0,One,0.48,True,3.0,Victor Valley Union High,92395,0.0,20908.8,274.4186046511628,1.3333333333333333,0.0,0,537.5,0.10282751760024487,13.287877815881902,12.947950462906661,13.233187823596996,558599.3805709163
True,False,2025-12-02,350000.0,34.427987,-117.31008,840.0,HSP - Hesperia,True,2.0,0.1594,1985.0,1.0,Hesperia,2.0,False,1.0,One,6944.0,False,2.0,Hesperia Unified,92345,0.0,6944.0,416.6666666666667,2.0,40.0,0,420.0,0.12096774193548387,12.765688433465597,13.064514272196533,12.679954994345252,321243.6004918634
True,True,2025-12-12,788000.0,39.814235,-121.87815,3025.0,632 - Highland Park,True,12.0,1.02,1988.0,3.0,Chico,3.0,True,1.0,One,44431.0,False,2.0,Chico Unified,95973,0.0,44431.0,260.495867768595,1.0,37.0,0,1008.3333333333334,0.06808309513627872,13.577253368840017,13.151922179645874,13.518371473903082,742940.6739695845
False,False,2025-12-23,638733.0,35.240308,-120.669787,819.0,SLO - San Luis Obispo,True,2.0,0.0608,2025.0,1.0,San Luis Obispo,2.0,False,1.0,One,2650.0,True,1.0,San Luis Coastal Unified,93401,45.0,2650.0,779.8937728937728,2.0,0.0,0,409.5,0.3090566037735849,13.36724180566447,13.997832114758229,13.536492605008988,756526.3212099116
False,False,2025-12-30,437650.0,35.241176,-120.669176,819.0,SLO - San Luis Obispo,True,2.0,0.0866,2025.0,1.0,San Luis Obispo,2.0,False,1.0,One,3771.0,True,1.0,San Luis Coastal Unified,93401,45.0,3771.0,534.3711843711844,2.0,0.0,0,409.5,0.2171837708830549,12.989174783160584,13.997832114758229,13.535505630815464,755780.0176059373
True,False,2025-12-30,360000.0,34.471221,-117.609653,3026.0,PHEL - Phelan,True,3.0,2.3,2006.0,3.0,Phelan,4.0,True,1.0,One,100188.0,False,3.0,Snowline Joint Unified,92371,0.0,100188.0,118.96893588896232,1.3333333333333333,19.0,0,756.5,0.030203217950253523,12.793859310432293,13.11835535600679,13.474891029026814,711329.4970170857
True,True,2025-12-03,2375000.0,33.536704,-117.638843,3942.0,LD - Ladera Ranch,True,3.0,0.1573,2005.0,5.0,Ladera Ranch,4.0,True,2.0,Two,6854.0,False,3.0,Capistrano Unified,92694,660.0,6854.0,602.4860476915271,0.8,20.0,0,985.5,0.5751386051940472,14.68050799545088,14.232573444874031,14.677848197659287,2368691.3737991992
True,False,2025-12-30,400000.0,33.709461,-117.252053,1050.0,SRCAR - Southwest Riverside County,True,2.0,0.22,1961.0,1.0,Menifee,3.0,True,1.0,One,9583.0,False,2.0,Menifee Union,92587,0.0,9583.0,380.95238095238096,3.0,64.0,0,350.0,0.1095690284879474,12.89921982609012,13.407542319637992,13.23958604010157,562184.8785115087
True,False,2025-12-01,333000.0,39.755248,-121.855726,1050.0,SMP - South Moorpark,True,2.0,0.28,1955.0,1.0,Chico,3.0,True,1.0,One,0.28,False,1.0,Chico Unified,95926,0.0,12196.8,317.1428571428572,3.0,70.0,0,350.0,0.08608815426997246,12.71589776896258,13.060487973686241,12.777093601794407,354014.65932970436
True,False,2025-12-05,1099990.0,33.983862,-117.427426,3492.0,251 - Jurupa Valley,True,3.0,0.4629,2025.0,4.0,Jurupa Valley,4.0,True,1.0,One,20166.0,True,3.0,Jurupa Unified,92509,199.0,20166.0,315.0028636884307,1.0,0.0,0,873.0,0.17316274918179114,13.910811646818185,13.422467969854667,14.064005951875622,1282094.9169128616
False,False,2025-12-16,1250000.0,33.863861,-118.043514,2560.0,RA - Cerritos North of 91 Frwy,True,2.0,0.1175,1971.0,4.0,Cerritos,7.0,True,2.0,Two,5120.0,False,2.0,ABC Unified,90703,0.0,5120.0,488.28125,1.75,54.0,0,365.7142857142857,0.5,14.038654109278484,14.01436141670944,14.153592348963727,1402255.1905685924
True,False,2025-12-19,700000.0,34.033039,-118.183147,1200.0,ELA - East Los Angeles,True,10.0,0.1659,2019.0,2.0,Los Angeles,3.0,False,1.0,One,7228.0,False,2.0,Lucia Mar Unified,90063,0.0,7228.0,583.3333333333334,1.5,6.0,0,400.0,0.16602102933038185,13.458835614025542,13.436422313574042,13.297000193350708,595406.8267686546
True,False,2025-12-24,550000.0,34.578824,-118.144275,2452.0,PLM - Palmdale,True,2.0,0.1604,2001.0,2.0,Palmdale,4.0,False,2.0,Two,6989.0,False,2.0,Palmdale,93551,0.0,6989.0,224.30668841761823,2.0,24.0,0,613.0,0.3508370296179711,13.217673557208654,13.345506928718539,13.351926477078548,629025.1236397986
True,False,2025-12-18,675000.0,37.97404925,-121.80350375,2448.0,92128 - Rancho Bernardo,True,3.0,0.1716,1991.0,3.0,Antioch,4.0,True,2.0,Two,7475.0,False,3.0,Escondido Union,94531,0.0,7475.0,275.7352941176471,1.3333333333333333,34.0,0,612.0,0.32749163879598664,13.422467969854667,13.415032991367148,13.475780329230135,711962.363846002
False,True,2025-12-24,2380000.0,34.122556,-118.09485,2412.0,655 - San Marino,False,2.0,0.2092,1940.0,3.0,San Marino,3.0,True,1.0,One,9113.0,False,2.0,San Marino Unified,91108,0.0,9113.0,986.7330016583747,1.0,85.0,0,804.0,0.2646768352902447,14.682611045647658,14.878494177522658,14.880615922015501,2901144.6443094695
False,True,2025-12-16,1350000.0,34.216283000000004,-118.23276,1475.0,635 - La Crescenta/Glendale Montrose & Annex,True,2.0,0.1345,1953.0,2.0,Montrose,3.0,True,1.0,One,5857.0,False,2.0,Los Angeles Unified,91020,0.0,5857.0,915.2542372881356,1.5,72.0,0,491.6666666666667,0.2518354106197712,14.115615150414612,13.952048517995483,13.83618768762959,1020892.3825549765
True,False,2025-12-12,395000.0,37.40799643,-121.24863213,2715.0,RK - Paramount South of Somerset,True,4.0,0.1219,2006.0,3.0,Patterson,4.0,True,1.0,"Two,One",5308.0,False,2.0,Desert Sands Unified,95363,250.0,5308.0,145.48802946593003,1.3333333333333333,19.0,0,678.75,0.5114920874152223,12.886641043883259,13.125781666033824,13.259775611176712,573650.5036359077
False,False,2025-12-22,997000.0,32.75516425,-117.06522734,2818.0,92115 - San Diego,True,3.0,0.27,1960.0,5.0,San Diego,6.0,False,2.0,Two,14929.0,False,0.0,Antioch,92115,230.0,6470.0,353.7970191625266,1.2,65.0,0,469.6666666666667,0.435548686244204,13.812506048943975,13.748301808270824,14.079586732337441,1302227.388877949
False,False,2025-12-09,410000.0,34.688787,-118.14033899999998,1565.0,LAC - Lancaster,True,2.0,0.2076,1949.0,2.0,Lancaster,3.0,True,1.0,One,9042.0,False,2.0,Antelope Valley Union,93534,0.0,9042.0,261.98083067092654,1.5,76.0,0,521.6666666666666,0.17308117673081178,12.92391243868049,12.971540487669746,12.993604500300204,439592.965923746
True,False,2025-12-31,575000.0,33.650825,-117.301194,1739.0,SRCAR - Southwest Riverside County,True,2.0,0.12,2014.0,2.0,Lake Elsinore,3.0,False,1.0,One,5227.0,False,2.0,Lake Elsinore Unified,92530,122.0,5227.0,330.6497987349051,1.5,11.0,0,579.6666666666666,0.3326956189018557,13.262125319779487,13.270783382522602,13.221032506036222,551850.5280297532
True,False,2025-12-18,1025000.0,34.155014,-117.499976,2840.0,688 - Rancho Cucamonga,True,3.0,0.2456,1991.0,3.0,Rancho Cucamonga,5.0,True,2.0,Two,10700.0,False,3.0,Etiwanda,91739,0.0,10700.0,360.9154929577465,1.6666666666666667,34.0,0,568.0,0.26542056074766357,13.840203170554645,13.862273807960708,14.024969230464269,1233010.416819834
True,False,2025-12-18,385000.0,34.413136,-117.602226,1210.0,PINH - Pinon Hills,True,2.0,1.0,2004.0,2.0,Pinon Hills,3.0,True,1.0,One,43560.0,False,2.0,Snowline Joint Unified,92372,0.0,43560.0,318.1818181818182,1.5,21.0,0,403.3333333333333,0.027777777777777776,12.86099861326992,13.094474869669831,12.981142276554266,434148.6545996605
True,False,2025-12-17,945000.0,34.000078,-117.025374,2216.0,269 - Yucaipa/Calimesa/Oak Glen,False,6.0,5.99,1938.0,4.0,Calimesa,4.0,True,2.0,Two,260924.0,False,6.0,Yucaipa/Calimesa Unified,92320,0.0,260924.0,426.44404332129966,1.0,87.0,0,554.0,0.008492894482684614,13.758940206475879,13.321214236149494,13.820296276287209,1004797.1881627096
True,False,2025-12-05,419000.0,38.807957,-122.558316,2072.0,LCHVL - Hidden Valley Lake,True,13.0,0.44,1989.0,3.0,Hidden Valley Lake,4.0,True,2.0,Two,0.44,False,3.0,Middletown Unified,95467,310.0,19166.4,202.22007722007723,1.3333333333333333,36.0,0,518.0,0.1081058519075048,12.945626198904275,12.818551923022664,13.018580203745351,450710.3639956818
True,False,2025-12-11,600000.0,35.721761,-120.879127,1862.0,PRNW - PR North 46-West 101,True,2.0,0.22,1985.0,2.0,Paso Robles,3.0,True,1.0,One,9583.0,False,2.0,Paso Robles Joint Unified,93446,150.0,9583.0,322.234156820623,1.5,40.0,0,620.6666666666666,0.19430241051862673,13.304684934198283,13.591116224748411,13.54615544717303,763871.9483069951
False,False,2025-12-22,1350000.0,33.658794,-117.913503,1587.0,C4 - Central Costa Mesa,True,2.0,0.1686,1958.0,2.0,Costa Mesa,3.0,True,1.0,One,7344.0,False,2.0,Newport Mesa Unified,92626,0.0,7344.0,850.6616257088847,1.5,67.0,0,529.0,0.21609477124183007,14.115615150414612,14.28551418721001,14.199689673309175,1468408.4326112932
True,False,2025-12-02,1180000.0,33.597196000000004,-117.749349,1665.0,LC - Laguna Canyon,True,4.0,0.0723,1985.0,3.0,Laguna Beach,3.0,True,2.0,Two,3150.0,False,2.0,Laguna Beach Unified,92651,160.0,3150.0,708.7087087087087,1.0,40.0,0,555.0,0.5285714285714286,13.981024996441848,14.914122846632385,14.616487890072118,2227717.0843394776
True,False,2025-12-19,435000.0,38.980807,-122.687875,1866.0,LCCP - Clearlake Park,True,6.0,0.12,2023.0,3.0,Clearlake,3.0,True,2.0,Two,5227.0,True,2.0,Konocti Unified,95422,0.0,5227.0,233.11897106109325,1.0,2.0,0,622.0,0.3569925387411517,12.983101310070822,12.524526376648708,12.971800908753329,430111.995648322
True,False,2025-12-05,500000.0,34.562736,-118.029745,1825.0,PLM - Palmdale,True,2.0,0.156,2000.0,2.0,Palmdale,4.0,True,1.0,One,6797.0,False,2.0,Antelope Valley Union,93552,0.0,6797.0,273.972602739726,2.0,25.0,0,456.25,0.2685008091805208,13.122363377404328,13.122363377404328,13.091866867542544,484981.9086845447
False,False,2025-12-10,1260000.0,34.220274,-118.834431,2568.0,TOE - Thousand Oaks East,True,3.0,0.14,1996.0,3.0,Thousand Oaks,4.0,True,2.0,Two,6098.0,False,3.0,Murrieta,91362,100.0,6098.0,490.6542056074766,1.3333333333333333,29.0,0,642.0,0.42112167923909477,14.04662227892766,14.119312012295937,14.186708414142647,1449469.8315788116
False,False,2025-12-04,842000.0,34.029621,-118.332489,1418.0,699 - Not Defined,True,1.0,0.0947,1927.0,1.0,Los Angeles,2.0,True,1.0,One,4125.0,False,1.0,Los Angeles Unified,90018,0.0,4125.0,593.7940761636107,2.0,98.0,0,709.0,0.34375757575757576,13.643535293224463,13.681979165339751,13.552754910540713,768929.7643263448
True,False,2025-12-11,460000.0,34.569386,-117.940274,1100.0,LRK - Littlerock,True,2.0,0.9087,1983.0,2.0,Littlerock,3.0,False,1.0,One,39585.0,False,2.0,Antelope Valley Union,93543,0.0,39585.0,418.1818181818182,1.5,42.0,0,366.6666666666667,0.027788303650372617,13.038981768465277,13.17777615494877,13.045786030259677,463140.6331534406
True,False,2025-12-15,240000.0,39.497399,-121.548037,1020.0,699 - Not Defined,False,2.0,0.14,1981.0,2.0,Oroville,3.0,False,1.0,One,6098.0,False,2.0,Oroville City,95966,0.0,6098.0,235.2941176470588,1.5,44.0,0,340.0,0.16726795670711708,12.388394202324129,12.821258284620408,12.60208739025445,297178.2452892615
True,False,2025-12-06,305000.0,34.241273,-117.080529,734.0,GVLK - Green Valley Lake,True,0.0,0.1699,1948.0,1.0,Green Valley Lake,1.0,True,2.0,Two,7400.0,False,0.0,Rim of the World,92341,0.0,7400.0,415.53133514986376,1.0,77.0,0,734.0,0.09918918918918919,12.628067055589549,12.732269552963421,12.454693530138318,256451.1635985855
True,False,2025-12-04,6625000.0,34.431955,-119.63663,3637.0,MCTO - Montecito,True,0.0,0.93,1992.0,5.0,Santa Barbara,5.0,True,2.0,Two,40511.0,False,3.0,Alta Loma,93108,109.0,40511.0,1821.5562276601595,1.0,33.0,0,727.4,0.08977808496457752,15.70636092983656,15.442984832884473,15.56166951577475,5732541.400611618
True,False,2025-12-22,312000.0,34.169936,-116.31686,1056.0,DC624 - Hidden Rivers,True,4.0,0.4459,1952.0,1.0,Joshua Tree,4.0,False,1.0,One,19425.0,False,0.0,Morongo Unified,92252,0.0,19425.0,295.45454545454544,4.0,73.0,0,264.0,0.054362934362934365,12.65075846679162,12.871334622600584,12.65034898320584,311872.2672752486
False,False,2025-12-08,525000.0,34.318262,-118.42561,1027.0,SYL - Sylmar,False,2.0,0.1492,1944.0,1.0,Sylmar,2.0,False,1.0,One,6499.0,False,2.0,Los Angeles Unified,91342,0.0,6499.0,511.19766309639726,2.0,81.0,0,513.5,0.15802431143252807,13.17115354157376,13.667586227071855,13.486286375784882,719481.7036896287
False,False,2025-12-29,430000.0,33.750972999999995,-116.957217,1114.0,699 - Not Defined,True,2.0,0.28,1952.0,2.0,Hemet,2.0,True,1.0,One,12197.0,False,2.0,Hemet Unified,92544,0.0,12197.0,385.9964093357271,1.0,73.0,0,557.0,0.0913339345740756,12.971540487669746,13.081541382884074,12.897979775370569,399504.2871302529
True,True,2025-12-12,235000.0,33.959348,-116.469801,1452.0,340 - Desert Hot Springs,True,0.0,0.17,1958.0,2.0,Desert Hot Springs,3.0,False,1.0,One,7405.0,False,0.0,Palm Springs Unified,92240,0.0,7405.0,161.8457300275482,1.5,67.0,0,484.0,0.19608372721134368,12.367340793126296,12.911642346088676,12.846283033982937,379375.98379160784
False,False,2025-12-08,1560000.0,32.926832,-117.157355,2341.0,92126 - Mira Mesa,True,2.0,0.11,2025.0,3.0,San Diego,4.0,False,2.0,Two,0.11,True,2.0,San Diego Unified,92126,0.0,4791.6,666.3818880820162,1.3333333333333333,0.0,0,585.25,0.4885633191418315,14.26019637922572,13.885500212990994,14.09803317261042,1326471.7724473136
True,False,2025-12-24,1025000.0,33.793240000000004,-117.863578,1569.0,"72 - Orange & Garden Grove, E of Harbor, N of 22 F",True,4.0,0.1768,1966.0,2.0,Orange,4.0,True,1.0,One,7700.0,False,2.0,Orange Unified,92868,0.0,7700.0,653.2823454429573,2.0,59.0,0,392.25,0.20376623376623376,13.840203170554645,13.74562083670013,13.69127131865598,883168.5269789613
False,False,2025-12-23,1250000.0,33.821278,-118.080402,1417.0,42 - El Dorado Park,True,2.0,0.1251,1963.0,2.0,Long Beach,3.0,True,1.0,One,5451.0,False,2.0,Long Beach Unified,90808,0.0,5451.0,882.1453775582216,1.5,62.0,0,472.3333333333333,0.25995230232984773,14.038654109278484,13.869051324892304,13.789976843101032,974789.5135165789
True,False,2025-12-19,715000.0,34.561445,-118.177972,4128.0,PLM - Palmdale,True,3.0,0.2058,2005.0,3.0,Palmdale,5.0,True,2.0,Two,8963.0,False,3.0,See Remarks,93551,73.0,8963.0,173.20736434108528,1.6666666666666667,20.0,0,825.6,0.4605600803302466,13.480037821676145,13.345506928718539,13.553981372564019,769873.4060329527
True,False,2025-12-12,1500000.0,33.839639,-117.782185,2319.0,77 - Anaheim Hills,True,3.0,0.2332,1980.0,3.0,Anaheim Hills,4.0,True,2.0,Two,10160.0,False,3.0,Orange Unified,92807,210.0,10160.0,646.8305304010349,1.3333333333333333,45.0,0,579.75,0.228248031496063,14.22097566607244,13.997832114758229,14.141803887449703,1385821.8116579528
True,False,2025-12-12,442000.0,34.443151,-117.198416,1523.0,APPV - Apple Valley,True,2.0,0.444,2025.0,2.0,Apple Valley,3.0,True,1.0,One,19340.0,True,2.0,Apple Valley Unified,92308,0.0,19340.0,290.2166776099803,1.5,0.0,0,507.6666666666667,0.07874870734229576,12.999065161059836,12.936033799212835,12.980459957640024,433852.5277989817
True,False,2025-12-19,475000.0,34.646096,-118.216153,1481.0,LAC - Lancaster,False,3.0,0.5122,1939.0,2.0,Lancaster,2.0,True,1.0,One,22313.0,False,3.0,Other,93536,0.0,22313.0,320.7292370020257,1.0,86.0,0,740.5,0.06637386277058217,13.071070083016778,13.224918336616522,13.083297851081134,480843.84561162785
False,False,2025-12-22,439000.0,35.417646999999995,-119.136295,2065.0,BKSF - Bakersfield,True,2.0,0.25,2005.0,2.0,Bakersfield,5.0,False,1.0,One,10890.0,False,2.0,Bakersfield City,93312,0.0,10890.0,212.590799031477,2.5,20.0,0,413.0,0.189623507805326,12.992254692057308,13.06577902835151,13.128586422336024,503121.22415213904
True,False,2025-12-12,730000.0,34.12742,-117.176372,2407.0,276 - Highland,True,3.0,0.2479,1997.0,3.0,Highland,4.0,True,2.0,Two,10800.0,False,3.0,Redlands Unified,92346,0.0,10800.0,303.2820938928126,1.3333333333333333,28.0,0,601.75,0.22287037037037036,13.500799813124575,13.28681753563043,13.449111822820084,693226.3323928991
False,False,2025-12-02,910000.0,34.002752,-117.582159,2792.0,686 - Ontario,True,2.0,0.093,2020.0,3.0,Ontario,4.0,False,2.0,Two,4050.0,False,2.0,Ontario-Montclair,91761,195.0,4050.0,325.93123209169056,1.3333333333333333,5.0,0,698.0,0.6893827160493827,13.721199878493033,13.532323657186438,13.66127614399031,857071.0880219146
False,False,2025-12-11,1215000.0,37.93389934,-122.0395985,2706.0,264 - Fontana,True,2.0,0.2071,1964.0,4.0,Walnut Creek,4.0,True,2.0,Two,9020.0,False,2.0,Mount Diablo,94598,0.0,9020.0,449.0022172949002,1.0,61.0,0,676.5,0.3,14.010254634756786,14.240778293368619,14.458887206625814,1902895.452713267
True,False,2025-12-22,718000.0,39.40986,-123.807534,1897.0,FBS - Fort Bragg South,False,2.0,4.0,1993.0,2.0,Fort Bragg,3.0,True,1.0,One,4.0,False,2.0,Whittier Union High,95437,0.0,174240.0,378.49235635213495,1.5,32.0,0,632.3333333333334,0.010887281910009183,13.484224848030362,13.317924750600472,13.461378850280715,701782.5311167106
True,False,2025-12-01,7100000.0,33.575668,-117.837345,2795.0,CR - Crystal Cove,True,3.0,0.1404,2001.0,3.0,Newport Coast,3.0,True,2.0,Two,6114.0,False,3.0,Laguna Beach Unified,92657,892.0,6114.0,2540.250447227191,1.0,24.0,0,931.6666666666666,0.4571475302584233,15.775605342011543,15.524055765796309,15.308843354542221,4451908.125757014
True,False,2025-12-23,1130000.0,34.235805,-117.308283,4119.0,286 - Crestline Area,False,12.0,1.157,1928.0,4.0,Crestline,5.0,True,2.0,Two,50400.0,False,2.0,Rim of the World,92325,0.0,50400.0,274.33843165816944,1.25,97.0,0,823.8,0.08172619047619048,13.937728190688523,12.793859310432293,13.516195534222033,741325.8374070553
True,True,2025-12-04,790000.0,33.783514000000004,-116.437045,2530.0,321 - Rancho Mirage,True,2.5,0.25,1980.0,4.0,Rancho Mirage,3.0,True,1.0,One,10890.0,False,2.5,San Diego Unified,92270,280.0,10890.0,312.2529644268775,0.75,45.0,0,843.3333333333334,0.23232323232323232,13.579788224443204,13.9108207377686,13.988337366723277,1188660.2217170259
True,False,2025-12-09,725000.0,34.42214,-118.460979,1960.0,CAN1 - Canyon Country 1,True,4.0,1.6104,2002.0,3.0,Canyon Country,3.0,True,2.0,Two,70147.0,False,2.0,William S. Hart Union,91351,235.0,70147.0,369.8979591836735,1.0,23.0,0,653.3333333333334,0.027941323221235406,13.493926933836812,13.527828485512494,13.629693128108485,830425.1919900259
True,False,2025-12-05,340000.0,34.665171,-118.38758,1336.0,LEL - Lake Elizabeth,True,2.0,0.1375,1982.0,2.0,Lake Hughes,2.0,True,1.0,One,5991.0,False,2.0,Antelope Valley Union,93532,0.0,5991.0,254.49101796407183,1.0,43.0,0,668.0,0.2230011684192956,12.736700896592344,13.091904169919621,12.907613307232317,403371.5220665538
False,True,2025-12-15,940000.0,33.833788,-117.542161,2485.0,248 - Corona,True,2.0,0.2,2000.0,3.0,Corona,4.0,True,2.0,Two,8712.0,False,2.0,Corona-Norco Unified,92881,0.0,8712.0,378.2696177062374,1.3333333333333333,25.0,0,621.25,0.2852387511478421,13.753635154246187,13.6909268947726,13.844528311259818,1029442.8703164248
False,False,2025-12-17,749000.0,36.84578762,-121.40810039,1892.0,699 - Not Defined,True,2.0,0.1446,2001.0,3.0,Hollister,5.0,True,1.0,Two,6300.0,False,2.0,Other,95023,45.0,6300.0,395.877378435518,1.6666666666666667,24.0,0,378.4,0.3003174603174603,13.526494262499357,13.527828485512494,13.520347617253666,744410.2828429766
True,False,2025-12-09,1350000.0,33.303775,-116.99702358,4130.0,92061 - Pauma Valley,False,2.5,1.97,1969.0,4.0,Pauma Valley,3.0,True,1.0,One,1.97,False,2.5,Valley Center - Pauma,92061,371.0,85813.2,326.87651331719127,0.75,56.0,0,1376.6666666666667,0.048127793859219795,14.115615150414612,13.753635154246187,14.444544833732634,1875798.2005002634
True,False,2025-12-22,949900.0,33.856336,-117.587396,2543.0,248 - Corona,True,2.0,0.17,1998.0,3.0,Corona,4.0,True,2.0,Two,7405.0,False,2.0,Corona-Norco Unified,92882,0.0,7405.0,373.5351946519858,1.3333333333333333,27.0,0,635.75,0.34341661039837945,13.764111994878274,13.623138665316818,13.729050583561369,917172.2584173203
False,False,2025-12-10,1500000.0,34.072853,-118.305169,1720.0,C17 - Mid-Wilshire,False,2.0,0.1619,1912.0,2.0,Los Angeles,3.0,True,1.0,One,7052.0,False,4.0,Desert Sands Unified,90004,0.0,7052.0,872.0930232558139,1.5,113.0,0,573.3333333333334,0.24390243902439024,14.22097566607244,14.65917278350986,14.38326158699951,1764294.7386594438
True,False,2025-12-05,950000.0,35.518642,-120.648532,2301.0,TTON - Templeton,False,2.0,6.6,1979.0,2.0,Templeton,5.0,True,1.0,One,6.6,False,2.0,Templeton Unified,93465,0.0,287496.0,412.8639721860061,2.5,46.0,0,460.2,0.008003589615159862,13.764217263576723,13.974648779302571,14.02038249967986,1227367.8802738986
True,False,2025-12-10,735000.0,33.984938,-118.194098,1277.0,"T1 - Vernon, Maywood, Hunt Pk & Bell, N of Florenc",False,4.0,0.1287,1927.0,1.0,Huntington Park,3.0,False,1.0,One,5606.0,False,1.0,Los Angeles Unified,90255,0.0,5606.0,575.5677368833203,3.0,98.0,0,425.6666666666667,0.2277916518016411,13.507625778194974,13.465953081794405,13.394351070248364,656285.4235987858
True,False,2025-12-01,580000.0,39.000901,-121.670862,1820.0,WHLL - Woodland Hills,False,2.0,9.44,1990.0,2.0,Yuba City,3.0,True,1.0,One,411206.0,False,2.0,Yuba City Unified,95993,0.0,411206.0,318.68131868131866,1.5,35.0,0,606.6666666666666,0.004426005457118816,13.270783382522602,13.15023207974658,13.2872774853275,589645.9112686795
True,False,2025-12-19,735000.0,34.41567,-118.520612,2122.0,VMET - Villa Metro,True,2.0,0.5386,2014.0,3.0,Saugus,4.0,False,2.0,Two,23462.0,False,2.0,William S. Hart Union,91350,296.42,23462.0,346.3713477851084,1.3333333333333333,11.0,0,530.5,0.09044412241070668,13.507625778194974,13.652991628466498,13.804826286483802,989372.6026150879
False,False,2025-12-08,1300000.0,33.886425,-118.114562,1802.0,"RH - Bellflower N of Alondra, E of Bellflower",False,2.0,0.6818,1933.0,2.0,Bellflower,3.0,False,1.0,One,29700.0,False,2.0,Bellflower Unified,90706,0.0,29700.0,721.4206437291898,1.5,92.0,0,600.6666666666666,0.06067340067340067,14.077874822431765,13.586096602527896,13.6633358035177,858838.1818351168
True,False,2025-12-03,1209000.0,34.444205,-118.54298,4130.0,NBRG - Valencia Northbridge,True,2.0,0.1962,1999.0,4.0,Valencia,6.0,True,2.0,Two,8546.0,False,2.0,William S. Hart Union,91354,83.0,8546.0,292.7360774818402,1.5,26.0,0,688.3333333333334,0.4832670255090101,14.00530412959693,13.710150042306449,14.02128080255198,1228470.9237252714
False,False,2025-12-02,332000.0,34.127052,-117.315434,1202.0,274 - San Bernardino,True,4.0,0.2388,1935.0,1.0,San Bernardino,3.0,False,1.0,One,10400.0,False,2.0,Los Angeles Unified,92411,0.0,10400.0,276.2063227953411,3.0,90.0,0,400.6666666666667,0.11557692307692308,12.712890247898626,12.994530005894443,12.838837854471565,376561.9499820505
True,False,2025-12-18,772000.0,34.277581,-118.720973,1592.0,SVW - West Simi,True,2.0,0.11,1972.0,2.0,Simi Valley,4.0,True,1.0,One,4791.0,False,2.0,Simi Valley Unified,93063,0.0,4791.0,484.9246231155779,2.0,53.0,0,398.0,0.3322897098726779,13.556739829006913,13.637546696375418,13.601628838142931,807443.8839816059
True,False,2025-12-04,575000.0,37.03915915,-122.08606161,665.0,699 - Not Defined,False,2.0,0.261,1926.0,1.0,Felton,1.0,False,1.0,One,11369.0,False,0.0,Other,95018,202.0,11369.0,864.6616541353384,1.0,99.0,0,665.0,0.058492391591168966,13.262125319779487,13.693342923990066,13.264995462527096,576652.7026916558
False,False,2025-12-19,949999.0,38.339989,-121.9327574,3590.0,699 - Not Defined,True,3.0,0.2042,2025.0,4.0,Vacaville,5.0,False,1.0,One,8895.0,False,3.0,Other,95687,285.0,8895.0,264.62367688022283,1.25,0.0,0,718.0,0.4035975267003935,13.764216210944591,13.424850009081805,13.737768094358058,925202.6692230934
True,True,2025-12-17,329500.0,34.874886,-117.02577,1764.0,BSTW - Barstow,True,2.0,0.1607,1991.0,2.0,Barstow,3.0,True,1.0,One,7000.0,False,2.0,Barstow Unified,92311,0.0,7000.0,186.79138321995464,1.5,34.0,0,588.0,0.252,12.705331632924699,12.556723317938081,12.656731644028538,313869.2082965462
False,False,2025-12-05,636000.0,33.795869,-118.261638,768.0,196 - East Wilmington,True,4.0,0.1302,1952.0,1.0,Wilmington,2.0,False,1.0,One,5670.0,False,1.0,Los Angeles Unified,90744,0.0,5670.0,828.125,2.0,73.0,0,384.0,0.13544973544973546,13.36295384232226,13.452727022056246,13.18694120867615,533354.2991503482
False,False,2025-12-24,499000.0,38.25919286,-120.35080688,2350.0,92104 - North Park,True,5.0,0.25,2004.0,3.0,Arnold,3.0,True,2.0,Two,10890.0,False,2.0,Los Angeles Unified,95223,120.0,10890.0,212.3404255319149,1.0,21.0,0,783.3333333333334,0.2157943067033976,13.120361374733656,12.994530005894443,13.156549884276602,517388.79093112797
True,True,2025-12-15,1117000.0,34.397017,-118.457326,3192.0,CAN3 - Canyon Country 3,True,3.0,0.2678,2001.0,3.0,Canyon Country,5.0,True,2.0,Two,11666.0,False,3.0,William S. Hart Union,91387,130.0,11666.0,349.937343358396,1.6666666666666667,24.0,0,638.4,0.2736156351791531,13.926157078051338,13.737549016494562,14.005146725769277,1208809.7137486534
False,False,2025-12-30,605000.0,33.936690000000006,-117.424714,1269.0,252 - Riverside,True,2.0,0.16,1959.0,2.0,Riverside,3.0,False,1.0,One,6970.0,False,2.0,Riverside Unified,92504,0.0,6970.0,476.7533490937746,1.5,66.0,0,423.0,0.18206599713055954,13.312983737012978,13.353475098367715,13.270545382954902,579861.9766761311
False,False,2025-12-12,575000.0,33.866042,-118.305146,2814.0,120 - South Gardena,False,2.0,0.1491,1961.0,2.0,Gardena,4.0,True,1.0,One,6494.0,False,2.0,Los Angeles Unified,90248,0.0,6494.0,204.3354655294954,2.0,64.0,0,703.5,0.43332306744687404,13.262125319779487,13.635187003832993,13.849637988474559,1034716.4527729118
True,True,2025-12-17,715000.0,33.604032000000004,-117.122342,2269.0,SRCAR - Southwest Riverside County,True,6.0,0.17,2008.0,3.0,Murrieta,4.0,True,2.0,Two,7405.0,False,3.0,Murrieta,92563,99.0,7405.0,315.1167915381225,1.3333333333333333,17.0,0,567.25,0.3064145847400405,13.480037821676145,13.458835614025542,13.472079674028492,709332.505721228
True,False,2025-12-24,2998000.0,33.711196,-117.739391,3086.0,699 - Not Defined,True,2.0,0.1488,2016.0,4.0,Irvine,4.0,True,2.0,Two,6482.0,False,2.0,Irvine Unified,92620,152.0,6482.0,971.4841218405704,1.0,9.0,0,771.5,0.4760876272755322,14.91345595764468,14.503142431449666,14.736687163697495,2512244.573008967
False,False,2025-12-05,750000.0,34.255872,-118.607556,1820.0,CHT - Chatsworth,True,2.0,0.1149,1977.0,3.0,Chatsworth,3.0,True,2.0,Two,5004.0,False,2.0,Los Angeles Unified,91311,0.0,5004.0,412.0879120879121,1.0,48.0,0,606.6666666666666,0.36370903277378097,13.527828485512494,13.944283046980045,13.869057735071594,1055006.7627608269
True,False,2025-12-02,7600000.0,33.451709,-117.662003,4083.0,CB - Capistrano Beach,True,4.0,0.1448,2015.0,5.0,Dana Point,5.0,True,2.0,Two,6306.0,False,2.0,Capistrano Unified,92624,98.0,6306.0,1861.3764388929708,1.0,10.0,0,816.6,0.6474785918173168,15.84365880525656,14.346138809026444,15.001665877673794,3274467.6940522203
True,False,2025-12-02,250000.0,33.929831,-116.935738,891.0,263 - Banning/Beaumont/Cherry Valley,True,1.0,0.12,1980.0,1.0,Banning,2.0,False,1.0,One,5227.0,False,1.0,Banning Unified,92220,132.0,5227.0,280.58361391694723,2.0,45.0,0,445.5,0.1704610675339583,12.429216196844383,12.994530005894443,12.681037900133859,321591.66547316633
False,False,2025-12-22,1060000.0,37.68004605,-122.05997713,1888.0,92122 - University City,True,2.0,0.1478,1978.0,2.0,Hayward,3.0,True,1.0,One,6437.0,False,2.0,Corona-Norco Unified,94541,0.0,6437.0,561.4406779661017,1.5,47.0,0,629.3333333333334,0.2933043343172285,13.87377946608825,13.647074399642998,13.637765097982122,837155.4859434906
True,False,2025-12-19,895000.0,34.045871000000005,-118.319751,1346.0,C16 - Mid Los Angeles,True,3.0,0.1722,1910.0,2.0,Los Angeles,3.0,False,1.0,One,7501.0,False,2.0,Orange Unified,90019,0.0,7501.0,664.9331352154531,1.5,115.0,0,448.6666666666667,0.17944274096787094,13.704578997256993,14.151982794585487,13.95299317347068,1147381.759147849
False,False,2025-12-16,760000.0,34.024344,-118.30218700000002,1394.0,WLA - West Los Angeles,True,2.0,0.0781,1982.0,2.0,Los Angeles,3.0,False,2.0,Two,3401.0,False,2.0,Los Angeles Unified,90018,0.0,3401.0,545.19368723099,1.5,43.0,0,464.6666666666667,0.40987944722140546,13.541073712262515,13.681979165339751,13.500489723752963,729773.6698518245
True,False,2025-12-02,590000.0,34.253569,-117.175732,2028.0,287A - Arrowhead Woods,True,1.0,0.1102,1960.0,3.0,Lake Arrowhead,3.0,True,2.0,Two,4800.0,False,1.0,Rim of the World,92352,0.0,4800.0,290.92702169625244,1.0,65.0,0,676.0,0.4225,13.287877815881902,13.412043452518782,13.492543323221895,723997.5759463841
False,False,2025-12-23,1685000.0,33.12716626,-117.25764808,2693.0,92009 - Carlsbad,True,4.0,0.14,2005.0,4.0,Carlsbad,4.0,True,2.0,Two,0.14,False,2.0,Carlsbad Unified,92009,345.0,6098.4,625.6962495358337,1.0,20.0,0,673.25,0.4415912370457825,14.3372761217686,14.457364444136669,14.413048682782772,1817638.4885851664
True,False,2025-12-02,850000.0,39.45337,-123.809342,1657.0,FBC - Fort Bragg Central,True,2.0,0.12,1994.0,3.0,Fort Bragg,3.0,True,2.0,Two,0.12,False,2.0,Hemet Unified,95437,0.0,5227.2,512.9752564876283,1.0,31.0,0,552.3333333333334,0.3169957147229875,13.652991628466498,13.317924750600472,13.29354888589445,593355.4367729796
True,True,2025-12-18,6750000.0,33.623016,-117.819349,4620.0,TRG - Turtle Ridge,True,3.0,0.2089,2004.0,6.0,Irvine,5.0,True,2.0,Two,9100.0,False,3.0,Irvine Unified,92603,688.0,9100.0,1461.0389610389611,0.8333333333333334,21.0,0,924.0,0.5076923076923077,15.725053062848712,14.978661367769956,15.396178737380197,4858200.876797988
False,False,2025-12-18,880000.0,33.987944,-117.658245,2908.0,681 - Chino,True,2.0,0.0918,2007.0,3.0,Chino,4.0,True,2.0,Two,4000.0,False,2.0,Chino Valley Unified,91710,215.0,4000.0,302.61348005502066,1.3333333333333333,18.0,0,727.0,0.727,13.687677186454389,13.567049198665774,13.661887900071678,857595.5668823854
False,False,2025-12-19,675000.0,37.91316232,-121.59577854,1579.0,92110 - Old Town Sd,True,2.0,0.1791,1977.0,2.0,Discovery Bay,3.0,True,1.0,One,7800.0,False,2.0,Palm Springs Unified,94505,0.0,7800.0,427.4857504749842,1.5,48.0,0,526.3333333333334,0.20243589743589743,13.422467969854667,13.589232200143268,13.521078435310038,744954.5101603799
False,False,2025-12-19,532000.0,34.553407,-118.070302,2267.0,PLM - Palmdale,True,3.0,0.1312,1989.0,3.0,Palmdale,4.0,True,2.0,Two,5714.0,False,3.0,Antelope Valley Union,93550,0.0,5714.0,234.67137185707983,1.3333333333333333,36.0,0,566.75,0.3967448372418621,13.184398768323781,13.049792684569493,13.113851732698231,495762.23839231045
True,False,2025-12-03,710000.0,33.590062,-117.172936,2999.0,SRCAR - Southwest Riverside County,True,3.0,0.17,2004.0,3.0,Murrieta,5.0,True,2.0,Two,7405.0,False,3.0,Murrieta,92563,0.0,7405.0,236.7455818606202,1.6666666666666667,21.0,0,599.8,0.4049966239027684,13.473020249017498,13.458835614025542,13.537127559740597,757006.8337128503
True,False,2025-12-18,499000.0,34.222173,-118.987102,1070.0,VC45 - Mission Oaks,True,2.0,0.03,1977.0,2.0,Camarillo,2.0,False,1.0,One,1306.0,False,2.0,Rialto Unified,93012,753.0,1306.0,466.3551401869159,1.0,48.0,0,535.0,0.8192955589586524,13.120361374733656,13.710150042306449,13.142564086797549,510203.062284539
True,True,2025-12-04,1179000.0,32.977424,-117.13263899999998,1664.0,92129 - Rancho Penasquitos,True,3.0,0.1509,1985.0,3.0,San Diego,3.0,True,2.0,Two,6573.0,False,3.0,Poway Unified,92129,0.0,6573.0,708.5336538461538,1.0,40.0,0,554.6666666666666,0.2531568537958314,13.980177179519508,14.162640089059476,13.972250618186129,1169691.5250247149
True,False,2025-12-08,740000.0,33.474654,-117.105123,1887.0,SRCAR - Southwest Riverside County,True,2.0,0.15,1997.0,3.0,Temecula,3.0,True,2.0,Two,6534.0,False,2.0,Temecula Unified,92592,61.0,6534.0,392.15686274509807,1.0,28.0,0,629.0,0.28879706152433426,13.514405465180353,13.580420735596498,13.517630248476511,742390.1914926122
False,True,2025-12-22,820000.0,34.214695,-118.587142,2258.0,WIN - Winnetka,True,1.0,0.1817,1959.0,2.0,Winnetka,3.0,True,2.0,Two,7914.0,False,1.0,Los Angeles Unified,91306,0.0,7914.0,363.15323294951287,1.5,66.0,0,752.6666666666666,0.2853171594642406,13.617059619240436,13.65680576350189,13.815703599540845,1000193.0602102947
True,False,2025-12-15,539000.0,37.301868,-119.604483,2360.0,YG10 - Oakhurst,True,8.0,2.51,1999.0,2.0,Oakhurst,4.0,True,1.0,One,2.51,False,2.0,Bass Lake Joint Union,93644,0.0,109335.6,228.38983050847452,2.0,26.0,0,590.0,0.021584918361448602,13.197470849891134,13.17115354157376,13.335967727626885,619066.3454745905
True,True,2025-12-10,550000.0,33.729401,-116.369915,1750.0,322 - North Palm Desert,False,0.0,0.19,1959.0,3.0,Palm Desert,4.0,False,1.0,One,8276.0,False,0.0,Desert Sands Unified,92260,0.0,8276.0,314.2857142857143,1.3333333333333333,66.0,0,437.5,0.21145480908651523,13.217673557208654,13.624349319661324,13.64541199544504,843581.6669644562
True,False,2025-12-18,919000.0,37.9794219,-121.7103622,3272.0,CAN3 - Canyon Country 3,True,3.0,0.1498,2025.0,4.0,Oakley,5.0,True,2.0,Two,6525.0,True,3.0,Los Angeles Unified,94561,0.0,6525.0,280.8679706601467,1.25,0.0,0,654.4,0.501455938697318,13.731041401337825,13.415032991367148,13.618450594629344,821141.3934599789
True,False,2025-12-17,1005800.0,34.093567,-118.165139,2229.0,106 - Los Angeles,True,0.0,0.3544,2008.0,4.0,Los Angeles,4.0,True,2.0,Two,15438.0,False,0.0,Alhambra,90032,0.0,15438.0,451.2337371018394,1.0,17.0,0,557.25,0.14438398756315585,13.821293802720001,13.6623593784701,13.867243082528917,1053094.0280555699
True,False,2025-12-30,680000.0,33.496806,-117.102379,1664.0,SRCAR - Southwest Riverside County,True,2.0,0.13,1996.0,3.0,Temecula,3.0,True,2.0,Two,5663.0,False,2.0,Temecula Unified,92592,130.0,5663.0,408.6538461538461,1.0,29.0,0,554.6666666666666,0.2938371887692036,13.42984807715229,13.580420735596498,13.463842124009808,703513.344447477
True,False,2025-12-09,790000.0,34.039013,-118.077077,1227.0,651 - Rosemead/S. San Gabriel,False,2.0,0.2045,1953.0,1.0,Rosemead,3.0,False,1.0,One,8908.0,False,1.0,Montebello Unified,91770,0.0,8908.0,643.8467807660961,3.0,72.0,0,409.0,0.1377413560844185,13.579788224443204,13.726664413759128,13.585306917406674,794371.8197108166
False,False,2025-12-10,380000.0,33.714994,-117.204662,1204.0,SRCAR - Southwest Riverside County,True,2.0,0.19,1972.0,2.0,Menifee,2.0,False,1.0,One,8276.0,False,2.0,Perris Union High,92586,410.0,8276.0,315.6146179401993,1.0,53.0,0,602.0,0.14548090865152247,12.84792653170257,12.89921982609012,12.741442926614251,341616.1190214569
True,False,2025-12-18,595000.0,34.275474,-117.211742,2120.0,287 - Arrowhead Area,True,3.0,0.8293,1997.0,3.0,Lake Arrowhead,3.0,True,2.0,Two,36124.0,False,0.0,Rim of the World,92352,0.0,36124.0,280.66037735849056,1.0,28.0,0,706.6666666666666,0.05868674565385893,13.296316684527767,13.412043452518782,13.607982497652227,812590.439911875
True,False,2025-12-19,290000.0,35.345073,-119.031266,1126.0,BKSF - Bakersfield,False,1.0,0.177,1950.0,1.0,Bakersfield,2.0,False,1.0,One,7710.0,False,1.0,Bakersfield City,93304,0.0,7710.0,257.5488454706927,2.0,75.0,0,563.0,0.14604409857328146,12.577636201962656,12.676076274775909,12.528532751218027,276103.96297451033
True,False,2025-12-30,760000.0,34.00672,-116.982746,2453.0,269 - Yucaipa/Calimesa/Oak Glen,True,5.0,0.489,1989.0,3.0,Yucaipa,3.0,True,1.0,One,21300.0,False,5.0,Yucaipa/Calimesa Unified,92399,0.0,21300.0,309.8247044435385,1.0,36.0,0,817.6666666666666,0.1151643192488263,13.541073712262515,13.274219822166483,13.475656535067882,711874.2325167988
False,False,2025-12-03,595000.0,34.497583,-117.22576200000002,2505.0,APPV - Apple Valley,True,3.0,0.6405,2017.0,4.0,Apple Valley,4.0,True,1.0,One,27900.0,False,3.0,Apple Valley Unified,92308,0.0,27900.0,237.5249500998004,1.0,8.0,0,626.25,0.08978494623655914,13.296316684527767,12.936033799212835,13.3879244698366,652081.2631246948
False,False,2025-12-18,927000.0,33.854048,-117.811041,1667.0,77 - Anaheim Hills,True,2.0,0.1756,1964.0,2.0,Anaheim Hills,4.0,True,2.0,Two,7650.0,False,2.0,Orange Unified,92807,0.0,7650.0,556.0887822435512,2.0,61.0,0,416.75,0.21790849673202614,13.739708844547993,13.997832114758229,13.921015361631992,1111271.4426887862
True,False,2025-12-04,1590000.0,36.54984486,-121.69969212,4373.0,699 - Not Defined,True,5.0,3.595,1984.0,3.0,Salinas,4.0,True,2.0,Two,156598.0,False,3.0,Other,93908,780.0,156598.0,363.5947861879717,1.3333333333333333,41.0,0,1093.25,0.027925005427910956,14.279244574196415,13.99543183135603,14.553057224574962,2090799.7883149958
True,False,2025-12-30,760000.0,34.108218,-117.12766,3015.0,276 - Highland,True,3.0,0.1612,2025.0,3.0,Highland,5.0,False,2.0,Two,7024.0,True,3.0,Redlands Unified,92346,120.0,7024.0,252.07296849087896,1.6666666666666667,0.0,0,603.0,0.42924259681093396,13.541073712262515,13.28681753563043,13.461493868697575,701863.2536746211
True,False,2025-12-16,825000.0,33.846452,-118.176395,902.0,"6 - Bixby, Bixby Knolls, Los Cerritos",False,2.0,0.1774,1942.0,1.0,Long Beach,2.0,False,1.0,One,7727.0,False,2.0,Long Beach Unified,90807,0.0,7727.0,914.6341463414634,2.0,83.0,0,451.0,0.11673353177170959,13.623138665316818,13.924364962876357,13.638922723279025,838125.1594624697
True,True,2025-12-30,499900.0,39.29377,-121.473781,2800.0,681 - Chino,True,0.0,5.53,1992.0,3.0,Marysville,3.0,True,1.0,One,240887.0,False,0.0,Marysville Joint Unified,95901,0.0,240887.0,178.53571428571428,1.0,33.0,0,933.3333333333334,0.01162370738146932,13.122163357401663,13.02595920164526,13.331447284344213,616274.2067786078
False,True,2025-12-16,698000.0,34.650982,-118.2071,3560.0,LAC - Lancaster,True,3.0,0.2001,2003.0,3.0,Lancaster,5.0,True,2.0,Two,8715.0,False,3.0,Antelope Valley Union,93536,0.0,8715.0,196.06741573033707,1.6666666666666667,22.0,0,712.0,0.408491107286288,13.45597438174451,13.224918336616522,13.492495854437111,723963.2094769413
False,False,2025-12-05,991500.0,36.99074226,-121.97448962,953.0,699 - Not Defined,True,2.0,0.201,1963.0,1.0,Santa Cruz,2.0,True,1.0,Two,8756.0,False,2.0,Other,95065,0.0,8756.0,1040.398740818468,2.0,62.0,0,476.5,0.10883965280950206,13.806974226941987,14.17161767960286,13.73429787513347,921997.5775355314
True,False,2025-12-23,1055000.0,36.57851289,-121.85700352,1524.0,699 - Not Defined,True,2.0,0.2335,1963.0,2.0,Monterey,4.0,True,1.0,One,10170.0,False,2.0,Other,93940,0.0,10170.0,692.2572178477691,2.0,62.0,0,381.0,0.14985250737463127,13.869051324892304,14.119680947920857,13.942874222786966,1135830.0040996852
False,False,2025-12-23,655990.0,33.953733,-117.212074,1765.0,259 - Moreno Valley,True,2.0,0.2135,2025.0,2.0,Moreno Valley,3.0,False,1.0,One,9298.0,True,2.0,Moreno Valley Unified,92557,107.0,9298.0,371.6657223796034,1.5,0.0,0,588.3333333333334,0.1898257689825769,13.393900823907597,13.262125319779487,13.255093461294328,570970.8641300483
False,False,2025-12-10,360000.0,34.116997999999995,-117.282936,768.0,274 - San Bernardino,False,2.0,0.1561,1927.0,1.0,San Bernardino,2.0,False,1.0,One,6800.0,False,2.0,Cajon Valley Union,92410,0.0,6800.0,468.75,2.0,98.0,0,384.0,0.11294117647058824,12.793859310432293,12.971540487669746,12.72458047037011,335903.9282961213
False,False,2025-12-12,1530000.0,37.48916683,-121.92278231,1607.0,SRCAR - Southwest Riverside County,True,2.0,0.1578,1954.0,2.0,Fremont,4.0,False,1.0,One,6874.0,False,2.0,Fremont Unified,94539,0.0,6874.0,952.0846297448662,2.0,71.0,0,401.75,0.23377945883037532,14.240778293368619,14.71159858252091,14.518832616582145,2020453.6362830838
True,True,2025-12-19,855000.0,33.69232,-116.305192,2296.0,313 - La Quinta South of HWY 111,False,2.0,0.35,1972.0,3.0,La Quinta,3.0,True,1.0,One,15246.0,False,2.0,Brea-Olinda Unified,92253,900.0,15246.0,372.3867595818815,1.0,53.0,0,765.3333333333334,0.15059687786960516,13.658856747918897,13.545013310266594,13.671103427823866,865535.2908116125
True,False,2025-12-18,609000.0,33.910373,-118.246002,966.0,"RN - Compton N of Rosecrans, E of Central",False,2.0,0.1191,1949.0,1.0,Compton,3.0,False,1.0,One,5187.0,False,2.0,Compton Unified,90222,0.0,5187.0,630.4347826086956,3.0,76.0,0,322.0,0.1862348178137652,13.319573546692034,13.304684934198283,13.151671701605721,514871.0199633296
True,False,2025-12-17,345000.0,39.117582,-121.554999,1782.0,259 - Moreno Valley,True,2.0,0.1561,1995.0,3.0,Marysville,4.0,False,2.0,Two,6801.0,False,2.0,Marysville Joint Unified,95901,0.0,6801.0,193.6026936026936,1.3333333333333333,30.0,0,445.5,0.2620202911336568,12.751299696013497,13.02595920164526,13.07510960835031,476922.6552262223
False,False,2025-12-02,1210000.0,34.125063,-117.709019,2098.0,683 - Claremont,True,2.0,0.2818,1978.0,3.0,Claremont,4.0,False,1.0,One,12275.0,False,2.0,San Marcos Unified,91711,55.0,12275.0,576.7397521448999,1.3333333333333333,47.0,0,524.5,0.17091649694501018,14.006130917572923,13.9108207377686,13.903433976317965,1091904.4989820984
False,False,2025-12-30,435000.0,33.2677293,-117.08922491,1000.0,92082 - Valley Center,True,4.0,0.91,1965.0,2.0,Valley Center,2.0,False,1.0,One,39639.0,False,0.0,Hemet Unified,92082,0.0,39639.0,435.0,1.0,60.0,0,500.0,0.025227679810287847,12.983101310070822,13.710150042306449,13.397695247175882,658483.8320548411
False,False,2025-12-08,4500000.0,37.84385833,-122.01720069,5903.0,MC - Mission Viejo Central,True,4.0,0.524,2012.0,7.0,Alamo,5.0,True,2.0,Two,22825.0,False,4.0,Bonsall Unified,94507,1550.0,22825.0,762.3242419108927,0.7142857142857143,13.0,0,1180.6,0.2586199342825849,15.319587954740548,14.721750953984929,15.497388347669386,5375640.822538487
True,True,2025-12-16,1450000.0,33.734864,-116.31064,3200.0,324 - East Palm Desert,True,44.0,1.04,1984.0,4.0,Palm Desert,7.0,True,1.0,"Two,One",45302.0,False,4.0,Covina Valley Unified,92211,87.0,45302.0,453.125,1.75,41.0,0,457.14285714285717,0.07063705796653569,14.187074114396758,13.226723392728571,13.717408810322345,906556.659058826
False,False,2025-12-03,1735000.0,32.79339923,-117.2012906,2621.0,92117 - Clairemont Mesa,True,4.0,0.2153,1974.0,3.0,San Diego,4.0,True,2.0,Two,7000.0,False,2.0,Los Angeles Unified,92117,0.0,9147.0,661.9610835558947,1.3333333333333333,51.0,0,655.25,0.28654203564010056,14.366517971363097,13.964016766263498,14.143375890479533,1388002.040959237
False,False,2025-12-09,555551.0,33.900128,-118.228724,1006.0,"RO - Compton S of Rosecrans, E of Alameda",True,1.0,0.0571,1960.0,1.0,Compton,3.0,False,1.0,One,2486.0,False,1.0,Compton Unified,90220,0.0,2486.0,552.2375745526839,3.0,65.0,0,335.3333333333333,0.40466613032984716,13.227715693028536,13.386264921190707,13.225211023895996,554161.2696925747
True,False,2025-12-29,704750.0,34.033327,-117.151863,2329.0,268 - Redlands,True,3.0,0.6313,1964.0,3.0,Redlands,4.0,True,1.0,One,27500.0,False,3.0,Redlands Unified,92373,0.0,27500.0,302.5976814083298,1.3333333333333333,61.0,0,582.25,0.0846909090909091,13.465598408976359,13.621317169677567,13.787120735866383,972009.3822012205
False,False,2025-12-18,790000.0,34.075667,-117.148954,3287.0,268 - Redlands,True,3.0,0.1757,2014.0,4.0,Redlands,5.0,True,2.0,Two,7655.0,False,3.0,Redlands Unified,92374,180.0,7655.0,240.3407362336477,1.25,11.0,0,657.4,0.4293925538863488,13.579788224443204,13.299666780812677,13.55241094702739,768665.3260242791
True,True,2025-12-15,7150000.0,34.112699,-118.42278,8105.0,C02 - Beverly Hills Post Office,True,2.0,0.2698,2017.0,5.0,Beverly Hills,5.0,True,1.0,ThreeOrMore,11753.0,False,3.0,Long Beach Unified,90210,99.0,11753.0,882.1714990746452,1.0,8.0,0,1621.0,0.6896111631072918,15.78262291467019,15.053884789007542,15.749244517105021,6915283.479486578
True,True,2025-12-08,950000.0,33.83554,-118.032557,1633.0,82 - Buena Park,True,2.0,0.1452,1956.0,3.0,Buena Park,4.0,True,1.0,One,6324.0,False,2.0,Anaheim Union High,90620,0.0,6324.0,581.7513778322107,1.3333333333333333,69.0,0,408.25,0.2582226438962682,13.764217263576723,13.741593969296583,13.775290819073177,960578.339540633
False,False,2025-12-17,799000.0,34.034690999999995,-118.298016,2336.0,C16 - Mid Los Angeles,True,0.0,0.0554,1902.0,5.0,Los Angeles,5.0,False,2.0,Two,2413.0,False,1.0,Santa Maria Joint Union,90007,0.0,2413.0,342.03767123287673,1.0,123.0,0,467.2,0.9680895151263986,13.591116224748411,13.611037477991864,13.895605736082967,1083390.1778069003
False,False,2025-12-15,1650000.0,37.3883825,-122.02732,1652.0,699 - Not Defined,True,1.0,0.115,1942.0,2.0,Sunnyvale,3.0,False,1.0,One,5011.0,False,1.0,Other,94085,0.0,5011.0,998.7893462469732,1.5,83.0,0,550.6666666666666,0.3296747156256236,14.316285845876763,14.392123922268269,14.263646838200957,1565392.0131117632
False,False,2025-12-19,975000.0,33.87565,-117.341821,2844.0,252 - Riverside,True,6.0,0.2417,2025.0,4.0,Riverside,4.0,False,2.0,Two,10530.0,False,3.0,Riverside Unified,92508,134.0,10530.0,342.8270042194093,1.0,0.0,0,711.0,0.27008547008547007,13.790192749979985,13.56126305375042,13.8542380046531,1039487.1293783042
True,False,2025-12-23,553000.0,33.484415000000006,-117.087207,1339.0,SRCAR - Southwest Riverside County,True,2.0,0.11,2000.0,2.0,Temecula,3.0,True,1.0,One,4791.0,False,2.0,Temecula Unified,92592,84.0,4791.0,412.9947722180732,1.5,25.0,0,446.3333333333333,0.2794823627635149,13.223113280504473,13.580420735596498,13.367986771497232,639209.0115454117
False,False,2025-12-29,1015000.0,33.875640999999995,-117.341521,3475.0,252 - Riverside,True,6.0,0.2417,2025.0,4.0,Riverside,5.0,False,2.0,Two,10530.0,False,3.0,Riverside Unified,92508,134.0,10530.0,292.0863309352518,1.25,0.0,0,695.0,0.33000949667616336,13.830399170458024,13.56126305375042,13.902702975387845,1091106.6074429993
False,False,2025-12-15,1090000.0,34.19225,-118.870973,2100.0,TOE - Thousand Oaks East,True,4.0,0.26,1961.0,2.0,Thousand Oaks,3.0,True,1.0,One,11325.0,False,2.0,Newport Mesa Unified,91360,120.0,11325.0,519.047619047619,1.5,64.0,0,700.0,0.18543046357615894,13.901688254205327,13.909911233385758,13.93951477167857,1132020.6410006846
False,False,2025-12-31,480000.0,33.965323,-118.304447,960.0,C34 - Los Angeles Southwest,True,0.0,0.0729,1928.0,1.0,Los Angeles,2.0,False,1.0,One,3175.0,False,0.0,Los Angeles Unified,90047,0.0,3175.0,500.0,2.0,97.0,0,480.0,0.30236220472440944,13.081541382884074,13.493926933836812,13.308567785110585,602334.239366422
True,False,2025-12-17,750000.0,33.675940999999995,-117.216981,3284.0,SRCAR - Southwest Riverside County,True,3.0,0.21,2013.0,3.0,Menifee,5.0,True,2.0,Two,9148.0,False,3.0,Menifee Union,92584,130.0,9148.0,228.3800243605359,1.6666666666666667,12.0,0,656.8,0.3589855706165282,13.527828485512494,13.353475098367715,13.4758181359112,711989.2812888492
False,False,2025-12-29,746500.0,33.852706,-118.263008,1813.0,137 - North Carson,True,2.0,0.1637,1964.0,2.0,Carson,4.0,True,2.0,Two,7132.0,False,2.0,Los Angeles Unified,90746,0.0,7132.0,411.7484831770546,2.0,61.0,0,453.25,0.25420639371845205,13.523150895961383,13.681979165339751,13.728349246581605,916529.2371093463
False,False,2025-12-02,200000.0,34.895373,-117.027454,1598.0,BSTW - Barstow,False,4.0,0.2583,1939.0,2.0,Barstow,3.0,True,1.0,One,11250.0,False,2.0,Barstow Unified,92311,0.0,11250.0,125.15644555694618,1.5,86.0,0,532.6666666666666,0.14204444444444445,12.206072645530174,12.556723317938081,12.612817752023558,300384.2453798366
True,True,2025-12-05,885000.0,34.267702,-118.87435,1697.0,SMP - South Moorpark,True,2.0,0.2,1987.0,2.0,Moorpark,4.0,True,1.0,One,8712.0,False,2.0,Temecula Unified,93021,0.0,8712.0,521.5085444902769,2.0,38.0,0,424.25,0.19478879706152433,13.693342923990066,13.8878312195439,13.760085294332232,946082.7278151804
False,False,2025-12-12,600000.0,33.598296000000005,-117.257375,1983.0,SRCAR - Southwest Riverside County,True,3.0,0.17,2000.0,3.0,Wildomar,3.0,True,2.0,Two,7405.0,False,3.0,Lake Elsinore Unified,92595,0.0,7405.0,302.571860816944,1.0,25.0,0,661.0,0.2677920324105334,13.304684934198283,13.442996549995796,13.400168216788842,660114.2577277943
False,False,2025-12-04,950000.0,33.15434219,-117.03817881,2920.0,92027 - Escondido,True,5.0,0.182,2007.0,4.0,Escondido,4.0,False,1.0,One,5624.0,False,3.0,Newport Mesa Unified,92027,180.0,11600.0,325.3424657534247,1.0,18.0,0,730.0,0.2517241379310345,13.764217263576723,13.658839648348096,13.984318527452066,1183892.7735584185
True,True,2025-12-10,1880000.0,34.143978000000004,-117.770035,8377.0,684 - La Verne,True,9.0,0.6366,1964.0,4.0,La Verne,6.0,True,1.0,"One,Two",27731.0,False,9.0,Bonita Unified,91750,315.0,27731.0,224.4240181449206,1.5,61.0,0,1396.1666666666667,0.30208070390537667,14.446782334806132,13.758940206475879,14.486261763258444,1955705.905592601
False,False,2025-12-01,617500.0,34.078540999999994,-117.411665,1280.0,264 - Fontana,False,3.0,0.2176,1952.0,1.0,Fontana,2.0,False,1.0,One,9480.0,False,3.0,Fontana Unified,92335,0.0,9480.0,482.421875,2.0,73.0,0,640.0,0.1350210970464135,13.33343434748427,13.226723392728571,13.045088307112552,462817.60191960464
True,False,2025-12-03,1380000.0,33.525296999999995,-117.58881,2117.0,RIEN - Rienda,True,2.0,0.0784,2023.0,3.0,Rancho Mission Viejo,4.0,False,2.0,Two,3414.0,False,2.0,Capistrano Unified,92694,304.0,3414.0,651.8658478979688,1.3333333333333333,2.0,0,529.25,0.6200937316930287,14.137594057133388,14.232573444874031,14.20229528094575,1472239.517821859
True,False,2025-12-26,415000.0,34.577157,-118.083053,1519.0,699 - Not Defined,True,2.0,26.0835,2007.0,3.0,Palmdale,3.0,False,2.0,Two,1136196.0,False,2.0,Palmdale,93550,225.0,1136196.0,273.20605661619487,1.0,18.0,0,506.3333333333333,0.0013369172220285936,12.936033799212835,13.049792684569493,13.204978214163152,543061.696583934
False,True,2025-12-02,1050000.0,34.197853,-118.410033,2520.0,NHO - North Hollywood,False,2.0,0.1692,1957.0,4.0,North Hollywood,5.0,True,1.0,One,7370.0,False,0.0,Los Angeles Unified,91605,0.0,7370.0,416.6666666666667,1.25,68.0,0,504.0,0.3419267299864315,13.864300722133706,13.670484785914017,13.93497524077202,1126893.4446519744
True,False,2025-12-09,688888.0,37.9948405,-121.69500076,2778.0,699 - Not Defined,True,3.0,0.1389,2006.0,3.0,Oakley,5.0,True,2.0,Two,6050.0,False,3.0,Oakley,94561-1794,152.0,6050.0,247.97984161267092,1.6666666666666667,19.0,0,555.6,0.45917355371900825,13.442833982355687,13.698976741708323,13.830593923519826,1015197.6936078215
True,False,2025-12-10,801000.0,34.155786,-118.613124,1979.0,WHLL - Woodland Hills,True,2.0,0.2015,1963.0,2.0,Woodland Hills,4.0,True,1.0,"MultiSplit,One",8778.0,False,3.0,Irvine Unified,91364,199.0,8778.0,404.7498736735725,2.0,62.0,0,494.75,0.22544998860788334,13.593616226050496,14.15910026235435,14.078668002433025,1301031.5430472137
True,False,2025-12-22,2101000.0,37.19199118,-121.79673822,2649.0,699 - Not Defined,True,8.0,0.916,1978.0,3.0,San Jose,4.0,True,1.0,Two,39900.0,False,2.0,San Jose Unified,95120,187.0,39900.0,793.129482823707,1.3333333333333333,47.0,0,662.25,0.06639097744360903,14.557923979827137,14.622185682591283,14.713791571519483,2455378.71862628
True,False,2025-12-16,1712500.0,34.13448,-117.714717,3063.0,683 - Claremont,True,14.0,0.852,1987.0,3.0,Claremont,4.0,True,2.0,Two,37113.0,False,4.0,Claremont Unified,91711,0.0,37113.0,559.0923930786811,1.3333333333333333,38.0,0,765.75,0.08253172742704713,14.353464849118517,13.9108207377686,14.184764872116672,1446655.4618545794
False,False,2025-12-16,764000.0,34.181732000000004,-118.373859,1176.0,NHO - North Hollywood,True,0.0,0.1377,1923.0,2.0,North Hollywood,4.0,False,1.0,One,5999.0,False,3.0,Los Angeles Unified,91606,0.0,5999.0,649.6598639455782,2.0,102.0,0,294.0,0.19603267211201866,13.546323068148657,13.741864017795976,13.643825255033226,842244.1832431745
True,False,2025-12-09,218000.0,38.826926,-122.716577,960.0,LCCOB - Cobb,True,0.0,0.5,2000.0,2.0,Cobb,2.0,False,1.0,One,21780.0,False,0.0,Middletown Unified,95426,0.0,21780.0,227.08333333333337,1.0,25.0,0,480.0,0.0440771349862259,12.292250341771226,12.487485104968359,12.462251079272189,258396.64815554625
True,False,2025-12-23,839500.0,33.493893,-117.656373,1303.0,OR - Ortega/Orange County,False,2.0,0.0304,1964.0,2.0,San Juan Capistrano,2.0,True,1.0,One,1324.0,False,2.0,Capistrano Unified,92675,385.0,1324.0,644.2824251726785,1.0,61.0,0,651.5,0.9841389728096677,13.640561755499732,14.32231001513485,13.693120045794076,884802.7747759663
True,False,2025-12-23,550000.0,37.471168,-120.105521,1918.0,MP5 - Mariposa 5,True,2.0,5.28,2024.0,2.0,Catheys Valley,4.0,False,1.0,One,5.28,True,2.0,Mariposa County Unified,95306,0.0,229996.8,286.7570385818561,2.0,1.0,0,479.5,0.00833924645908117,13.217673557208654,13.262125319779487,13.421506946191606,674351.6206312936
True,False,2025-12-10,365000.0,37.271932,-119.571217,1804.0,313 - La Quinta South of HWY 111,True,1.0,0.41,1980.0,2.0,North Fork,3.0,True,2.0,ThreeOrMore,17860.0,False,1.0,Chawanakee Unified,93643,0.0,17860.0,202.32815964523283,1.5,45.0,0,601.3333333333334,0.10100783874580067,12.80765263256463,13.060487973686241,13.032286601109021,456930.50985710864
True,False,2025-12-17,525000.0,33.762094,-117.008179,2446.0,SRCAR - Southwest Riverside County,True,2.0,0.21,2005.0,3.0,Hemet,5.0,False,1.0,One,9148.0,False,2.0,Hemet Unified,92545,0.0,9148.0,214.63614063777595,1.6666666666666667,20.0,0,489.2,0.2673808482728465,13.17115354157376,12.990536830078119,13.142237554812613,510036.4918626563
False,False,2025-12-12,1225000.0,33.21277324,-117.25128988,3350.0,92083 - Vista,False,6.0,0.315,1959.0,5.0,Vista,8.0,True,1.0,MultiSplit,13720.0,False,2.0,Chaffey Joint Union High,92083,0.0,13720.0,365.6716417910447,1.6,66.0,0,418.75,0.24416909620991253,14.018451401960965,13.614617615584883,14.124499200806557,1362046.9014341026
True,True,2025-12-29,690000.0,35.408053,-118.867804,3083.0,BKSF - Bakersfield,True,3.0,0.57,2001.0,3.0,Bakersfield,5.0,True,2.0,Two,24829.0,False,3.0,Bakersfield City,93306,0.0,24829.0,223.80797924099903,1.6666666666666667,24.0,0,616.6,0.12416931813605059,13.444446876573442,12.873902018105829,13.389940257615514,653397.0462900266
True,True,2025-12-22,1325000.0,34.003261,-117.479236,2099.0,251 - Jurupa Valley,False,4.0,0.46,1975.0,2.0,Jurupa Valley,5.0,False,1.0,One,20038.0,False,4.0,Jurupa Unified,92509,0.0,20038.0,631.252977608385,2.5,50.0,0,419.8,0.10475097315101307,14.09692301740246,13.422467969854667,13.478169588159018,713665.4600395579
False,False,2025-12-17,883000.0,33.819298,-117.976157,1385.0,79 - Anaheim West of Harbor,True,2.0,0.1653,1954.0,2.0,Anaheim,3.0,False,1.0,ThreeOrMore,7200.0,False,2.0,Anaheim Union High,92804,0.0,7200.0,637.5451263537906,1.5,71.0,0,461.6666666666667,0.19236111111111112,13.691080479586097,13.766841941519797,13.707457003680302,897579.525914437
True,False,2025-12-30,607500.0,39.096418,-122.908497,2831.0,LCLPN - Lakeport North,True,3.0,1.29,2009.0,4.0,Lakeport,3.0,True,1.0,ThreeOrMore,1.29,False,3.0,Lakeport Unified,95453,0.0,56192.4,214.5884846344048,0.75,16.0,0,943.6666666666666,0.050380478498871735,13.31710745419684,12.89167886987763,13.588179374416278,796656.8989373132
True,False,2025-12-16,349000.0,37.297188,-120.460613,1285.0,92130 - Carmel Valley,True,1.0,0.1377,1947.0,2.0,Merced,3.0,True,1.0,One,6000.0,False,1.0,Merced Union,95340,0.0,6000.0,271.5953307392996,1.5,78.0,0,428.3333333333333,0.21416666666666667,12.762827201184564,12.934827526010142,12.7731304454671,352614.42040824285
True,False,2025-12-04,2000000.0,38.34652544,-122.15947117,3985.0,699 - Not Defined,True,5.0,38.54,2004.0,5.0,Napa,4.0,True,1.0,One,1678802.0,False,5.0,El Monte Union High,94558-9399,0.0,1678802.0,501.88205771643663,0.8,21.0,0,996.25,0.0023737164954533052,14.508657738524219,13.698976741708323,14.525494002037636,2033957.5843154455
False,False,2025-12-17,220000.0,39.83385,-121.612095,1930.0,250 - Norco,True,2.0,0.28,1983.0,3.0,Magalia,3.0,True,2.0,Two,12197.0,False,2.0,Paradise Unified,95954,310.0,12197.0,113.98963730569947,1.0,42.0,0,643.3333333333334,0.15823563171271623,12.301382825334498,12.587927887999204,12.72553010521945,336223.065880564
True,True,2025-12-16,460000.0,33.665032000000004,-117.394495,1920.0,SRCAR - Southwest Riverside County,True,2.0,0.19,1990.0,3.0,Lake Elsinore,3.0,True,2.0,Two,8276.0,False,2.0,Lake Elsinore Unified,92530,0.0,8276.0,239.58333333333337,1.0,35.0,0,640.0,0.2319961333977767,13.038981768465277,13.270783382522602,13.296489980434012,595103.1199990949
False,False,2025-12-12,599990.0,33.740427000000004,-116.197692,2554.0,309 - Indio North of East Valley,True,4.0,0.1198,2025.0,3.0,Indio,3.0,False,2.0,Two,5218.0,True,2.0,Placentia-Yorba Linda Unified,92203,125.0,5218.0,234.9216914643696,1.0,0.0,0,851.3333333333334,0.4894595630509774,13.304668267392726,13.255142955086335,13.404262674914602,662822.6087454959
True,False,2025-12-19,685000.0,34.402455,-117.476047,3608.0,PHEL - Phelan,True,3.0,4.67,1993.0,3.0,Phelan,4.0,True,2.0,Two,203425.0,False,3.0,Snowline Joint Unified,92371,0.0,203425.0,189.8558758314856,1.3333333333333333,32.0,0,902.0,0.01773626643726189,13.437174117244362,13.11835535600679,13.550594026738281,767269.9903885613
True,False,2025-12-30,510000.0,34.095188,-117.373651,1393.0,272 - Rialto,True,2.0,0.074,2023.0,2.0,Rialto,3.0,False,1.0,One,3225.0,False,2.0,Rialto Unified,92376,171.0,3225.0,366.11629576453697,1.5,2.0,0,464.3333333333333,0.43193798449612403,13.142166004700508,13.253391639810733,13.139492330518884,508638.24741994013
True,False,2025-12-12,360000.0,34.21223,-117.115897,1612.0,288 - Running Springs,True,5.0,0.2342,1980.0,3.0,Running Springs,4.0,True,2.0,Two,10200.0,False,0.0,Rim of the World,92382,0.0,10200.0,223.32506203473943,1.3333333333333333,45.0,0,403.0,0.15803921568627452,12.793859310432293,12.793859310432293,12.859638043602507,384476.5368628294
True,True,2025-12-10,7500000.0,33.356321,-118.331778,7053.0,1C - Catalina,True,2.0,0.1697,2024.0,9.0,Avalon,7.0,True,1.0,ThreeOrMore,7391.0,True,2.0,Long Beach Unified,90704,1227.0,7391.0,1063.3772862611654,0.7777777777777778,1.0,0,1007.5714285714286,0.954268705181978,15.830413578506539,14.142876129748247,15.314017775512667,4475003.874553223
True,False,2025-12-26,1650000.0,35.034074,-120.507294,2991.0,NPMO - Nipomo,False,3.0,1.01,1999.0,3.0,Nipomo,4.0,True,1.0,One,43996.0,False,3.0,Lucia Mar Unified,93444,0.0,43996.0,551.6549648946841,1.3333333333333333,26.0,0,747.75,0.06798345304118557,14.316285845876763,13.855084652589102,14.171357973951329,1427389.7347930693
False,False,2025-12-23,972000.0,34.198411,-118.43645,1722.0,VN - Van Nuys,True,2.0,0.1416,1953.0,2.0,Van Nuys,3.0,False,1.0,One,6166.0,False,2.0,San Luis Coastal Unified,91405,0.0,6166.0,564.4599303135889,1.5,72.0,0,574.0,0.27927343496594226,13.787111083442577,13.68482817589707,13.737510458711842,924964.334738575
True,False,2025-12-04,540000.0,34.110807,-117.407821,1204.0,264 - Fontana,True,2.0,0.182,1977.0,2.0,Fontana,3.0,False,1.0,One,7930.0,False,2.0,Fontana Unified,92336,0.0,7930.0,448.5049833887043,1.5,48.0,0,401.3333333333333,0.15182849936948298,13.199324418540456,13.487006490992238,13.322934471343371,611050.246544808
True,False,2025-12-12,695000.0,33.837229,-117.562389,1504.0,248 - Corona,True,2.0,0.08,1994.0,3.0,Corona,3.0,True,2.0,Two,3484.0,False,2.0,Corona-Norco Unified,92881,78.0,3484.0,462.1010638297872,1.0,31.0,0,501.3333333333333,0.4316877152698048,13.45166712454693,13.6909268947726,13.54940489332279,766358.1462638951
True,False,2025-12-29,340000.0,34.24069,-117.289527,1000.0,286 - Crestline Area,True,3.0,0.0918,1964.0,2.0,Crestline,2.0,True,2.0,Two,4000.0,False,0.0,Rim of the World,92325,0.0,4000.0,340.0,1.0,61.0,0,500.0,0.25,12.736700896592344,12.793859310432293,12.591369776718592,294010.21091425885
True,False,2025-12-05,3250000.0,34.029284000000004,-118.816603,2502.0,C33 - Malibu,True,5.0,1.1865,1957.0,2.0,Malibu,3.0,True,1.0,One,51683.0,False,2.0,Norwalk - La Mirada,90265,0.0,51683.0,1298.960831334932,1.5,68.0,0,834.0,0.04841050248631078,14.994165554305921,15.02369061159072,15.014740164831462,3317560.112460134
True,False,2025-12-18,4400000.0,33.642125,-117.771712,4225.0,QH - Quail Hill,True,3.0,0.148,2005.0,4.0,Irvine,4.0,True,2.0,Two,6447.0,False,3.0,Irvine Unified,92603,285.0,6447.0,1041.420118343195,1.0,20.0,0,1056.25,0.655343570653017,15.29711509888849,14.978661367769956,15.259659245821963,4238242.539253036
True,False,2025-12-19,1100000.0,35.128796,-120.5681,1978.0,AG-East of Hwy 101,True,4.0,0.1951,1975.0,2.0,Arroyo Grande,3.0,False,1.0,One,8500.0,False,2.0,Lucia Mar Unified,93420,0.0,8500.0,556.1172901921133,1.5,50.0,0,659.3333333333334,0.23270588235294118,13.9108207377686,13.953093847654955,13.93687905542135,1129040.884415158
False,False,2025-12-23,1225000.0,37.349517600000006,-121.86980805,2064.0,699 - Not Defined,False,4.0,0.1166,1979.0,3.0,San Jose,5.0,False,2.0,One,5080.0,False,0.0,San Jose Unified,95116,0.0,5080.0,593.5077519379845,1.6666666666666667,46.0,0,412.8,0.4062992125984252,14.018451401960965,13.845069360205818,13.860865507125139,1046399.2125215828
False,False,2025-12-19,1025000.0,37.72206425,-122.45665275,1800.0,HSP - Hesperia,True,0.0,0.0574,1922.0,1.0,San Francisco,2.0,False,1.0,Two,2500.0,False,1.0,San Francisco Unified,94112,0.0,2500.0,569.4444444444445,2.0,103.0,0,900.0,0.72,13.840203170554645,13.887820402769245,13.662717500558987,858307.3237786978
True,False,2025-12-09,820000.0,36.18272138,-121.15493935,1995.0,699 - Not Defined,False,5.0,2.5,1986.0,2.0,King City,4.0,False,2.0,One,108900.0,False,2.0,Other,93930,0.0,108900.0,411.02756892230576,2.0,39.0,0,498.75,0.018319559228650136,13.617059619240436,13.222208712374044,13.275013916186273,582458.907102226
False,False,2025-12-19,795000.0,37.947835,-121.691513,2355.0,699 - Not Defined,True,2.0,0.0775,2021.0,3.0,Brentwood,4.0,False,2.0,Two,3375.0,False,2.0,Antioch,94513,0.0,3375.0,337.5796178343949,1.3333333333333333,4.0,0,588.75,0.6977777777777778,13.58609739363647,13.591116224748411,13.607511067559022,812207.4506084847
True,False,2025-12-11,1190000.0,37.69992351,-122.46766013,1603.0,C02 - Beverly Hills Post Office,True,4.0,0.0674,1958.0,2.0,Daly City,3.0,False,2.0,Two,2937.0,False,2.0,Jefferson,94014,0.0,2937.0,742.3580786026201,1.5,67.0,0,534.3333333333334,0.5457950289410963,13.989463865087712,13.9108207377686,13.79739761740963,982050.1128103313
True,False,2025-12-24,7575000.0,33.869798,-118.40248400000002,3636.0,148 - Hermosa Bch Sand,True,5.0,0.0809,2008.0,5.0,Hermosa Beach,4.0,True,1.0,ThreeOrMore,3524.0,False,3.0,Hermosa,90254,0.0,3524.0,2083.333333333333,0.8,17.0,0,909.0,1.0317820658342793,15.840363909359708,14.648419680899378,15.023246333280058,3345900.1995137483
False,True,2025-12-10,1328000.0,33.632321999999995,-117.670676,2500.0,MN - Mission Viejo North,True,2.0,0.1722,1970.0,2.0,Mission Viejo,4.0,True,2.0,Two,7500.0,False,2.0,Saddleback Valley Unified,92691,168.0,7500.0,531.2,2.0,55.0,0,625.0,0.3333333333333333,14.099184609018517,14.092573789669016,14.217199606778163,1494346.5915787767
True,False,2025-12-05,706000.0,36.967104,-121.973029,844.0,91911 - Chula Vista,True,0.0,0.158,1949.0,1.0,Santa Cruz,1.0,False,1.0,One,6882.0,False,0.0,Live Oak Unified,95062,0.0,6882.0,836.4928909952606,1.0,76.0,0,844.0,0.12263876780005813,13.467370516475379,14.444785440003537,13.837838477236293,1022579.0528755487
False,True,2025-12-05,467000.0,39.748561,-121.86468,1494.0,699 - Not Defined,True,4.0,0.14,2000.0,2.0,Chico,3.0,True,1.0,One,6098.0,False,2.0,Chico Unified,95926,0.0,6098.0,312.58366800535475,1.5,25.0,0,498.0,0.2449983601180715,13.054084536651034,13.060487973686241,12.962273519625166,426033.61032899393
True,False,2025-12-29,636500.0,34.646446000000005,-120.437121,1987.0,LOMP - Lompoc,True,2.0,0.0475,2025.0,3.0,Lompoc,3.0,False,2.0,Two,2070.0,True,2.0,Lompoc Unified,93436,407.0,2070.0,320.3321590337192,1.0,0.0,0,662.3333333333334,0.9599033816425121,13.363739696979598,13.315443355929407,13.304539850958587,599912.9563706209
True,False,2025-12-08,406000.0,34.699646,-118.110594,1526.0,LAC - Lancaster,True,2.0,0.1327,1988.0,3.0,Lancaster,4.0,True,2.0,Two,5782.0,False,2.0,Antelope Valley Union,93535,0.0,5782.0,266.0550458715596,1.3333333333333333,37.0,0,381.5,0.2639225181598063,12.91410843858387,12.994530005894443,12.980663002169573,433940.6281252242
True,False,2025-12-18,990000.0,36.79530726,-121.46938264,3000.0,699 - Not Defined,False,5.0,1.98,1960.0,3.0,San Juan Bautista,4.0,True,1.0,One,86249.0,False,2.0,Other,95045,0.0,86249.0,330.0,1.3333333333333333,65.0,0,750.0,0.03478301197695046,13.805460222110773,13.944782893668414,14.256856744815337,1554798.8601067774
True,False,2025-12-05,550000.0,33.715653,-117.162893,1999.0,SRCAR - Southwest Riverside County,True,2.0,0.19,2005.0,2.0,Menifee,4.0,True,1.0,One,8276.0,False,2.0,Romoland,92585,54.0,8276.0,275.1375687843922,2.0,20.0,0,499.75,0.2415418076365394,13.217673557208654,13.304684934198283,13.297989333862256,595996.0591506314
True,False,2025-12-01,1006900.0,34.303599,-119.210927,2392.0,VC29 - Hillside above Poli St./ Foothill Rd,True,3.0,0.3,1979.0,3.0,Ventura,3.0,True,2.0,Two,13068.0,False,3.0,Alvord Unified,93003,0.0,13068.0,420.9448160535117,1.0,46.0,0,797.3333333333334,0.18304254667891032,13.822386861903706,13.825460888817442,14.063717443215548,1281725.0747801906
True,False,2025-12-12,371500.0,37.345452,-119.715373,1700.0,DC511 - NW Morongo,False,5.0,0.99,1938.0,2.0,Oakhurst,3.0,False,1.0,One,0.99,False,1.0,Bass Lake Joint Union,93644,0.0,43124.4,218.52941176470588,1.5,87.0,0,566.6666666666666,0.03942083831890994,12.82530414313995,13.17115354157376,13.206726245126477,544011.815421199
True,True,2025-12-03,4085000.0,33.63922,-117.820319,3078.0,TR - Turtle Rock,True,3.0,0.1884,1971.0,3.0,Irvine,5.0,True,2.0,Two,8208.0,False,3.0,Irvine Unified,92603,434.64,8208.0,1327.1604938271605,1.6666666666666667,54.0,0,615.6,0.375,15.22283228627624,14.978661367769956,15.137769189258238,3751885.9414964356
True,False,2025-12-09,615000.0,34.434799,-117.188317,3348.0,APPV - Apple Valley,True,9.0,2.1312,2007.0,3.0,Apple Valley,3.0,True,1.0,One,92833.0,False,3.0,Apple Valley Unified,92308,0.0,92833.0,183.69175627240145,1.0,18.0,0,1116.0,0.03606476145336249,13.329377546788654,12.936033799212835,13.589308121595074,797556.630853862
False,False,2025-12-08,825000.0,33.940287,-118.31474,1702.0,C36 - Metropolitan Southwest,True,2.0,0.2318,1974.0,3.0,Los Angeles,4.0,False,1.0,One,10096.0,False,2.0,Los Angeles Unified,90047,0.0,10096.0,484.72385428907165,1.3333333333333333,51.0,0,425.5,0.16858161648177497,13.623138665316818,13.493926933836812,13.482604855376234,716837.7869168391
True,False,2025-12-01,639175.0,37.79604674,-122.21086272,1241.0,LS - Lake Forest South,False,0.0,0.0898,1918.0,2.0,Oakland,2.0,True,2.0,Two,3910.0,False,0.0,Visalia Unified,94602,0.0,3910.0,515.0483481063658,1.0,107.0,0,620.5,0.3173913043478261,13.367933561280095,13.92839261528267,13.807804478677223,992323.5364194501
True,False,2025-12-18,797000.0,33.905456,-117.330427,3288.0,252 - Riverside,True,3.0,0.29,2001.0,3.0,Riverside,4.0,True,2.0,Two,12632.0,False,3.0,Riverside Unified,92508,0.0,12632.0,242.39659367396592,1.3333333333333333,24.0,0,822.0,0.2602913236225459,13.588609957772352,13.56126305375042,13.868037223305626,1053930.6651247935
True,False,2025-12-11,1140000.0,33.755106,-117.816708,1200.0,71 - Tustin,True,2.0,0.1835,1955.0,2.0,Tustin,4.0,True,1.0,One,7995.0,False,2.0,Tustin Unified,92780,0.0,7995.0,950.0,2.0,70.0,0,300.0,0.150093808630394,13.946538820370678,14.077874822431765,13.874027642764196,1060263.0999227841
True,False,2025-12-12,4016000.0,33.6848,-117.70731,4413.0,GP - Great Park,True,2.0,0.1331,2019.0,6.0,Irvine,5.0,True,2.0,Two,5800.0,False,2.0,Irvine Unified,92618,398.0,5800.0,910.0385225470202,0.8333333333333334,6.0,0,882.6,0.7608620689655172,15.205796940353702,14.648419680899378,15.210984111269063,4036885.8006742736
True,True,2025-12-12,1520000.0,32.776108,-116.903195,3814.0,92019 - El Cajon,True,2.0,1.09,1971.0,5.0,El Cajon,5.0,True,2.0,Two,1.09,True,2.0,Grossmont Union,92019,0.0,47480.4,398.5317252228632,1.0,54.0,0,762.8,0.08032788266316206,14.234220892822458,13.773646353865574,14.300565241423065,1624263.826779809
True,True,2025-12-29,720000.0,33.727304,-116.358146,2368.0,325 - Indian Wells,True,2.0,0.11,1980.0,3.0,Indian Wells,3.0,True,1.0,One,4792.0,False,2.0,Desert Sands Unified,92210,677.0,4792.0,304.05405405405406,1.0,45.0,0,789.3333333333334,0.4941569282136895,13.487006490992238,14.452073389471401,14.082535426335685,1306072.925833406
False,False,2025-12-05,529000.0,33.0078608,-116.61048295,988.0,92036 - Julian,True,3.0,3.3,2010.0,2.0,Julian,2.0,False,1.0,One,143748.0,False,0.0,Newport Mesa Unified,92036,420.0,143748.0,535.4251012145749,1.0,15.0,0,494.0,0.006873139104544063,13.178743710840436,13.303016877097587,13.13319912635855,505447.33415068424
True,False,2025-12-01,1800000.0,33.078844000000004,-117.254055,2711.0,92009 - Carlsbad,True,4.0,0.1306,1999.0,3.0,Carlsbad,5.0,True,2.0,Two,5690.0,False,2.0,San Dieguito Union,92009,147.0,5690.0,663.9616377720398,1.6666666666666667,26.0,0,542.2,0.4764499121265378,14.403297222866392,14.457364444136669,14.40526318599487,1803542.2144218415
True,False,2025-12-18,865000.0,33.682226,-117.255975,2513.0,SRCAR - Southwest Riverside County,False,2.0,0.19,1977.0,2.0,Canyon Lake,4.0,True,1.0,One,8276.0,False,2.0,Lake Elsinore Unified,92587,350.0,8276.0,344.21010744130524,2.0,48.0,0,628.25,0.30364910584823585,13.670484785914017,13.407542319637992,13.485027897672104,718576.8212198097
False,False,2025-12-17,390000.0,33.750781,-117.052201,1809.0,SRCAR - Southwest Riverside County,True,2.0,0.1,2004.0,2.0,Hemet,2.0,False,1.0,One,4356.0,False,2.0,Hemet Unified,92545,181.0,4356.0,215.58872305140963,1.0,21.0,0,904.5,0.4152892561983471,12.873902018105829,12.990536830078119,12.856110166933322,383122.5408284014
True,True,2025-12-04,740000.0,34.05328,-117.430257,2582.0,264 - Fontana,True,2.0,0.1281,2005.0,3.0,Fontana,5.0,True,2.0,Two,5582.0,False,2.0,Fontana Unified,92337,0.0,5582.0,286.5995352439969,1.6666666666666667,20.0,0,516.4,0.46255822285919024,13.514405465180353,13.304684934198283,13.316699894553002,607252.4579638668
True,False,2025-12-02,325000.0,34.042819,-117.02928500000002,1008.0,269 - Yucaipa/Calimesa/Oak Glen,True,1.0,0.1106,1962.0,2.0,Yucaipa,2.0,False,1.0,One,4819.0,False,1.0,Yucaipa/Calimesa Unified,92399,108.0,4819.0,322.42063492063494,1.0,63.0,0,504.0,0.209172027391575,12.691580461311874,13.274219822166483,13.028242992165392,455086.5921144273
False,False,2025-12-30,905000.0,35.110899,-120.611641,1548.0,GRVC - Grover Beach,True,2.0,0.1424,2016.0,3.0,Grover Beach,3.0,False,1.0,One,6205.0,False,2.0,Lucia Mar Unified,93433,126.54,6205.0,584.625322997416,1.0,9.0,0,516.0,0.24947622884770346,13.715690222682063,13.576613610603875,13.536828563661716,756780.5254722086
False,True,2025-12-26,965000.0,34.425536,-119.286005,1600.0,VC11 - Ojai,True,2.0,0.28,1961.0,2.0,Ojai,4.0,True,1.0,One,12196.0,False,2.0,Atascadero Unified,93023,123.0,12196.0,603.125,2.0,64.0,0,400.0,0.13119055428009183,13.779883380321124,13.983564142960525,13.903918795994677,1092434.004115178
True,False,2025-12-26,1250000.0,34.144628000000004,-117.597962,2887.0,688 - Rancho Cucamonga,True,3.0,0.4575,1980.0,3.0,Rancho Cucamonga,5.0,True,2.0,Two,19928.0,False,3.0,Chaffey Joint Union High,91737,0.0,19928.0,432.97540699688255,1.6666666666666667,45.0,0,577.4,0.14487153753512647,14.038654109278484,13.75893124807979,14.01573895644936,1221681.756560006
True,False,2025-12-05,950000.0,34.454711,-118.620647,2462.0,LOAK - Live Oaks,True,6.0,0.2159,1985.0,3.0,Castaic,4.0,True,2.0,Two,9406.0,False,6.0,William S. Hart Union,91384,0.0,9406.0,385.8651502843217,1.3333333333333333,40.0,0,615.5,0.2617478205400808,13.764217263576723,13.602317337503232,13.703854685694337,894351.9758654408
False,False,2025-12-15,415000.0,39.743203,-121.57119099999998,1710.0,92067 - Rancho Santa Fe,True,2.0,0.26,2025.0,2.0,Paradise,2.0,False,1.0,One,11326.0,True,2.0,Paradise Unified,95969,0.0,11326.0,242.69005847953213,1.0,0.0,0,855.0,0.15098004591206074,12.936033799212835,12.89921982609012,13.020576033719786,451610.8035131262
True,False,2025-12-05,620000.0,34.416683,-117.31403799999998,2427.0,HSP - Hesperia,True,3.0,1.0593,2019.0,4.0,Hesperia,4.0,True,1.0,One,46141.0,False,3.0,Hesperia Unified,92345,0.0,46141.0,255.4594149155336,1.0,6.0,0,606.75,0.05259964023319824,13.337474757021274,13.064514272196533,13.384461304550536,649826.9037931786
True,True,2025-12-03,2360000.0,33.999454,-117.743505,4686.0,682 - Chino Hills,True,3.0,0.35,1999.0,5.0,Chino Hills,5.0,True,2.0,Two,15246.0,False,3.0,Chino Valley Unified,91709,274.0,15246.0,503.6278275714896,1.0,26.0,0,937.2,0.30735930735930733,14.674172177001793,13.901688254205327,14.51472093872185,2012163.2372039126
False,False,2025-12-03,835000.0,37.63891998,-122.08908375,1663.0,670 - Whittier,True,4.0,0.1221,1954.0,2.0,Hayward,3.0,True,1.0,One,5320.0,False,2.0,Hayward,94544-3725,34.0,5320.0,502.1046301864101,1.5,71.0,0,554.3333333333334,0.31259398496240604,13.635187003832993,13.698976741708323,13.738150507309806,925556.5463660846
True,False,2025-12-22,2350000.0,34.146184000000005,-118.860085,3604.0,WV - Westlake Village,True,3.0,0.267,1999.0,4.0,Westlake Village,4.0,True,2.0,Two,11630.0,False,2.0,Simi Valley Unified,91361,370.0,11630.0,652.0532741398446,1.0,26.0,0,901.0,0.3098882201203783,14.669925886120343,14.450755865652397,14.707648263983861,2440340.810582716
False,False,2025-12-04,930000.0,33.954003,-117.998111,2110.0,670 - Whittier,True,2.0,0.0841,1977.0,2.0,Whittier,3.0,True,1.0,One,3662.0,False,2.0,Whittier Union High,90605,600.0,3662.0,440.7582938388626,1.5,48.0,0,703.3333333333334,0.576187875477881,13.742939865129438,13.602934236950354,13.610370552761484,814533.2695324427
False,False,2025-12-02,930000.0,34.267278000000005,-119.257901,984.0,SVE - East Simi,True,3.0,0.15,1951.0,1.0,Ventura,2.0,False,1.0,One,6534.0,False,1.0,Santa Paula,93003,470.0,6534.0,945.1219512195122,2.0,74.0,0,492.0,0.15059687786960516,13.742939865129438,13.825460888817442,13.607144805187346,811910.0240527346
False,False,2025-12-30,710000.0,33.997296,-118.270056,1360.0,C42 - Downtown L.A.,True,0.0,0.1115,1922.0,3.0,Los Angeles,4.0,False,1.0,One,4855.0,False,2.0,Norwalk - La Mirada,90011,190.0,4855.0,522.0588235294117,1.3333333333333333,103.0,0,340.0,0.2801235839340886,13.473020249017498,13.174002552131078,13.24362163540415,564458.2132105291
True,True,2025-12-15,2420000.0,32.921323,-117.041379,5120.0,92131 - Scripps Miramar,True,3.0,0.3467,2006.0,5.0,Scripps Miramar,5.0,True,2.0,Two,15103.0,False,3.0,Poway Unified,92131,160.0,15103.0,472.65625,1.0,19.0,0,1024.0,0.3390054955969013,14.699278098132869,14.323804784559034,14.933537121116046,3058811.871115227
True,False,2025-12-08,1138000.0,34.209333,-118.881013,2401.0,TOW - Thousand Oaks West,True,2.0,0.36,1969.0,3.0,Thousand Oaks,4.0,True,2.0,Two,15681.0,False,2.0,Conejo Valley Unified,91360,0.0,15681.0,473.9691795085381,1.3333333333333333,56.0,0,600.25,0.153115234997768,13.944782893668414,13.909911233385758,14.053228686789428,1268351.6306697908
False,False,2025-12-29,755000.0,33.830012,-118.25592,1811.0,140 - East Carson,True,1.0,0.1178,1966.0,3.0,Carson,5.0,False,2.0,Two,5130.0,False,1.0,Los Angeles Unified,90745,0.0,5130.0,416.8967421314191,1.6666666666666667,59.0,0,362.2,0.3530214424951267,13.534473028231162,13.592367006650065,13.672440292410924,866693.1680808592
False,True,2025-12-18,1445000.0,33.722076,-118.017676,1774.0,17 - Northwest Huntington Beach,True,2.0,0.1515,1964.0,2.0,Huntington Beach,4.0,True,2.0,Two,6599.0,False,2.0,Huntington Beach Union High,92647,0.0,6599.0,814.543404735062,2.0,61.0,0,443.5,0.2688286103955145,14.183619879528669,14.080942316715522,14.02715940594128,1235713.885452321
True,False,2025-12-24,500000.0,33.96696,-117.250657,1443.0,259 - Moreno Valley,True,2.0,0.12,1988.0,2.0,Moreno Valley,3.0,True,1.0,One,5227.0,False,2.0,Moreno Valley Unified,92557,125.0,5227.0,346.5003465003465,1.5,37.0,0,481.0,0.27606657738664625,13.122363377404328,13.262125319779487,13.16740534928655,523035.88229411404
True,True,2025-12-02,810000.0,33.11350967,-117.0679048,1537.0,92025 - Escondido,True,6.0,0.3751,1965.0,2.0,Escondido,3.0,True,1.0,One,16339.0,False,2.0,San Bernardino City Unified,92025,0.0,16339.0,527.0006506180872,1.5,60.0,0,512.3333333333334,0.09406940449231899,13.604789526648622,13.740514638062564,13.694621677068541,886132.4203631509
True,False,2025-12-22,550000.0,33.729595,-117.152123,2158.0,SRCAR - Southwest Riverside County,True,3.0,0.2,2006.0,2.0,Menifee,3.0,True,1.0,One,8712.0,False,3.0,Perris Union High,92585,76.5,8712.0,254.86561631139944,1.5,19.0,0,719.3333333333334,0.24770431588613406,13.217673557208654,13.304684934198283,13.302885897528947,598921.5483762771
True,False,2025-12-23,806500.0,34.132637,-117.175701,3871.0,276 - Highland,True,3.0,0.4959,1999.0,4.0,Highland,6.0,True,2.0,Two,21600.0,False,3.0,Redlands Unified,92346,0.0,21600.0,208.3440971325239,1.5,26.0,0,645.1666666666666,0.17921296296296296,13.600459176547401,13.28681753563043,13.801428342701909,986016.4753271404
True,False,2025-12-18,5500000.0,33.02651683,-117.15667625,7758.0,92127 - Rancho Bernardo,True,6.0,0.74,2007.0,7.0,San Diego,5.0,True,2.0,Two,32234.0,False,4.0,Los Angeles Unified,92127,760.0,32234.0,708.9456045372518,0.7142857142857143,18.0,0,1551.6,0.24067754544890488,15.520258650202699,14.53335035111459,15.55437675171857,5690887.39974661
True,False,2025-12-09,750000.0,33.807326,-117.101463,1904.0,SRCAR - Southwest Riverside County,True,0.0,3.48,1980.0,3.0,Nuevo,3.0,True,1.0,One,151589.0,False,0.0,Perris Union High,92567,0.0,151589.0,393.9075630252101,1.0,45.0,0,634.6666666666666,0.012560278120444095,13.527828485512494,13.296316684527767,13.435024840378622,683529.3263555232
True,False,2025-12-02,403000.0,34.541329,-117.187816,1367.0,APPV - Apple Valley,True,2.0,0.4132,1979.0,2.0,Apple Valley,3.0,True,1.0,One,18000.0,False,2.0,Apple Valley Unified,92307,0.0,18000.0,294.80614484272127,1.5,46.0,0,455.6666666666667,0.07594444444444444,12.90669184092882,13.049792684569493,12.906652771314011,402984.2552528046
False,False,2025-12-26,465000.0,34.495106,-117.31168,1819.0,VIC - Victorville,True,4.0,0.2253,2023.0,2.0,Victorville,3.0,False,1.0,One,9815.0,True,2.0,Victor Valley Unified,92395,0.0,9815.0,255.63496426608023,1.5,2.0,0,606.3333333333334,0.18532857870606215,13.049792684569493,12.947950462906661,13.090258226364199,484202.37397939747
True,False,2025-12-22,750000.0,34.239546999999995,-117.182392,2936.0,287 - Arrowhead Area,False,5.0,0.2856,1970.0,4.0,Lake Arrowhead,5.0,True,2.0,ThreeOrMore,12439.0,False,2.0,Rim of the World,92352,235.0,12439.0,255.44959128065395,1.25,55.0,0,587.2,0.2360318353565399,13.527828485512494,13.412043452518782,13.702991501647178,893580.3185963638
False,False,2025-12-12,233000.0,38.960952,-122.637778,1232.0,LCCLW - Clearlake West,True,4.0,0.11,2007.0,2.0,Clearlake,3.0,False,1.0,One,4792.0,False,2.0,Konocti Unified,95422,0.0,4792.0,189.12337662337663,1.5,18.0,0,410.6666666666667,0.2570951585976628,12.358793732547838,12.524526376648708,12.483655714938804,263987.1521745689
True,False,2025-12-08,410000.0,37.335787,-120.496194,1563.0,140 - East Carson,True,4.0,0.1439,2006.0,2.0,Merced,3.0,True,1.0,One,6268.0,False,2.0,Merced Union,95348,0.0,6268.0,262.31605886116444,1.5,19.0,0,521.0,0.24936183790682834,12.92391243868049,12.970364687642453,12.951010064906688,421261.92333741375
True,False,2025-12-31,1100000.0,32.990684,-117.05782,1644.0,92064 - Poway,True,2.0,0.2778,1972.0,3.0,Poway,5.0,False,1.0,One,12100.0,False,2.0,Poway Unified,92064,0.0,12100.0,669.0997566909975,1.6666666666666667,53.0,0,328.8,0.13586776859504132,13.9108207377686,14.042638194103073,13.954281891595722,1148861.3640092288
True,False,2025-12-09,1170000.0,34.297737,-119.209785,2598.0,699 - Not Defined,True,2.0,0.39,1964.0,3.0,Ventura,4.0,True,2.0,Two,16988.0,False,2.0,Ventura Unified,93003,210.0,16988.0,450.3464203233256,1.3333333333333333,61.0,0,649.5,0.15293148104544385,13.972514306773938,13.825460888817442,14.106272301495292,1337445.8908507873
True,False,2025-12-05,829000.0,33.801317,-118.192826,1134.0,5 - Wrigley Area,False,6.0,0.118,1936.0,1.0,Long Beach,2.0,False,1.0,One,5139.0,False,2.0,Long Beach Unified,90806,0.0,5139.0,731.0405643738977,2.0,89.0,0,567.0,0.22066549912434325,13.627975434117433,13.579788224443204,13.464725901971336,704135.3688621885
True,False,2025-12-23,395000.0,34.448653,-117.238414,1870.0,APPV - Apple Valley,True,2.0,0.1364,2006.0,2.0,Apple Valley,2.0,True,1.0,One,5940.0,False,2.0,Apple Valley Unified,92308,238.0,5940.0,211.22994652406416,1.0,19.0,0,935.0,0.3148148148148148,12.886641043883259,12.936033799212835,12.894987638820302,398310.7023256038
True,True,2025-12-15,1100000.0,34.415747,-118.412343,2914.0,SAND - Sand Canyon,True,0.0,5.195,1962.0,3.0,Canyon Country,4.0,True,1.0,One,226294.0,False,0.0,William S. Hart Union,91387,0.0,226294.0,377.4879890185312,1.3333333333333333,63.0,0,728.5,0.012877053744244213,13.9108207377686,13.737549016494562,14.133837204434094,1374825.2697110216
False,False,2025-12-05,953000.0,34.171742,-118.960026,1989.0,NBPK - Newbury Park,True,4.0,0.15,1978.0,2.0,Newbury Park,4.0,True,1.0,One,6534.0,False,2.0,Conejo Valley Unified,91320,0.0,6534.0,479.13524384112617,2.0,47.0,0,497.25,0.3044077134986226,13.76737018263634,13.933293593620657,13.929900698623642,1121189.4611629287
True,False,2025-12-09,640000.0,34.045383,-117.45682,1930.0,264 - Fontana,True,2.0,0.0826,1990.0,3.0,Fontana,4.0,True,2.0,Two,3600.0,False,2.0,Colton Unified,92337,0.0,3600.0,331.6062176165803,1.3333333333333333,35.0,0,482.5,0.5361111111111111,13.369223455335854,13.304684934198283,13.31964034548447,609040.6818233262
True,False,2025-12-01,285000.0,34.118512,-116.422297,1500.0,DC531 - Central East,True,2.0,0.45,1964.0,2.0,Yucca Valley,2.0,False,1.0,One,0.45,False,2.0,Morongo Unified,92284,0.0,19602.0,190.0,1.0,61.0,0,750.0,0.07652280379553107,12.560244459250788,12.86876061860541,12.757708107433333,347218.00128152827
False,False,2025-12-04,846000.0,33.928801,-117.996296,1324.0,670 - Whittier,True,2.0,0.1486,1956.0,2.0,Whittier,3.0,True,1.0,One,6474.0,False,2.0,Whittier Union High,90604,0.0,6474.0,638.9728096676737,1.5,69.0,0,441.3333333333333,0.20451034908866234,13.64827463858836,13.636672835828117,13.570210799496024,782469.951089892
True,False,2025-12-17,690000.0,33.895201,-117.308569,2200.0,252 - Riverside,True,7.0,0.17,1990.0,3.0,Riverside,4.0,True,2.0,Two,7405.0,False,3.0,Riverside Unified,92508,0.0,7405.0,313.6363636363636,1.3333333333333333,35.0,0,550.0,0.2970965563808238,13.444446876573442,13.56126305375042,13.610025181103202,814252.0014002346
False,False,2025-12-02,2640000.0,33.625565,-117.924651,1063.0,N6 - Newport Heights,False,1.0,0.1639,1947.0,1.0,Newport Beach,2.0,True,1.0,One,7140.0,False,1.0,Newport Mesa Unified,92663,0.0,7140.0,2483.5371589840074,2.0,78.0,0,531.5,0.1488795518207283,14.7862894751225,15.327852605716153,14.862353353545222,2848643.1567952335
True,False,2025-12-22,460000.0,33.661455,-116.313504,1537.0,313 - La Quinta South of HWY 111,True,2.0,0.11,1988.0,2.0,La Quinta,3.0,True,1.0,One,4792.0,False,2.0,Riverside Unified,92253,52.0,4792.0,299.28432010409887,1.5,37.0,0,512.3333333333334,0.32074290484140233,13.038981768465277,13.545013310266594,13.330705260011385,615817.0859398507
False,False,2025-12-04,445000.0,39.741984,-121.632774,1316.0,PARA - Paradise,True,2.0,0.4,2025.0,2.0,Paradise,3.0,False,1.0,One,17424.0,True,2.0,Paradise Unified,95969,0.0,17424.0,338.14589665653494,1.5,0.0,0,438.6666666666667,0.07552800734618917,13.005829561148378,12.89921982609012,12.879612447160296,392233.4382072783
True,False,2025-12-05,730000.0,33.956152,-118.217549,1160.0,"T2 - Cudahy, SouthGate W of 710, HuntPk S of Flore",False,1.0,0.1376,1924.0,2.0,South Gate,3.0,False,1.0,One,5993.0,False,1.0,Los Angeles Unified,90280,0.0,5993.0,629.3103448275862,1.5,101.0,0,386.6666666666667,0.1935591523444018,13.500799813124575,13.458120817620745,13.421470307296477,674326.9135856078
True,False,2025-12-02,384500.0,35.306247,-119.072069,1554.0,BKSF - Bakersfield,True,2.0,0.15,1993.0,3.0,Bakersfield,3.0,True,2.0,Two,6534.0,False,2.0,Bakersfield City,93313,0.0,6534.0,247.42599742599745,1.0,32.0,0,518.0,0.23783287419651056,12.859699067927835,12.976170150376143,12.991822499297903,438810.30837324774
True,False,2025-12-15,525000.0,33.822996,-116.38043600000002,1766.0,320 - Thousand Palms,True,5.0,0.25,2006.0,2.0,Thousand Palms,3.0,True,1.0,One,10890.0,False,3.0,Palm Springs Unified,92276,0.0,10890.0,297.281993204983,1.5,19.0,0,588.6666666666666,0.16216712580348944,13.17115354157376,13.107132773660975,13.066838992608755,472994.47782094136
True,False,2025-12-15,525000.0,33.822984000000005,-116.380416,1766.0,320 - Thousand Palms,True,8.0,0.25,2006.0,2.0,Thousand Palms,3.0,True,1.0,One,10890.0,False,3.0,Fullerton Joint Union High,92276,130.0,10890.0,297.281993204983,1.5,19.0,0,588.6666666666666,0.16216712580348944,13.17115354157376,13.107132773660975,13.066838992608755,472994.47782094136
True,False,2025-12-18,1965000.0,34.102568,-118.653606,2600.0,CLB - Calabasas,True,2.0,1.0762,1998.0,4.0,Calabasas,5.0,True,1.0,One,46880.0,False,2.0,Las Virgenes,91302,0.0,46880.0,755.7692307692307,1.25,27.0,0,520.0,0.05546075085324232,14.491002803285499,14.473030560881067,14.54869120074656,2081691.2052332885
True,False,2025-12-11,765000.0,35.648072,-120.680765,1573.0,PRNE - PR North 46-East 101,True,2.0,0.1306,2004.0,2.0,Paso Robles,2.0,True,1.0,One,5689.0,False,2.0,Paso Robles Joint Unified,93446,395.0,5689.0,486.3318499682136,1.0,21.0,0,786.5,0.27649850588855684,13.547631112808673,13.591116224748411,13.358193722841628,632979.7580694472
True,True,2025-12-22,2075000.0,33.935522,-118.113071,4202.0,"D1 - Northeast Downey, N of Firestone, E of Downey",True,0.0,0.1787,1951.0,5.0,Downey,5.0,True,1.0,One,7783.0,False,0.0,Downey Unified,90241,0.0,7783.0,493.8124702522608,1.0,74.0,0,840.4,0.5398946421688295,14.545471711646936,13.790192749979985,14.40971395834048,1811587.2602871526
False,True,2025-12-01,625000.0,33.72541,-116.271811,2018.0,"308 - La Quinta North of HWY 111, Indian Springs",True,2.0,0.18,2001.0,3.0,La Quinta,4.0,True,1.0,One,7841.0,False,2.0,Chico Unified,92253,42.0,7841.0,309.71258671952427,1.3333333333333333,24.0,0,504.5,0.2573651319984696,13.345506928718539,13.545013310266594,13.503879847479356,732251.8912499626
True,False,2025-12-26,558900.0,34.522185,-117.164901,1602.0,APPV - Apple Valley,True,3.0,0.5433,2025.0,2.0,Apple Valley,3.0,False,1.0,One,23667.0,True,3.0,Apple Valley Unified,92307,0.0,23667.0,348.87640449438203,1.5,0.0,0,534.0,0.06768918747623273,13.233725845257789,13.049792684569493,13.065395688576109,472312.295400425
False,False,2025-12-16,700000.0,40.98078263,-122.70513962,3050.0,BKSF - Bakersfield,True,6.0,1.09,2002.0,5.0,Trinity Center,4.0,False,2.0,Two,47480.0,False,6.0,Rim of the World,96091,0.0,47480.0,229.50819672131144,0.8,23.0,0,762.5,0.06423757371524852,13.458835614025542,12.645107405057153,13.578685340973578,789129.2023414335
True,False,2025-12-31,900000.0,34.157599,-118.01967,1129.0,639 - Monrovia,False,2.0,1.0151,1942.0,2.0,Monrovia,2.0,True,1.0,One,44218.0,False,2.0,Monrovia Unified,91016,0.0,44218.0,797.1656333038087,1.0,83.0,0,564.5,0.025532588538604187,13.710150042306449,13.819990428650009,13.7030820294808,893661.2161484587
True,False,2025-12-16,452990.0,39.744897,-121.774821,1678.0,92118 - Coronado,True,2.0,0.0942,2025.0,3.0,Chico,4.0,False,2.0,Two,4104.0,True,2.0,Chico Unified,95928,0.0,4104.0,269.9582836710369,1.3333333333333333,0.0,0,419.5,0.408869395711501,13.023625329166325,13.078384738024758,13.106724881576145,492241.5752501518
False,False,2025-12-15,759990.0,38.339545,-121.932706,2725.0,699 - Not Defined,True,2.0,0.2224,2025.0,3.0,Vacaville,4.0,False,2.0,One,9689.0,False,2.0,Other,95687,0.0,9689.0,278.8954128440367,1.3333333333333333,0.0,0,681.25,0.2812467746929508,13.541060554281211,13.424850009081805,13.58963251367001,797815.3938722902
True,False,2025-12-05,380000.0,34.206025,-117.107409,1843.0,288 - Running Springs,True,6.0,0.124,1969.0,3.0,Running Springs,4.0,True,2.0,Two,5400.0,False,2.0,Rim of the World,92382,0.0,5400.0,206.18556701030928,1.3333333333333333,56.0,0,460.75,0.3412962962962963,12.84792653170257,12.793859310432293,12.908434260877193,403702.8073541595
True,True,2025-12-22,1050000.0,33.685081,-117.265057,5060.0,SRCAR - Southwest Riverside County,True,7.0,0.2,1989.0,4.0,Canyon Lake,7.0,True,2.0,Two,8712.0,False,4.0,Perris Union High,92587,350.0,8712.0,207.5098814229249,1.75,36.0,0,722.8571428571429,0.5808080808080808,13.864300722133706,13.407542319637992,13.99972467546065,1202273.2232709038
False,False,2025-12-08,556000.0,33.991611,-118.305049,1066.0,C34 - Los Angeles Southwest,False,3.0,0.0517,1921.0,1.0,Los Angeles,3.0,False,1.0,One,2250.0,False,0.0,Los Angeles Unified,90062,0.0,2250.0,521.5759849906192,3.0,104.0,0,355.3333333333333,0.4737777777777778,13.228523573232719,13.567049198665774,13.340163535127116,621669.2855892157
False,False,2025-12-06,800000.0,34.045589,-118.02322,2208.0,619 - El Monte,False,2.0,0.3464,1933.0,2.0,El Monte,4.0,False,1.0,One,15090.0,False,2.0,El Monte Union High,91732,0.0,15090.0,362.3188405797101,2.0,92.0,0,552.0,0.1463220675944334,13.592367006650065,13.635115285828064,13.763395497229,949219.6426492825
True,False,2025-12-17,666000.0,33.375478,-117.238384,1463.0,92028 - Fallbrook,True,2.0,0.21,1982.0,2.0,Fallbrook,3.0,True,1.0,One,9148.0,False,2.0,Fallbrook Union,92028,96.0,9148.0,455.2289815447711,1.5,43.0,0,487.6666666666667,0.15992566681241802,13.409044949522526,13.681979165339751,13.548776192294843,765876.4875350972
True,False,2025-12-02,765000.0,33.190663,-117.297711,1312.0,92056 - Oceanside,True,4.0,0.1469,1977.0,2.0,Oceanside,3.0,True,1.0,One,6398.0,False,2.0,Oceanside Unified,92056,0.0,6398.0,583.079268292683,1.5,48.0,0,437.3333333333333,0.2050640825257893,13.547631112808673,13.732128949025222,13.593806066747725,801152.0768332091
True,False,2025-12-05,1820000.0,37.87580435,-122.29122126,2424.0,321 - Rancho Mirage,True,2.0,0.0872,1927.0,4.0,Berkeley,4.0,False,2.0,Two,3800.0,False,2.0,Yucaipa/Calimesa Unified,94702,0.0,3800.0,750.8250825082508,1.0,98.0,0,606.0,0.6378947368421053,14.414347059052979,14.096915897380246,14.462277705701261,1909358.1677099727
True,False,2025-12-02,1725000.0,34.127841,-118.174939,3538.0,647 - Pasadena (SW),True,4.0,0.2206,1996.0,4.0,Pasadena,4.0,False,1.0,MultiSplit,9610.0,True,0.0,Fresno Unified,91105,0.0,9610.0,487.56359525155455,1.0,29.0,0,884.5,0.36815816857440165,14.360737608447597,14.739643644497264,15.009060742724525,3298771.692403437
False,False,2025-12-10,874544.0,38.33956800000001,-121.933288,3590.0,699 - Not Defined,True,3.0,0.1909,2025.0,4.0,Vacaville,5.0,False,2.0,One,8315.0,False,3.0,Other,95687,0.0,8315.0,243.60557103064068,1.25,0.0,0,718.0,0.4317498496692724,13.681457886640473,13.424850009081805,13.710093883575267,899949.458561122
True,False,2025-12-08,900000.0,33.23547,-117.307106,1726.0,92057 - Oceanside,True,6.0,0.0944,1986.0,3.0,Oceanside,3.0,True,2.0,Two,4113.0,False,2.0,Oceanside Unified,92057,131.0,4113.0,521.4368482039397,1.0,39.0,0,575.3333333333334,0.4196450279601264,13.710150042306449,13.681979165339751,13.614336830729293,817770.3502307241
False,False,2025-12-01,780000.0,32.7585415,-117.083892,1070.0,92115 - San Diego,False,4.0,0.1435,1943.0,2.0,San Diego,3.0,False,1.0,One,6252.0,False,2.0,Alameda City Unified,92115,0.0,6252.0,728.9719626168225,1.5,82.0,0,356.6666666666667,0.17114523352527192,13.567049198665774,13.748301808270824,13.612908833897809,816603.4101533786
True,False,2025-12-19,690900.0,34.521578000000005,-117.165193,2533.0,APPV - Apple Valley,True,3.0,0.4885,2025.0,3.0,Apple Valley,5.0,False,1.0,One,21280.0,True,3.0,Apple Valley Unified,92307,0.0,21280.0,272.75957362810897,1.6666666666666667,0.0,0,506.6,0.11903195488721804,13.445750374476885,13.049792684569493,13.337698225780374,620138.5661126635
False,False,2025-12-01,1086000.0,37.47982741,-122.20123957,1010.0,699 - Not Defined,True,2.0,0.1033,1954.0,2.0,Redwood City,3.0,False,1.0,Two,4500.0,False,2.0,Other,94063,0.0,4500.0,1075.247524752475,1.5,71.0,0,336.6666666666667,0.22444444444444445,13.898011779476018,14.223635246811238,13.938973987490918,1131408.6276364252
True,False,2025-12-02,7000000.0,32.68685031,-117.16935482,4516.0,92118 - Coronado,True,6.0,0.1951,2004.0,5.0,Coronado,5.0,True,2.0,Two,8500.0,False,2.0,Other,92118,104.0,8500.0,1550.044286979628,1.0,21.0,0,903.2,0.5312941176470588,15.761420707019587,14.925872877186109,15.348604518351603,4632487.405222221
False,False,2025-12-15,1566000.0,34.284589000000004,-118.598301,3555.0,CHT - Chatsworth,True,2.0,0.1727,2025.0,5.0,Chatsworth,4.0,False,2.0,Two,7524.0,True,2.0,Los Angeles Unified,91311,450.0,7524.0,440.506329113924,0.8,0.0,0,888.75,0.47248803827751196,14.264035155532886,13.944283046980045,14.450804827734721,1887577.5167422048
True,False,2025-12-01,995000.0,35.261661,-120.687548,1380.0,SLO - San Luis Obispo,False,2.0,0.1515,1963.0,2.0,San Luis Obispo,4.0,True,1.0,One,6600.0,False,2.0,San Luis Coastal Unified,93405,0.0,6600.0,721.0144927536232,2.0,62.0,0,345.0,0.20909090909090908,13.81049801614073,13.928829278248507,13.776996793680174,962218.4604004135
False,False,2025-12-30,269000.0,34.460716999999995,-117.249261,1214.0,APPV - Apple Valley,True,2.0,0.0686,1998.0,2.0,Apple Valley,2.0,True,1.0,One,2989.0,False,2.0,Apple Valley Unified,92308,228.0,2989.0,221.5815485996705,1.0,27.0,0,607.0,0.4061559049849448,12.502466658583977,12.936033799212835,12.576263305659666,289602.133249521
False,False,2025-12-15,899000.0,38.3206771,-122.0081381,3461.0,699 - Not Defined,True,2.0,0.1553,2025.0,4.0,Vacaville,6.0,False,2.0,Two,6763.0,False,2.0,Other,95687,275.0,6763.0,259.7515169026293,1.5,0.0,0,576.8333333333334,0.5117551382522549,13.709038313453757,13.424850009081805,13.651170610830372,848453.5434989235
True,True,2025-12-26,1795000.0,36.97198434,-121.88490857,4568.0,699 - Not Defined,False,3.0,0.866,1987.0,4.0,Aptos,5.0,True,1.0,One,37723.0,False,3.0,Other,95003,0.0,37723.0,392.9509632224168,1.25,38.0,0,913.6,0.12109323224557962,14.400515579904516,14.188463383490559,14.776134982220059,2613327.7893134714
True,False,2025-12-16,765500.0,35.046417,-120.483359,2304.0,NPMO - Nipomo,True,0.0,0.3,1954.0,2.0,Nipomo,3.0,False,1.0,One,13068.0,False,0.0,Other,93444,0.0,13068.0,332.2482638888889,1.5,71.0,0,768.0,0.1763085399449036,13.548284494079876,13.855084652589102,14.00913590423106,1213641.5024492696
False,False,2025-12-12,2240000.0,33.691233000000004,-117.695527,2704.0,PS - Portola Springs,True,2.0,0.0739,2025.0,4.0,Irvine,4.0,False,1.0,ThreeOrMore,3219.0,True,2.0,Irvine Unified,92618,190.0,3219.0,828.4023668639053,1.0,0.0,0,676.0,0.8400124262193228,14.621986423831222,14.648419680899378,14.680280116484123,2374458.8491147505
True,False,2025-12-10,1150000.0,34.090009,-117.89034,2670.0,614 - Covina,False,2.0,0.5635,1921.0,3.0,Covina,4.0,True,1.0,One,24545.0,False,2.0,Charter Oak Unified,91724,0.0,24545.0,430.7116104868914,1.3333333333333333,104.0,0,667.5,0.10877979221837442,13.955272500339433,13.681962838542578,14.049976152421257,1264232.9750654942
True,False,2025-12-19,955000.0,34.022219,-118.323912,1920.0,PHHT - Park Hills Heights,False,3.0,0.132,1922.0,3.0,Los Angeles,4.0,False,1.0,One,5748.0,False,1.0,Merced City,90018,0.0,5748.0,497.3958333333333,1.3333333333333333,103.0,0,480.0,0.33402922755741127,13.769466619462868,13.681979165339751,13.889129946074947,1076397.038009675
False,False,2025-12-12,255000.0,36.610578,-119.548009,1080.0,251 - Jurupa Valley,True,1.0,0.1492,1987.0,2.0,Parlier,3.0,False,1.0,One,6500.0,False,1.0,Parlier Unified,93648,0.0,6500.0,236.11111111111111,1.5,38.0,0,360.0,0.16615384615384615,12.449018824140563,13.010313873595706,12.83564794477971,375362.66519025504
False,False,2025-12-04,635990.0,33.705719,-117.376978,2654.0,SRCAR - Southwest Riverside County,True,2.0,0.2674,2025.0,3.0,Lake Elsinore,5.0,False,2.0,Two,11649.0,True,2.0,Lake Elsinore Unified,92530,184.0,11649.0,239.6345139412208,1.6666666666666667,0.0,0,530.8,0.22783071508283972,13.362938118928207,13.270783382522602,13.46162983164611,701958.6875596485
True,False,2025-12-22,540000.0,33.48401,-116.656147,2112.0,SRCAR - Southwest Riverside County,True,2.0,4.61,2007.0,2.0,Anza,3.0,True,1.0,One,200812.0,False,2.0,Hemet Unified,92539,0.0,200812.0,255.6818181818182,1.5,18.0,0,704.0,0.010517299762962373,13.199324418540456,12.968992089809067,13.190810347847222,535421.9185354322
True,False,2025-12-12,775000.0,34.187422999999995,-117.40986200000002,4199.0,274 - San Bernardino,True,3.0,0.1489,2014.0,4.0,San Bernardino,6.0,True,2.0,Two,6487.0,False,3.0,Los Angeles Unified,92407,127.0,6487.0,184.56775422719696,1.5,11.0,0,699.8333333333334,0.6472945891783567,13.560618308335483,13.304684934198283,13.581929459041849,791693.3876560491
True,False,2025-12-12,800000.0,34.127320000000005,-117.980025,1380.0,617 - Duarte,True,2.0,0.1328,1951.0,3.0,Duarte,4.0,False,1.0,One,5784.0,False,2.0,Duarte Unified,91010,0.0,5784.0,579.7101449275362,1.3333333333333333,74.0,0,345.0,0.23858921161825727,13.592367006650065,13.655924188192698,13.683235260167162,876099.773539312
False,False,2025-12-09,1530000.0,33.912707,-118.001768,4450.0,M3 - La Mirada,True,3.0,0.283,2002.0,6.0,La Mirada,6.0,True,2.0,Two,12326.0,False,3.0,South Bay Union,90638,0.0,12326.0,343.82022471910113,1.0,23.0,0,741.6666666666666,0.3610254746065228,14.240778293368619,13.709037694795391,14.169674733440091,1424989.115542734
False,False,2025-12-11,750000.0,33.92065,-118.190104,2086.0,RM - Lynwood,True,2.0,0.1444,1946.0,2.0,Lynwood,3.0,True,1.0,One,6290.0,False,2.0,Lynwood Unified,90262,0.0,6290.0,359.53978906999043,1.5,79.0,0,695.3333333333334,0.331637519872814,13.527828485512494,13.458835614025542,13.532981901810787,753875.0384909733
True,False,2025-12-11,850000.0,33.920996,-117.548193,2054.0,250 - Norco,True,3.0,0.47,1978.0,3.0,Norco,4.0,True,1.0,One,20473.0,False,3.0,Corona-Norco Unified,92860,0.0,20473.0,413.8266796494645,1.3333333333333333,47.0,0,513.5,0.10032726029404582,13.652991628466498,13.753635154246187,13.829608725368384,1014198.0152382303
False,False,2025-12-30,710000.0,32.68328,-117.103405,1162.0,91950 - National City,False,0.0,0.12,2021.0,1.0,National City,3.0,False,1.0,One,0.12,False,0.0,Other,91950,0.0,5227.2,611.0154905335628,3.0,4.0,0,387.3333333333333,0.22229874502601776,13.473020249017498,13.507625778194974,13.392319617941386,654953.5643233049
True,False,2025-12-19,360000.0,34.206175,-117.09351200000002,1263.0,288 - Running Springs,True,3.0,0.1779,1977.0,2.0,Running Springs,3.0,True,2.0,Two,7749.0,False,0.0,Rim of the World,92382,0.0,7749.0,285.03562945368174,1.5,48.0,0,421.0,0.1629887727448703,12.793859310432293,12.793859310432293,12.715820998364784,332974.4363722136
True,False,2025-12-11,1190000.0,37.699922,-122.467659,1603.0,85 - Yorba Linda,True,2.0,0.0674,1958.0,2.0,Daly City,3.0,False,2.0,Two,2937.0,False,2.0,Jefferson Union,94014,0.0,2937.0,742.3580786026201,1.5,67.0,0,534.3333333333334,0.5457950289410963,13.989463865087712,13.9108207377686,13.79739761740963,982050.1128103313
False,False,2025-12-11,820000.0,39.391173,-123.806617,3404.0,FBS - Fort Bragg South,True,2.0,2.2,1979.0,4.0,Fort Bragg,4.0,True,2.0,Two,2.2,False,2.0,Irvine Unified,95437,0.0,95832.0,240.8930669800235,1.0,46.0,0,851.0,0.035520494198180146,13.617059619240436,13.317924750600472,13.838670611582112,1023430.330166175
True,True,2025-12-02,412500.0,33.759456,-116.291707,1172.0,307 - Sun City,True,4.0,0.11,2003.0,2.0,Palm Desert,2.0,False,1.0,One,4792.0,False,2.0,Palos Verdes Peninsula Unified,92211,398.0,4792.0,351.962457337884,1.0,22.0,0,586.0,0.24457429048414023,12.929991484756872,13.226723392728571,12.995146284872822,440271.2463236052
True,False,2025-12-19,505000.0,38.26627285,-122.05703601,2068.0,LUV - Lucerne Valley,True,2.0,0.17,1966.0,3.0,Fairfield,4.0,True,1.0,"Two,One",7405.0,False,2.0,Los Angeles Unified,94534,0.0,7405.0,244.19729206963248,1.3333333333333333,59.0,0,517.0,0.2792707629979743,13.132313708257497,13.53579665516167,13.615148758365384,818434.5901989555
True,False,2025-12-10,481034.0,33.69324,-116.217237,1695.0,314 - Indio South of East Valley,True,2.0,0.1377,2023.0,2.0,Indio,2.0,False,1.0,One,5997.0,True,2.0,Other,92201,270.0,5997.0,283.79587020648967,1.0,2.0,0,847.5,0.28264132066033015,13.083693232660442,13.235692062711331,13.16158577320895,520000.8749794328
True,False,2025-12-16,345000.0,39.75162,-121.869427,1889.0,699 - Not Defined,True,2.0,0.07,1978.0,3.0,Chico,3.0,True,2.0,Two,3049.0,False,2.0,Chico Unified,95926,500.0,3049.0,182.6363155108523,1.0,47.0,0,629.6666666666666,0.6195473925877337,12.751299696013497,13.060487973686241,13.014914426114368,449061.1846344953
True,False,2025-12-24,339000.0,33.227474,-116.513617,936.0,92066 - Ranchita,True,5.0,5.15,1979.0,1.0,Ranchita,1.0,True,1.0,One,5.15,False,0.0,Warner Unified,92066,0.0,224334.0,362.1794871794872,1.0,46.0,0,936.0,0.004172350156463131,12.733755386362587,13.175218604615385,12.922531719174627,409434.2956319945
True,False,2025-12-05,300000.0,38.957579,-122.649217,1941.0,LCCLW - Clearlake West,True,1.0,0.37,1950.0,2.0,Clearlake,2.0,True,1.0,One,16117.0,False,1.0,Konocti Unified,95422,0.0,16117.0,154.5595054095827,1.0,75.0,0,970.5,0.12043184215424707,12.611537753638338,12.524526376648708,12.652398317993777,312512.0533059404
True,False,2025-12-12,478000.0,34.684521999999994,-118.243594,1892.0,LAC - Lancaster,True,4.0,0.157,1994.0,2.0,Lancaster,4.0,True,1.0,One,6838.0,False,2.0,Antelope Valley Union,93536,0.0,6838.0,252.64270613107823,2.0,31.0,0,473.0,0.2766890903773033,13.077366011473593,13.224918336616522,13.215870360210477,549009.1352816304
False,False,2025-12-29,514888.0,33.674147,-117.956738,600.0,14 - South Huntington Beach,True,2.0,0.0184,1964.0,1.0,Huntington Beach,1.0,True,1.0,One,800.0,False,0.0,Huntington Beach Union High,92646,250.0,800.0,858.1466666666666,1.0,61.0,0,600.0,0.75,13.151704680266443,14.19394699368452,13.23455605889242,559364.1990659288
False,False,2025-12-17,3380000.0,34.116942,-118.018948,4516.0,605 - Arcadia,True,2.0,0.2507,2025.0,6.0,Arcadia,4.0,True,2.0,Two,10920.0,True,2.0,Arcadia Unified,91006,0.0,10920.0,748.4499557130204,0.6666666666666666,0.0,0,1129.0,0.4135531135531135,15.033386267459202,14.32771348302841,15.188334785468104,3946480.730619526
False,False,2025-12-15,880000.0,32.62729862,-116.98870682,1798.0,91913 - Chula Vista,True,4.0,119.46,2001.0,3.0,Chula Vista,4.0,False,2.0,Two,5821.0,False,2.0,William S. Hart Union,91913,116.0,6066.0,489.43270300333705,1.3333333333333333,24.0,0,449.5,0.2964061984833498,13.687677186454389,13.764217263576723,13.680064720506484,873326.4632289435
False,True,2025-12-12,1725000.0,33.816171999999995,-118.066649,2961.0,52 - Los Alamitos,True,2.0,0.1982,1970.0,3.0,Los Alamitos,4.0,True,2.0,Two,8635.0,False,2.0,Los Alamitos Unified,90720,0.0,8635.0,582.5734549138805,1.3333333333333333,55.0,0,740.25,0.3429067747539085,14.360737608447597,14.283636643008586,14.474124269940145,1932112.0132374903
False,False,2025-12-23,342000.0,39.74802477,-121.84516878,1431.0,259 - Moreno Valley,True,6.0,0.1865,1907.0,2.0,Chico,4.0,False,1.0,One,3920.0,False,0.0,New Haven,95926,145.0,8719.0,238.9937106918239,2.0,118.0,0,357.75,0.16412432618419542,12.742566016044742,13.060487973686241,13.01457885662733,448910.5186839802
True,True,2025-12-31,650000.0,33.786708000000004,-116.425007,2726.0,321 - Rancho Mirage,True,3.0,0.29,1992.0,4.0,Rancho Mirage,3.0,True,1.0,One,12632.0,False,3.0,Palm Springs Unified,92270,667.0,12632.0,238.4446074834923,0.75,33.0,0,908.6666666666666,0.21580113996200126,13.38472764187182,13.9108207377686,14.098998934030913,1327753.4465065796
True,False,2025-12-19,499000.0,38.794663,-122.539669,2040.0,LCHVL - Hidden Valley Lake,True,3.0,0.65,2025.0,3.0,Hidden Valley Lake,3.0,True,1.0,One,0.65,True,3.0,Middletown Unified,95467,310.0,28314.0,244.6078431372549,1.0,0.0,0,680.0,0.07204916295825387,13.120361374733656,12.818551923022664,13.29630649119687,594993.9349990274
False,False,2025-12-29,772000.0,33.76737,-117.84466100000002,1575.0,70 - Santa Ana North of First,True,2.0,0.1523,1973.0,2.0,Santa Ana,4.0,True,1.0,One,6634.0,False,2.0,Orange Unified,92705,0.0,6634.0,490.1587301587302,2.0,52.0,0,393.75,0.2374133252939403,13.556739829006913,14.376839163903371,14.163911690387689,1416800.4603707145
True,False,2025-12-30,715000.0,37.987598,-121.857733,2857.0,699 - Not Defined,True,6.0,0.1377,2012.0,3.0,Antioch,4.0,True,2.0,Two,6000.0,False,3.0,Antioch,94509-6286,0.0,6000.0,250.26251312565628,1.3333333333333333,13.0,0,714.25,0.4761666666666667,13.480037821676145,13.698976741708323,13.86698287660327,1052820.042397098
False,False,2025-12-05,1650000.0,33.104901,-117.180273,3542.0,92078 - San Marcos,True,3.0,0.2394,2006.0,5.0,San Marcos,4.0,True,2.0,Two,10427.0,False,3.0,San Marcos Unified,92078,90.0,10427.0,465.83850931677017,0.8,19.0,0,885.5,0.33969502253764267,14.316285845876763,14.075178214680975,14.449268344364183,1884679.51221514
False,False,2025-12-10,2900000.0,37.31954805,-122.05674067,1109.0,699 - Not Defined,False,4.0,0.2273,1942.0,1.0,Cupertino,2.0,True,1.0,Two,9900.0,False,0.0,Other,95014,600.0,9900.0,2614.9684400360684,2.0,83.0,0,554.5,0.11202020202020202,14.880221294956703,15.043678404364256,14.526225432261397,2035445.8265727952
False,False,2025-12-05,1075000.0,34.262035,-118.886381,2679.0,SMP - South Moorpark,True,3.0,0.256,1988.0,3.0,Moorpark,4.0,True,1.0,One,11151.0,False,3.0,Ventura Unified,93021,275.0,11151.0,401.26913027248975,1.3333333333333333,37.0,0,669.75,0.24024751143395212,13.8878312195439,13.8878312195439,14.050022247186206,1264291.2509304164
True,False,2025-12-05,764000.0,34.909833,-120.437165,1924.0,ORWE - SM/Orcutt West,True,3.0,0.16,1978.0,3.0,Santa Maria,4.0,True,2.0,Two,6970.0,False,3.0,Other,93455,0.0,6970.0,397.0893970893971,1.3333333333333333,47.0,0,481.0,0.27604017216642757,13.546323068148657,13.538369041771391,13.568370958235631,781031.6541136411
True,False,2025-12-12,1743558.0,33.099909999999994,-117.05617,4043.0,92029 - Escondido,True,5.0,0.2697,2025.0,5.0,Escondido,5.0,True,2.0,Two,11748.0,True,3.0,Escondido Union,92025,524.0,11748.0,431.2535246104378,1.0,0.0,0,808.6,0.3441436840313245,14.371438410962652,13.740514638062564,14.226869854851472,1508867.39053328
True,False,2025-12-29,1650000.0,33.099909999999994,-117.05617,3399.0,92029 - Escondido,True,5.0,0.2429,2025.0,4.0,Escondido,4.0,True,2.0,Two,10581.0,True,3.0,Escondido Union,92025,524.0,10581.0,485.4368932038834,1.0,0.0,0,849.75,0.32123617805500426,14.316285845876763,13.740514638062564,14.180506121208323,1440507.6169542966
False,False,2025-12-05,500000.0,34.123309000000006,-117.21627,1094.0,276 - Highland,True,1.0,0.1667,1955.0,2.0,Highland,4.0,True,1.0,One,7260.0,False,1.0,San Bernardino City Unified,92346,0.0,7260.0,457.0383912248629,2.0,70.0,0,273.5,0.15068870523415978,13.122363377404328,13.28681753563043,13.1701754102384,524486.7321115602
True,False,2025-12-17,667000.0,37.95372231,-121.65971172,1525.0,150 - Hermosa Bch East,False,1.0,0.3,1958.0,2.0,Brentwood,3.0,True,1.0,One,13068.0,False,1.0,Riverside Unified,94513,0.0,13068.0,437.37704918032784,1.5,67.0,0,508.3333333333333,0.11669727578818488,13.410545324897761,13.591116224748411,13.569982264444702,782291.1497114308
False,False,2025-12-19,1450000.0,34.173577,-118.403982,1957.0,VG - Valley Glen,True,2.0,0.1645,1952.0,3.0,Valley Village,4.0,True,1.0,One,7167.0,False,2.0,San Lorenzo,91607,0.0,7167.0,740.929994890138,1.3333333333333333,73.0,0,489.25,0.2730570671131575,14.187074114396758,14.132142793443558,14.135542915716423,1377172.3258157833
True,False,2025-12-12,1150000.0,33.636512,-117.707519,2101.0,LS - Lake Forest South,True,2.0,0.0918,1976.0,3.0,Lake Forest,4.0,True,2.0,Two,4000.0,False,2.0,Saddleback Valley Unified,92630,235.0,4000.0,547.3584007615422,1.3333333333333333,49.0,0,525.25,0.52525,13.955272500339433,14.077874822431765,14.063955753165192,1282030.5590167397
True,False,2025-12-29,465000.0,33.716728,-117.002419,1700.0,SRCAR - Southwest Riverside County,True,2.0,0.15,1990.0,2.0,Hemet,3.0,True,1.0,One,6534.0,False,2.0,Hemet Unified,92545,43.0,6534.0,273.52941176470586,1.5,35.0,0,566.6666666666666,0.2601775329048056,13.049792684569493,12.990536830078119,12.969022844748427,428918.7751839495
False,False,2025-12-15,900000.0,33.135723,-117.217347,1510.0,92078 - San Marcos,True,4.0,0.1607,1998.0,3.0,San Marcos,3.0,True,2.0,Two,7001.0,False,2.0,San Marcos Unified,92078,95.0,7001.0,596.0264900662252,1.0,27.0,0,503.3333333333333,0.21568347378945865,13.710150042306449,14.075178214680975,13.882239667170362,1069005.8551034736
True,False,2025-12-15,353000.0,34.684401,-118.095187,1526.0,LAC - Lancaster,True,2.0,0.1076,1986.0,3.0,Lancaster,3.0,True,2.0,Two,4686.0,False,2.0,Los Angeles Unified,93535,0.0,4686.0,231.32372214941023,1.0,39.0,0,508.6666666666667,0.32565087494664957,12.774223335915433,12.994530005894443,12.917872998839742,407531.2919758962
True,False,2025-12-23,382500.0,33.929176,-116.889003,951.0,263 - Banning/Beaumont/Cherry Valley,False,2.0,0.19,1946.0,1.0,Banning,3.0,True,1.0,One,8276.0,False,2.0,Banning Unified,92220,0.0,8276.0,402.20820189274446,3.0,79.0,0,317.0,0.11491058482358628,12.854483932248728,12.994530005894443,12.779664685050388,354926.03159761813
True,False,2025-12-09,500000.0,34.017596000000005,-117.032224,1612.0,269 - Yucaipa/Calimesa/Oak Glen,False,2.0,0.1912,1971.0,2.0,Yucaipa,4.0,False,1.0,One,8330.0,False,2.0,Yucaipa/Calimesa Unified,92399,0.0,8330.0,310.17369727047145,2.0,54.0,0,403.0,0.1935174069627851,13.122363377404328,13.274219822166483,13.253539986785166,570084.5640476819
True,False,2025-12-12,525000.0,39.121396,-122.994997,1314.0,LCSV - Scotts Valley,True,10.0,84.54,1935.0,2.0,Lakeport,2.0,True,1.0,One,3682562.0,False,0.0,Lakeport Unified,95453,0.0,3682562.0,399.5433789954338,1.0,90.0,0,657.0,0.0003568168030843744,13.17115354157376,12.89167886987763,13.026987080109178,454515.4021340397
True,False,2025-12-26,430000.0,34.476769,-117.267481,2182.0,VIC - Victorville,True,2.0,0.225,1992.0,2.0,Victorville,3.0,True,1.0,One,9800.0,False,2.0,Apple Valley Unified,92395,138.0,9800.0,197.06691109074245,1.5,33.0,0,727.3333333333334,0.2226530612244898,12.971540487669746,12.947950462906661,13.064163724541457,471730.7819147664
True,False,2025-12-05,2150000.0,34.126702,-118.423627,2272.0,C02 - Beverly Hills Post Office,True,2.0,0.4697,1965.0,5.0,Beverly Hills,4.0,True,2.0,Two,20458.0,False,2.0,Los Angeles Unified,90210,0.0,20458.0,946.3028169014084,0.8,60.0,0,568.0,0.11105679929611888,14.580978400103845,15.053884789007542,14.996378815857911,3257201.066025703
True,False,2025-12-17,375000.0,33.921269,-116.938057,1315.0,263 - Banning/Beaumont/Cherry Valley,True,5.0,0.14,1989.0,2.0,Banning,3.0,False,1.0,One,6098.0,False,2.0,Banning Unified,92220,385.0,6098.0,285.17110266159693,1.5,36.0,0,438.3333333333333,0.21564447359790095,12.834681304952548,12.994530005894443,12.894843681073985,398253.3665416271
True,False,2025-12-23,1147500.0,35.102959000000006,-120.62946200000002,2082.0,OCNO - Oceano,True,6.0,0.1033,1977.0,3.0,Oceano,4.0,True,2.0,Two,4500.0,False,0.0,Lucia Mar Unified,93445,0.0,4500.0,551.1527377521613,1.3333333333333333,48.0,0,520.5,0.46266666666666667,13.953096220916837,13.575530058102434,13.636803170832257,836350.5905403384
True,False,2025-12-12,3079000.0,34.122209000000005,-118.362857,3185.0,C03 - Sunset Strip - Hollywood Hills West,True,4.0,0.2707,1940.0,4.0,Los Angeles,3.0,True,1.0,One,11792.0,False,0.0,Los Angeles Unified,90046,40.0,11792.0,966.718995290424,0.75,85.0,0,1061.6666666666667,0.27009837177747625,14.940115426906637,14.637490610367188,15.013450777023678,3313285.2474711905
False,False,2025-12-15,2300000.0,33.989693,-118.454478,1176.0,C11 - Venice,True,2.0,0.0967,1947.0,2.0,Venice,2.0,True,1.0,One,4211.0,False,2.0,Pomona Unified,90291,0.0,4211.0,1955.78231292517,1.0,78.0,0,588.0,0.27926858228449297,14.648419680899378,14.66457824156197,14.232396635196181,1517229.6560868528
False,False,2025-12-05,652000.0,34.450353,-118.534278,1230.0,BOUQ - Bouquet Canyon,False,2.0,0.1585,1957.0,2.0,Saugus,3.0,True,1.0,One,6904.0,False,2.0,William S. Hart Union,91350,0.0,6904.0,530.0813008130082,1.5,68.0,0,410.0,0.17815758980301274,13.38779984090879,13.652991628466498,13.591992763993396,799700.6618907036
False,False,2025-12-05,699000.0,33.38088145,-117.25542286,1810.0,92028 - Fallbrook,True,2.0,0.1613,1969.0,3.0,Fallbrook,3.0,False,1.0,One,7027.0,False,2.0,Morongo Unified,92028,0.0,7027.0,386.1878453038674,1.0,56.0,0,603.3333333333334,0.25757791376120676,13.457406021215947,13.681979165339751,13.755114692336972,941391.795158424
True,False,2025-12-04,585000.0,34.110513,-117.580646,1683.0,688 - Rancho Cucamonga,True,0.0,0.186,1957.0,2.0,Rancho Cucamonga,3.0,False,1.0,One,8100.0,False,0.0,Chaffey Joint Union High,91730,0.0,8100.0,347.5935828877005,1.5,68.0,0,561.0,0.20777777777777778,13.279367126213993,13.500799813124575,13.552737983918108,768916.7490525671
True,False,2025-12-08,1175000.0,32.816518,-116.998704,3570.0,92020 - El Cajon,True,3.0,0.24,1975.0,4.0,El Cajon,5.0,True,2.0,Two,10454.0,False,3.0,Grossmont Union,92020,0.0,10454.0,329.13165266106444,1.25,50.0,0,714.0,0.34149607805624643,13.976778705560397,13.7694117933985,14.067233530971915,1286239.664818926
True,False,2025-12-08,2050000.0,32.732557,-117.225255,2354.0,92106 - Point Loma,True,2.0,0.2296,1950.0,3.0,San Diego,3.0,True,2.0,Two,10000.0,False,2.0,San Diego Unified,92106,0.0,10000.0,870.8581138487681,1.0,75.0,0,784.6666666666666,0.2354,14.53335035111459,14.53335035111459,14.572861646367407,2132619.6110557895
False,False,2025-12-09,1133000.0,34.322426,-118.468332,2220.0,SYL - Sylmar,True,2.0,0.2939,1980.0,3.0,Sylmar,4.0,False,1.0,One,12804.0,False,2.0,Los Angeles Unified,91342,0.0,12804.0,510.3603603603604,1.3333333333333333,45.0,0,555.0,0.1733833177132146,13.940379540010143,13.667586227071855,13.815668191158153,1000157.6456186436
False,True,2025-12-18,1149900.0,33.956854,-117.356574,3300.0,252 - Riverside,True,6.0,0.44,1960.0,4.0,Riverside,6.0,True,1.0,One,19166.0,False,2.0,Ramona Unified,92506,0.0,19166.0,348.45454545454544,1.5,65.0,0,550.0,0.17217990190963164,13.955185540036757,13.493926933836812,13.930815937276668,1122216.0868272309
True,False,2025-12-23,1165000.0,33.73955,-117.995937,2508.0,17 - Northwest Huntington Beach,True,2.0,0.1377,1962.0,3.0,Huntington Beach,6.0,True,1.0,One,6000.0,False,2.0,Huntington Beach Union High,92647,0.0,6000.0,464.5135566188198,2.0,63.0,0,418.0,0.418,13.968231644981937,14.080942316715522,14.222604773539274,1502445.6527749568
True,False,2025-12-23,1665000.0,34.158621999999994,-118.612091,3173.0,WHLL - Woodland Hills,True,2.0,0.2359,1989.0,4.0,Woodland Hills,4.0,True,2.0,Two,10277.0,False,2.0,Los Angeles Unified,91364,0.0,10277.0,524.7399936968169,1.0,36.0,0,793.25,0.30874768901430377,14.325335681396682,14.15910026235435,14.385125306187406,1767585.9546154975
True,True,2025-12-15,1148000.0,34.156069,-118.58999,2088.0,WHLL - Woodland Hills,False,1.0,0.1446,1948.0,3.0,Woodland Hills,3.0,True,1.0,One,6298.0,False,1.0,Los Angeles Unified,91364,0.0,6298.0,549.8084291187739,1.0,77.0,0,696.0,0.3315338202604001,13.953531855861648,14.15910026235435,14.226581138044649,1508431.8180399411
True,False,2025-12-01,1900000.0,33.753852,-118.406682,2600.0,170 - West Palos Verdes,True,3.0,0.1854,1969.0,3.0,Rancho Palos Verdes,5.0,True,2.0,Two,8078.0,False,3.0,Palos Verdes Peninsula Unified,90275,0.0,8078.0,730.7692307692307,1.6666666666666667,56.0,0,520.0,0.3218618469918297,14.457364444136669,14.438232971730155,14.479006771693367,1941568.6206945968
False,False,2025-12-08,690000.0,33.982161,-118.270291,1336.0,C34 - Los Angeles Southwest,False,2.0,0.1132,1911.0,2.0,Los Angeles,4.0,False,1.0,One,4932.0,False,2.0,Los Angeles Unified,90003,0.0,4932.0,516.4670658682635,2.0,114.0,0,334.0,0.2708840227088402,13.444446876573442,13.304684934198283,13.308393619269008,602229.3424517075
True,False,2025-12-17,1200000.0,37.9341399,-121.6967438,3803.0,C4 - Central Costa Mesa,True,4.0,0.1901,2025.0,5.0,Brentwood,5.0,False,2.0,Two,8282.0,False,4.0,Fremont Unified,94513,0.0,8282.0,315.5403628714173,1.0,0.0,0,760.6,0.459188601787008,13.997832114758229,13.591116224748411,13.879013440469652,1065562.5572868423
True,False,2025-12-02,3205735.0,37.8288103,-121.95388987,4052.0,688 - Rancho Cucamonga,True,3.0,0.2669,2025.0,5.0,Danville,4.0,True,2.0,Two,11627.0,False,3.0,Los Angeles Unified,94506,221.0,11627.0,791.1488153998025,0.8,0.0,0,1013.0,0.348499182936269,14.980451951218159,14.68050799545088,15.16568120686068,3858083.852276087
True,False,2025-12-03,2215000.0,33.716369,-117.743017,2511.0,EASTW - Eastwood,True,2.0,0.0831,2018.0,4.0,Irvine,4.0,True,2.0,Two,3620.0,False,2.0,Irvine Unified,92620,150.0,3620.0,882.1186778176026,1.0,7.0,0,627.75,0.693646408839779,14.610762961461374,14.503142431449666,14.576571843691022,2140546.7471551313
False,False,2025-12-19,805000.0,37.99610713,-121.85871578,2793.0,31 - South of Conant,True,2.0,0.093,2025.0,4.0,Pittsburg,5.0,True,2.0,Two,4050.0,True,2.0,San Luis Coastal Unified,94565,0.0,4050.0,288.2205513784461,1.25,0.0,0,558.6,0.6896296296296296,13.5985975564007,13.270783382522602,13.47634241730269,712362.6618896659
True,False,2025-12-11,500000.0,34.411029,-117.351079,2378.0,HSP - Hesperia,True,6.0,0.1689,2008.0,3.0,Hesperia,4.0,True,2.0,Two,7359.0,False,3.0,Hesperia Unified,92344,0.0,7359.0,210.26072329688813,1.3333333333333333,17.0,0,594.5,0.3231417312134801,13.122363377404328,13.180613417425775,13.212894579252376,547377.8327543369
True,False,2025-12-19,460000.0,34.438722,-117.341645,1444.0,HSP - Hesperia,False,12.0,0.4132,1962.0,2.0,Hesperia,3.0,False,1.0,One,18000.0,False,2.0,Hesperia Unified,92345,0.0,18000.0,318.5595567867036,1.5,63.0,0,481.3333333333333,0.08022222222222222,13.038981768465277,13.064514272196533,12.93456772581792,414392.0253177606
True,False,2025-12-05,209000.0,35.107972,-117.982067,1482.0,CAC - California City,True,2.0,0.22,2006.0,2.0,California City,3.0,True,1.0,One,9583.0,False,2.0,Mojave Unified,93505,0.0,9583.0,141.02564102564102,1.5,19.0,0,494.0,0.15464885735156006,12.250089530946948,12.608198852372823,12.560240265346389,284998.8047397527
False,True,2025-12-15,1190000.0,33.34144831,-117.20489492,4054.0,92028 - Fallbrook,True,13.0,2.98,1989.0,3.0,Fallbrook,4.0,True,1.0,ThreeOrMore,129809.0,False,3.0,Apple Valley Unified,92028,200.0,129809.0,293.5372471632955,1.3333333333333333,36.0,0,1013.5,0.031230500196442464,13.989463865087712,13.681979165339751,14.101940571473339,1331664.966074736
True,False,2025-12-01,1275000.0,34.087689000000005,-118.314389,2240.0,C20 - Hollywood,True,2.0,0.0323,2023.0,4.0,Los Angeles,3.0,False,1.0,ThreeOrMore,1407.0,False,2.0,Los Angeles Unified,90038,50.0,1407.0,569.1964285714286,0.75,2.0,0,746.6666666666666,1.592039800995025,14.058456736574664,13.864300722133706,13.909370792118235,1098406.2155142643
True,False,2025-12-18,300000.0,39.727979,-122.103993,1534.0,699 - Not Defined,True,0.0,5.1,1959.0,2.0,Orland,3.0,True,1.0,One,222156.0,False,0.0,Orland Joint Unified,95963,0.0,222156.0,195.5671447196871,1.5,66.0,0,511.3333333333333,0.006905057707196745,12.611537753638338,12.834681304952548,12.842608610347128,377984.5536273667
True,False,2025-12-08,650000.0,33.961322,-118.335148,1381.0,101 - North Inglewood,True,4.0,0.1328,1940.0,2.0,Inglewood,3.0,False,1.0,One,5783.0,False,2.0,Inglewood Unified,90305,0.0,5783.0,470.6734250543085,1.5,85.0,0,460.3333333333333,0.23880338924433686,13.38472764187182,13.676248490630767,13.677629580048729,871202.3778982041
False,False,2025-12-02,649900.0,34.109433,-117.3483,2212.0,274 - San Bernardino,True,4.0,0.1659,2024.0,3.0,San Bernardino,4.0,False,2.0,Two,7227.0,False,2.0,Rialto Unified,92410,0.0,7227.0,293.80650994575046,1.3333333333333333,1.0,0,553.0,0.30607444306074444,13.38457378388244,12.971540487669746,13.17358187540316,526276.4244255058
False,False,2025-12-04,390000.0,39.093895,-121.560295,1608.0,681 - Chino,True,0.0,0.46,1945.0,2.0,Olivehurst,4.0,True,1.0,One,20038.0,False,0.0,Marysville Joint Unified,95961,0.0,20038.0,242.53731343283584,2.0,80.0,0,402.0,0.08024752969358219,12.873902018105829,13.17115354157376,13.160041219059949,519198.3254206744
True,False,2025-12-23,349000.0,37.307029,-120.448007,1551.0,263 - Banning/Beaumont/Cherry Valley,True,2.0,0.14,1980.0,2.0,Merced,3.0,True,1.0,One,6100.0,False,2.0,Merced Union,95340,0.0,6100.0,225.0161186331399,1.5,45.0,0,517.0,0.25426229508196724,12.762827201184564,12.934827526010142,12.889081480495946,395965.1496763006
True,False,2025-12-12,560000.0,34.070161,-117.653802,945.0,686 - Ontario,False,5.0,0.0826,1925.0,2.0,Ontario,2.0,False,1.0,One,3600.0,False,1.0,Chaffey Joint Union High,91762,0.0,3600.0,592.5925925925926,1.0,100.0,0,472.5,0.2625,13.235692062711331,13.530491602931978,13.297863652057895,595921.1579974799
False,True,2025-12-10,1050000.0,33.2800797,-117.0036488,660.0,92082 - Valley Center,False,31.0,36.85,2000.0,1.0,Valley Center,1.0,False,1.0,One,1605186.0,False,1.0,Alhambra,92082,0.0,1605186.0,1590.909090909091,1.0,25.0,0,660.0,0.0004111673039759878,13.864300722133706,13.710150042306449,13.361702687990016,635204.763430271
True,False,2025-12-22,569990.0,33.622378000000005,-117.07992,2135.0,SRCAR - Southwest Riverside County,True,2.0,0.1149,2025.0,3.0,French Valley,4.0,False,2.0,Two,5005.0,True,2.0,Temecula Unified,92596,152.0,5005.0,266.9742388758782,1.3333333333333333,0.0,0,533.75,0.42657342657342656,13.253374095797188,13.337474757021274,13.342311919626153,623006.3059485528
True,False,2025-12-16,5525000.0,33.620486,-117.91841200000002,5381.0,N6 - Newport Heights,True,3.0,0.1463,2005.0,5.0,Newport Beach,4.0,True,2.0,Two,6375.0,False,3.0,Newport Mesa Unified,92663,0.0,6375.0,1026.7608251254414,0.8,20.0,0,1345.25,0.844078431372549,15.524793805368091,15.327852605716153,15.738744745751324,6843054.441870171
True,False,2025-12-17,485000.0,34.273168,-117.201718,1344.0,287A - Arrowhead Woods,False,0.0,0.2525,1978.0,2.0,Lake Arrowhead,3.0,True,2.0,Two,11000.0,False,0.0,Rim of the World,92352,0.0,11000.0,360.8630952380952,1.5,47.0,0,448.0,0.12218181818181818,13.091904169919621,13.412043452518782,13.31813183957915,608122.632973364
True,False,2025-12-30,638000.0,34.052690000000005,-118.17687,830.0,C34 - Los Angeles Southwest,True,0.0,0.091,1955.0,1.0,Los Angeles,2.0,False,1.0,One,3964.0,False,0.0,Los Angeles Unified,90063,0.0,3964.0,768.6746987951807,2.0,70.0,0,415.0,0.20938446014127143,13.366093562326927,13.436422313574042,13.157095110065908,517670.9615594032
True,False,2025-12-29,750000.0,34.50049,-117.272254,1762.0,VIC - Victorville,True,2.0,0.1653,2020.0,4.0,Victorville,4.0,False,1.0,One,7200.0,False,2.0,Victor Valley Unified,92395,137.0,7200.0,425.6526674233825,1.0,5.0,0,440.5,0.24472222222222223,13.527828485512494,12.947950462906661,13.08330283276732,480846.24103073747
True,False,2025-12-17,1350000.0,34.129375,-117.660112,3098.0,690 - Upland,True,7.0,0.3444,1977.0,5.0,Upland,6.0,True,1.0,One,15000.0,False,3.0,Upland,91784,0.0,15000.0,435.7650096836669,1.2,48.0,0,516.3333333333334,0.20653333333333335,14.115615150414612,13.815510557964274,14.143149224906193,1387687.464334018
True,True,2025-12-10,2450000.0,33.575106,-117.741045,3410.0,AV - Aliso Viejo,True,3.0,0.1644,2000.0,3.0,Aliso Viejo,4.0,True,2.0,Two,7160.0,False,3.0,Capistrano Unified,92656,205.0,7160.0,718.475073313783,1.3333333333333333,25.0,0,852.5,0.4762569832402235,14.71159858252091,14.115615150414612,14.493259050051012,1969438.5302210453
True,False,2025-12-23,850000.0,34.262177,-118.346786,948.0,672 - Shadow Hills,True,1.0,0.4547,1932.0,1.0,Sunland,2.0,True,1.0,One,19806.0,False,1.0,Claremont Unified,91040,0.0,19806.0,896.6244725738396,2.0,93.0,0,474.0,0.047864283550439264,13.652991628466498,13.77468856344402,13.577324154653683,788055.7811954046
True,False,2025-12-02,2600000.0,32.9875845,-117.05076316,3967.0,92064 - Poway,True,7.0,3.0,2025.0,5.0,Poway,5.0,True,1.0,One,3.0,False,3.0,Other,92064,318.0,130680.0,655.4071086463323,1.0,0.0,0,793.4,0.030356596265687173,14.77102200299171,14.042638194103073,14.567436206580993,2121080.5423346907
False,True,2025-12-03,3200000.0,34.233457,-118.913872,5565.0,SRA - Santa Rosa Valley,True,4.0,1.0590000000000002,2001.0,7.0,Camarillo,5.0,True,2.0,Two,46130.0,False,4.0,Pleasant Valley,93012,191.0,46130.0,575.0224618149147,0.7142857142857143,24.0,0,1113.0,0.12063732928679818,14.978661367769956,13.710150042306449,14.757293784119064,2564550.5168073955
True,True,2025-12-17,680000.0,33.727438,-117.424828,1592.0,246 - Glen Ivy/Alber Hill,True,2.0,0.16,1995.0,3.0,Corona,4.0,True,2.0,Two,6970.0,False,2.0,Lake Elsinore Unified,92883,110.0,6970.0,427.1356783919598,1.3333333333333333,30.0,0,398.0,0.22840746054519367,13.42984807715229,13.547957803444275,13.495048150387309,725813.3378778493
True,False,2025-12-12,935000.0,34.040569,-117.958883,2612.0,633 - Industry/La Puente/Valinda,True,0.0,0.1506,1955.0,3.0,La Puente,6.0,False,1.0,One,6559.0,False,0.0,Hacienda La Puente Unified,91744,0.0,6559.0,357.96324655436445,2.0,70.0,0,435.3333333333333,0.3982314377191645,13.748301808270824,13.547631112808673,13.740675957358345,927896.947229865
True,False,2025-12-12,322500.0,35.147118,-118.482716,1273.0,THP - Tehachapi,True,2.0,0.2114,1993.0,3.0,Tehachapi,3.0,False,1.0,One,9209.0,False,2.0,Kernville Union,93561,0.0,9209.0,253.33857030636293,1.0,32.0,0,424.3333333333333,0.13823433597567597,12.683858415217964,13.060487973686241,12.929154904363257,412155.0548949073
True,False,2025-12-14,500000.0,34.582487,-118.147758,1545.0,PLM - Palmdale,True,6.0,0.1899,1990.0,2.0,Palmdale,3.0,True,1.0,One,8271.0,False,3.0,Antelope Valley Union,93551,0.0,8271.0,323.62459546925567,1.5,35.0,0,515.0,0.18679724338048603,13.122363377404328,13.345506928718539,13.263580174102154,575837.1500535611
True,False,2025-12-16,505000.0,33.774028,-116.935569,1748.0,SRCAR - Southwest Riverside County,True,2.0,0.17,1990.0,2.0,San Jacinto,3.0,True,1.0,One,7405.0,False,2.0,San Jacinto Unified,92583,0.0,7405.0,288.9016018306636,1.5,35.0,0,582.6666666666666,0.23605671843349088,13.132313708257497,13.064725287181727,13.04572985924763,463114.6188059888
True,False,2025-12-08,420000.0,34.084605,-117.332424,1924.0,274 - San Bernardino,False,2.0,0.191,1901.0,2.0,Colton,3.0,True,1.0,One,8320.0,False,2.0,Colton Unified,92324,0.0,8320.0,218.2952182952183,1.5,124.0,0,641.3333333333334,0.23125,12.948009990259552,13.142166004700508,13.19373337655908,536989.2617549248
True,False,2025-12-02,680000.0,34.158957,-117.447357,1837.0,264 - Fontana,True,4.0,0.093,2020.0,3.0,Fontana,3.0,False,2.0,Two,4049.0,False,2.0,See Remarks,92336,0.0,4049.0,370.1687534022863,1.0,5.0,0,612.3333333333334,0.4536922696962213,13.42984807715229,13.487006490992238,13.397653611430822,658456.4161606282
True,False,2025-12-16,495000.0,38.961479,-122.86786,2036.0,LCKEL - Kelseyville,False,4.0,7.76,1973.0,2.0,Kelseyville,2.0,False,1.0,One,338026.0,False,4.0,Konocti Unified,95451,0.0,338026.0,243.1237721021611,1.0,52.0,0,1018.0,0.006023205315567441,13.112313041550827,12.845288003152147,12.965073010666966,427227.95860824635
True,False,2025-12-04,1650000.0,33.953933,-117.777743,4226.0,682 - Chino Hills,True,3.0,0.4015,2020.0,6.0,Chino Hills,5.0,True,2.0,Two,17491.0,False,3.0,Chino Valley Unified,91709,500.0,17491.0,390.44013251301465,0.8333333333333334,5.0,0,845.2,0.2416099708421474,14.316285845876763,13.901688254205327,14.67763827408904,2368194.181837178
False,False,2025-12-10,500000.0,39.758273,-121.840018,3212.0,699 - Not Defined,True,3.0,0.65,1948.0,4.0,Chico,4.0,True,1.0,One,28314.0,False,3.0,Chico Unified,95926,0.0,28314.0,155.6662515566625,1.0,77.0,0,803.0,0.11344211344211344,13.122363377404328,13.060487973686241,13.458250575962897,699590.5931271275
True,False,2025-12-17,403000.0,39.768349,-121.868459,1306.0,264 - Fontana,True,4.0,0.11,2000.0,2.0,Chico,3.0,False,1.0,One,4792.0,False,2.0,Chico Unified,95973,0.0,4792.0,308.57580398162327,1.5,25.0,0,435.3333333333333,0.2725375626043406,12.90669184092882,13.151922179645874,13.049764887389767,464987.0744910743
True,True,2025-12-03,1960000.0,33.668659000000005,-117.654682,3162.0,LN - Lake Forest North,True,2.0,0.0973,2017.0,5.0,Lake Forest,5.0,True,2.0,Two,4240.0,False,2.0,Saddleback Valley Unified,92630,237.0,4240.0,619.8608475648324,1.0,8.0,0,632.4,0.745754716981132,14.4884550312067,14.077874822431765,14.57234763539583,2131523.702856056
True,True,2025-12-04,950000.0,33.925937,-117.979966,1856.0,670 - Whittier,True,0.0,0.1609,1961.0,2.0,Whittier,4.0,False,1.0,One,7010.0,False,0.0,Whittier Union High,90604,0.0,7010.0,511.8534482758621,2.0,64.0,0,464.0,0.2647646219686163,13.764217263576723,13.636672835828117,13.688940897589953,881112.7687603453
True,False,2025-12-09,1015000.0,34.261667,-117.208334,4586.0,287A - Arrowhead Woods,True,4.0,0.8284,1966.0,3.0,Lake Arrowhead,4.0,True,1.0,ThreeOrMore,36084.0,False,0.0,Rim of the World,92352,0.0,36084.0,221.32577409507195,1.3333333333333333,59.0,0,1146.5,0.1270923400953331,13.830399170458024,13.412043452518782,14.126358600958088,1364581.8476583646
False,False,2025-12-18,1510000.0,37.5325837,-122.0091818,2079.0,699 - Not Defined,True,2.0,0.0438,2025.0,4.0,Newark,4.0,False,2.0,One,1907.0,False,2.0,Other,94560,222.0,1907.0,726.3107263107263,1.0,0.0,0,519.75,1.0901940220241217,14.227620208791107,14.151982794585487,14.187428825441364,1450514.422244912
True,False,2025-12-03,430000.0,33.755396999999995,-117.060991,2264.0,SRCAR - Southwest Riverside County,True,3.0,0.25,2005.0,2.0,Hemet,2.0,True,1.0,One,10890.0,False,3.0,Hemet Unified,92545,184.0,10890.0,189.92932862190813,1.0,20.0,0,1132.0,0.2078971533516988,12.971540487669746,12.990536830078119,13.064343243345233,471815.47406212916
True,False,2025-12-29,312000.0,40.496951,-121.906502,1664.0,699 - Not Defined,False,2.0,0.5,1992.0,2.0,Shingletown,3.0,True,1.0,One,21780.0,False,2.0,Shasta Union,96088,0.0,21780.0,187.5,1.5,33.0,0,554.6666666666666,0.07640036730945822,12.65075846679162,12.358793732547838,12.668422982847806,317560.2943810372
True,False,2025-12-01,448000.0,34.477108,-117.39012,2261.0,VIC - Victorville,True,6.0,0.1837,1991.0,3.0,Victorville,4.0,True,2.0,Two,8000.0,False,3.0,Snowline Joint Unified,92392,0.0,8000.0,198.14241486068116,1.3333333333333333,34.0,0,565.25,0.282625,13.012548511397123,13.01477816672439,13.078927495083857,478746.9722063606
True,False,2025-12-19,1175000.0,36.97670429,-122.0372959,1220.0,699 - Not Defined,False,1.0,0.218,1980.0,2.0,Santa Cruz,2.0,True,1.0,One,9496.0,False,1.0,Other,95060,0.0,9496.0,963.1147540983608,1.0,45.0,0,610.0,0.12847514743049704,13.976778705560397,14.204168547756057,13.842567941281589,1027426.7582276278
False,True,2025-12-29,888000.0,33.828938,-117.529642,1631.0,248 - Corona,True,2.0,0.31,1962.0,2.0,Corona,3.0,True,1.0,One,13504.0,False,2.0,Corona-Norco Unified,92881,0.0,13504.0,544.4512568976088,1.5,63.0,0,543.6666666666666,0.12077902843601895,13.696727021974308,13.6909268947726,13.692929345643385,884634.058841073
True,False,2025-12-23,360000.0,34.454119,-117.558902,1116.0,PHEL - Phelan,True,0.0,2.07,1964.0,1.0,Phelan,2.0,True,1.0,One,90169.0,False,0.0,Snowline Joint Unified,92371,0.0,90169.0,322.5806451612903,2.0,61.0,0,558.0,0.012376759196619682,12.793859310432293,13.11835535600679,12.850457760339133,380963.0852621752
False,False,2025-12-23,1300000.0,33.767748,-117.871073,1812.0,70 - Santa Ana North of First,False,2.0,0.155,1924.0,2.0,Santa Ana,4.0,True,2.0,Two,6750.0,False,2.0,Santa Ana Unified,92706,0.0,6750.0,717.439293598234,2.0,101.0,0,453.0,0.26844444444444443,14.077874822431765,13.981024996441848,14.065606734402955,1284148.915618243
True,True,2025-12-22,1875000.0,33.829954,-117.772441,3620.0,"75 - Orange, Orange Park Acres E of 55",True,3.0,0.2382,2002.0,3.0,Orange,5.0,True,2.0,Two,10377.0,False,3.0,Orange Unified,92867,94.0,10377.0,517.9558011049724,1.6666666666666667,23.0,0,724.0,0.3488484147634191,14.444119217386648,14.026983356405268,14.342470146151488,1693774.6993594836
True,False,2025-12-23,3400000.0,36.60518166,-121.94476307,2965.0,699 - Not Defined,True,2.0,0.2319,2007.0,4.0,Pebble Beach,4.0,True,2.0,One,10100.0,False,2.0,Other,93953,0.0,10100.0,1146.7116357504217,1.0,18.0,0,741.25,0.29356435643564355,15.03928598958639,14.812459192855883,15.110427253566552,3650691.8427884765
True,False,2025-12-24,240000.0,36.756911,-119.72691,1186.0,FSNO - Fresno,False,2.0,0.1543,1950.0,1.0,Fresno,3.0,True,1.0,One,6720.0,False,2.0,Fresno Unified,93727,0.0,6720.0,202.3608768971332,3.0,75.0,0,395.3333333333333,0.17648809523809525,12.388394202324129,13.00008784452778,12.813128824635195,367004.29304375395
True,True,2025-12-01,6750000.0,34.071869,-118.327782,6248.0,C18 - Hancock Park-Wilshire,True,2.0,0.4274,1937.0,6.0,Los Angeles,5.0,True,2.0,Two,18619.0,False,1.0,Lake,90004,0.0,18619.0,1080.3457106274009,0.8333333333333334,88.0,0,1249.6,0.33557119071915786,15.725053062848712,14.65917278350986,15.435641659467207,5053752.827725978
True,False,2025-12-09,3325000.0,33.68081,-117.706682,3910.0,GP - Great Park,True,4.0,0.1177,2019.0,5.0,Irvine,4.0,True,2.0,Two,5128.0,False,2.0,Irvine Unified,92618,389.0,5128.0,850.383631713555,0.8,6.0,0,977.5,0.7624804992199687,15.016980232072092,14.648419680899378,15.073277360055993,3517557.3078769157
True,False,2025-12-24,2950000.0,33.469756,-117.671071,3502.0,JS - San Juan South,True,2.0,0.0735,2021.0,5.0,San Juan Capistrano,5.0,False,1.0,ThreeOrMore,3200.0,False,2.0,Capistrano Unified,92675,379.0,3200.0,842.3757852655625,1.0,4.0,0,700.4,1.094375,14.897315728316002,14.32231001513485,14.758771856442209,2568343.910712249
False,False,2025-12-08,575000.0,32.74843842,-117.00479778,1567.0,91977 - Spring Valley,True,4.0,0.0454,1991.0,3.0,Spring Valley,3.0,False,2.0,Two,1976.0,False,2.0,Escondido Union,91977,190.0,1976.0,366.9432035737077,1.0,34.0,0,522.3333333333334,0.7930161943319838,13.262125319779487,13.592367006650065,13.475085906200821,711468.1324072498
False,False,2025-12-15,828000.0,34.235793,-119.052902,1288.0,VC42 - Camarillo Heights,True,2.0,0.18,1961.0,2.0,Camarillo,3.0,True,1.0,One,7840.0,False,2.0,Livermore Valley,93010,93.0,7840.0,642.8571428571429,1.5,64.0,0,429.3333333333333,0.16428571428571428,13.626768433367397,13.790192749979985,13.701369106222456,892131.7533663913
False,False,2025-12-16,1745000.0,34.165611,-118.628848,4146.0,WHLL - Woodland Hills,True,0.0,0.1411,2007.0,6.0,Woodland Hills,5.0,True,2.0,Two,6145.0,False,2.0,Oakland,91367,0.0,6145.0,420.8876025084419,0.8333333333333334,18.0,0,829.2,0.6746948738812042,14.372265113618665,14.130321297804308,14.529134689502904,2041376.0842232562
True,False,2025-12-03,1575000.0,37.8151004,-122.2194172,2910.0,SRCAR - Southwest Riverside County,True,2.0,0.3539,1960.0,3.0,Piedmont,5.0,True,2.0,ThreeOrMore,15414.0,False,2.0,Yucaipa/Calimesa Unified,94611,0.0,15414.0,541.2371134020618,1.6666666666666667,65.0,0,582.0,0.18878941222265472,14.269765830241871,14.128493142202753,14.322537689677663,1660347.8551542542
False,False,2025-12-17,1693624.0,33.520039000000004,-117.574854,3129.0,ESEN - Esencia,True,4.0,0.0942,2025.0,5.0,Rancho Mission Viejo,4.0,False,2.0,Two,4105.0,True,2.0,Capistrano Unified,92694,246.0,4105.0,541.2668584212208,0.8,0.0,0,782.25,0.7622411693057247,14.342381169699078,14.232573444874031,14.635212444838203,2269823.0726093603
True,False,2025-12-04,1250000.0,34.118575,-118.056732,1307.0,605 - Arcadia,True,2.0,0.2066,1962.0,2.0,Arcadia,3.0,True,1.0,One,8998.0,False,0.0,Temple City Unified,91007,0.0,8998.0,956.388676358072,1.5,63.0,0,435.6666666666667,0.14525450100022227,14.038654109278484,14.550138498881392,14.284027063053212,1597622.3697030349
True,False,2025-12-09,650000.0,34.512405,-117.995762,1186.0,LRK - Littlerock,True,0.0,15.3287,2003.0,3.0,Littlerock,5.0,True,1.0,One,667716.0,False,0.0,Los Angeles Unified,93543,0.0,667716.0,548.0607082630692,1.6666666666666667,22.0,0,237.2,0.0017762042545034116,13.38472764187182,13.17777615494877,13.25532138408607,571101.0162351566
False,False,2025-12-03,920000.0,33.973634000000004,-118.0934,2033.0,649 - Pico Rivera,True,1.0,0.1188,1950.0,3.0,Pico Rivera,5.0,False,1.0,One,5176.0,False,1.0,El Rancho Unified,90660,0.0,5176.0,452.5332021642892,1.6666666666666667,75.0,0,406.6,0.392774343122102,13.732128949025222,13.527828485512494,13.672936187260083,867123.0633413249
True,False,2025-12-04,301000.0,32.677678,-115.489434,2194.0,CALX - Calexico,True,0.0,0.1369,1956.0,2.0,Calexico,4.0,True,1.0,One,5965.0,False,0.0,Call Listing Office,92231,0.0,5965.0,137.19234275296262,2.0,69.0,0,548.5,0.3678122380553227,12.614865543731012,13.005829561148378,13.02133261106119,451952.61129990633
True,False,2025-12-11,305000.0,34.235325,-117.202442,552.0,287 - Arrowhead Area,True,3.0,0.0775,1937.0,1.0,Lake Arrowhead,1.0,True,2.0,Two,3375.0,False,0.0,Rim of the World,92326,0.0,3375.0,552.536231884058,1.0,88.0,0,552.0,0.16355555555555557,12.628067055589549,12.994530005894443,12.549039736325778,281824.4776133408
True,True,2025-12-12,1300000.0,33.917362,-117.380989,3425.0,252 - Riverside,True,3.0,0.5,1987.0,4.0,Riverside,4.0,True,2.0,Two,21780.0,False,3.0,Riverside Unified,92506,0.0,21780.0,379.5620437956204,1.0,38.0,0,856.25,0.15725436179981633,14.077874822431765,13.493926933836812,14.002717287644948,1205876.5497578944
True,False,2025-12-05,1650000.0,34.039095,-118.349966,2208.0,C16 - Mid Los Angeles,False,4.0,0.179,1924.0,3.0,Los Angeles,3.0,False,1.0,One,7797.0,False,0.0,Los Angeles Unified,90016,0.0,7797.0,747.2826086956521,1.0,101.0,0,736.0,0.2831858407079646,14.316285845876763,13.849900315661687,14.087471325346927,1312535.5060977037
True,False,2025-12-29,550000.0,33.951518,-117.288232,2321.0,259 - Moreno Valley,True,3.0,0.18,1990.0,3.0,Moreno Valley,5.0,True,2.0,Two,7841.0,False,3.0,Moreno Valley Unified,92557,0.0,7841.0,236.96682464454972,1.6666666666666667,35.0,0,464.2,0.2960081622242061,13.217673557208654,13.262125319779487,13.347395561095269,626181.5106038488
True,False,2025-12-08,1085000.0,32.78706,-117.061739,1941.0,92120 - Del Cerro,True,4.0,0.05,1981.0,3.0,San Diego,3.0,True,1.0,MultiSplit,0.05,False,2.0,San Diego Unified,92120,400.0,2178.0,558.9902112313241,1.0,44.0,0,647.0,0.8911845730027548,13.897090544956697,13.996998434009651,13.897647416666267,1085604.3740686756
False,False,2025-12-10,460000.0,34.495670000000004,-117.388157,1950.0,VIC - Victorville,True,2.0,0.141,2022.0,3.0,Victorville,4.0,False,1.0,One,6140.0,False,2.0,Victor Valley Union High,92392,0.0,6140.0,235.89743589743588,1.3333333333333333,3.0,0,487.5,0.31758957654723124,13.038981768465277,13.01477816672439,13.118961618666287,498302.01034397614
True,False,2025-12-26,559500.0,34.434023,-117.184072,2908.0,APPV - Apple Valley,True,5.0,2.16,1990.0,3.0,Apple Valley,4.0,True,1.0,One,94089.0,False,3.0,Apple Valley Unified,92308,0.0,94089.0,192.4002751031637,1.3333333333333333,35.0,0,727.0,0.030906907289906364,13.234798806734117,12.936033799212835,13.273321566610115,581474.0166422025
False,False,2025-12-05,1700000.0,37.56241034,-121.98793227,2240.0,699 - Not Defined,True,2.0,0.1266,1994.0,3.0,Fremont,4.0,True,1.0,One,5513.0,False,2.0,Fremont Unified,94536,0.0,5513.0,758.9285714285714,1.3333333333333333,31.0,0,560.0,0.40631235262107745,14.346138809026444,14.316285845876763,14.323415218193633,1661805.497211278
True,False,2025-12-19,1200000.0,33.40945,-117.276351,2475.0,92028 - Fallbrook,True,2.0,3.75,1994.0,3.0,Fallbrook,3.0,True,1.0,One,163350.0,False,2.0,Fallbrook Union,92028,0.0,163350.0,484.8484848484849,1.0,31.0,0,825.0,0.015151515151515152,13.997832114758229,13.681979165339751,13.898942086010361,1087010.7829924084
True,False,2025-12-05,1295000.0,33.172595,-117.081867,2698.0,92026 - Escondido,True,1.0,2.15,1971.0,2.0,Escondido,4.0,True,2.0,Two,93654.0,False,1.0,Escondido Union,92026,0.0,93654.0,479.98517420311344,2.0,54.0,0,674.5,0.028808166228885046,14.074021253115776,13.709594177880103,13.943090367945274,1136075.534789912
True,False,2025-12-01,1200000.0,33.121058000000005,-117.017073,3462.0,92027 - Escondido,False,50.0,2.17,1972.0,3.0,Escondido,2.0,True,2.0,Two,2.17,False,0.0,Escondido Union,92027,0.0,94525.2,346.6204506065858,0.6666666666666666,53.0,0,1731.0,0.036625153927206715,13.997832114758229,13.658839648348096,14.103626084136781,1333911.3969004864
True,False,2025-12-16,790000.0,34.422999,-118.459016,1969.0,CAN1 - Canyon Country 1,True,4.0,3.9731,2000.0,3.0,Canyon Country,4.0,True,2.0,Two,173070.0,False,2.0,William S. Hart Union,91351,217.0,173070.0,401.2188928390046,1.3333333333333333,25.0,0,492.25,0.011376899520425261,13.579788224443204,13.527828485512494,13.671643494991796,866002.8642540328
True,False,2025-12-02,775000.0,34.053125,-117.149241,1762.0,268 - Redlands,True,3.0,0.2296,1981.0,2.0,Redlands,3.0,True,1.0,One,10000.0,False,3.0,Redlands Unified,92374,0.0,10000.0,439.8410896708286,1.5,44.0,0,587.3333333333334,0.1762,13.560618308335483,13.299666780812677,13.250563083267298,568390.0008305161
True,False,2025-12-23,6450000.0,36.56988796,-121.82428274,5803.0,699 - Not Defined,True,3.0,1.73,2025.0,7.0,Monterey,4.0,True,1.0,Two,75359.0,False,3.0,Other,93940,495.0,75359.0,1111.4940547992417,0.5714285714285714,0.0,0,1450.75,0.07700473732400907,15.679590688771956,14.119680947920857,15.435087214322149,5050951.575648391
True,False,2025-12-10,5300000.0,33.547328,-117.788021,3290.0,NL - North Laguna,True,2.0,0.1406,2024.0,5.0,Laguna Beach,4.0,True,2.0,Two,6125.0,False,2.0,Laguna Beach Unified,92651,0.0,6125.0,1610.9422492401216,0.8,1.0,0,822.5,0.5371428571428571,15.483217378522351,14.914122846632385,15.366920857001041,4718119.4520780975
True,True,2025-12-15,1200000.0,34.659197,-118.165001,3773.0,LAC - Lancaster,False,2.0,1.0642,1979.0,3.0,Lancaster,6.0,True,1.0,"Two,One",46356.0,False,2.0,Antelope Valley Union,93534,0.0,46356.0,318.0492976411344,2.0,46.0,0,628.8333333333334,0.08139183708689274,13.997832114758229,12.971540487669746,13.46736720065542,705997.6590349904
True,False,2025-12-19,315000.0,38.999747,-122.760301,2688.0,LCBUK - Buckingham,True,2.0,0.31,1975.0,2.0,Kelseyville,3.0,False,2.0,Two,13504.0,False,2.0,Kelseyville Unified,95451,211.0,13504.0,117.1875,1.5,50.0,0,896.0,0.1990521327014218,12.66032791780777,12.845288003152147,13.018676994183675,450753.99056065315
True,False,2025-12-16,500000.0,33.693853999999995,-117.166655,1690.0,699 - Not Defined,True,2.0,0.12,2002.0,2.0,Menifee,2.0,True,1.0,One,5227.0,False,2.0,Perris Union High,92584,330.0,5227.0,295.85798816568047,1.0,23.0,0,845.0,0.3233212167591353,13.122363377404328,13.353475098367715,13.1057424269274,491758.2077084651
True,False,2025-12-26,400000.0,33.734303999999995,-116.718097,1440.0,222 - Idyllwild,True,2.0,0.2,1977.0,2.0,Idyllwild,2.0,True,1.0,One,8712.0,False,2.0,Hemet Unified,92549,0.0,8712.0,277.77777777777777,1.0,48.0,0,720.0,0.1652892561983471,12.89921982609012,13.132313708257497,12.951043835676861,421276.1499172294
True,False,2025-12-15,780000.0,34.239519,-117.181236,3532.0,287 - Arrowhead Area,True,7.0,0.5836,1985.0,5.0,Lake Arrowhead,4.0,True,2.0,ThreeOrMore,25420.0,False,2.0,Rim of the World,92385,0.0,25420.0,220.83805209513025,0.8,40.0,0,883.0,0.13894571203776554,13.567049198665774,13.049792684569493,13.53711943955169,757000.6866993142
True,False,2025-12-10,1765000.0,34.147707000000004,-117.851618,2632.0,629 - Glendora,True,2.0,0.3339,1961.0,3.0,Glendora,4.0,True,1.0,One,14546.0,False,2.0,Glendora Unified,91741,0.0,14546.0,670.5927051671732,1.3333333333333333,64.0,0,658.0,0.1809432146294514,14.383661248349535,13.868095806767045,14.13034403659369,1370031.1524956385
True,False,2025-12-19,1550000.0,34.194081,-118.318652,2213.0,610 - Burbank,True,2.0,0.1619,2005.0,4.0,Burbank,3.0,False,1.0,One,7053.0,False,0.0,Chaffey Joint Union High,91504,0.0,7053.0,700.4066877541799,0.75,20.0,0,737.6666666666666,0.3137671912661279,14.253765488895429,14.151982794585487,14.303411967797715,1628894.2491005443
False,False,2025-12-12,875000.0,37.59625792,-121.89035889,1257.0,167 - PV Dr East,False,0.0,0.1722,1955.0,2.0,Sunol,4.0,False,1.0,One,7500.0,False,0.0,Whittier Union High,94586,483.0,7500.0,696.101829753381,2.0,70.0,0,314.25,0.1676,13.681979165339751,14.038654109278484,13.877005911341232,1063425.5551796313
True,True,2025-12-31,4752000.0,33.764365000000005,-118.404591,5434.0,160 - Lunada Bay/Margate,True,6.0,0.3852,1987.0,6.0,Palos Verdes Estates,7.0,True,2.0,Two,16778.0,False,2.0,Palos Verdes Peninsula Unified,90274,0.0,16778.0,874.493927125506,1.1666666666666667,38.0,0,776.2857142857143,0.32387650494695436,15.374076140024618,14.735791327008538,15.232476371955034,4124586.6718012635
False,False,2025-12-22,1318000.0,34.212061,-118.644373,3285.0,WEH - West Hills,True,3.0,0.2205,1984.0,3.0,West Hills,5.0,True,2.0,Two,9603.0,False,3.0,Pasadena Unified,91304,324.0,9603.0,401.2176560121766,1.6666666666666667,41.0,0,657.0,0.34208059981255856,14.09162599404459,13.846039762999096,14.086185572835275,1310848.9947245622
True,False,2025-12-01,2750000.0,36.95912161,-121.88854501,1896.0,699 - Not Defined,False,0.0,0.276,1965.0,3.0,Aptos,5.0,False,2.0,One,12022.0,False,0.0,Other,95003,0.0,12022.0,1450.42194092827,1.6666666666666667,60.0,0,379.2,0.15771086341706872,14.827111469642754,14.188463383490559,14.164086703389723,1417048.4405718136
False,False,2025-12-12,940000.0,32.80087928,-117.12314352,1680.0,92123 - San Diego,True,5.0,4.84,1959.0,2.0,San Diego,3.0,True,1.0,One,6125.0,False,2.0,Other,92123,0.0,6000.0,559.5238095238095,1.5,66.0,0,560.0,0.28,13.753635154246187,13.856882046372755,13.81229682366385,996791.4242161392
False,False,2025-12-11,870000.0,34.223554,-119.19312,1821.0,VC31 - Oxnard - Northwest,True,0.0,0.14,1961.0,3.0,Oxnard,4.0,True,1.0,One,6098.0,False,0.0,Los Angeles Unified,93036,0.0,6098.0,477.7594728171334,1.3333333333333333,64.0,0,455.25,0.298622499180059,13.676248490630767,13.641157170819497,13.715871273046858,905163.8654136381
False,False,2025-12-01,580000.0,33.902449,-118.196351,749.0,"RO - Compton S of Rosecrans, E of Alameda",False,2.0,0.1505,1940.0,1.0,Compton,2.0,False,1.0,One,6555.0,False,2.0,Compton Unified,90221,0.0,6555.0,774.3658210947931,2.0,85.0,0,374.5,0.11426392067124333,13.270783382522602,13.353475098367715,13.111089958473036,494394.94396881654
True,False,2025-12-04,415000.0,37.520831,-120.854682,1368.0,BKSF - Bakersfield,True,2.0,0.0735,1985.0,3.0,Turlock,3.0,True,2.0,Two,3200.0,False,2.0,Merced Union,95382,0.0,3200.0,303.3625730994152,1.0,40.0,0,456.0,0.4275,12.936033799212835,13.254816968582134,13.145221528813769,511560.7004624568
False,False,2025-12-12,2050000.0,33.485031,-117.589104,3444.0,TL - Talega,True,2.0,0.1215,2010.0,4.0,San Clemente,4.0,True,2.0,Two,5292.0,False,2.0,Capistrano Unified,92673,267.0,5292.0,595.2380952380952,1.0,15.0,0,861.0,0.6507936507936508,14.53335035111459,14.446782334806132,14.743628030260282,2529742.3820950417
True,False,2025-12-01,670000.0,33.679382000000004,-117.283573,3711.0,SRCAR - Southwest Riverside County,True,9.0,0.41,2005.0,5.0,Lake Elsinore,5.0,True,2.0,Two,17859.0,False,3.0,Lake Elsinore Unified,92532,197.0,17859.0,180.54432767448128,1.0,20.0,0,742.2,0.2077943893835041,13.415032991367148,13.353475098367715,13.870008485151136,1056010.2874994578
False,True,2025-12-11,1425000.0,36.98040504,-121.77137897,1539.0,699 - Not Defined,False,2.0,4.935,1943.0,2.0,Watsonville,2.0,True,1.0,Two,214969.0,False,2.0,Other,95076,0.0,214969.0,925.925925925926,1.0,82.0,0,769.5,0.007159171787560066,14.169682371684887,13.723849529400505,13.892612493059806,1080152.1761962576
True,True,2025-12-03,1900000.0,33.926825,-117.374723,5349.0,252 - Riverside,True,4.0,0.65,2006.0,6.0,Riverside,4.0,True,1.0,One,0.65,False,4.0,Riverside Unified,92506,0.0,28314.0,355.206580669284,0.6666666666666666,19.0,0,1337.25,0.188917143462598,14.457364444136669,13.493926933836812,14.606032381660567,2204546.5107680624
False,False,2025-12-04,900000.0,33.864715000000004,-118.107627,1515.0,"22 - Lakewood Estates, Lakewood Manor",True,2.0,0.1175,1971.0,2.0,Cerritos,4.0,False,1.0,One,5118.0,False,2.0,Alvord Unified,90703,0.0,5118.0,594.059405940594,2.0,54.0,0,378.75,0.29601406799531066,13.710150042306449,14.01436141670944,13.907579942404817,1096440.8953797496
True,False,2025-12-09,830000.0,34.122662,-117.603268,1827.0,688 - Rancho Cucamonga,True,4.0,0.5647,1955.0,2.0,Rancho Cucamonga,3.0,True,1.0,One,24600.0,False,4.0,Alta Loma,91701,0.0,24600.0,454.2966611932129,1.5,70.0,0,609.0,0.07426829268292683,13.62918097977278,13.654166717138976,13.773433653146785,958796.0417024876
False,False,2025-12-17,4900000.0,33.683271999999995,-117.70762,5291.0,GP - Great Park,True,2.0,0.1776,2018.0,6.0,Irvine,5.0,True,2.0,Two,7735.0,False,2.0,Irvine Unified,92618,389.0,7735.0,926.100926100926,0.8333333333333334,7.0,0,1058.2,0.6840336134453782,15.404745763080856,14.648419680899378,15.419185276388793,4971266.9066770915
True,False,2025-12-02,700000.0,33.982054,-117.446836,2076.0,251 - Jurupa Valley,True,4.0,0.32,1984.0,3.0,Jurupa Valley,4.0,True,2.0,Two,13939.0,False,2.0,Jurupa Unified,92509,0.0,13939.0,337.1868978805395,1.3333333333333333,41.0,0,519.0,0.148934643805151,13.458835614025542,13.422467969854667,13.481190735076927,715824.8084565589
True,False,2025-12-18,455000.0,34.428715000000004,-117.275067,1760.0,HSP - Hesperia,False,2.0,1.4417,1986.0,3.0,Hesperia,4.0,False,1.0,One,62800.0,False,2.0,Hesperia Unified,92345,0.0,62800.0,258.52272727272725,1.3333333333333333,39.0,0,440.0,0.02802547770700637,13.028052697933088,13.064514272196533,13.070089426278777,474534.41637562076
True,False,2025-12-05,959888.0,33.532218,-117.336428,3062.0,SRCAR - Southwest Riverside County,True,2.0,10.0,1990.0,3.0,Murrieta,4.0,True,2.0,Two,435600.0,False,2.0,Murrieta,92562,0.0,435600.0,313.48399738732854,1.3333333333333333,35.0,0,765.5,0.007029384756657484,13.774571889971268,13.487006490992238,13.974323621618774,1172118.8145917885
True,False,2025-12-12,1285000.0,33.15013477,-117.20427722,2266.0,92078 - San Marcos,True,10.0,0.73,1980.0,5.0,San Marcos,6.0,False,2.0,Two,0.73,False,2.0,Riverside Unified,92078,0.0,31798.8,567.0785525154457,1.2,45.0,0,377.6666666666667,0.07126055071260551,14.066269276311457,14.075178214680975,14.26733219616708,1571171.6865786572
True,False,2025-12-10,1440000.0,34.111585,-118.100142,1899.0,654 - San Gabriel,False,6.0,0.1736,1941.0,2.0,San Gabriel,3.0,True,1.0,One,7563.0,False,2.0,Lucia Mar Unified,91775,85.0,7563.0,758.2938388625593,1.5,84.0,0,633.0,0.25109083696945655,14.180153671552183,14.157248338395881,14.150312732156454,1397663.863888906
False,False,2025-12-19,1219500.0,34.231013,-118.843094,2603.0,TOE - Thousand Oaks East,True,3.0,0.16,1985.0,3.0,Thousand Oaks,4.0,True,2.0,Two,6969.0,False,3.0,Conejo Valley Unified,91362,80.0,6969.0,468.4978870533999,1.3333333333333333,40.0,0,650.75,0.3735112641698953,14.013951496638112,14.119312012295937,14.193741646096104,1459700.223301178
True,False,2025-12-22,675000.0,33.822342,-116.446381,2929.0,699 - Not Defined,True,2.0,0.1768,2025.0,4.0,Cathedral City,5.0,False,1.0,One,7703.0,True,2.0,Palm Springs Unified,92234,261.0,7703.0,230.4540798907477,1.25,0.0,0,585.8,0.3802414643645333,13.422467969854667,13.224919965729422,13.448676007905593,692924.2798424085
True,True,2025-12-19,1585000.0,33.890432000000004,-117.77071200000002,2752.0,85 - Yorba Linda,True,9.0,0.2525,1981.0,4.0,Yorba Linda,6.0,True,2.0,Two,11000.0,False,3.0,Placentia-Yorba Linda Unified,92886,0.0,11000.0,575.9447674418604,1.5,44.0,0,458.6666666666667,0.25018181818181817,14.276094965293519,14.20888790014483,14.40055937511177,1795078.6141184694
True,True,2025-12-05,1050000.0,33.809894,-116.528553,1864.0,334 - South End Palm Springs,True,4.0,0.26,1949.0,2.0,Palm Springs,3.0,True,1.0,One,11326.0,False,2.0,Snowline Joint Unified,92264,0.0,11326.0,563.304721030043,1.5,76.0,0,621.3333333333334,0.1645770792865972,13.864300722133706,14.077874822431765,14.126336777270168,1364552.0677749347
False,False,2025-12-15,1103420.0,33.174807,-117.08506,2838.0,92026 - Escondido,True,2.0,0.1551,2025.0,3.0,Escondido,5.0,False,2.0,Two,6758.0,True,2.0,Escondido Union,92026,235.0,6758.0,388.80197322057785,1.6666666666666667,0.0,0,567.6,0.4199467298017165,13.913925005449201,13.709594177880103,13.92675831117193,1117671.7793234552
True,False,2025-12-30,819990.0,33.740364,-117.460526,2617.0,248 - Corona,True,4.0,0.183,2025.0,4.0,Corona,4.0,False,2.0,Two,7971.0,False,2.0,Corona-Norco Unified,92883,195.0,7971.0,313.3320596102407,1.0,0.0,0,654.25,0.328315142391168,13.617047424044124,13.547957803444275,13.759451666989214,945483.4538083287
True,False,2025-12-17,605000.0,34.108433000000005,-117.92006299999998,971.0,607 - Azusa,True,0.0,0.1985,1948.0,2.0,Azusa,3.0,False,1.0,One,8645.0,False,0.0,Azusa Unified,91702,0.0,8645.0,623.0690010298662,1.5,77.0,0,323.6666666666667,0.11231925968768074,13.312983737012978,13.534473028231162,13.446809249130284,691631.9639586835
True,False,2025-12-03,1670000.0,37.81358777,-121.96001559,2484.0,73 - Villa Park,True,4.0,0.1928,1989.0,3.0,Danville,4.0,True,2.0,Two,8400.0,False,2.0,San Ramon Valley,94526,195.0,8400.0,672.3027375201289,1.3333333333333333,36.0,0,621.0,0.2957142857142857,14.328334184392938,14.430696197054507,14.388821599919687,1774131.5612907824
True,False,2025-12-22,595000.0,33.887933000000004,-117.222867,2189.0,259 - Moreno Valley,True,2.0,0.0517,2025.0,3.0,Moreno Valley,4.0,False,2.0,Two,2250.0,True,2.0,Moreno Valley Unified,92551,178.0,2250.0,271.81361352215623,1.3333333333333333,0.0,0,547.25,0.9728888888888889,13.296316684527767,13.180632285528304,13.226327551344792,554780.3515078517
False,True,2025-12-19,1730000.0,37.47731813,-122.19181071,2720.0,699 - Not Defined,False,2.0,0.1547,1950.0,4.0,Menlo Park,3.0,True,1.0,One,6738.0,False,2.0,Other,94025,0.0,6738.0,636.0294117647059,0.75,75.0,0,906.6666666666666,0.40368061739388544,14.363631966473962,14.871563232213587,15.09566387816966,3597191.2053861227
True,False,2025-12-16,310000.0,34.235828999999995,-117.288325,952.0,286 - Crestline Area,True,0.0,0.0927,1971.0,1.0,Crestline,2.0,True,2.0,Two,4040.0,False,0.0,Other,92325,0.0,4040.0,325.6302521008403,2.0,54.0,0,476.0,0.23564356435643563,12.644327576461329,12.793859310432293,12.536811987092333,278399.3818552272
True,False,2025-12-22,1301000.0,32.950169,-117.139293,1988.0,92129 - Rancho Penasquitos,True,2.0,0.0987,1987.0,3.0,San Diego,4.0,True,2.0,Two,4299.0,False,2.0,Poway Unified,92129,44.0,4299.0,654.4265593561369,1.3333333333333333,38.0,0,497.0,0.46243312398232145,14.078643757494643,14.162640089059476,14.041332133022332,1253352.0160657812
True,False,2025-12-18,364000.0,33.73396,-117.207082,961.0,SRCAR - Southwest Riverside County,True,4.0,0.12,1987.0,1.0,Menifee,2.0,True,1.0,One,5227.0,False,2.0,Other,92585,225.0,5227.0,378.7721123829344,2.0,38.0,0,480.5,0.18385307059498757,12.804909146618877,13.304684934198283,12.994829464493476,440131.78151414305
False,False,2025-12-10,440000.0,34.583728,-118.090815,1924.0,PLM - Palmdale,True,2.0,0.1694,1957.0,2.0,Palmdale,4.0,True,1.0,One,7379.0,False,2.0,Palmdale,93550,0.0,7379.0,228.69022869022868,2.0,68.0,0,481.0,0.2607399376609297,12.994530005894443,13.049792684569493,13.05277725431272,466389.8980226646
False,False,2025-12-23,675000.0,33.596383,-117.22061,2967.0,SRCAR - Southwest Riverside County,True,3.0,0.22,2005.0,3.0,Wildomar,4.0,True,2.0,Two,9583.0,False,3.0,Lake Elsinore Unified,92595,82.0,9583.0,227.5025278058645,1.3333333333333333,20.0,0,741.75,0.30961076907022855,13.422467969854667,13.442996549995796,13.541714100492591,760486.8509250217
True,False,2025-12-29,226000.0,33.740976,-115.396633,1158.0,"319 - Desert Center, Eagle Mountain",True,4.0,0.18,1969.0,2.0,Desert Center,3.0,False,1.0,One,7841.0,False,2.0,Desert Center Unified,92239,0.0,7841.0,195.16407599309156,1.5,56.0,0,386.0,0.1476852442290524,12.328290278254423,13.698976741708323,13.567570515479542,780406.733123935
True,False,2025-12-24,2450000.0,34.114596,-118.370055,3225.0,C03 - Sunset Strip - Hollywood Hills West,True,2.0,0.7937,2005.0,4.0,Los Angeles,4.0,True,2.0,Two,34575.0,False,2.0,Los Angeles Unified,90046,0.0,34575.0,759.6899224806201,1.0,20.0,0,806.25,0.09327548806941431,14.71159858252091,14.637490610367188,14.832800831279018,2765690.3361749356
False,False,2025-12-12,525000.0,33.909371,-117.210275,1481.0,259 - Moreno Valley,True,2.0,0.17,1986.0,2.0,Moreno Valley,4.0,False,1.0,One,7405.0,False,2.0,Moreno Valley Unified,92553,0.0,7405.0,354.49020931802835,2.0,39.0,0,370.25,0.2,13.17115354157376,13.159174447339636,13.098605688209961,488261.1514990799
False,False,2025-12-01,1280000.0,33.583375,-117.626482,1970.0,LF - Las Flores,True,4.0,0.0905,1999.0,3.0,Rancho Santa Margarita,4.0,True,2.0,Two,3941.0,False,2.0,Capistrano Unified,92688,135.0,3941.0,649.746192893401,1.3333333333333333,26.0,0,492.5,0.4998731286475514,14.0623706358958,14.041051233878205,13.990382581381603,1191093.7747471384
False,False,2025-12-01,1780000.0,33.20441825,-117.19418203,3287.0,92084 - Vista,True,6.0,0.54,1998.0,4.0,Vista,4.0,False,1.0,One,23522.0,False,3.0,Victor Valley Unified,92084,0.0,23522.0,541.5272284758138,1.0,27.0,0,821.75,0.13974151857835218,14.392123922268269,13.773646353865574,14.215750459341661,1492182.631373736
True,False,2025-12-17,742500.0,34.70885,-120.453673,1684.0,699 - Not Defined,True,2.0,0.2,1969.0,2.0,Lompoc,3.0,True,1.0,One,8712.0,False,2.0,Lompoc Unified,93436,0.0,8712.0,440.9144893111639,1.5,56.0,0,561.3333333333334,0.19329660238751148,13.517778149658993,13.315443355929407,13.285857663471425,588809.3131671906
True,False,2025-12-17,4200000.0,32.68592836,-117.18585666,2384.0,92118 - Coronado,True,1.0,0.1006,1930.0,4.0,Coronado,4.0,False,2.0,Two,4384.0,False,1.0,Jamul-Dulzara Union,92118,0.0,4384.0,1761.744966442953,1.0,95.0,0,596.0,0.5437956204379562,15.250595083253597,14.925872877186109,14.988336846280136,3231111.79929508
False,False,2025-12-11,412500.0,38.461161,-121.37771200000002,1872.0,289 - Big Bear Area,True,2.0,0.1326,1989.0,3.0,Sacramento,4.0,False,2.0,Two,5775.0,False,2.0,ABC Unified,95828,0.0,5775.0,220.3525641025641,1.3333333333333333,36.0,0,468.0,0.32415584415584414,12.929991484756872,13.060487973686241,13.083827857252798,481098.7633654325
True,False,2025-12-30,1199000.0,33.550348,-117.603771,2006.0,ESEN - Esencia,True,2.0,0.0986,2018.0,3.0,Rancho Mission Viejo,2.0,False,2.0,Two,4295.0,False,2.0,Capistrano Unified,92694,438.0,4295.0,597.7068793619143,0.6666666666666666,7.0,0,1003.0,0.4670547147846333,13.996998434009651,14.232573444874031,14.209250213475197,1482514.5339396417
False,False,2025-12-16,3050000.0,37.55634799,-122.32071499,2380.0,699 - Not Defined,True,2.0,0.1389,1935.0,3.0,San Mateo,3.0,True,2.0,One,6050.0,False,1.0,Other,94402,0.0,6050.0,1281.5126050420167,1.0,90.0,0,793.3333333333334,0.3933884297520661,14.930652148583594,14.777515526790612,14.79575079214188,2665096.4122757814
True,False,2025-12-08,1175000.0,33.724758,-118.055918,2260.0,17 - Northwest Huntington Beach,True,3.0,0.0551,1973.0,3.0,Huntington Beach,3.0,True,2.0,Two,2400.0,False,1.0,Huntington Beach Union High,92649,840.0,2400.0,519.9115044247787,1.0,52.0,0,753.3333333333334,0.9416666666666667,13.976778705560397,14.330128979968961,14.247341792829952,1540075.1822329396
False,False,2025-12-08,4450000.0,33.609953000000004,-117.91284,2422.0,N8 - West Newport - Lido,True,2.0,0.0707,1952.0,3.0,Newport Beach,3.0,True,2.0,Two,3080.0,False,2.0,Newport Mesa Unified,92663,1300.0,3080.0,1837.3245251857968,1.0,73.0,0,807.3333333333334,0.7863636363636364,15.308414654142423,15.327852605716153,15.243018943356148,4168300.444189308
False,True,2025-12-19,745000.0,34.178326,-117.283367,2960.0,274 - San Bernardino,True,2.0,0.2107,1981.0,5.0,San Bernardino,5.0,True,2.0,Two,9180.0,False,2.0,San Bernardino City Unified,92404,0.0,9180.0,251.6891891891892,1.0,44.0,0,592.0,0.3224400871459695,13.521139497361697,13.142166004700508,13.492444018271723,723925.682972903
True,False,2025-12-19,575000.0,33.932749,-117.40698,1436.0,252 - Riverside,True,2.0,0.2,2003.0,2.0,Riverside,3.0,False,1.0,One,8712.0,False,2.0,Riverside Unified,92504,0.0,8712.0,400.41782729805016,1.5,22.0,0,478.6666666666667,0.16483011937557393,13.262125319779487,13.353475098367715,13.254901398151977,570861.2122020771
True,False,2025-12-04,420000.0,34.687382,-118.111474,1281.0,LAC - Lancaster,True,3.0,0.1532,1989.0,2.0,Lancaster,3.0,True,1.0,One,6672.0,False,3.0,Other,93535,0.0,6672.0,327.8688524590164,1.5,36.0,0,427.0,0.19199640287769784,12.948009990259552,12.994530005894443,12.87437332731726,390183.85391507647
True,False,2025-12-01,405000.0,34.733863,-117.35406299999998,2050.0,HNDL - Helendale,True,3.0,0.2639,2007.0,2.0,Helendale,3.0,True,1.0,One,11495.0,False,3.0,Victor Valley Unified,92342,205.0,11495.0,197.5609756097561,1.5,18.0,0,683.3333333333334,0.17833840800347978,12.911642346088676,12.86099861326992,12.957493449347895,424001.9992214447
True,False,2025-12-09,3165000.0,33.879418,-118.403006,1287.0,142 - Manhattan Bch Sand,True,4.0,0.0921,1926.0,2.0,Manhattan Beach,2.0,False,1.0,One,4012.0,False,2.0,Manhattan Unified,90266,0.0,4012.0,2459.207459207459,1.0,99.0,0,643.5,0.3207876370887338,14.967663613560413,15.040754419423045,14.651128666301393,2306239.1134427222
True,True,2025-12-24,945000.0,33.941875,-117.347408,2266.0,252 - Riverside,True,2.0,0.31,1964.0,4.0,Riverside,5.0,True,1.0,One,13504.0,False,2.0,Riverside Unified,92506,0.0,13504.0,417.0344218887908,1.25,61.0,0,453.2,0.1678021327014218,13.758940206475879,13.493926933836812,13.676827635691488,870504.0021339139
True,False,2025-12-04,8550000.0,34.035352,-118.515261,4287.0,C14 - Santa Monica,False,5.0,0.2509,1940.0,5.0,Santa Monica,5.0,True,2.0,MultiSplit,10928.0,False,2.0,Other,90402,0.0,10928.0,1994.4016794961512,1.0,85.0,0,857.4,0.39229502196193267,15.961441840912943,15.464169183551656,15.656431576534823,6302340.1611139625
False,False,2025-12-03,918000.0,34.084062,-118.075231,1476.0,651 - Rosemead/S. San Gabriel,False,5.0,0.125,1930.0,2.0,Rosemead,4.0,False,1.0,One,5446.0,False,1.0,El Monte Union High,91770,0.0,5446.0,621.9512195121952,2.0,95.0,0,369.0,0.27102460521483657,13.729952669602628,13.726664413759128,13.736121530729937,923680.517662909
True,False,2025-12-17,435000.0,34.536777,-117.412301,1892.0,ADL - Adelanto,True,2.0,0.1708,2017.0,2.0,Adelanto,4.0,False,1.0,One,7440.0,False,2.0,Adelanto,92301,0.0,7440.0,229.9154334038055,2.0,8.0,0,473.0,0.2543010752688172,12.983101310070822,12.907924856844918,13.071961010703884,475423.37922350655
False,False,2025-12-23,950000.0,33.806754999999995,-117.932282,1175.0,699 - Not Defined,True,2.0,0.1742,1954.0,2.0,Anaheim,3.0,True,1.0,One,7590.0,False,2.0,Anaheim Union High,92802,0.0,7590.0,808.5106382978723,1.5,71.0,0,391.6666666666667,0.15480895915678525,13.764217263576723,13.815510557964274,13.691402373632185,883284.2781939699
False,False,2025-12-16,660000.0,34.221343,-118.419864,1353.0,SUNV - Sun Valley,False,2.0,0.1625,1956.0,2.0,Sun Valley,3.0,True,1.0,One,7079.0,False,2.0,Los Angeles Unified,91352,0.0,7079.0,487.8048780487805,1.5,69.0,0,451.0,0.19112869049300749,13.399995114002609,13.681979165339751,13.65108770446609,848383.2042161971
False,False,2025-12-22,1750000.0,33.658795,-117.682191,2754.0,LN - Lake Forest North,True,2.0,0.0755,2020.0,4.0,Lake Forest,5.0,False,2.0,Two,3290.0,False,2.0,Saddleback Valley Unified,92630,213.0,3290.0,635.439360929557,1.25,5.0,0,550.8,0.8370820668693009,14.375126345899696,14.077874822431765,14.42332104947419,1836406.166856387
False,False,2025-12-09,1200000.0,37.98523453,-122.10736567,2533.0,263 - Banning/Beaumont/Cherry Valley,True,2.0,0.9596,1963.0,3.0,Martinez,4.0,True,2.0,Two,41800.0,False,2.0,Other,94553,143.0,41800.0,473.746545598105,1.3333333333333333,62.0,0,633.25,0.060598086124401915,13.997832114758229,13.604789526648622,13.878881897603543,1065422.3993526285
True,False,2025-12-02,1250000.0,33.870290999999995,-118.092122,1565.0,"RD - Cerritos South of 91 Frwy, W of Norwalk",True,2.0,0.1309,1969.0,2.0,Cerritos,3.0,True,1.0,One,5700.0,False,2.0,ABC Unified,90703,0.0,5700.0,798.7220447284345,1.5,56.0,0,521.6666666666666,0.27456140350877195,14.038654109278484,14.01436141670944,13.919906218928734,1110039.5673658387
True,False,2025-12-09,445000.0,34.483382,-117.274027,2326.0,VIC - Victorville,True,2.0,0.1653,1999.0,2.0,Victorville,4.0,True,1.0,One,7200.0,False,2.0,Victor Valley Unified,92395,413.0,7200.0,191.31556319862423,2.0,26.0,0,581.5,0.32305555555555554,13.005829561148378,12.947950462906661,13.06215644890231,470784.8379107841
False,True,2025-12-09,2500000.0,33.653265000000005,-117.873865,2623.0,N7 - West Bay - Santa Ana Heights,True,2.0,0.186,1953.0,3.0,Newport Beach,4.0,False,1.0,One,8100.0,False,2.0,Newport Mesa Unified,92660,0.0,8100.0,953.1071292413268,1.3333333333333333,72.0,0,655.75,0.32382716049382715,14.73180128983843,15.133214468519324,15.040381701317196,3403727.461623528
True,True,2025-12-08,7730000.0,33.759004,-117.754977,5580.0,OH - Orchard Hills,True,3.0,0.2573,2019.0,7.0,Irvine,5.0,True,2.0,Two,11210.0,False,3.0,Tustin Unified,92602,345.0,11210.0,1385.304659498208,0.7142857142857143,6.0,0,1116.0,0.4977698483496878,15.860619420563605,14.808762330974558,15.540114683207836,5610299.614027727
False,False,2025-12-24,616750.0,34.252779,-118.424596,1726.0,PAC - Pacoima,True,0.0,0.1716,1947.0,3.0,Pacoima,4.0,False,1.0,One,7476.0,False,0.0,Los Angeles Unified,91331,0.0,7476.0,357.32908458864426,1.3333333333333333,78.0,0,431.5,0.2308721241305511,13.332219034391603,13.541073712262515,13.61613989611992,819246.1737500303
True,True,2025-12-04,1288888.0,34.006212,-117.752479,2512.0,682 - Chino Hills,True,3.0,0.1426,1987.0,3.0,Chino Hills,4.0,True,2.0,Two,6210.0,False,3.0,Chino Valley Unified,91709,0.0,6210.0,513.0923566878981,1.3333333333333333,38.0,0,628.0,0.4045088566827697,14.069290389084964,13.901688254205327,13.977041906561775,1175309.3018791163
True,False,2025-12-24,795000.0,37.92355205,-121.69812278,2834.0,C21 - Silver Lake - Echo Park,True,3.0,0.159,2002.0,3.0,Brentwood,4.0,True,2.0,Two,6924.0,False,3.0,San Bernardino City Unified,94513,0.0,6924.0,280.5222300635145,1.3333333333333333,23.0,0,708.5,0.40930098209127674,13.58609739363647,13.591116224748411,13.657318691353876,853685.9724203198
True,True,2025-12-01,5200000.0,34.178306,-118.80253700000002,6069.0,WV - Westlake Village,True,3.0,1.14,1991.0,6.0,Westlake Village,4.0,True,2.0,Two,1.14,False,3.0,Corona-Norco Unified,91362,983.0,49658.4,856.8133135607184,0.6666666666666666,34.0,0,1517.25,0.12221497269344159,15.464169183551656,14.119312012295937,14.94829215163391,3104279.34571541
False,False,2025-12-26,408000.0,35.146539000000004,-118.625398,3258.0,THP - Tehachapi,True,2.0,3.99,1990.0,3.0,Tehachapi,4.0,True,2.0,Two,3.99,False,2.0,Orange Unified,93561,2148.0,173804.4,125.23020257826887,1.3333333333333333,35.0,0,814.5,0.018745210132769943,12.9190224533863,13.060487973686241,13.414494564601803,669639.3511674233
False,True,2025-12-11,6100000.0,33.02103518,-117.23701722,7540.0,92067 - Rancho Santa Fe,True,18.0,2.12,1987.0,8.0,Rancho Santa Fe,6.0,True,2.0,Two,92347.0,False,3.0,Mount Diablo,92067,7278.0,92347.0,809.0185676392573,0.75,38.0,0,1256.6666666666667,0.08164856465288531,15.623799329143539,15.37889082594447,15.521112984107896,5504700.844237966
True,False,2025-12-24,813000.0,34.193558,-118.584147,1758.0,WIN - Winnetka,True,2.0,0.1702,1956.0,3.0,Winnetka,5.0,True,1.0,One,7416.0,False,2.0,Hemet Unified,91306,0.0,7416.0,462.45733788395904,1.6666666666666667,69.0,0,351.6,0.23705501618122976,13.608486388529947,13.65680576350189,13.757898278390812,944015.8907341823
True,False,2025-12-05,310000.0,39.743819,-121.786768,1534.0,138 - Rancho Dominguez,True,2.0,0.04,1989.0,2.0,Chico,3.0,True,1.0,One,1742.0,False,1.0,Chico Unified,95928,565.0,1742.0,202.0860495436767,1.5,36.0,0,511.3333333333333,0.8805970149253731,12.644327576461329,13.078384738024758,12.968223880557671,428576.2213041988
False,False,2025-12-05,1800000.0,37.31064819,-121.89891735,1825.0,699 - Not Defined,False,2.0,0.1737,1929.0,2.0,San Jose,3.0,True,1.0,One,7566.0,False,2.0,San Jose Unified,95125,0.0,7566.0,986.3013698630136,1.5,96.0,0,608.3333333333334,0.24121067935500926,14.403297222866392,14.462613800022813,14.38567638683161,1768560.305470343
True,False,2025-12-23,3350000.0,34.252968,-118.930068,3860.0,SRA - Santa Rosa Valley,True,4.0,20.35,2009.0,6.0,Santa Rosa,5.0,True,2.0,Two,886446.0,True,4.0,San Marcos Unified,93012,0.0,886446.0,867.8756476683938,0.8333333333333334,16.0,0,772.0,0.00435446716438452,15.02447090380125,13.710150042306449,14.38759124215719,1771950.087024746
True,False,2025-12-04,572000.0,34.680465000000005,-118.238835,2080.0,LAC - Lancaster,True,2.0,0.2214,2023.0,3.0,Lancaster,4.0,False,1.0,One,9646.0,False,2.0,Antelope Valley Union,93536,0.0,9646.0,275.0,1.3333333333333333,2.0,0,520.0,0.215633423180593,13.256894270361935,13.224918336616522,13.340600983666542,621941.2934005748
True,True,2025-12-02,1200000.0,34.152201,-117.579591,2389.0,688 - Rancho Cucamonga,True,3.0,0.57,1979.0,3.0,Rancho Cucamonga,4.0,True,2.0,Two,24829.0,False,3.0,Chaffey Joint Union High,91737,0.0,24829.0,502.30221850146506,1.3333333333333333,46.0,0,597.25,0.09621813202303758,13.997832114758229,13.75893124807979,13.934424795009928,1126273.3216187411
True,False,2025-12-22,390000.0,34.524255,-117.319271,1118.0,VIC - Victorville,True,2.0,0.2191,1964.0,2.0,Victorville,4.0,True,1.0,One,9545.0,False,2.0,Victor Valley Unified,92394,0.0,9545.0,348.8372093023256,2.0,61.0,0,279.5,0.11712938711367207,12.873902018105829,12.948009990259552,12.848256724336206,380125.4939182258
True,False,2025-12-01,1200000.0,36.57888618,-121.85762935,2082.0,699 - Not Defined,True,4.0,0.2196,1962.0,3.0,Monterey,4.0,True,1.0,Two,9565.0,False,2.0,Other,93940,500.0,9565.0,576.3688760806916,1.3333333333333333,63.0,0,520.5,0.21766858337689493,13.997832114758229,14.119680947920857,14.123291122831954,1360402.4360932845
False,False,2025-12-19,1517726.0,36.668013,-121.783441,2968.0,699 - Not Defined,True,2.0,0.1377,2024.0,3.0,Marina,4.0,False,2.0,One,6000.0,False,2.0,Other,93933,150.0,6000.0,511.3632075471698,1.3333333333333333,1.0,0,742.0,0.49466666666666664,14.232723719986746,13.795307850646754,14.033120794140801,1243102.4568167801
False,False,2025-12-10,723000.0,33.34029328,-117.14910914,1985.0,92028 - Fallbrook,True,4.0,0.22,2023.0,3.0,Fallbrook,3.0,False,2.0,Two,11053.0,False,2.0,Fontana Unified,92028,275.0,5263.0,364.23173803526447,1.0,2.0,0,661.6666666666666,0.3771613148394452,13.491164501140902,13.681979165339751,13.71743924925915,906584.2540996617
True,True,2025-12-23,545000.0,34.656347,-118.228564,2389.0,LAC - Lancaster,True,2.0,0.1418,1994.0,3.0,Lancaster,4.0,True,1.0,One,6175.0,False,2.0,Westside Union,93536,0.0,6175.0,228.12892423608204,1.3333333333333333,31.0,0,597.25,0.3868825910931174,13.208541073645382,13.224918336616522,13.313242959528216,605156.8499503596
False,False,2025-12-16,590988.0,33.934621,-116.935748,2625.0,263 - Banning/Beaumont/Cherry Valley,True,2.0,0.1436,2025.0,3.0,Banning,4.0,False,2.0,Two,6257.0,True,2.0,Beaumont,92220,202.0,6257.0,225.1382857142857,1.3333333333333333,0.0,0,656.25,0.4195301262585904,13.289550991613567,12.994530005894443,13.21382131131368,547885.3404671097
True,False,2025-12-03,1950000.0,35.210192,-120.632701,3661.0,SLO - San Luis Obispo,True,3.0,0.2204,1993.0,3.0,San Luis Obispo,4.0,True,2.0,Two,9600.0,False,3.0,San Luis Coastal Unified,93401,250.0,9600.0,532.6413548210871,1.3333333333333333,32.0,0,915.25,0.38135416666666666,14.48333993053993,13.997832114758229,14.414698165065124,1820639.1251358783
False,False,2025-12-01,1057000.0,37.472996,-122.152764,1240.0,699 - Not Defined,False,1.0,0.1331,1944.0,2.0,East Palo Alto,3.0,False,1.0,One,5800.0,False,1.0,Palo Alto Unified,94303,0.0,5800.0,852.4193548387096,1.5,81.0,0,413.3333333333333,0.21379310344827587,13.870945264852375,14.978661367769956,14.620516607093592,2236710.028927275
True,True,2025-12-03,1025000.0,33.782115000000005,-118.30236399999998,1878.0,699 - Not Defined,True,5.0,0.1783,1966.0,3.0,Harbor City,4.0,True,2.0,Two,7765.0,False,2.0,Los Angeles Unified,90710,0.0,7765.0,545.793397231097,1.3333333333333333,59.0,0,469.5,0.24185447520927236,13.840203170554645,13.664687668229691,13.772620510364467,958016.7205141023
True,False,2025-12-19,329000.0,33.699005,-117.201286,1142.0,SRCAR - Southwest Riverside County,True,1.0,0.18,1964.0,2.0,Menifee,2.0,False,1.0,One,7841.0,False,1.0,Perris Union High,92586,435.0,7841.0,288.0910683012259,1.0,61.0,0,571.0,0.14564468817752838,12.70381302974751,12.89921982609012,12.702095506189389,328435.4197281246
False,False,2025-12-05,493278.0,33.935623,-116.498696,1965.0,340 - Desert Hot Springs,True,3.0,0.1653,2025.0,3.0,Desert Hot Springs,4.0,False,1.0,One,7200.0,True,3.0,Palm Springs Unified,92240,179.0,7200.0,251.0320610687023,1.3333333333333333,0.0,0,491.25,0.27291666666666664,13.10882818861938,12.911642346088676,13.121832333032186,499734.5483034818
False,False,2025-12-08,700000.0,33.862261,-118.17602,1490.0,7 - North Long Beach,True,1.0,0.1121,1951.0,2.0,Long Beach,4.0,False,1.0,One,4884.0,False,1.0,Long Beach Unified,90805,0.0,4884.0,469.7986577181208,2.0,74.0,0,372.5,0.3050778050778051,13.458835614025542,13.526494262499357,13.522041753486487,745672.4841438172
True,False,2025-12-31,3025000.0,33.769482,-118.382998,4633.0,172 - La Cresta,True,3.0,0.2365,1995.0,5.0,Rancho Palos Verdes,6.0,True,2.0,Two,10301.0,False,3.0,Palos Verdes Peninsula Unified,90275,570.0,10301.0,652.9246708396288,1.2,30.0,0,772.1666666666666,0.449762159013688,14.92242164944708,14.438232971730155,14.960585691648175,3142677.468904623
True,False,2025-12-23,975000.0,33.105822,-117.046691,1812.0,92025 - Escondido,True,2.0,0.57,1976.0,2.0,Escondido,3.0,True,1.0,One,24829.0,False,2.0,Escondido Union,92025,0.0,24829.0,538.0794701986755,1.5,49.0,0,604.0,0.07297917757461034,13.790192749979985,13.740514638062564,13.753766530784281,940123.5020582676
True,False,2025-12-18,1225000.0,34.159296000000005,-118.612255,2218.0,WHLL - Woodland Hills,True,2.0,0.5139,1976.0,2.0,Woodland Hills,3.0,True,1.0,One,22386.0,False,2.0,Lucia Mar Unified,91364,365.0,22386.0,552.2993688007214,1.5,49.0,0,739.3333333333334,0.09907978200661127,14.018451401960965,14.15910026235435,14.129388734956011,1368722.9844390173
True,False,2025-12-18,260000.0,38.748470000000005,-122.618105,1282.0,LCMID - Middletown,False,2.0,0.41,1947.0,1.0,Middletown,2.0,True,1.0,One,17860.0,False,2.0,Middletown Unified,95461,0.0,17860.0,202.80811232449292,2.0,78.0,0,641.0,0.07178051511758118,12.468436909997665,13.122363377404328,12.902628261373865,401365.7002417834
True,True,2025-12-19,1300000.0,34.079233,-117.834944,2433.0,689 - San Dimas,True,2.0,0.2354,1968.0,3.0,San Dimas,6.0,True,2.0,Two,10256.0,False,2.0,Bonita Unified,91773,0.0,10256.0,534.3197698314838,2.0,57.0,0,405.5,0.2372269890795632,14.077874822431765,13.785051350479566,13.937294527654181,1129510.067011785
True,False,2025-12-12,745000.0,34.402011,-118.927177,2071.0,VC55 - Fillmore,True,4.0,0.142,1994.0,3.0,Fillmore,3.0,True,2.0,Two,6185.0,False,2.0,West Covina,93015,130.0,6185.0,359.7295992274264,1.0,31.0,0,690.3333333333334,0.33484236054971706,13.521139497361697,13.537511886757919,13.533611420435882,754349.7662780117
True,False,2025-12-17,2000000.0,37.10098432,-121.67829317,4470.0,699 - Not Defined,True,3.0,2.2241,1978.0,3.0,Morgan Hill,4.0,True,1.0,One,96880.0,False,3.0,Other,95037,0.0,96880.0,447.42729306487695,1.3333333333333333,47.0,0,1117.5,0.04613955408753097,14.508657738524219,14.187074114396758,14.709962294078254,2445994.3713911287
False,False,2025-12-22,1950000.0,37.48943615,-122.45181323,2100.0,699 - Not Defined,True,2.0,0.1148,2016.0,3.0,Half Moon Bay,4.0,True,1.0,One,5000.0,False,2.0,Other,94019,0.0,5000.0,928.5714285714286,1.3333333333333333,9.0,0,525.0,0.42,14.48333993053993,14.346138809026444,14.383036479098141,1763897.6266716293
True,False,2025-12-09,1240000.0,34.438307,-119.284032,748.0,VC11 - Ojai,True,2.0,0.5,1953.0,1.0,Ojai,2.0,False,1.0,One,0.5,False,0.0,Azusa Unified,93023,0.0,21780.0,1657.7540106951872,2.0,72.0,0,374.0,0.03434343434343434,14.03062193758122,13.983564142960525,13.588565765554307,796964.7795804581
True,False,2025-12-17,7025000.0,33.49022,-117.734629,2713.0,SL - South Laguna,True,4.0,0.1492,1941.0,3.0,Laguna Beach,4.0,True,1.0,One,6500.0,False,2.0,Laguna Beach Unified,92651,2700.0,6500.0,2589.384445263546,1.3333333333333333,84.0,0,678.25,0.4173846153846154,15.764985773184083,14.914122846632385,14.985745580329276,3222749.9678496034
True,False,2025-12-29,239000.0,35.171788,-118.625969,1620.0,THP - Tehachapi,True,0.0,1.14,1974.0,2.0,Tehachapi,3.0,True,2.0,Two,49658.0,False,0.0,Kern Union,93561,2148.0,49658.0,147.53086419753086,1.5,51.0,0,540.0,0.03262314229328608,12.384218830913648,13.060487973686241,12.990281121632782,438134.4569696351
False,False,2025-12-11,2495000.0,39.38630152,-121.70874347,6614.0,SRCAR - Southwest Riverside County,True,28.0,27.6,2015.0,7.0,Gridley,5.0,True,2.0,One,1202256.0,False,4.0,Gridley Unified,95948,0.0,1202256.0,377.2301179316601,0.7142857142857143,10.0,0,1322.8,0.005501324177213505,14.729799287167756,12.805499381970666,14.855673365302458,2829677.669140783
True,False,2025-12-05,320000.0,39.73556,-121.618061,1200.0,289 - Big Bear Area,True,0.0,0.47,1988.0,3.0,Paradise,2.0,True,1.0,"Two,One",20473.0,False,0.0,Paradise Unified,95969,0.0,20473.0,266.6666666666667,0.6666666666666666,37.0,0,600.0,0.05861378400820593,12.676076274775909,12.89921982609012,12.812716158962141,366852.8742149768
True,True,2025-12-10,3645000.0,33.758577,-117.789628,6326.0,NTS - North Tustin,True,12.0,0.6038,1993.0,8.0,North Tustin,5.0,True,1.0,"One,Two",26300.0,False,4.0,Tustin Unified,92705,0.0,26300.0,576.1934871957003,0.625,32.0,0,1265.2,0.24053231939163497,15.108866923424896,14.376839163903371,15.386196691208953,4809947.3265893245
False,True,2025-12-10,2735000.0,36.62043092,-121.91427487,2109.0,699 - Not Defined,True,2.0,0.08,2018.0,2.0,Pacific Grove,3.0,True,2.0,One,3485.0,False,1.0,Other,93950,0.0,3485.0,1296.8231389284022,1.5,7.0,0,703.0,0.6051649928263989,14.821641993838218,14.077867425927353,14.092641423970514,1319339.0163659586
True,False,2025-12-02,3990000.0,34.432753000000005,-119.673184,3027.0,MCTO - Montecito,True,0.0,0.37,1965.0,5.0,Santa Barbara,5.0,True,2.0,Two,16117.0,False,2.0,Merced City,93108,0.0,16117.0,1318.1367690782954,1.0,60.0,0,605.4,0.18781410932555687,15.199301788866046,15.442984832884473,15.618417119972454,6067256.71869357
True,False,2025-12-09,760000.0,34.304254,-118.473622,1844.0,SYL - Sylmar,True,2.0,2.7331,2005.0,3.0,Sylmar,3.0,False,2.0,Two,119053.0,False,2.0,Los Angeles Unified,91342,160.0,119053.0,412.1475054229935,1.0,20.0,0,614.6666666666666,0.015488899901724442,13.541073712262515,13.667586227071855,13.68310454641996,875985.2627392206
False,False,2025-12-05,430000.0,34.381153999999995,-117.278787,2809.0,HSP - Hesperia,True,3.0,0.4163,1990.0,3.0,Hesperia,4.0,True,2.0,Two,18135.0,False,3.0,Hesperia Unified,92345,0.0,18135.0,153.0793876824493,1.3333333333333333,35.0,0,702.25,0.15489385166804523,12.971540487669746,13.064514272196533,13.287522478608794,589790.3882525053
True,False,2025-12-24,1690000.0,33.657965999999995,-117.82117,1810.0,UP - University Park,True,2.0,0.0703,1976.0,3.0,Irvine,3.0,True,2.0,Two,3062.0,False,2.0,Irvine Unified,92612,340.0,3062.0,933.7016574585635,1.0,49.0,0,603.3333333333334,0.5911169170476812,14.340239086899256,14.151982794585487,14.044704946631576,1257586.4758102472
False,False,2025-12-30,1686700.0,33.520039000000004,-117.574854,3129.0,RIEN - Rienda,True,4.0,0.0985,2025.0,5.0,Rancho Mission Viejo,4.0,False,2.0,Two,4292.0,True,2.0,Capistrano Unified,92694,246.0,4292.0,539.0540108660914,0.8,0.0,0,782.25,0.7290307548928239,14.338284515246105,14.232573444874031,14.635212444838203,2269823.0726093603
True,False,2025-12-09,480000.0,33.892974,-117.23586,854.0,259 - Moreno Valley,True,2.0,0.12,1984.0,1.0,Moreno Valley,2.0,True,1.0,One,5227.0,False,2.0,Val Verde,92551,0.0,5227.0,562.0608899297424,2.0,41.0,0,427.0,0.1633824373445571,13.081541382884074,13.180632285528304,12.833000669951081,374370.2911780131
True,False,2025-12-31,1712500.0,33.635987,-117.564411,3376.0,DC - Dove Canyon,True,3.0,0.1405,1995.0,5.0,Rancho Santa Margarita,5.0,True,2.0,Two,6120.0,False,3.0,Saddleback Valley Unified,92679,320.0,6120.0,507.2571090047393,1.0,30.0,0,675.2,0.5516339869281046,14.353464849118517,14.357834848789636,14.600253681806967,2191843.835990214
True,False,2025-12-04,1811000.0,34.106747,-118.165974,2827.0,658 - So. Pasadena,True,6.0,0.1839,1995.0,4.0,South Pasadena,5.0,True,1.0,ThreeOrMore,8012.0,False,3.0,South Pasadena,91030,0.0,8012.0,640.6084188185356,1.25,30.0,0,565.4,0.35284573140289566,14.40938973686555,14.557923979827137,14.733270898687014,2503676.7231321526
True,False,2025-12-23,444000.0,33.690086,-116.218749,1985.0,314 - Indio South of East Valley,True,2.0,0.13,2004.0,3.0,Indio,3.0,True,2.0,One,5663.0,False,2.0,Desert Sands Unified,92201,225.0,5663.0,223.67758186397984,1.0,21.0,0,661.6666666666666,0.3505209253046089,13.003579841414362,13.235692062711331,13.27388435532219,581801.3557578739
True,False,2025-12-05,1087500.0,34.026685,-118.321551,2596.0,C16 - Mid Los Angeles,False,2.0,0.1337,1912.0,5.0,Los Angeles,6.0,False,1.0,One,5825.0,False,0.0,Los Angeles Unified,90018,0.0,5825.0,418.9137134052388,1.2,113.0,0,432.6666666666667,0.44566523605150216,13.899392041944976,13.681979165339751,14.022253947361465,1229666.9857046616
False,False,2025-12-09,610000.0,37.98102654,-121.79003308,2046.0,VIC - Victorville,True,4.0,0.1475,1987.0,3.0,Antioch,4.0,True,2.0,Two,6426.0,False,2.0,Antioch,94509,0.0,6426.0,298.1427174975562,1.3333333333333333,38.0,0,511.5,0.3183940242763772,13.321214236149494,13.199324418540456,13.265804137293305,577119.2157844483
False,False,2025-12-22,635000.0,33.648688,-117.304079,2854.0,SRCAR - Southwest Riverside County,True,3.0,0.14,2018.0,4.0,Lake Elsinore,4.0,False,2.0,Two,6098.0,False,3.0,Lake Elsinore Unified,92530,122.0,6098.0,222.4947442186405,1.0,7.0,0,713.5,0.4680223023942276,13.36138027787483,13.270783382522602,13.461120987816516,701601.5910737303
True,False,2025-12-19,338000.0,38.996693,-122.751727,1176.0,LCBUK - Buckingham,True,1.0,0.43,1981.0,2.0,Kelseyville,2.0,False,1.0,One,0.43,False,1.0,Kelseyville Unified,95451,189.0,18730.8,287.4149659863946,1.0,44.0,0,588.0,0.06278429111410085,12.730801174465157,12.845288003152147,12.680459998377339,321405.8707755191
True,False,2025-12-31,450000.0,33.949869,-118.226112,874.0,699 - Not Defined,False,2.0,0.1229,1940.0,1.0,South Gate,2.0,False,1.0,One,5352.0,False,2.0,Los Angeles Unified,90280,0.0,5352.0,514.8741418764303,2.0,85.0,0,437.0,0.1633034379671151,13.017002861746503,13.458120817620745,13.279528839938097,585094.6101782764
True,True,2025-12-04,5390000.0,33.613224,-117.852208,2796.0,CS - Corona Del Mar - Spyglass,False,3.0,0.1722,1972.0,3.0,Corona Del Mar,4.0,True,1.0,One,7500.0,False,3.0,Newport Mesa Unified,92625,685.0,7500.0,1927.7539341917025,1.3333333333333333,53.0,0,699.0,0.3728,15.50005594288518,15.317162327489429,15.30098318627745,4417052.543614064
True,True,2025-12-17,790000.0,33.882726,-118.085177,1149.0,M1 - Norwalk,False,2.0,0.1238,1959.0,1.0,Norwalk,3.0,False,1.0,One,5394.0,False,2.0,ABC Unified,90650,0.0,5394.0,687.5543951261967,3.0,66.0,0,383.0,0.21301446051167963,13.579788224443204,13.541073712262515,13.43749744516868,685221.5154372905
True,False,2025-12-18,510000.0,33.918548,-116.89248700000002,1320.0,263 - Banning/Beaumont/Cherry Valley,True,2.0,0.5,1978.0,2.0,Banning,3.0,False,1.0,One,21780.0,False,2.0,Banning Unified,92220,0.0,21780.0,386.3636363636364,1.5,47.0,0,440.0,0.06060606060606061,13.142166004700508,12.994530005894443,12.906478438759759,402914.0081016236
False,False,2025-12-08,614990.0,33.85001,-117.206489,2262.0,SRCAR - Southwest Riverside County,True,2.0,0.1447,2025.0,2.0,Perris,3.0,False,1.0,One,6301.0,True,2.0,Val Verde,92571,0.0,6301.0,271.8788682581786,1.5,0.0,0,754.0,0.3589906364069195,13.329361286493855,13.214938819306386,13.281564309639455,586286.7654160499
True,False,2025-12-08,357500.0,33.754277,-116.753875,1344.0,222 - Idyllwild,True,5.0,0.16,1971.0,2.0,Idyllwild,3.0,True,1.0,One,6970.0,False,1.0,Chico Unified,92549,147.0,6970.0,265.9970238095238,1.5,54.0,0,448.0,0.19282639885222383,12.7868906411162,13.132313708257497,13.087039622467584,482646.4236688506
True,False,2025-12-19,449000.0,33.93275,-116.500131,2058.0,340 - Desert Hot Springs,True,2.0,0.1132,2024.0,3.0,Desert Hot Springs,4.0,False,2.0,Two,4933.0,True,2.0,Los Angeles Unified,92240,176.0,4933.0,218.1729834791059,1.3333333333333333,1.0,0,514.5,0.4171903506993716,13.01477816672439,12.911642346088676,13.07315167784079,475989.7873521217
True,False,2025-12-09,1350000.0,34.284607,-118.566144,2378.0,PORA - Porter Ranch,True,3.0,0.1517,1996.0,3.0,Porter Ranch,5.0,True,2.0,Two,6610.0,False,3.0,Los Angeles Unified,91326,300.0,6610.0,567.703952901598,1.6666666666666667,29.0,0,475.6,0.35975794251134646,14.115615150414612,14.126664986601197,14.150668996670744,1398161.8906358755
True,True,2025-12-15,440000.0,37.09408491,-122.04133514,1318.0,699 - Not Defined,False,-5.0,0.8340000000000001,1933.0,1.0,Felton,4.0,True,1.0,Two,36329.0,False,0.0,Other,95018,0.0,36329.0,333.8391502276176,4.0,92.0,0,329.5,0.03627955627735418,12.994530005894443,13.693342923990066,13.654889830373625,851615.0039379064
False,False,2025-12-01,768500.0,33.9503,-118.314378,1527.0,C34 - Los Angeles Southwest,False,2.0,0.1183,1944.0,2.0,Los Angeles,4.0,False,1.0,One,5151.0,False,2.0,Los Angeles Unified,90047,0.0,5151.0,503.2743942370661,2.0,81.0,0,381.75,0.29644729178800233,13.552195841960788,13.493926933836812,13.502412101304952,731177.9196895079
False,False,2025-12-19,954247.0,38.25428410000001,-122.278765,2559.0,322 - North Palm Desert,True,2.0,0.07,2025.0,3.0,Napa,4.0,False,2.0,Two,3049.0,False,2.0,Los Angeles Unified,94558,257.0,3049.0,372.8983978116452,1.3333333333333333,0.0,0,639.75,0.8392915710068874,13.7686778267723,13.646286678623987,13.828840445515732,1013419.1265770679
False,False,2025-12-04,698888.0,34.128426,-117.440806,2299.0,264 - Fontana,True,2.0,0.0919,2015.0,3.0,Fontana,4.0,False,2.0,Two,4002.0,False,2.0,Fontana Unified,92336,0.0,4002.0,303.9965202261853,1.3333333333333333,10.0,0,574.75,0.5744627686156921,13.4572457794795,13.487006490992238,13.494454751934876,725382.769128447
True,False,2025-12-02,1050000.0,35.438482,-120.888648,1232.0,CAYU - Cayucos,True,2.0,0.0332,1977.0,2.0,Cayucos,3.0,True,2.0,Two,1447.0,False,2.0,More Than 1 District - Call L/O,93430,0.0,1447.0,852.2727272727273,1.5,48.0,0,410.6666666666667,0.8514167242570836,13.864300722133706,14.218748490897749,13.694184005408811,885744.6701758135
True,False,2025-12-18,2380000.0,35.692012,-121.286823,3187.0,CAMB - Cambria,True,3.0,6.41,2008.0,3.0,San Simeon,3.0,True,1.0,One,6.41,False,3.0,Coast Unified,93452,0.0,279219.6,746.7838092249765,1.0,17.0,0,1062.3333333333333,0.011413955180796765,14.682611045647658,13.698976741708323,14.160427693786952,1411872.921132139
False,False,2025-12-12,1055000.0,34.174992,-118.142072,1857.0,646 - Pasadena (NE),False,2.0,0.201,1906.0,2.0,Pasadena,4.0,True,1.0,One,8754.0,False,2.0,Pasadena Unified,91104,0.0,8754.0,568.1206246634356,2.0,119.0,0,464.25,0.21213159698423578,13.869051324892304,14.119305204063423,14.113310175917405,1346891.8678874988
False,False,2025-12-22,720990.0,33.703681,-117.378214,2654.0,SRCAR - Southwest Riverside County,True,2.0,0.2375,2024.0,3.0,Lake Elsinore,5.0,False,1.0,One,10346.0,True,2.0,Lake Elsinore Unified,92530,184.0,10346.0,271.6616428033158,1.6666666666666667,1.0,0,530.8,0.2565242605838005,13.488380546545383,13.270783382522602,13.439812629392254,686809.7673179039
True,False,2025-12-19,520000.0,33.847589,-116.518055,1115.0,331 - North End Palm Springs,True,4.0,0.22,1978.0,2.0,Palm Springs,3.0,False,1.0,One,9583.0,False,2.0,Beaumont,92262,145.0,9583.0,466.3677130044843,1.5,47.0,0,371.6666666666667,0.11635187310862986,13.16158409055761,13.737549016494562,13.506795186067304,734389.7682480898
False,False,2025-12-29,502758.0,33.746904,-117.128111,1858.0,SRCAR - Southwest Riverside County,True,2.0,0.0998,2025.0,3.0,Homeland,3.0,False,2.0,Two,4347.0,True,2.0,Perris Union High,92548,0.0,4347.0,270.59095801937565,1.0,0.0,0,619.3333333333334,0.4274212100299057,13.127864219989648,13.21676363885016,13.240664005902058,562791.2213337943
False,False,2025-12-11,617990.0,33.703720000000004,-117.378758,2404.0,SRCAR - Southwest Riverside County,True,2.0,0.2419,2024.0,3.0,Lake Elsinore,5.0,False,2.0,Two,10537.0,True,2.0,Lake Elsinore Unified,92530,184.0,10537.0,257.06738768718805,1.6666666666666667,1.0,0,480.8,0.22814842934421561,13.334227555079137,13.270783382522602,13.426467489269603,677705.0815121877
True,False,2025-12-02,457000.0,33.741826,-116.922345,1646.0,SRCAR - Southwest Riverside County,True,2.0,0.17,1974.0,2.0,Hemet,4.0,True,1.0,One,7405.0,False,2.0,Hemet Unified,92544,0.0,7405.0,277.6427703523694,2.0,51.0,0,411.5,0.22228224172856179,13.032438669876342,13.081541382884074,13.058866639399106,469238.5903016664
True,False,2025-12-10,2100000.0,33.717423,-117.751107,2486.0,EASTW - Eastwood,True,2.0,0.0815,2017.0,3.0,Irvine,4.0,False,2.0,Two,3552.0,False,2.0,Irvine Unified,92620,150.0,3552.0,844.7304907481898,1.3333333333333333,8.0,0,621.5,0.6998873873873874,14.557447902693651,14.503142431449666,14.528146437121212,2039359.6859653923
True,True,2025-12-19,1215000.0,37.318819,-120.599618,3082.0,92103 - Mission Hills,True,4.0,1.0555,2023.0,4.0,Atwater,4.0,True,1.0,One,45976.0,False,4.0,Atwater,95301,0.0,45976.0,394.2245295262816,1.0,2.0,0,770.5,0.06703497476944492,14.010254634756786,13.038981768465277,13.613135903056659,816788.85665663
True,False,2025-12-08,4266200.0,34.036963,-118.509818,2473.0,C14 - Santa Monica,True,4.0,0.2758,1962.0,4.0,Santa Monica,3.0,True,1.0,One,12013.0,False,2.0,Irvine Unified,90402,0.0,12013.0,1725.1112009704811,0.75,63.0,0,824.3333333333334,0.2058603179888454,15.266234059239855,15.464169183551656,15.416483623691306,4957854.396159425
True,False,2025-12-05,1175000.0,35.278335,-120.648819,1240.0,SLO - San Luis Obispo,False,1.0,0.1722,1937.0,2.0,San Luis Obispo,2.0,True,1.0,One,7500.0,False,1.0,San Luis Coastal Unified,93401,0.0,7500.0,947.5806451612904,1.0,88.0,0,620.0,0.16533333333333333,13.976778705560397,13.997832114758229,13.878784599525478,1065318.7408438122
True,False,2025-12-12,680000.0,33.491188,-117.110294,1775.0,SRCAR - Southwest Riverside County,True,4.0,0.11,1994.0,3.0,Temecula,4.0,True,2.0,Two,4792.0,False,2.0,Temecula Unified,92592,125.0,4792.0,383.09859154929575,1.3333333333333333,31.0,0,443.75,0.37040901502504175,13.42984807715229,13.580420735596498,13.492624993803938,724056.7076644375
True,False,2025-12-11,1839900.0,33.63432,-117.630867,3448.0,MN - Mission Viejo North,True,6.0,0.1377,1997.0,4.0,Mission Viejo,5.0,True,2.0,Two,6000.0,False,3.0,Capistrano Unified,92692,243.0,6000.0,533.6136890951276,1.25,28.0,0,689.6,0.5746666666666667,14.425221780282184,14.006130917572923,14.387569265457596,1771911.1458378884
False,True,2025-12-10,3800000.0,34.162240999999995,-118.712003,5170.0,CLB - Calabasas,True,3.0,0.8937,2003.0,6.0,Calabasas,5.0,True,2.0,Two,38931.0,True,3.0,Las Virgenes,91302,440.0,38931.0,735.009671179884,0.8333333333333334,22.0,0,1034.0,0.13279905473786957,15.150511624696614,14.473030560881067,15.193708149659514,3967743.6844965196
True,False,2025-12-23,245000.0,34.240347,-116.826504,744.0,SGLF - Sugarloaf,True,0.0,0.109,1962.0,1.0,Sugarloaf,2.0,True,1.0,One,4750.0,False,0.0,Bear Valley Unified,92386,0.0,4750.0,329.3010752688172,2.0,63.0,0,372.0,0.15663157894736843,12.409013489526863,12.644327576461329,12.432362343192166,250787.77516512622
False,False,2025-12-05,1312000.0,33.783959,-117.848094,2073.0,OTO - Old Towne Orange,False,3.0,0.1584,1914.0,3.0,Orange,3.0,True,2.0,Two,6900.0,False,2.0,Orange Unified,92866,0.0,6900.0,632.899179932465,1.0,111.0,0,691.0,0.30043478260869566,14.08706324848617,14.018451401960965,14.261827441991764,1562546.5341289702
True,False,2025-12-18,2900000.0,33.993711,-118.46468,3993.0,C11 - Venice,True,4.0,0.1192,2004.0,4.0,Venice,6.0,True,1.0,MultiSplit,5193.0,False,3.0,Hemet Unified,90291,0.0,5193.0,726.2709742048585,1.5,21.0,0,665.5,0.7689196995956095,14.880221294956703,14.66457824156197,14.878303134349625,2894442.6658731215
True,False,2025-12-12,340000.0,34.169059999999995,-116.025694,2055.0,DC728 - Campbell Hill,True,2.0,0.7468,1983.0,2.0,29 Palms,3.0,True,1.0,One,32530.0,False,2.0,Morongo Unified,92277,0.0,32530.0,165.4501216545012,1.5,42.0,0,685.0,0.0631724561942822,12.736700896592344,12.666637149787377,12.862940458608437,385748.3367973391
False,False,2025-12-15,1926000.0,33.668384,-117.96205,3848.0,14 - South Huntington Beach,True,2.0,0.1377,1970.0,3.0,Huntington Beach,4.0,True,2.0,Two,6000.0,False,2.0,Huntington Beach Union High,92646,0.0,6000.0,500.5197505197505,1.3333333333333333,55.0,0,962.0,0.6413333333333333,14.470955871340207,14.19394699368452,14.569828083986296,2126159.979232249
True,False,2025-12-17,788000.0,33.921889,-118.08415,1078.0,M1 - Norwalk,True,1.0,0.1199,1953.0,1.0,Norwalk,3.0,False,1.0,One,5223.0,False,1.0,Norwalk - La Mirada,90650,0.0,5223.0,730.9833024118739,3.0,72.0,0,359.3333333333333,0.2063947922649818,13.577253368840017,13.541073712262515,13.421925164067272,674633.7055158848
False,False,2025-12-03,1200000.0,33.526809,-117.696879,1759.0,LNSEA - Sea Country,True,2.0,0.0689,1989.0,3.0,Laguna Niguel,3.0,True,2.0,Two,3000.0,False,2.0,Capistrano Unified,92677,124.65,3000.0,682.2057987492893,1.0,36.0,0,586.3333333333334,0.5863333333333334,13.997832114758229,14.349075668699754,14.139914762919785,1383206.2929775575
True,True,2025-12-03,7530000.0,33.588753000000004,-117.8584,3546.0,CS - Corona Del Mar - Spyglass,True,3.0,0.2784,1965.0,5.0,Corona Del Mar,4.0,True,1.0,One,12125.0,False,3.0,Newport Mesa Unified,92625,1300.0,12125.0,2123.5194585448394,0.8,60.0,0,886.5,0.29245360824742267,15.834405599776076,15.317162327489429,15.542920690555652,5626064.263485434
True,False,2025-12-02,900000.0,34.251881,-117.234864,3597.0,287A - Arrowhead Woods,True,2.0,0.4798,1990.0,4.0,Lake Arrowhead,4.0,True,2.0,Two,20900.0,False,2.0,Rim of the World,92391,0.0,20900.0,250.20850708924104,1.0,35.0,0,899.25,0.17210526315789473,13.710150042306449,12.834681304952548,13.382822111711173,648762.5847360586
True,True,2025-12-03,880000.0,34.390924,-118.552388,1442.0,VAL1 - Valencia 1,True,2.0,0.1546,1975.0,2.0,Valencia,3.0,True,1.0,One,6733.0,False,2.0,William S. Hart Union,91355,0.0,6733.0,610.2635228848821,1.5,50.0,0,480.6666666666667,0.2141690182682311,13.687677186454389,13.697852514496041,13.584105798725528,793418.2576636205
True,False,2025-12-12,830000.0,32.81829919,-116.83579165,2227.0,92019 - El Cajon,False,6.0,1.0,2002.0,3.0,El Cajon,3.0,True,1.0,MultiSplit,0.9,False,2.0,Orcutt Union,92019,0.0,5176.0,372.69869779973055,1.0,23.0,0,742.3333333333334,0.43025502318392583,13.62918097977278,13.773646353865574,13.781489485937993,966551.13723195
True,False,2025-12-12,319398.0,38.998014000000005,-122.783783,1600.0,LCRH - Riviera Heights,True,6.0,0.22,2007.0,3.0,Kelseyville,3.0,False,1.0,One,9583.0,False,2.0,Kelseyville Unified,95451,475.0,9583.0,199.62375,1.0,18.0,0,533.3333333333334,0.1669623291244913,12.67419325300268,12.845288003152147,12.859382384145352,384378.2543640867
True,False,2025-12-08,1050000.0,33.978561,-116.912963,3230.0,263 - Banning/Beaumont/Cherry Valley,True,5.0,1.14,1988.0,3.0,Banning,3.0,True,1.0,One,49658.0,False,5.0,Banning Unified,92220,0.0,49658.0,325.07739938080493,1.0,37.0,0,1076.6666666666667,0.06504490716500866,13.864300722133706,12.994530005894443,13.45812303876422,699501.3749920967
False,True,2025-12-15,550000.0,34.169504,-117.353736,1661.0,274 - San Bernardino,True,2.0,0.2377,1990.0,3.0,San Bernardino,3.0,True,2.0,Two,10355.0,False,2.0,San Bernardino City Unified,92407,0.0,10355.0,331.1258278145696,1.0,35.0,0,553.6666666666666,0.16040560115886046,13.217673557208654,13.304684934198283,13.257529784577029,572363.6296647057
True,False,2025-12-16,892125.0,34.075498,-118.307557,1745.0,C17 - Mid-Wilshire,False,1.0,0.1506,1919.0,1.0,Los Angeles,3.0,True,1.0,One,6562.0,False,2.0,Riverside Unified,90004,0.0,6562.0,511.24641833810887,3.0,106.0,0,581.6666666666666,0.2659250228588845,13.70136153627337,14.65917278350986,14.284699083633509,1598696.365648287
True,False,2025-12-08,615000.0,34.268402,-117.204739,1700.0,287A - Arrowhead Woods,True,2.0,0.2247,1978.0,3.0,Lake Arrowhead,3.0,True,1.0,ThreeOrMore,9790.0,False,1.0,Rim of the World,92352,0.0,9790.0,361.7647058823529,1.0,47.0,0,566.6666666666666,0.17364657814096016,13.329377546788654,13.412043452518782,13.388992177633943,652777.8671924546
True,True,2025-12-08,760000.0,35.499555,-120.667149,2623.0,ATSC - Atascadero,False,3.0,0.6313,1978.0,3.0,Atascadero,4.0,True,2.0,Two,27500.0,False,2.0,Atascadero Unified,93422,0.0,27500.0,289.7445672893633,1.3333333333333333,47.0,0,655.75,0.09538181818181818,13.541073712262515,13.64826835113874,13.950118072104653,1144087.6579912782
True,True,2025-12-10,950000.0,33.843555,-116.50706,1363.0,332 - Central Palm Springs,True,2.0,0.23,1960.0,2.0,Palm Springs,3.0,False,1.0,One,10019.0,False,2.0,ABC Unified,92262,0.0,10019.0,696.9919295671314,1.5,65.0,0,454.3333333333333,0.1360415211098912,13.764217263576723,13.737549016494562,13.654928490337605,851647.9279797007
True,False,2025-12-30,759000.0,34.930827,-120.448225,2386.0,SMSW - SM Southwest,True,3.0,0.12,2006.0,3.0,Santa Maria,3.0,True,2.0,Two,5227.0,False,3.0,Santa Maria-Bonita,93458,145.0,5227.0,318.105616093881,1.0,19.0,0,795.3333333333334,0.45647599005165485,13.539757056377766,13.357427688121273,13.399380897435336,659594.7415365719
False,False,2025-12-30,1500000.0,33.618303000000004,-117.707901,2960.0,LS - Lake Forest South,True,2.0,0.1736,1964.0,3.0,Lake Forest,8.0,True,2.0,Two,7560.0,False,2.0,Saddleback Valley Unified,92630,0.0,7560.0,506.7567567567568,2.6666666666666665,61.0,0,370.0,0.3915343915343915,14.22097566607244,14.077874822431765,14.161546424515379,1413453.310603947
True,False,2025-12-01,2124000.0,33.666542,-118.007572,2836.0,15 - West Huntington Beach,True,2.0,0.066,2006.0,5.0,Huntington Beach,3.0,True,2.0,ThreeOrMore,2875.0,False,2.0,Huntington Beach Union High,92648,0.0,2875.0,748.9421720733427,0.6,19.0,0,945.3333333333334,0.9864347826086957,14.568811661343966,14.580978400103845,14.822438484559001,2737179.269890252
False,False,2025-12-31,2050000.0,32.80945549,-117.25237693,1308.0,92109 - Pacific Beach,False,5.0,0.2975,1958.0,2.0,San Diego,3.0,True,1.0,One,6400.0,False,2.0,Los Angeles Unified,92109,0.0,22216.0,1567.2782874617735,1.5,67.0,0,436.0,0.05887648541591645,14.53335035111459,14.508657738524219,14.44658292260645,1879625.1424414238
False,False,2025-12-17,450000.0,33.928049,-117.262117,1015.0,259 - Moreno Valley,True,2.0,0.1,1984.0,2.0,Moreno Valley,2.0,True,1.0,One,4356.0,False,2.0,Moreno Valley Unified,92553,0.0,4356.0,443.3497536945813,1.0,41.0,0,507.5,0.2330119375573921,13.017002861746503,13.159174447339636,12.905171017025703,402387.5737813002
False,False,2025-12-16,600000.0,33.986156,-118.322799,1106.0,HYDE - Hyde Park,False,1.0,0.1101,1922.0,1.0,Los Angeles,3.0,True,1.0,One,4798.0,False,1.0,Los Angeles Unified,90043,0.0,4798.0,542.49547920434,3.0,103.0,0,368.6666666666667,0.23051271363067946,13.304684934198283,13.652991628466498,13.49319748477674,724471.3422693317
True,True,2025-12-23,1450000.0,33.804781,-116.530583,2798.0,334 - South End Palm Springs,True,4.0,0.24,1988.0,5.0,Palm Springs,5.0,True,2.0,Two,10454.0,False,2.0,Claremont Unified,92264,465.0,10454.0,518.2273052180128,1.0,37.0,0,559.6,0.26764874689114215,14.187074114396758,14.077874822431765,14.40384322180262,1800983.066437399
False,False,2025-12-15,1000000.0,33.883979,-117.466316,3904.0,252 - Riverside,True,4.0,0.53,2003.0,4.0,Riverside,4.0,True,2.0,Two,23087.0,False,2.0,William S. Hart Union,92503,192.0,23087.0,256.1475409836066,1.0,22.0,0,976.0,0.16909949322129336,13.815510557964274,13.399995114002609,14.141334476965959,1385171.4450273595
False,True,2025-12-17,700000.0,33.829808,-116.472887,1883.0,335 - Cathedral City North,True,2.0,0.38,1990.0,3.0,Cathedral City,4.0,True,1.0,One,16552.0,False,2.0,Los Angeles Unified,92234,0.0,16552.0,371.7472118959108,1.3333333333333333,35.0,0,470.75,0.11376268728854519,13.458835614025542,13.224919965729422,13.32407534936654,611747.7781657318
False,False,2025-12-29,599800.0,37.90480162,-121.71716593,1945.0,MP1 - Mariposa 1,True,2.0,0.1358,2003.0,2.0,Brentwood,2.0,False,1.0,One,5915.0,False,2.0,Newport Mesa Unified,94513-6981,175.0,5915.0,308.38046272493574,1.0,22.0,0,972.5,0.32882502113271345,13.304351545297045,13.698976741708323,13.662717365424822,858307.207792062
False,False,2025-12-12,495000.0,33.739978,-116.19334,1780.0,309 - Indio North of East Valley,True,4.0,0.12,2025.0,2.0,Indio,3.0,False,1.0,One,5227.0,True,2.0,Fullerton Joint Union High,92203,125.0,5227.0,278.08988764044943,1.5,0.0,0,593.3333333333334,0.34053950640903,13.112313041550827,13.255142955086335,13.225783157740699,554478.4148264704
False,False,2025-12-10,399950.0,36.837374,-119.903731,1753.0,313 - La Quinta South of HWY 111,True,2.0,0.0769,2016.0,3.0,Fresno,3.0,False,2.0,Two,3350.0,False,2.0,Central Unified,93722,183.0,3350.0,228.1517398745009,1.0,9.0,0,584.3333333333334,0.5232835820895523,12.899094818276968,12.834681304952548,12.893833513180498,397851.26690553816
True,False,2025-12-01,3670000.0,33.48314,-117.593952,5303.0,TL - Talega,True,9.0,0.2684,2010.0,6.0,San Clemente,5.0,True,2.0,Two,11690.0,False,3.0,Capistrano Unified,92673,267.0,11690.0,692.0610974919857,0.8333333333333334,15.0,0,1060.6,0.4536355859709153,15.115702220030753,14.446782334806132,15.231089607708805,4118870.806669059
False,False,2025-12-02,2150000.0,33.987557,-118.462051,2020.0,C11 - Venice,True,0.0,0.0965,1923.0,3.0,Venice,4.0,True,1.0,One,4205.0,False,2.0,Ramona Unified,90291,0.0,4205.0,1064.3564356435645,1.3333333333333333,102.0,0,505.0,0.4803804994054697,14.580978400103845,14.66457824156197,14.556177436147012,2097333.7143240687
True,False,2025-12-23,2850000.0,33.469968,-117.704171,3221.0,699 - Not Defined,True,2.0,0.1377,1992.0,3.0,Dana Point,4.0,True,2.0,Two,6000.0,False,2.0,Capistrano Unified,92629,0.0,6000.0,884.8183793852841,1.3333333333333333,33.0,0,805.25,0.5368333333333334,14.862829552244833,14.716674768252918,14.834044076530233,2769130.905844507
True,False,2025-12-16,810000.0,34.449181,-118.49009,1927.0,PLUM - Plum Canyon,True,7.0,0.1209,1995.0,3.0,Saugus,3.0,True,2.0,Two,5266.0,False,3.0,William S. Hart Union,91350,0.0,5266.0,420.3425012973534,1.0,30.0,0,642.3333333333334,0.3659323965058868,13.604789526648622,13.652991628466498,13.696978939046323,888223.7305395381
True,True,2025-12-11,490000.0,33.844285,-116.472617,1247.0,699 - Not Defined,True,2.0,0.2,1987.0,2.0,Cathedral City,2.0,False,1.0,One,8712.0,False,2.0,Other,92234,0.0,8712.0,392.943063352045,1.0,38.0,0,623.5,0.14313590449954086,13.102160670086809,13.224919965729422,12.991069925355582,438480.1954023344
False,False,2025-12-23,1500000.0,37.6949334,-122.48456162,2150.0,699 - Not Defined,False,3.0,0.1194,1948.0,2.0,Daly City,3.0,True,2.0,Two,5200.0,False,3.0,Other,94015,0.0,5200.0,697.6744186046511,1.5,77.0,0,716.6666666666666,0.41346153846153844,14.22097566607244,14.028601732812717,14.128688880033542,1367765.4120408231
False,False,2025-12-29,3020000.0,33.686093,-117.705597,3365.0,PS - Portola Springs,True,2.0,0.1144,2025.0,5.0,Irvine,4.0,False,2.0,Two,4984.0,True,2.0,Irvine Unified,92618,180.0,4984.0,897.4739970282318,0.8,0.0,0,841.25,0.6751605136436597,14.920767389351052,14.648419680899378,14.95514747350485,3125633.2902610395
True,False,2025-12-12,3400000.0,37.80264833,-121.98334517,4236.0,SRCAR - Southwest Riverside County,True,3.0,0.3696,1980.0,4.0,Danville,6.0,True,2.0,Two,16100.0,False,3.0,San Ramon Valley,94526,0.0,16100.0,802.6440037771482,1.5,45.0,0,706.0,0.2631055900621118,15.03928598958639,14.430696197054507,14.85105657116526,2816643.740501676
True,False,2025-12-05,1100000.0,34.438728999999995,-118.451736,2709.0,SKYLN - Skyline Ranch,True,2.0,0.1567,2021.0,3.0,Saugus,4.0,True,2.0,Two,6828.0,False,2.0,William S. Hart Union,91350,248.9,6828.0,406.0538944259874,1.3333333333333333,4.0,0,677.25,0.3967486818980668,13.9108207377686,13.652991628466498,13.888074688793735,1075261.7613076936
True,False,2025-12-01,1030000.0,34.471216,-118.562253,3437.0,TSRO - Tesoro de Valle,True,4.0,0.1409,2004.0,3.0,Valencia,4.0,True,2.0,Two,6138.0,False,2.0,William S. Hart Union,91354,195.0,6138.0,299.6799534477742,1.3333333333333333,21.0,0,859.25,0.5599543825350277,13.845069360205818,13.710150042306449,13.879934176270618,1066544.1106878403
False,False,2025-12-29,885000.0,33.860302000000004,-117.965648,1069.0,83 - Fullerton,True,2.0,0.1405,1954.0,2.0,Fullerton,3.0,False,1.0,One,6120.0,False,2.0,Fullerton Joint Union High,92833,0.0,6120.0,827.8765201122544,1.5,71.0,0,356.3333333333333,0.17467320261437908,13.693342923990066,13.87377946608825,13.732280647167373,920139.5728769837
True,True,2025-12-04,1700000.0,33.04682931,-117.06192137,2761.0,92128 - Rancho Bernardo,True,4.0,0.166,1980.0,3.0,San Diego,4.0,True,2.0,Two,7231.0,False,2.0,Antelope Valley Union,92128,144.99,7231.0,615.7189424121696,1.3333333333333333,45.0,0,690.25,0.38182823952427053,14.346138809026444,13.983960916083914,14.20431814162518,1475220.6674617939
False,False,2025-12-18,725000.0,33.962127,-117.642128,2098.0,681 - Chino,True,2.0,0.0706,2018.0,3.0,Chino,5.0,False,2.0,Two,3074.0,False,2.0,Chino Valley Unified,91708,288.0,3074.0,345.5672068636797,1.6666666666666667,7.0,0,419.6,0.682498373454782,13.493926933836812,13.618800958084467,13.609898828711328,814149.1252117328
False,False,2025-12-12,682205.0,39.780483,-121.875491,2259.0,250 - Norco,True,6.0,0.1882,2025.0,3.0,Chico,4.0,False,1.0,One,8200.0,True,3.0,Chico Unified,95973,0.0,8200.0,301.9942452412572,1.3333333333333333,0.0,0,564.75,0.2754878048780488,13.433085478168788,13.151922179645874,13.320113740487685,609329.0668934962
False,False,2025-12-05,950000.0,34.209696,-118.563488,2144.0,WIN - Winnetka,True,2.0,0.1336,1968.0,3.0,Winnetka,4.0,True,1.0,One,5819.0,False,2.0,Compton Unified,91306,0.0,5819.0,443.0970149253731,1.3333333333333333,57.0,0,536.0,0.36844818697370685,13.764217263576723,13.65680576350189,13.805405998679703,989946.3202586039
False,True,2025-12-05,1700000.0,37.00037825,-122.01163039,3023.0,699 - Not Defined,True,2.0,0.249,1988.0,4.0,Santa Cruz,4.0,True,1.0,Two,10846.0,False,2.0,Other,95060,310.0,10846.0,562.3552762156797,1.0,37.0,0,755.75,0.27872026553568136,14.346138809026444,14.204168547756057,14.429411218037634,1847624.3154980405
False,False,2025-12-18,596990.0,34.121388,-117.164158,1957.0,276 - Highland,True,2.0,0.0851,2025.0,3.0,Highland,3.0,False,2.0,Two,3707.0,True,2.0,Redlands Unified,92346,196.0,3707.0,305.0536535513541,1.0,0.0,0,652.3333333333334,0.5279201510655517,13.299655641815688,13.28681753563043,13.312435555749138,604668.4412208347
True,True,2025-12-29,1700000.0,33.27865425,-117.24117663,4001.0,92003 - Bonsall,True,4.0,2.01,2008.0,4.0,Bonsall,4.0,True,2.0,Two,2.01,False,4.0,Bonsall Unified,92003,0.0,87555.6,424.89377655586105,1.0,17.0,0,1000.25,0.04569667731133131,14.346138809026444,14.219394836348094,14.687615962628024,2391941.5607461534
True,True,2025-12-15,1625000.0,36.58138383,-121.86456346,2528.0,699 - Not Defined,True,2.0,0.2061,1984.0,3.0,Monterey,4.0,True,1.0,One,8979.0,False,2.0,Other,93940,400.0,8979.0,642.8006329113924,1.3333333333333333,41.0,0,632.0,0.2815458291569217,14.301018373745976,14.119680947920857,14.17160667129184,1427744.766969935
True,False,2025-12-29,405000.0,34.50448,-117.321989,1624.0,VIC - Victorville,True,2.0,0.1377,2004.0,2.0,Victorville,3.0,True,1.0,One,6000.0,False,2.0,Victor Valley Unified,92395,0.0,6000.0,249.384236453202,1.5,21.0,0,541.3333333333334,0.27066666666666667,12.911642346088676,12.947950462906661,12.911491055729574,404938.73203930625
True,False,2025-12-03,499900.0,34.00607,-117.013902,1693.0,269 - Yucaipa/Calimesa/Oak Glen,True,2.0,0.0826,1988.0,3.0,Yucaipa,4.0,True,2.0,Two,3600.0,False,2.0,Yucaipa/Calimesa Unified,92399,155.0,3600.0,295.2746603662138,1.3333333333333333,37.0,0,423.25,0.4702777777777778,13.122163357401663,13.274219822166483,13.253195224368058,569888.0541919781
True,False,2025-12-30,1077000.0,34.040438,-117.174116,3711.0,268 - Redlands,True,2.0,0.4086,1981.0,5.0,Redlands,5.0,True,2.0,Two,17800.0,False,2.0,Redlands Unified,92373,0.0,17800.0,290.21827000808406,1.0,44.0,0,742.2,0.20848314606741572,13.889689956138525,13.621317169677567,14.11892767375566,1354479.3213427702
True,False,2025-12-01,950000.0,37.93937105,-121.73832417,3053.0,PRIC - PR Inside City Limit,True,3.0,0.2899,2003.0,3.0,Brentwood,4.0,True,1.0,One,12627.0,False,3.0,Redlands Unified,94513,0.0,12627.0,311.1693416311824,1.3333333333333333,22.0,0,763.25,0.24178347984477708,13.764217263576723,13.591116224748411,13.833323173934264,1017972.2067822183
True,False,2025-12-18,320000.0,34.207918,-117.119484,864.0,288 - Running Springs,False,6.0,0.1653,1968.0,1.0,Running Springs,2.0,True,1.0,One,7200.0,False,0.0,Rim of the World,92382,0.0,7200.0,370.3703703703704,2.0,57.0,0,432.0,0.12,12.676076274775909,12.793859310432293,12.553124986139315,282978.1559355328
False,False,2025-12-19,599500.0,36.70263343,-121.65449446,988.0,699 - Not Defined,False,2.0,0.1009999999999999,1939.0,1.0,Salinas,2.0,True,2.0,Two,4400.0,False,2.0,Other,93906,0.0,4400.0,606.7813765182186,2.0,86.0,0,494.0,0.22454545454545455,13.303851253449706,13.472921052508891,13.31348933328002,605305.963081938
False,False,2025-12-03,761000.0,39.422936,-123.778526,2650.0,FBE - Fort Bragg East,True,2.0,0.9,1972.0,2.0,Fort Bragg,3.0,True,1.0,One,0.9,False,2.0,Corona-Norco Unified,95437,0.0,39204.0,287.1698113207547,1.5,53.0,0,883.3333333333334,0.06759514335271911,13.542388636843823,13.317924750600472,13.530247921370327,751816.7737909702
True,True,2025-12-24,1030000.0,33.65609,-117.672897,1662.0,LN - Lake Forest North,True,2.0,0.0976,1986.0,3.0,Lake Forest,3.0,True,2.0,Two,4250.0,False,2.0,Saddleback Valley Unified,92630,70.0,4250.0,619.7352587244284,1.0,39.0,0,554.0,0.3910588235294118,13.845069360205818,14.077874822431765,13.944142711506013,1137271.705844525
True,False,2025-12-05,985000.0,37.89672599,-121.60772251,2229.0,HNDL - Helendale,True,2.0,0.1596,1986.0,2.0,Discovery Bay,3.0,True,1.0,One,6954.0,False,2.0,Oceanside Unified,94505,80.0,6954.0,441.9021982951997,1.5,39.0,0,743.0,0.32053494391716997,13.800396920154226,13.589232200143268,13.582924506064305,792481.5518693303
False,False,2025-12-19,355000.0,33.962696,-116.948784,1471.0,263 - Banning/Beaumont/Cherry Valley,True,2.0,0.1,1990.0,2.0,Cherry Valley,2.0,True,1.0,One,4356.0,False,2.0,Beaumont,92223,230.0,4356.0,241.33242692046227,1.0,35.0,0,735.5,0.3376951331496786,12.779873068457553,13.197470849891134,12.895112247916115,398360.33855457196
True,False,2025-12-19,5300000.0,37.38514518,-122.19712967,4297.0,699 - Not Defined,True,3.0,1.8894,1961.0,4.0,Portola Valley,4.0,True,2.0,Two,82301.0,False,3.0,Other,94028,0.0,82301.0,1233.4186641843146,1.0,64.0,0,1074.25,0.0522107872322329,15.483217378522351,15.268294660352998,15.549878272285518,5665344.5548786
True,False,2025-12-16,1065000.0,33.101449,-117.13157,2185.0,92029 - Escondido,False,2.0,0.0909,2017.0,3.0,Escondido,4.0,False,2.0,Two,3960.0,False,2.0,Escondido Union,92029,244.0,3960.0,487.41418764302057,1.3333333333333333,8.0,0,546.25,0.5517676767676768,13.878485357125662,14.163297674406381,14.06232269213353,1279938.6334553766
True,False,2025-12-08,330000.0,34.852346999999995,-119.154379,1387.0,PMCL - Pine Mountain Club,True,1.0,0.2453,1990.0,2.0,Pine Mountain Club,3.0,True,2.0,Two,10686.0,False,1.0,El Tejon Unified,93222,1961.0,10686.0,237.9235760634463,1.5,35.0,0,462.3333333333333,0.1297959947594984,12.706847933442663,12.793859310432293,12.73773694280007,340352.43825025804
True,False,2025-12-22,540000.0,39.732458,-121.56918600000002,2197.0,AGOA - Agoura,True,3.0,0.63,2025.0,3.0,Paradise,3.0,True,1.0,One,0.63,True,3.0,Paradise Unified,95969,0.0,27442.8,245.78971324533453,1.0,0.0,0,732.3333333333334,0.08005742854227703,13.199324418540456,12.89921982609012,13.306252498556391,600941.2761776119
False,False,2025-12-09,723000.0,34.115291,-117.883506,1284.0,607 - Azusa,True,2.0,0.157,1955.0,2.0,Azusa,4.0,True,1.0,One,6840.0,False,2.0,Azusa Unified,91702,0.0,6840.0,563.0841121495328,2.0,70.0,0,321.0,0.18771929824561404,13.491164501140902,13.534473028231162,13.493378432264747,724602.4453998813
False,False,2025-12-26,565000.0,33.944355,-117.03968,2435.0,263 - Banning/Beaumont/Cherry Valley,True,2.0,0.1145,2022.0,4.0,Beaumont,4.0,False,2.0,Two,4988.0,False,2.0,Beaumont,92223,155.0,4988.0,232.0328542094456,1.0,3.0,0,608.75,0.48817161186848435,13.244581010128577,13.197470849891134,13.290808089447824,591731.3968982883
True,False,2025-12-01,389900.0,37.070759,-120.847424,1220.0,RIEN - Rienda,True,2.0,0.1409,1964.0,2.0,Los Banos,3.0,False,1.0,One,0.1409,False,2.0,Los Banos Unified,93635,0.0,6137.6,319.59016393442624,1.5,61.0,0,406.6666666666667,0.1987747653806048,12.87364557497069,13.085680023156335,12.967956469347747,428461.6305404255
True,False,2025-12-17,965000.0,34.318428000000004,-118.43466399999998,2125.0,SYL - Sylmar,False,2.0,0.282,1964.0,2.0,Sylmar,4.0,True,1.0,One,12286.0,False,2.0,Romoland,91342,0.0,12286.0,454.11764705882354,2.0,61.0,0,531.25,0.17296109392804818,13.779883380321124,13.667586227071855,13.80711085238347,991635.4733795744
True,False,2025-12-18,2480000.0,33.712103000000006,-117.739153,2894.0,STG - Stonegate,True,2.0,0.1367,2016.0,4.0,Irvine,4.0,True,2.0,Two,5953.0,False,2.0,Irvine Unified,92620,152.0,5953.0,856.945404284727,1.0,9.0,0,723.5,0.48614144129010584,14.723769118141165,14.503142431449666,14.659762602651897,2326237.2422130466
True,False,2025-12-11,260000.0,34.244316999999995,-116.830373,720.0,SGLF - Sugarloaf,True,0.0,0.1636,1964.0,1.0,Sugarloaf,1.0,True,2.0,Two,7125.0,False,0.0,Bear Valley Unified,92386,0.0,7125.0,361.1111111111111,1.0,61.0,0,720.0,0.10105263157894737,12.468436909997665,12.644327576461329,12.425540675957992,249082.80639309672
True,False,2025-12-03,300000.0,38.911172,-122.85734,1930.0,LCKEL - Kelseyville,True,0.0,2.52,1979.0,2.0,Kelseyville,3.0,True,1.0,One,109771.0,False,0.0,Kelseyville Unified,95451,0.0,109771.0,155.44041450777203,1.5,46.0,0,643.3333333333334,0.017582057191790183,12.611537753638338,12.845288003152147,12.964636702633944,427041.5962766216
True,False,2025-12-16,575000.0,34.611687,-118.28504,1564.0,LEL - Lake Elizabeth,True,2.0,0.9996,1959.0,2.0,Leona Valley,3.0,True,1.0,One,43541.0,False,2.0,Westside Union,93551,0.0,43541.0,367.6470588235294,1.5,66.0,0,521.3333333333334,0.03592016719873223,13.262125319779487,13.345506928718539,13.37442844496062,643339.8778342828
True,False,2025-12-10,351750.0,34.258916,-116.859504,1062.0,BBC - Big Bear City,True,0.0,0.0574,1971.0,1.0,Big Bear City,3.0,True,2.0,Two,2500.0,False,0.0,Bear Valley Unified,92314,0.0,2500.0,331.2146892655367,3.0,54.0,0,354.0,0.4248,12.770675974976635,12.965709567358951,12.63933012085971,308454.653380254
True,False,2025-12-22,480000.0,34.251594,-117.205425,2136.0,287A - Arrowhead Woods,False,0.0,0.2195,1971.0,2.0,Lake Arrowhead,3.0,True,2.0,Two,9563.0,False,0.0,Rim of the World,92317,0.0,9563.0,224.7191011235955,1.5,54.0,0,712.0,0.22336087001986824,13.081541382884074,13.144888299681183,13.247410143809452,566600.7237928094
False,False,2025-12-04,2400000.0,33.896594,-118.396702,1606.0,143 - Manhattan Bch Tree,True,2.0,0.103,1952.0,2.0,Manhattan Beach,3.0,False,1.0,One,4486.0,False,2.0,Manhattan Unified,90266,0.0,4486.0,1494.3960149439602,1.5,73.0,0,535.3333333333334,0.3580026749888542,14.690979295318174,15.040754419423045,14.873068731320581,2879331.5697016288
True,False,2025-12-16,1355000.0,37.95804645,-122.08893766,2840.0,92069 - San Marcos,True,3.0,0.2732,1984.0,3.0,Pleasant Hill,4.0,True,1.0,MultiSplit,11900.0,False,3.0,San Diego Unified,94523,0.0,11900.0,477.1126760563381,1.3333333333333333,41.0,0,710.0,0.23865546218487396,14.119312012295937,13.92391643180806,14.138730674289025,1381569.4234226122
True,True,2025-12-01,827000.0,34.612957,-118.209295,3186.0,PLM - Palmdale,True,3.0,0.7403,1998.0,3.0,Palmdale,4.0,True,1.0,One,32246.0,False,3.0,Palmdale,93551,0.0,32246.0,259.5731324544884,1.3333333333333333,27.0,0,796.5,0.09880295230416175,13.625559974005828,13.345506928718539,13.740460783657772,927697.3096891238
False,False,2025-12-12,987500.0,33.747747,-117.861887,2020.0,70 - Santa Ana North of First,False,7.0,0.14,1905.0,3.0,Santa Ana,3.0,False,2.0,Two,6098.0,False,2.0,Santa Ana Unified,92701,0.0,6098.0,488.86138613861385,1.0,120.0,0,673.3333333333334,0.33125614955723187,13.802931775757415,13.68426227135432,13.979955578840343,1178738.761745621
True,False,2025-12-17,385000.0,34.444382,-117.326288,1104.0,HSP - Hesperia,True,2.0,0.4493,1984.0,2.0,Hesperia,3.0,True,1.0,One,19570.0,False,2.0,Hesperia Unified,92345,0.0,19570.0,348.731884057971,1.5,41.0,0,368.0,0.05641287685232499,12.86099861326992,13.064514272196533,12.877730766576397,391496.0741216559
True,False,2025-12-02,575000.0,37.335944,-120.455365,2916.0,17 - Northwest Huntington Beach,True,2.0,0.1416,2002.0,3.0,Merced,4.0,True,2.0,Two,6169.0,False,2.0,Merced Union,95340,0.0,6169.0,197.18792866941016,1.3333333333333333,23.0,0,729.0,0.47268601069865457,13.262125319779487,12.934827526010142,13.130432436944226,504050.8510700592
True,False,2025-12-08,210000.0,33.812396,-116.385573,1344.0,320 - Thousand Palms,True,2.0,0.1,1978.0,2.0,Thousand Palms,3.0,False,1.0,Two,4356.0,False,1.0,Orange Unified,92276,329.0,4356.0,156.25,1.5,47.0,0,448.0,0.3085399449035813,12.254862809699606,13.107132773660975,12.949322980142583,420551.81793728255
False,False,2025-12-08,1200000.0,32.72190795,-116.9249502,4019.0,91978 - Spring Valley,True,12.0,0.18,1978.0,3.0,Spring Valley,5.0,True,2.0,Two,4640.0,False,4.0,Jurupa Unified,91978,0.0,4057.0,298.5817367504354,1.6666666666666667,47.0,0,803.8,0.990633473009613,13.997832114758229,13.693279081298371,14.119570921534734,1355350.867438019
True,False,2025-12-15,2675000.0,32.83624891,-117.27492462,2012.0,92037 - La Jolla,True,4.0,0.0718,1997.0,3.0,La Jolla,3.0,True,2.0,Two,3128.0,False,2.0,Atwater,92037,692.5,3128.0,1329.5228628230616,1.0,28.0,0,670.6666666666666,0.6432225063938619,14.799459938312244,15.084846812896313,14.743502837109743,2529425.6955000833
True,False,2025-12-05,626500.0,34.119723,-117.454807,1474.0,264 - Fontana,True,4.0,0.1719,1983.0,2.0,Fontana,3.0,True,1.0,One,7488.0,False,2.0,Fontana Unified,92336,0.0,7488.0,425.033921302578,1.5,42.0,0,491.3333333333333,0.1968482905982906,13.34790405331826,13.487006490992238,13.346113828814406,625379.4276856206
False,False,2025-12-30,1130000.0,34.135401,-117.770063,2304.0,684 - La Verne,True,3.0,0.1933,1986.0,3.0,La Verne,4.0,True,2.0,Two,8419.0,False,3.0,William S. Hart Union,91750,170.0,8419.0,490.4513888888889,1.3333333333333333,39.0,0,576.0,0.2736667062596508,13.937728190688523,13.758940206475879,13.847579525678407,1032588.7181329264
True,False,2025-12-08,2995000.0,33.891236,-118.387529,3774.0,146 - Manhattan Bch Heights/Lib Vlg,True,3.0,0.1596,1982.0,4.0,Manhattan Beach,4.0,True,2.0,MultiSplit,6952.0,False,3.0,Manhattan Unified,90266,0.0,6952.0,793.5877053524113,1.0,43.0,0,943.5,0.5428653624856157,14.912454789531687,15.040754419423045,15.189937917154035,3952812.5329270745
True,False,2025-12-16,612500.0,34.244312,-116.923332,1616.0,289 - Big Bear Area,True,2.0,0.1699,1991.0,2.0,Big Bear Lake,3.0,True,2.0,Two,7400.0,False,2.0,Bear Valley Unified,92315,0.0,7400.0,379.0222772277228,1.5,34.0,0,538.6666666666666,0.21837837837837837,13.32530422140102,13.398478813484644,13.342508243712855,623128.6290996749
False,True,2025-12-23,1700000.0,34.183958000000004,-118.62476200000002,3165.0,WHLL - Woodland Hills,True,2.0,0.1731,1973.0,6.0,Woodland Hills,6.0,False,2.0,Two,7542.0,False,2.0,Los Angeles Unified,91367,0.0,7542.0,537.1248025276461,1.0,52.0,0,527.5,0.4196499602227526,14.346138809026444,14.130321297804308,14.363664126061918,1730055.6369817911
True,True,2025-12-10,800000.0,37.80690622,-121.34435569,2842.0,699 - Not Defined,True,2.0,0.1675,2025.0,5.0,Lathrop,4.0,False,1.0,One,7295.0,False,2.0,Tracy Joint Unified,95330,260.0,7295.0,281.49190710767067,0.8,0.0,0,710.5,0.3895819054146676,13.592367006650065,13.541073712262515,13.963636903252961,1159659.4046097202
False,False,2025-12-10,359900.0,37.06929805,-120.86409031,1848.0,699 - Not Defined,True,2.0,0.0952,2018.0,2.0,Los Banos,3.0,False,2.0,One,4148.0,False,2.0,Los Banos Unified,93635,356.0,4148.0,194.75108225108224,1.5,7.0,0,616.0,0.4455159112825458,12.793581494067123,13.085680023156335,13.089340353612444,483758.1417195187
False,False,2025-12-12,447000.0,34.465481,-117.402907,2395.0,VIC - Victorville,True,2.0,0.1653,2020.0,3.0,Victorville,4.0,False,2.0,Two,7201.0,False,2.0,Snowline Joint Unified,92392,0.0,7201.0,186.6388308977035,1.3333333333333333,5.0,0,598.75,0.332592695458964,13.010313873595706,13.01477816672439,13.172769208559963,525848.910761637
True,False,2025-12-02,595000.0,33.936394,-117.246804,1416.0,259 - Moreno Valley,True,2.0,0.18,1983.0,2.0,Moreno Valley,4.0,True,1.0,One,7841.0,False,2.0,Moreno Valley Unified,92553,0.0,7841.0,420.1977401129943,2.0,42.0,0,354.0,0.18058921055987756,13.296316684527767,13.159174447339636,13.097616296165494,487778.3086999643
True,True,2025-12-04,778500.0,33.754529,-117.46191,2699.0,248 - Corona,True,4.0,0.2,2005.0,3.0,Corona,4.0,True,2.0,Two,8712.0,False,2.0,Corona-Norco Unified,92883,85.0,8712.0,288.440163023342,1.3333333333333333,20.0,0,674.75,0.3098025711662075,13.56512427025619,13.547957803444275,13.658771425849356,854927.0527425916
False,False,2025-12-18,320000.0,38.02454386,-121.29636452,1318.0,PRKR - Parker Road,True,2.0,0.1446,1978.0,2.0,Stockton,2.0,True,1.0,One,6300.0,False,2.0,Jurupa Unified,95210,46.0,6300.0,242.79210925644915,1.0,47.0,0,659.0,0.2092063492063492,12.676076274775909,12.873902018105829,12.725442535670116,336193.6242673221
True,True,2025-12-12,1950000.0,34.132521999999994,-117.520001,4804.0,688 - Rancho Cucamonga,True,3.0,0.5393,2004.0,6.0,Rancho Cucamonga,5.0,True,2.0,Two,23491.0,False,3.0,Etiwanda,91739,0.0,23491.0,405.91174021648624,0.8333333333333334,21.0,0,960.8,0.20450385253927036,14.48333993053993,13.862273807960708,14.595325832331305,2181069.32887066
True,True,2025-12-17,2300000.0,34.112369,-118.330596,2994.0,C30 - Hollywood Hills East,False,3.0,0.1357,1927.0,5.0,Los Angeles,4.0,True,1.0,MultiSplit,5913.0,False,2.0,Los Angeles Unified,90068,0.0,5913.0,768.2030728122912,0.8,98.0,0,748.5,0.5063419583967529,14.648419680899378,14.457364444136669,14.750708748921793,2547718.342443342
True,False,2025-12-17,549000.0,34.822038,-118.894509,1904.0,LEBC - Lebec,True,3.0,2.5,1992.0,3.0,Lebec,3.0,True,1.0,One,108900.0,False,3.0,El Tejon Unified,93243,0.0,108900.0,288.34033613445376,1.0,33.0,0,634.6666666666666,0.01748393021120294,13.215853720491667,12.608198852372823,12.78978476182104,358536.14679570287
True,False,2025-12-19,799990.0,34.395333,-118.905428,2000.0,VC55 - Fillmore,True,2.0,0.2003,2018.0,3.0,Fillmore,3.0,True,1.0,One,8725.0,True,2.0,Fillmore Unified,93015,0.0,8725.0,399.995,1.0,7.0,0,666.6666666666666,0.22922636103151864,13.592354506571938,13.537511886757919,13.553393942109526,769421.2917539942
False,False,2025-12-19,1100000.0,33.896918,-117.846789,1789.0,84 - Placentia,True,2.0,0.1653,1964.0,2.0,Placentia,4.0,True,1.0,One,7200.0,False,2.0,Placentia-Yorba Linda Unified,92870,0.0,7200.0,614.8686416992733,2.0,61.0,0,447.25,0.24847222222222223,13.9108207377686,13.980176819817759,13.956298960239076,1151181.0349233875
True,False,2025-12-01,1100000.0,34.26397,-117.220048,2960.0,287A - Arrowhead Woods,True,2.0,0.2025,2011.0,3.0,Lake Arrowhead,4.0,True,1.0,ThreeOrMore,8820.0,False,2.0,Rim of the World,92352,0.0,8820.0,371.6216216216216,1.3333333333333333,14.0,0,740.0,0.3356009070294785,13.9108207377686,13.412043452518782,13.526529116992283,749026.1064701629
True,False,2025-12-01,1950000.0,33.496133,-117.720122,2531.0,LNSLT - Salt Creek,True,3.0,0.1385,1979.0,3.0,Laguna Niguel,3.0,True,2.0,Two,6032.0,False,3.0,Capistrano Unified,92677,240.0,6032.0,770.4464638482813,1.0,46.0,0,843.6666666666666,0.41959549071618035,14.48333993053993,14.349075668699754,14.359553625177222,1722958.8374482042
True,True,2025-12-18,1200000.0,33.714475,-116.363064,2976.0,323 - South Palm Desert,False,10.0,0.55,1973.0,3.0,Palm Desert,5.0,False,1.0,One,23958.0,False,2.0,Los Angeles Unified,92260,197.95,23958.0,403.2258064516129,1.6666666666666667,52.0,0,595.2,0.12421738041572752,13.997832114758229,13.624349319661324,13.930630350643378,1122007.8378465646
True,True,2025-12-23,1010000.0,34.132591999999995,-118.643342,1648.0,CLB - Calabasas,True,2.0,0.1139,1985.0,3.0,Calabasas,3.0,True,2.0,Two,4963.0,False,2.0,Las Virgenes,91302,0.0,4963.0,612.8640776699029,1.0,40.0,0,549.3333333333334,0.3320572234535563,13.825460888817442,14.473030560881067,14.176892565750691,1435311.6563930893
True,False,2025-12-05,580000.0,33.921473,-116.957151,2728.0,263 - Banning/Beaumont/Cherry Valley,True,3.0,0.12,2006.0,3.0,Beaumont,5.0,True,2.0,Two,5227.0,False,3.0,Beaumont,92223,0.0,5227.0,212.6099706744868,1.6666666666666667,19.0,0,545.6,0.521905490721255,13.270783382522602,13.197470849891134,13.247778992745724,566809.752414694
True,True,2025-12-11,1050000.0,34.373274,-117.408203,3578.0,OKH - Oak Hills,True,4.0,4.1,2002.0,4.0,Oak Hills,6.0,True,1.0,One,178596.0,False,4.0,Hesperia Unified,92344,0.0,178596.0,293.4600335382896,1.5,23.0,0,596.3333333333334,0.02003404331563977,13.864300722133706,13.180613417425775,13.649650314993922,847164.6231277148
False,False,2025-12-05,900000.0,33.155289,-117.269518,1850.0,92056 - Oceanside,True,4.0,0.1108,1990.0,3.0,Oceanside,3.0,True,1.0,One,4827.0,False,2.0,Oceanside Unified,92056,514.0,4827.0,486.4864864864865,1.0,35.0,0,616.6666666666666,0.38326082452869276,13.710150042306449,13.732128949025222,13.715380676554515,904719.904108105
True,False,2025-12-17,520000.0,34.489847999999995,-117.27016100000002,3042.0,VIC - Victorville,True,2.0,0.2227,1989.0,3.0,Victorville,3.0,False,2.0,Two,9700.0,False,2.0,Victor Valley Unified,92395,137.59,9700.0,170.94017094017093,1.0,36.0,0,1014.0,0.3136082474226804,13.16158409055761,12.947950462906661,13.231833353586874,557843.2866311367
True,False,2025-12-03,400000.0,34.067674,-116.571656,947.0,DC511 - NW Morongo,True,0.0,5.0,1980.0,1.0,Morongo Valley,1.0,True,1.0,One,217800.0,False,0.0,Morongo Unified,92256,0.0,217800.0,422.3864836325238,1.0,45.0,0,947.0,0.004348025711662075,12.89921982609012,12.834681304952548,12.693565504883153,325645.7798992319
False,False,2025-12-01,1160000.0,36.56277141,-121.73782633,1776.0,699 - Not Defined,True,6.0,0.5820000000000001,1968.0,3.0,Salinas,3.0,True,2.0,One,25351.92,False,2.0,Other,93908,1000.0,25351.92,653.1531531531532,1.0,57.0,0,592.0,0.07005386574271298,13.963930563082547,13.99543183135603,13.980473761107351,1179349.7215499901
True,True,2025-12-12,7575000.0,33.77738,-118.424126,2815.0,160 - Lunada Bay/Margate,False,5.0,0.4242,1970.0,3.0,Palos Verdes Estates,3.0,True,1.0,One,18480.0,False,2.0,Palos Verdes Peninsula Unified,90274,156.0,18480.0,2690.9413854351687,1.0,55.0,0,938.3333333333334,0.15232683982683984,15.840363909359708,14.735791327008538,14.753531597746532,2554920.3264457094
False,False,2025-12-12,1020000.0,35.311511,-120.858491,1860.0,OSOS - Los Osos,True,2.0,0.1441,1998.0,2.0,Los Osos,4.0,True,1.0,One,6277.0,False,2.0,San Luis Coastal Unified,93402,65.0,6277.0,548.3870967741935,2.0,27.0,0,465.0,0.2963198980404652,13.835313185260453,13.687677186454389,13.688365054136549,880605.5317993017
True,False,2025-12-29,1193750.0,40.723567,-122.836249,2700.0,92104 - North Park,False,4.0,133.53,1872.0,3.0,Lewiston,4.0,True,1.0,"Two,One",133.53,False,2.0,Shasta Union,96052,0.0,5816566.8,442.1296296296296,1.3333333333333333,153.0,0,675.0,0.0004641913508153985,13.992610170777077,12.392552212472792,13.078700303725018,478638.2173857506
False,False,2025-12-15,870000.0,33.970991999999995,-117.56383,2800.0,249 - Eastvale,True,2.0,0.14,2004.0,3.0,Eastvale,4.0,True,2.0,Two,6098.0,False,2.0,Corona-Norco Unified,92880,0.0,6098.0,310.7142857142857,1.3333333333333333,21.0,0,700.0,0.45916693998032143,13.676248490630767,13.764217263576723,13.857241881037703,1042614.3147059676
True,False,2025-12-11,600000.0,34.255505,-116.860516,1816.0,BBC - Big Bear City,True,2.0,0.1653,2004.0,2.0,Big Bear City,3.0,True,1.0,One,7200.0,False,2.0,Bear Valley Unified,92314,0.0,7200.0,330.3964757709251,1.5,21.0,0,605.3333333333334,0.25222222222222224,13.304684934198283,12.965709567358951,13.008659906378691,446261.2877253391
True,False,2025-12-16,255000.0,34.463079,-117.242662,986.0,APPV - Apple Valley,True,2.0,0.0546,1986.0,2.0,Apple Valley,2.0,False,1.0,One,2380.0,False,2.0,Apple Valley Unified,92308,228.0,2380.0,258.62068965517244,1.0,39.0,0,493.0,0.4142857142857143,12.449018824140563,12.936033799212835,12.4976352383732,267703.48249574663
True,False,2025-12-17,920000.0,33.740281,-117.871952,1950.0,69 - Santa Ana South of First,False,1.0,0.1607,1917.0,3.0,Santa Ana,4.0,False,1.0,One,7000.0,False,1.0,Santa Ana Unified,92701,0.0,7000.0,471.79487179487177,1.3333333333333333,108.0,0,487.5,0.2785714285714286,13.732128949025222,13.68426227135432,13.889286996182319,1076566.099555289
True,False,2025-12-03,453090.0,34.367579,-117.278813,1811.0,HSP - Hesperia,True,2.0,0.1584,2025.0,2.0,Hesperia,3.0,False,1.0,One,6900.0,True,2.0,Hesperia Unified,92345,157.0,6900.0,250.187741579238,1.5,0.0,0,603.6666666666666,0.262463768115942,13.023846060228497,13.064514272196533,13.105066784134046,491426.06703621504
True,False,2025-12-16,484000.0,38.957894,-122.726176,2056.0,LCCLR - Kelseyville Riviera,True,2.0,0.36,2004.0,3.0,Kelseyville,3.0,False,2.0,Two,15682.0,False,2.0,Kelseyville Unified,95451,140.0,15682.0,235.40856031128405,1.0,21.0,0,685.3333333333334,0.13110572631041958,13.089840185698769,12.845288003152147,13.023866324973492,453099.1818463432
False,False,2025-12-02,660000.0,33.627655,-117.157653,2905.0,SRCAR - Southwest Riverside County,True,3.0,0.16,2004.0,3.0,Murrieta,4.0,True,2.0,Two,6970.0,False,3.0,Menifee Union,92563,0.0,6970.0,227.1944922547332,1.3333333333333333,21.0,0,726.25,0.4167862266857963,13.399995114002609,13.458835614025542,13.535262644965124,755596.3960653109
False,False,2025-12-03,2160000.0,33.670109000000004,-117.684663,2769.0,BK - Baker Ranch,True,2.0,0.1675,2015.0,5.0,Lake Forest,4.0,True,2.0,Two,7298.0,False,2.0,Saddleback Valley Unified,92630,225.0,7298.0,780.0650054171181,0.8,10.0,0,692.25,0.3794190189092902,14.585618779660347,14.077874822431765,14.516380132063288,2015504.5762461773
True,False,2025-12-26,525000.0,34.776968,-118.283096,2239.0,LAC - Lancaster,True,9.0,2.117,1986.0,2.0,Lancaster,3.0,True,1.0,One,92218.0,False,2.0,Lancaster,93536,0.0,92218.0,234.4796784278696,1.5,39.0,0,746.3333333333334,0.024279424841137306,13.17115354157376,13.224918336616522,13.335512703949544,618784.7197076095
True,False,2025-12-12,1298000.0,34.209096,-117.366815,3724.0,274 - San Bernardino,True,3.0,1.0023,2025.0,5.0,San Bernardino,4.0,True,1.0,One,43660.0,True,3.0,San Bernardino City Unified,92407,0.0,43660.0,348.5499462943072,0.8,0.0,0,931.0,0.08529546495648191,14.076335176246172,13.304684934198283,14.14667446118545,1392588.0232665727
False,False,2025-12-30,480000.0,34.546281,-117.94823999999998,1467.0,LRK - Littlerock,True,2.0,0.9092,1981.0,3.0,Littlerock,3.0,False,1.0,One,39604.0,False,2.0,Adelanto,93543,0.0,39604.0,327.19836400818,1.0,44.0,0,489.0,0.037041712958287044,13.081541382884074,13.17777615494877,13.1410745867385,509443.6804831556
True,False,2025-12-29,2700000.0,37.8957097,-122.14723818,4150.0,ORCT - Orcutt,True,10.0,0.87,1967.0,4.0,Lafayette,4.0,True,2.0,Two,37897.0,False,3.0,Acalanes,94549,0.0,37897.0,650.6024096385543,1.0,58.0,0,1037.5,0.10950734886666491,14.808762330974558,14.527484500631974,14.894535595571787,2941809.9983256157
True,False,2025-12-09,850000.0,33.902384999999995,-117.330348,3947.0,252 - Riverside,True,4.0,0.25,2004.0,5.0,Riverside,5.0,True,2.0,Two,10890.0,False,4.0,Riverside Unified,92508,0.0,10890.0,215.3534329870788,1.0,21.0,0,789.4,0.3624426078971534,13.652991628466498,13.56126305375042,13.924306375979317,1114934.67752334
True,False,2025-12-26,1300000.0,37.7193135,-122.408045,1965.0,VC28 - Wells Rd. East to City Limit,True,5.0,0.0723,1969.0,3.0,San Francisco,5.0,True,1.0,ThreeOrMore,3150.0,False,2.0,Redlands Unified,94134,0.0,3150.0,661.5776081424937,1.6666666666666667,56.0,0,393.0,0.6238095238095238,14.077874822431765,13.955272500339433,13.906250238469882,1094983.922492704
True,False,2025-12-12,710000.0,34.096773,-117.64062,1780.0,690 - Upland,False,1.0,0.1719,1908.0,2.0,Upland,4.0,False,2.0,Two,7488.0,False,1.0,Upland,91786,0.0,7488.0,398.876404494382,2.0,117.0,0,445.0,0.2377136752136752,13.473020249017498,13.554145793829866,13.582919855602002,792477.8664723168
True,True,2025-12-19,2375000.0,33.778558000000004,-117.766257,2848.0,NTS - North Tustin,True,2.0,0.8987,1958.0,4.0,North Tustin,4.0,True,1.0,One,39147.0,False,2.0,Tustin Unified,92705,0.0,39147.0,833.9185393258427,1.0,67.0,0,712.0,0.07275142411934503,14.68050799545088,14.376839163903371,14.646256905750475,2295030.992517389
True,False,2025-12-08,1800000.0,37.9721863,-122.07565814,2908.0,WV - Westlake Village,True,2.0,0.32,1971.0,3.0,Pleasant Hill,4.0,True,2.0,Two,13939.0,False,2.0,Coast Unified,94523,0.0,13939.0,618.9821182943604,1.3333333333333333,54.0,0,727.0,0.2086232871798551,14.403297222866392,13.92391643180806,14.175975657920949,1433996.2110604448
True,False,2025-12-23,1200000.0,34.268079,-117.223903,4282.0,287 - Arrowhead Area,True,3.0,0.3664,1991.0,4.0,Lake Arrowhead,3.0,True,2.0,Two,15960.0,False,3.0,Rim of the World,92352,0.0,15960.0,280.2428771602055,0.75,34.0,0,1427.3333333333333,0.2682957393483709,13.997832114758229,13.412043452518782,14.245276567972322,1536897.8627528725
False,False,2025-12-08,1340000.0,33.826795000000004,-117.773768,2620.0,699 - Not Defined,True,3.0,0.1093,2001.0,3.0,Orange,4.0,False,2.0,Two,4762.0,False,3.0,Los Angeles Unified,92867,104.0,4762.0,511.4503816793893,1.3333333333333333,24.0,0,655.0,0.5501889962200756,14.108180171927094,14.026983356405268,14.089188504607309,1314791.301095176
True,False,2025-12-30,975000.0,34.189935,-118.616535,1988.0,WEH - West Hills,True,2.0,0.171,1959.0,3.0,West Hills,4.0,True,1.0,One,7450.0,False,2.0,Los Angeles Unified,91307,0.0,7450.0,490.4426559356137,1.3333333333333333,66.0,0,497.0,0.2668456375838926,13.790192749979985,13.849911984681606,13.911317057792406,1100546.087532066
False,True,2025-12-02,2800000.0,33.564336,-117.691911,3886.0,S2 - Laguna Hills,True,3.0,0.5739,1988.0,5.0,Laguna Hills,5.0,True,2.0,Two,25000.0,False,3.0,Saddleback Valley Unified,92653,191.0,25000.0,720.5352547606793,1.0,37.0,0,777.2,0.15544,14.845129975145433,14.226450581665564,14.65741118361359,2320773.7097186497
True,False,2025-12-31,750000.0,37.979451,-121.753998,2359.0,82 - Buena Park,True,2.0,0.218,2012.0,3.0,Antioch,4.0,True,1.0,One,9496.0,False,2.0,Antioch,94531,0.0,9496.0,317.931326833404,1.3333333333333333,13.0,0,589.75,0.24842038753159226,13.527828485512494,13.415032991367148,13.509067339581964,736060.3116880124
True,False,2025-12-12,2875000.0,34.31828,-119.387798,2523.0,17 - Northwest Huntington Beach,True,2.0,0.12,2002.0,3.0,Ventura,3.0,True,2.0,Two,5227.0,False,3.0,Santa Ana Unified,93001,1550.0,5227.0,1139.5164486722156,1.0,23.0,0,841.0,0.4826860531853836,14.871563232213587,13.90609809121013,13.931541027681721,1123030.0900214748
False,False,2025-12-24,515000.0,34.398048,-117.431474,2247.0,OKH - Oak Hills,True,3.0,2.5,1988.0,3.0,Oak Hills,4.0,False,1.0,One,108900.0,False,0.0,Snowline Joint Unified,92344,0.0,108900.0,229.1944815309301,1.3333333333333333,37.0,0,561.75,0.020633608815426998,13.151922179645874,13.180613417425775,13.3215041010435,610176.8432144251
False,False,2025-12-12,757990.0,38.3386763,-121.9326956,2725.0,699 - Not Defined,True,2.0,0.2112,2025.0,3.0,Vacaville,4.0,False,1.0,One,9200.0,False,2.0,Other,95687,0.0,9200.0,278.16146788990824,1.3333333333333333,0.0,0,681.25,0.296195652173913,13.538425471925349,13.424850009081805,13.58963251367001,797815.3938722902
True,False,2025-12-12,895000.0,34.257332,-117.173493,2175.0,287A - Arrowhead Woods,True,0.0,0.0735,1969.0,2.0,Lake Arrowhead,4.0,True,2.0,Two,3200.0,False,0.0,Rim of the World,92352,0.0,3200.0,411.4942528735632,2.0,56.0,0,543.75,0.6796875,13.704578997256993,13.412043452518782,13.48776781045457,720548.3587244782
False,False,2025-12-08,805000.0,34.156278,-117.465933,3690.0,264 - Fontana,True,4.0,0.1463,2006.0,3.0,Fontana,4.0,True,2.0,ThreeOrMore,6375.0,False,2.0,Fontana Unified,92336,242.0,6375.0,218.15718157181573,1.3333333333333333,19.0,0,922.5,0.5788235294117647,13.5985975564007,13.487006490992238,13.604484883321806,809753.2764885233
True,False,2025-12-30,670000.0,34.21744,-118.438763,768.0,PC - Panorama City,True,1.0,0.1292,1949.0,1.0,Panorama City,2.0,False,1.0,One,5628.0,False,1.0,Los Angeles Unified,91402,0.0,5628.0,872.3958333333334,2.0,76.0,0,384.0,0.13646055437100213,13.415032991367148,13.554145793829866,13.308448368004996,602262.3146495661
False,False,2025-12-18,1050000.0,33.882887,-118.322429,1310.0,133 - N Torrance - East,True,2.0,0.1213,1956.0,2.0,Torrance,3.0,True,1.0,One,5282.0,False,2.0,Torrance Unified,90504,0.0,5282.0,801.5267175572519,1.5,69.0,0,436.6666666666667,0.24801211662249148,13.864300722133706,13.822979494146377,13.764885402282498,950634.9438621509
True,False,2025-12-05,721000.0,33.899651,-117.304817,2726.0,252 - Riverside,True,2.0,0.29,2004.0,3.0,Riverside,4.0,True,2.0,Two,12632.0,False,2.0,Riverside Unified,92508,62.0,12632.0,264.490095377843,1.3333333333333333,21.0,0,681.5,0.21580113996200126,13.488394416267086,13.56126305375042,13.722014915945431,910741.9864139666
True,False,2025-12-23,499900.0,34.122209999999995,-117.270111,1190.0,274 - San Bernardino,True,2.0,0.1568,1953.0,2.0,San Bernardino,3.0,True,1.0,One,6832.0,False,2.0,San Bernardino City Unified,92404,0.0,6832.0,420.0840336134454,1.5,72.0,0,396.6666666666667,0.17418032786885246,13.122163357401663,13.142166004700508,13.06352980296337,471431.8363570936
False,False,2025-12-22,432500.0,34.38827,-117.296784,1940.0,HSP - Hesperia,True,3.0,1.0,2007.0,2.0,Hesperia,3.0,False,1.0,One,43560.0,False,3.0,Hesperia Unified,92345,0.0,43560.0,222.9381443298969,1.5,18.0,0,646.6666666666666,0.04453627180899908,12.977337605354071,13.064514272196533,13.099146526012763,488525.2930098689
True,True,2025-12-23,535000.0,33.784156,-117.006352,1935.0,SRCAR - Southwest Riverside County,True,2.0,0.18,2019.0,2.0,San Jacinto,3.0,False,1.0,One,7841.0,False,2.0,San Jacinto Unified,92582,0.0,7841.0,276.4857881136951,1.5,6.0,0,645.0,0.2467797474811886,13.190022025878143,13.154789908438397,13.212826813548228,547340.7405668682
True,False,2025-12-18,825000.0,33.586461,-116.608774,2462.0,"326 - Pinyon Pines, Garner Valley",False,4.0,4.8,1984.0,3.0,Mountain Center,3.0,True,2.0,Two,209088.0,False,2.0,Banning Unified,92561,425.0,209088.0,335.09341998375305,1.0,41.0,0,820.6666666666666,0.011774946434037344,13.623138665316818,13.573438996764546,13.78402553215171,969005.4664145816
False,False,2025-12-05,1020000.0,33.951072,-117.617456,2726.0,681 - Chino,True,3.0,0.1159,2025.0,3.0,Chino,5.0,False,2.0,Two,5050.0,True,3.0,Chino Valley Unified,91708,156.0,5050.0,374.1746148202495,1.6666666666666667,0.0,0,545.2,0.5398019801980198,13.835313185260453,13.618800958084467,13.757207107910753,943363.6402519062
False,False,2025-12-18,465000.0,34.255984000000005,-118.419156,1945.0,PAC - Pacoima,True,0.0,0.2022,1955.0,5.0,Pacoima,6.0,False,1.0,One,8807.0,False,0.0,Los Angeles Unified,91331,0.0,8807.0,239.0745501285347,1.2,70.0,0,324.1666666666667,0.2208470534801862,13.049792684569493,13.541073712262515,13.671445067813222,865831.0427966288
True,False,2025-12-05,1950000.0,34.167311,-118.06504,2015.0,656 - Sierra Madre,False,2.0,0.2541,1950.0,4.0,Sierra Madre,3.0,True,1.0,One,11070.0,True,2.0,Brea-Olinda Unified,91024,0.0,11070.0,967.741935483871,0.75,75.0,0,671.6666666666666,0.1820234869015357,14.48333993053993,14.28551418721001,14.45853859763179,1902232.2018580877
True,False,2025-12-04,335000.0,34.261328000000006,-116.825222,880.0,BBC - Big Bear City,True,0.0,0.1806,1980.0,1.0,Big Bear City,2.0,True,1.0,One,7866.0,False,0.0,William S. Hart Union,92314,0.0,7866.0,380.6818181818182,2.0,45.0,0,440.0,0.11187388761759472,12.721885810807203,12.965709567358951,12.680222768994442,321329.6329024249
False,False,2025-12-18,565000.0,33.538418,-117.136798,1328.0,SRCAR - Southwest Riverside County,True,2.0,0.08,1996.0,3.0,Temecula,3.0,True,2.0,Two,3485.0,False,2.0,Temecula Unified,92591,36.0,3485.0,425.4518072289157,1.0,29.0,0,442.6666666666667,0.38106169296987086,13.244581010128577,13.514405465180353,13.344552354558507,624403.6758130918
False,True,2025-12-22,460000.0,34.517838,-117.411706,1713.0,ADL - Adelanto,True,2.0,0.1653,2003.0,3.0,Adelanto,5.0,True,1.0,One,7202.0,False,2.0,Adelanto,92301,0.0,7202.0,268.5347343841214,1.6666666666666667,22.0,0,342.6,0.23785059705637324,13.038981768465277,12.907924856844918,12.999635315095182,442252.0799389916
True,False,2025-12-23,259000.0,34.156749,-116.089801,1470.0,DC724 - Chocolate Drop,False,2.0,0.241,1966.0,2.0,29 Palms,3.0,True,1.0,One,10496.0,False,2.0,Morongo Unified,92277,0.0,10496.0,176.1904761904762,1.5,59.0,0,490.0,0.14005335365853658,12.464583340681674,12.666637149787377,12.667710561401208,317334.1381855593
False,False,2025-12-22,899000.0,34.291262,-119.160316,2067.0,VC28 - Wells Rd. East to City Limit,True,2.0,0.0574,2025.0,3.0,Ventura,3.0,False,2.0,Two,2501.0,True,2.0,Ventura Unified,93004,105.0,2501.0,434.9298500241897,1.0,0.0,0,689.0,0.826469412235106,13.709038313453757,13.68710868156085,13.70868970196855,898686.6528961721
True,False,2025-12-15,383088.0,37.840688,-122.279411,760.0,SRCAR - Southwest Riverside County,True,1.0,0.0918,1890.0,1.0,Oakland,2.0,False,2.0,Two,4000.0,False,1.0,Grossmont Union,94608,0.0,4000.0,504.0631578947368,2.0,135.0,0,380.0,0.19,12.8560200067839,13.598578266649344,13.18705409211763,533414.5094174723
True,False,2025-12-10,1125000.0,34.173618,-118.513755,1643.0,ENC - Encino,True,1.0,0.1274,1949.0,2.0,Encino,4.0,False,1.0,One,5551.0,False,1.0,San Diego Unified,91316,0.0,5551.0,684.7230675593427,2.0,76.0,0,410.75,0.2959827058187714,13.933293593620657,14.300596894375873,14.212549049152974,1487413.1812509007
True,False,2025-12-12,320000.0,34.238285,-117.083915,1152.0,GVLK - Green Valley Lake,True,0.0,0.0689,1993.0,2.0,Green Valley Lake,2.0,True,2.0,Two,3000.0,False,0.0,Rim of the World,92341,0.0,3000.0,277.77777777777777,1.0,32.0,0,576.0,0.384,12.676076274775909,12.732269552963421,12.47269090446669,261108.39444235858
True,False,2025-12-12,602500.0,33.961356,-117.38621,1645.0,252 - Riverside,True,0.0,0.09,1960.0,2.0,Riverside,2.0,True,2.0,Two,3920.0,False,0.0,Riverside Unified,92506,0.0,3920.0,366.2613981762918,1.0,65.0,0,822.5,0.41964285714285715,13.308842944346948,13.493926933836812,13.344604212796286,624436.0571269937
True,False,2025-12-12,850000.0,34.264753000000006,-117.21388,3569.0,287A - Arrowhead Woods,True,10.0,0.1951,1985.0,6.0,Lake Arrowhead,5.0,True,1.0,ThreeOrMore,8500.0,False,2.0,Rim of the World,92352,0.0,8500.0,238.16195012608577,0.8333333333333334,40.0,0,713.8,0.4198823529411765,13.652991628466498,13.412043452518782,14.100869344417452,1330239.2143219677
False,False,2025-12-01,4675000.0,37.24821268,-122.01632319,3409.0,699 - Not Defined,False,2.0,1.0,1954.0,6.0,Saratoga,5.0,True,1.0,One,43560.0,False,2.0,Other,95070,0.0,43560.0,1371.3699031974186,0.8333333333333334,71.0,0,681.8,0.07825987144168962,15.357739720704924,15.226497531674536,15.53787736984631,5597761.646650042
False,True,2025-12-18,425000.0,35.392139,-118.882606,1962.0,BKSF - Bakersfield,True,3.0,0.22,2012.0,2.0,Bakersfield,3.0,False,1.0,One,9583.0,False,3.0,Carlsbad Unified,93306,312.0,9583.0,216.6156982670744,1.5,13.0,0,654.0,0.20473755608890745,12.959844447906553,12.873902018105829,13.044426766962948,462511.5307443391
False,False,2025-12-01,583204.0,33.749749,-117.207268,1740.0,SRCAR - Southwest Riverside County,True,2.0,0.1203,2025.0,2.0,Perris,4.0,False,1.0,One,5242.0,True,2.0,Perris Union High,92570,160.0,5242.0,335.17471264367816,2.0,0.0,0,435.0,0.331934376192293,13.276292318363627,13.32666315004938,13.312013987568932,604413.5859696477
False,False,2025-12-16,1063000.0,38.27472839,-122.28689961,2170.0,92126 - Mira Mesa,True,2.0,0.1046,1990.0,3.0,Napa,4.0,True,2.0,Two,4555.0,False,2.0,Fullerton Joint Union High,94559,324.0,4555.0,489.86175115207374,1.3333333333333333,35.0,0,542.5,0.47639956092206365,13.876605657324085,13.574148461136716,13.607907136948626,812529.204831972
False,True,2025-12-15,949000.0,34.375565,-118.567732,2199.0,STEV - Stevenson Ranch,True,3.0,0.2464,1988.0,3.0,Stevenson Ranch,4.0,True,2.0,Two,10735.0,False,3.0,William S. Hart Union,91381,0.0,10735.0,431.5597999090496,1.3333333333333333,37.0,0,549.75,0.2048439683278994,13.763164077592064,14.038654109278484,14.073110355621273,1293820.9248344528
False,False,2025-12-10,801165.0,33.87509,-117.326275,2874.0,252 - Riverside,True,2.0,0.1215,2025.0,3.0,Riverside,5.0,False,2.0,Two,5292.0,True,2.0,Riverside Unified,92508,196.0,5292.0,278.7630480167015,1.6666666666666667,0.0,0,574.8,0.5430839002267573,13.593822197346316,13.56126305375042,13.647525187363547,845366.2017938945
True,False,2025-12-30,1275000.0,33.530761,-117.133409,2644.0,SRCAR - Southwest Riverside County,True,2.0,0.62,1986.0,4.0,Temecula,4.0,True,2.0,Two,27007.0,False,2.0,Temecula Unified,92591,297.0,27007.0,482.22390317700456,1.0,39.0,0,661.0,0.09790054430332877,14.058456736574664,13.514405465180353,13.865368542179947,1051121.8098875019
True,False,2025-12-24,550000.0,33.822659,-118.21249,1329.0,11 - Westside,False,1.0,0.1169,1954.0,2.0,Long Beach,3.0,True,1.0,One,5093.0,False,1.0,Long Beach Unified,90810,0.0,5093.0,413.8449962377728,1.5,71.0,0,443.0,0.2609463970155115,13.217673557208654,13.499429010990795,13.504955987474093,733040.320950637
True,False,2025-12-09,697900.0,34.414219,-118.483809,1733.0,RBGL - Rainbow Glen,True,2.0,5.0969,1985.0,3.0,Canyon Country,3.0,True,2.0,Two,222019.0,False,2.0,William S. Hart Union,91351,245.0,222019.0,402.7120600115407,1.0,40.0,0,577.6666666666666,0.0078056382561852815,13.455831105005243,13.527828485512494,13.588822387219448,797169.3242534274
True,False,2025-12-09,930000.0,34.138917,-118.596667,1752.0,TOP - Topanga,True,2.0,34.3388,2007.0,3.0,Topanga,3.0,True,1.0,One,1495800.0,False,2.0,Los Angeles Unified,90290,670.0,1495800.0,530.8219178082192,1.0,18.0,0,584.0,0.0011712795828319293,13.742939865129438,14.266581106099132,14.120556836434448,1356687.7869887245
True,False,2025-12-22,580000.0,33.99211,-117.038548,2467.0,269 - Yucaipa/Calimesa/Oak Glen,True,2.0,0.15,2015.0,2.0,Calimesa,4.0,False,1.0,One,6534.0,False,2.0,Yucaipa/Calimesa Unified,92320,212.0,6534.0,235.1033644102148,2.0,10.0,0,616.75,0.3775635139271503,13.270783382522602,13.321214236149494,13.380235609043636,647086.7268198162
False,False,2025-12-17,3460000.0,37.383381400000005,-122.23135751,3497.0,699 - Not Defined,True,2.0,0.24,2025.0,5.0,Portola Valley,3.0,True,1.0,One,10454.0,False,2.0,Other,94028,980.0,10454.0,989.4195024306548,0.6,0.0,0,1165.6666666666667,0.33451310503156684,15.056779147033907,15.268294660352998,15.759923615671585,6989528.201139577
True,False,2025-12-11,789000.0,34.161349,-116.43938500000002,1004.0,DC545 - Pinion Ridge,True,0.0,2.59,2022.0,1.0,Yucca Valley,1.0,True,1.0,One,112820.0,False,0.0,Morongo Unified,92284,0.0,112820.0,785.8565737051792,1.0,3.0,0,1004.0,0.008899131359688,13.578521599828012,12.86876061860541,13.008144163747753,446031.1910951428
False,True,2025-12-05,860000.0,37.54795567,-122.02457029,1190.0,699 - Not Defined,False,2.0,0.1309,1954.0,2.0,Newark,3.0,True,1.0,ThreeOrMore,5700.0,False,2.0,Other,94560,221.0,5700.0,722.6890756302521,1.5,71.0,0,396.6666666666667,0.20877192982456141,13.664687668229691,14.151982794585487,13.917216976317546,1107058.411982866
True,False,2025-12-03,799000.0,35.481790000000004,-120.655453,1938.0,ATSC - Atascadero,True,7.0,0.7888,1979.0,2.0,Atascadero,3.0,True,2.0,Two,34360.0,False,0.0,Atascadero Unified,93422,0.0,34360.0,412.280701754386,1.5,46.0,0,646.0,0.05640279394644936,13.591116224748411,13.64826835113874,13.704975019939333,895354.5104931598
True,False,2025-12-09,875000.0,33.966462,-117.973075,1684.0,88 - La Habra Heights,True,2.0,0.5125,1948.0,2.0,La Habra Heights,2.0,True,2.0,Two,22324.0,False,2.0,Fullerton Joint Union High,90631,0.0,22324.0,519.5961995249406,1.0,77.0,0,842.0,0.0754345099444544,13.681979165339751,13.792724135316895,13.833572190973394,1018225.7307716537
True,False,2025-12-01,811000.0,33.549126,-116.940637,3741.0,SRCAR - Southwest Riverside County,True,2.0,4.9,2007.0,5.0,Hemet,5.0,True,1.0,One,213444.0,False,2.0,Hemet Unified,92544,0.0,213444.0,216.78695535952951,1.0,18.0,0,748.2,0.01752684544892337,13.60602333309755,13.081541382884074,13.699980299599158,890893.6148449592
True,False,2025-12-04,865000.0,32.86368253,-116.97507244,1572.0,92071 - Santee,True,4.0,0.1423,1970.0,2.0,Santee,3.0,True,1.0,One,6200.0,False,2.0,Los Angeles Unified,92071,82.0,6200.0,550.2544529262086,1.5,55.0,0,524.0,0.2535483870967742,13.670484785914017,13.652403046879991,13.652600165664456,849667.321738094
True,False,2025-12-05,699000.0,34.164976,-116.365831,1080.0,DC553 - Buena Vista South,True,0.0,4.36,2021.0,2.0,Yucca Valley,2.0,False,1.0,One,189921.0,False,0.0,Morongo Unified,92284,0.0,189921.0,647.2222222222222,1.0,4.0,0,540.0,0.0056865749443189536,13.457406021215947,12.86876061860541,13.036923853842106,459054.33265840926
False,False,2025-12-16,1164065.0,33.524958000000005,-117.578631,1818.0,699 - Not Defined,True,2.0,0.0392,2025.0,4.0,Rancho Mission Viejo,4.0,False,1.0,ThreeOrMore,1707.0,True,2.0,Capistrano Unified,92694,312.0,1707.0,640.2997799779978,1.0,0.0,0,454.5,1.0650263620386644,13.967428747638817,14.232573444874031,14.039426784399328,1250966.2171389565
False,False,2025-12-12,843985.0,33.963135,-117.617025,2100.0,699 - Not Defined,True,2.0,0.0482,2025.0,3.0,Chino,4.0,False,1.0,"Two,One",2100.0,True,2.0,Chino Valley Unified,91708,322.0,2100.0,401.8976190476191,1.3333333333333333,0.0,0,525.0,1.0,13.645890000908313,13.618800958084467,13.618896742197277,821507.8254308884
False,False,2025-12-12,755000.0,34.272903,-119.158643,1319.0,VC27 - Kimball Rd. East to City Limit,True,2.0,0.16,1994.0,3.0,Ventura,3.0,False,2.0,Two,6969.0,False,2.0,San Marino Unified,93004,0.0,6969.0,572.4033358605004,1.0,31.0,0,439.6666666666667,0.18926675276223273,13.534473028231162,13.68710868156085,13.528588994725293,750570.5988549414
True,False,2025-12-03,1875000.0,38.914264,-120.012405,3898.0,699 - Not Defined,True,2.0,0.23,2025.0,5.0,South Lake Tahoe,4.0,True,1.0,ThreeOrMore,10019.0,True,2.0,Other,96150,0.0,10019.0,481.0159055926116,0.8,0.0,0,974.5,0.3890607845094321,14.444119217386648,13.592367006650065,14.375686431479116,1750980.424299109
False,False,2025-12-05,761742.0,33.97571,-117.51425,2661.0,251 - Jurupa Valley,True,2.0,0.1536,2025.0,3.0,Jurupa Valley,4.0,False,2.0,Two,6689.0,True,2.0,Jurupa Unified,92509,60.0,6689.0,286.2615558060879,1.3333333333333333,0.0,0,665.25,0.397817312004784,13.543363194659563,13.422467969854667,13.543273426503923,761673.6228946765
True,False,2025-12-05,1480000.0,33.434564,-117.62308,1507.0,SN - San Clemente North,False,1.0,0.303,1958.0,2.0,San Clemente,4.0,False,1.0,One,13200.0,False,1.0,Capistrano Unified,92672,0.0,13200.0,982.083609820836,2.0,67.0,0,376.75,0.11416666666666667,14.207552645740298,14.43202387032261,14.211242519781045,1485471.1012099741
True,False,2025-12-04,720000.0,34.136307,-116.418576,1863.0,DC522 - Highlands,True,2.0,1.2031,1994.0,2.0,Yucca Valley,3.0,False,1.0,One,52408.0,False,2.0,Morongo Unified,92284,0.0,52408.0,386.4734299516908,1.5,31.0,0,621.0,0.03554800793771943,13.487006490992238,12.86876061860541,13.00105715605542,442881.33930836176
False,False,2025-12-12,675000.0,33.899489,-118.259293,1380.0,RQ - Compton West of Central,True,1.0,0.1151,1959.0,3.0,Compton,3.0,True,1.0,One,5012.0,False,1.0,Compton Unified,90220,0.0,5012.0,489.1304347826087,1.0,66.0,0,460.0,0.2753391859537111,13.422467969854667,13.386264921190707,13.363246831560673,636186.368456274
False,False,2025-12-31,820000.0,33.944541,-117.541636,2586.0,250 - Norco,True,0.0,0.51,1964.0,3.0,Norco,6.0,True,2.0,Two,22216.0,False,0.0,Corona-Norco Unified,92860,0.0,22216.0,317.092034029389,2.0,61.0,0,431.0,0.11640259272596327,13.617059619240436,13.753635154246187,13.979586018699683,1178303.2273660589
True,False,2025-12-24,3400000.0,34.106277,-118.300956,2890.0,637 - Los Feliz,True,8.0,0.4134,1947.0,4.0,Los Angeles,3.0,True,1.0,One,18007.0,False,2.0,Monrovia Unified,90027,0.0,18007.0,1176.470588235294,0.75,78.0,0,963.3333333333334,0.16049314155606154,15.03928598958639,14.612710764892958,14.853559947465708,2823703.6928601637
False,False,2025-12-02,269500.0,39.933516,-122.195893,858.0,RIEN - Rienda,True,2.0,0.14,1979.0,1.0,Corning,2.0,False,1.0,One,6098.0,False,2.0,Corning Union,96021,0.0,6098.0,314.1025641025641,2.0,46.0,0,429.0,0.1407018694653985,12.504323669331189,12.714366872124934,12.493285524839264,266541.5778429864
True,False,2025-12-22,1775000.0,37.84829708,-122.25402439,2520.0,624 - Glendale-Chevy Chase/E. Glenoaks,False,0.0,0.0826,1906.0,4.0,Oakland,5.0,True,2.0,Two,3600.0,False,0.0,Fallbrook Union,94618,0.0,3600.0,704.3650793650794,1.25,119.0,0,504.0,0.7,14.389310980891652,14.478185245710499,14.496265272227893,1975368.0082051312
True,False,2025-12-08,545000.0,34.264679,-116.839552,1811.0,BBC - Big Bear City,True,1.0,0.1827,1980.0,3.0,Big Bear City,4.0,True,2.0,Two,7957.0,False,1.0,Bear Valley Unified,92314,0.0,7957.0,300.93870789618995,1.3333333333333333,45.0,0,452.75,0.22759834108332286,13.208541073645382,12.965709567358951,13.02584357437263,453995.9582145029
True,False,2025-12-15,289007.0,32.617908,-116.185425,900.0,91934 - Jacumba,True,4.0,0.1824,1927.0,1.0,Jacumba,2.0,False,1.0,One,7944.0,False,0.0,Mountain Empire Unified,91934,0.0,7944.0,321.1188888888889,2.0,98.0,0,450.0,0.11329305135951662,12.574206188254522,12.61153442029945,12.461676718236758,258248.27780231336
False,False,2025-12-03,780000.0,34.078464000000004,-117.932137,1563.0,669 - West Covina,False,2.0,0.1678,1953.0,2.0,West Covina,5.0,False,1.0,One,7310.0,False,2.0,Covina Valley Unified,91790,0.0,7310.0,499.0403071017274,2.5,72.0,0,312.6,0.21381668946648427,13.567049198665774,13.652991628466498,13.656699037081218,853157.1461216605
True,False,2025-12-30,705000.0,33.550303,-117.122679,2386.0,SRCAR - Southwest Riverside County,True,2.0,0.19,2004.0,3.0,Murrieta,4.0,True,1.0,One,8276.0,False,2.0,Temecula Unified,92563,49.0,8276.0,295.47359597652974,1.3333333333333333,21.0,0,596.5,0.28830352827452876,13.465953081794405,13.458835614025542,13.517904440128248,742593.7765948434
False,False,2025-12-11,610000.0,33.920368,-118.289459,1848.0,C36 - Metropolitan Southwest,True,2.0,0.1775,1978.0,3.0,Los Angeles,3.0,True,2.0,Two,7732.0,False,2.0,Rim of the World,90044,0.0,7732.0,330.0865800865801,1.0,47.0,0,616.0,0.23900672529746508,13.321214236149494,13.38472764187182,13.394096013884724,656118.0551702314
True,False,2025-12-29,360272.0,34.252157000000004,-117.163385,1176.0,287 - Arrowhead Area,True,3.0,0.5714,1952.0,2.0,Cedar Glen,2.0,True,1.0,ThreeOrMore,24890.0,False,0.0,Rim of the World,92321,0.0,24890.0,306.3537414965986,1.0,73.0,0,588.0,0.047247890719164326,12.794614580699442,12.905431086089397,12.746191247507596,343242.0792123011
True,True,2025-12-01,500000.0,39.512726,-121.576424,2628.0,91910 - Chula Vista,False,2.0,3.52,1926.0,3.0,Oroville,4.0,True,2.0,Two,3.52,False,2.0,Oroville Union,95965,0.0,153331.2,190.2587519025875,1.3333333333333333,99.0,0,657.0,0.01713936889556724,13.122363377404328,12.732278280413873,13.00370691359571,444056.4236333799
False,False,2025-12-30,500000.0,33.90937,-117.171487,2077.0,259 - Moreno Valley,True,2.0,0.15,2001.0,3.0,Moreno Valley,3.0,False,2.0,Two,6534.0,False,2.0,Moreno Valley Unified,92555,74.0,6534.0,240.7318247472316,1.0,24.0,0,692.3333333333334,0.3178757269666361,13.122363377404328,13.304684934198283,13.34366466368755,623849.6443110147
True,True,2025-12-18,390000.0,34.152782,-116.068982,1901.0,699 - Not Defined,True,6.0,0.5172,1959.0,2.0,29 Palms,4.0,True,1.0,One,22528.0,False,0.0,Morongo Unified,92277,0.0,22528.0,205.15518148342977,2.0,66.0,0,475.25,0.08438387784090909,12.873902018105829,12.666637149787377,12.826595093587898,371979.89778689574
True,False,2025-12-31,1300000.0,33.993039,-118.402477,1800.0,C28 - Culver City,True,2.0,0.1316,1951.0,2.0,Culver City,3.0,True,1.0,One,5733.0,False,2.0,William S. Hart Union,90230,100.0,5733.0,722.2222222222222,1.5,74.0,0,600.0,0.3139717425431711,14.077874822431765,14.22097566607244,14.21844493065451,1496208.696289885
True,False,2025-12-30,1003000.0,33.585734,-116.995195,3245.0,SRCAR - Southwest Riverside County,True,6.0,6.01,2008.0,6.0,Temecula,4.0,True,2.0,Two,261796.0,False,6.0,Temecula Unified,92592,0.0,261796.0,309.09090909090907,0.6666666666666666,17.0,0,811.25,0.012395147366651897,13.818506066944073,13.580420735596498,14.373592371365582,1747317.6024560516
True,False,2025-12-24,5165000.0,33.52495,-117.756642,3315.0,LV - Laguna Village,True,2.0,0.1378,2015.0,5.0,Laguna Beach,4.0,True,2.0,Two,6003.0,False,2.0,Laguna Beach Unified,92651,0.0,6003.0,1558.0693815987934,0.8,10.0,0,828.75,0.552223888055972,15.457415660535876,14.914122846632385,15.319486635014378,4499544.084329251
True,False,2025-12-15,279900.0,33.889992,-116.61859,984.0,331 - North End Palm Springs,True,1.0,0.17,1959.0,1.0,Palm Springs,3.0,False,1.0,One,7405.0,False,2.0,Palm Springs Unified,92262,0.0,7405.0,284.4512195121951,3.0,66.0,0,328.0,0.13288318703578664,12.542187675503545,13.737549016494562,13.489090832252323,721502.2908067286
True,False,2025-12-10,771000.0,36.605628,-121.84228600000002,1106.0,92078 - San Marcos,True,1.0,0.1435,1960.0,2.0,Seaside,3.0,True,1.0,One,6250.0,False,1.0,Other,93955,0.0,6250.0,697.1066907775769,1.5,65.0,0,368.6666666666667,0.17696,13.555443652545467,13.564794368589576,13.475107182807685,711483.270196039
False,False,2025-12-29,1145000.0,34.448099,-118.468919,3218.0,PLUM - Plum Canyon,True,3.0,0.2354,2018.0,4.0,Santa Clarita,5.0,False,2.0,Two,10252.0,False,3.0,Los Angeles Unified,91350,48.0,10252.0,355.81106277190804,1.25,7.0,0,643.6,0.31388997268825597,13.950915194970477,13.652991628466498,14.028214652921738,1237018.557052971
True,False,2025-12-31,279900.0,33.741561,-116.985755,1425.0,SRCAR - Southwest Riverside County,True,1.0,0.1,1965.0,2.0,Hemet,2.0,False,1.0,One,4356.0,False,1.0,Hemet Unified,92543,130.0,4356.0,196.42105263157896,1.0,60.0,0,712.5,0.3271349862258953,12.542187675503545,12.919503857231216,12.679525102241731,321105.5300845208
True,False,2025-12-05,505000.0,36.920748,-121.737875,1163.0,699 - Not Defined,True,1.0,0.087,1977.0,2.0,Watsonville,2.0,True,1.0,One,3790.0,False,1.0,Los Angeles Unified,95076,80.0,3790.0,434.2218400687876,1.0,48.0,0,581.5,0.30686015831134567,13.132313708257497,13.723849529400505,13.394436350094466,656341.393905245
False,False,2025-12-11,785000.0,37.9531748,-121.7692359,2992.0,SRCAR - Southwest Riverside County,True,3.0,0.1653,2024.0,3.0,Antioch,4.0,False,2.0,Two,7200.0,False,3.0,Other,94531,202.0,7200.0,262.3663101604278,1.3333333333333333,1.0,0,748.0,0.41555555555555557,13.573438996764546,13.415032991367148,13.551805299893555,768199.9270207067
False,False,2025-12-02,705000.0,34.013729,-117.973278,1170.0,633 - Industry/La Puente/Valinda,True,2.0,0.1366,1957.0,2.0,La Puente,3.0,True,1.0,One,5950.0,False,2.0,Hacienda La Puente Unified,91745,0.0,5950.0,602.5641025641025,1.5,68.0,0,390.0,0.19663865546218487,13.465953081794405,13.845069360205818,13.657459631451111,853806.2994835363
False,False,2025-12-19,527753.0,34.13682,-117.20921,1812.0,274 - San Bernardino,True,2.0,0.053,2025.0,3.0,San Bernardino,4.0,False,2.0,Two,2308.0,True,2.0,San Bernardino City Unified,92346,145.0,2308.0,291.2544150110375,1.3333333333333333,0.0,0,453.0,0.7850953206239168,13.176383650204121,13.28681753563043,13.282729083818843,586970.0549638832
False,False,2025-12-03,524990.0,34.36732,-117.285319,2400.0,HSP - Hesperia,True,2.0,0.1377,2025.0,3.0,Hesperia,4.0,False,2.0,Two,6000.0,True,2.0,Hesperia Unified,92345,158.0,6000.0,218.74583333333337,1.3333333333333333,0.0,0,600.0,0.4,13.171134493773305,13.064514272196533,13.220617602364008,551621.6107117624
True,False,2025-12-08,417670.0,33.753421,-116.699429,1063.0,222 - Idyllwild,False,0.0,0.2,1957.0,2.0,Idyllwild,2.0,True,2.0,Two,8712.0,False,0.0,Hemet Unified,92549,0.0,8712.0,392.9162746942615,1.0,68.0,0,531.5,0.12201561065197429,12.94244692602422,13.132313708257497,12.904303197980646,402038.5256584888
True,True,2025-12-08,1700000.0,33.860083,-117.619667,4180.0,248 - Corona,True,4.0,0.28,2020.0,5.0,Corona,5.0,True,2.0,Two,12197.0,False,2.0,Corona-Norco Unified,92882,325.0,12197.0,406.6985645933015,1.0,5.0,0,836.0,0.3427072230876445,14.346138809026444,13.623138665316818,14.08249077123627,1306014.604319245
False,False,2025-12-10,863000.0,33.857498,-118.237636,1943.0,138 - Rancho Dominguez,True,2.0,0.1232,1963.0,2.0,Carson,4.0,True,2.0,MultiSplit,5365.0,False,2.0,Yucaipa/Calimesa Unified,90746,55.0,5365.0,444.1585177560474,2.0,62.0,0,485.75,0.3621621621621622,13.668169970065565,13.681979165339751,13.738546879771967,925923.4842104611
True,False,2025-12-15,725000.0,32.60285212,-117.06910649,1290.0,91911 - Chula Vista,True,5.0,0.1549,1952.0,2.0,Chula Vista,4.0,False,1.0,One,7200.0,False,2.0,Carmel Unified,91911,0.0,21780.0,562.015503875969,2.0,73.0,0,322.5,0.05922865013774105,13.493926933836812,13.617059619240436,13.561642911061675,775794.4740534346
True,False,2025-12-08,2225000.0,34.082364,-118.696756,3099.0,C33 - Malibu,True,12.0,1.9628,1961.0,4.0,Calabasas,4.0,True,2.0,Two,85500.0,False,2.0,Las Virgenes,91302,300.0,85500.0,717.973539851565,1.0,64.0,0,774.75,0.03624561403508772,14.615267473582477,14.473030560881067,14.748330144306546,2541665.529314059
True,False,2025-12-22,775000.0,34.047767,-117.780277,1444.0,687 - Pomona,True,2.0,0.3001,1956.0,2.0,Pomona,4.0,True,1.0,One,13074.0,False,2.0,Pomona Unified,91766,0.0,13074.0,536.7036011080332,2.0,69.0,0,361.0,0.11044821783692825,13.560618308335483,13.449504179573367,13.427612761233746,678481.6827669374
True,False,2025-12-11,1350000.0,34.146223,-117.764645,2755.0,684 - La Verne,True,3.0,0.3446,1983.0,3.0,La Verne,4.0,True,1.0,One,15011.0,False,3.0,Bonita Unified,91750,0.0,15011.0,490.0181488203267,1.3333333333333333,42.0,0,688.75,0.18353207647725,14.115615150414612,13.758940206475879,14.00946383959447,1214039.5636820353
True,True,2025-12-02,4650000.0,33.683306,-116.369666,6135.0,325 - Indian Wells,True,5.0,0.52,2014.0,6.0,Indian Wells,5.0,True,1.0,One,22651.0,False,5.0,Desert Sands Unified,92210,1495.46,22651.0,757.9462102689487,0.8333333333333334,11.0,0,1227.0,0.2708489691404353,15.35237777756354,14.452073389471401,15.387149586284398,4814532.886141561
True,True,2025-12-09,1050000.0,34.159741,-117.631312,2589.0,688 - Rancho Cucamonga,True,3.0,0.4362,1977.0,3.0,Rancho Cucamonga,4.0,True,2.0,"Two,MultiSplit",19000.0,False,3.0,Alta Loma,91701,0.0,19000.0,405.5619930475087,1.3333333333333333,48.0,0,647.25,0.13626315789473684,13.864300722133706,13.654166717138976,13.940136789925948,1132724.9975343924
True,True,2025-12-10,865000.0,33.575605,-117.24878,2671.0,SRCAR - Southwest Riverside County,True,2.0,0.15,2000.0,3.0,Murrieta,5.0,True,2.0,Two,6534.0,False,2.0,Murrieta,92562,0.0,6534.0,323.84874578809433,1.6666666666666667,25.0,0,534.2,0.40878481787572696,13.670484785914017,13.487006490992238,13.538506144269745,758051.151296905
True,False,2025-12-23,465000.0,34.253907,-117.174495,712.0,287A - Arrowhead Woods,True,1.0,0.1028,1935.0,2.0,Lake Arrowhead,3.0,True,2.0,Two,4480.0,False,1.0,Rim of the World,92352,0.0,4480.0,653.0898876404494,1.5,90.0,0,237.33333333333334,0.15892857142857142,13.049792684569493,13.412043452518782,13.168171466449493,523436.7425937457
False,False,2025-12-08,430777.0,34.129826,-116.311646,1290.0,DC612 - Joshua Tree Village,True,2.0,0.2944,2016.0,2.0,Joshua Tree,2.0,False,1.0,One,12825.0,False,2.0,Los Angeles Unified,92252,0.0,12825.0,333.93565891472866,1.0,9.0,0,645.0,0.10058479532163743,12.973345833795484,12.871334622600584,12.867270176014767,387422.13901611377
True,True,2025-12-19,538000.0,38.825089,-122.570842,1984.0,LCHVL - Hidden Valley Lake,True,5.0,0.3,1988.0,3.0,Hidden Valley Lake,4.0,True,1.0,MultiSplit,13068.0,False,2.0,Middletown Unified,95467,310.0,13068.0,271.1693548387097,1.3333333333333333,37.0,0,496.0,0.15182124273033365,13.195613839143922,12.818551923022664,12.926371613756757,411009.5025442667
True,True,2025-12-22,1300000.0,34.1503,-117.639874,3666.0,690 - Upland,True,6.0,0.4601,1989.0,3.0,Upland,5.0,True,2.0,Two,20040.0,False,6.0,Upland,91784,0.0,20040.0,354.6099290780142,1.6666666666666667,36.0,0,733.2,0.18293413173652695,14.077874822431765,13.815510557964274,14.238619885377123,1526701.1971349295
True,False,2025-12-02,575000.0,34.243879,-116.85876299999998,1274.0,MOON - Moonridge,False,2.0,0.18,1978.0,2.0,Big Bear City,3.0,True,1.0,One,7840.0,False,2.0,San Bernardino City Unified,92314,213.0,7840.0,451.3343799058085,1.5,47.0,0,424.6666666666667,0.1625,13.262125319779487,12.965709567358951,12.878642156483828,391853.0423363142
False,False,2025-12-08,495000.0,33.805446999999994,-117.210904,1036.0,699 - Not Defined,True,2.0,0.09,1987.0,2.0,Perris,3.0,True,1.0,One,3920.0,False,2.0,Perris Union High,92571,0.0,3920.0,477.7992277992278,1.5,38.0,0,345.3333333333333,0.2642857142857143,13.112313041550827,13.214938819306386,13.047435785257822,463905.3323375402
True,False,2025-12-23,2475000.0,34.449131,-119.244726,1955.0,VC11 - Ojai,True,4.0,0.18,1957.0,3.0,Ojai,2.0,False,1.0,One,7840.0,False,2.0,Paso Robles Joint Unified,93023,0.0,7840.0,1265.9846547314578,0.6666666666666666,68.0,0,977.5,0.2493622448979592,14.721750953984929,13.983564142960525,14.077914324834223,1300051.354137495
True,True,2025-12-18,1750000.0,33.545037,-117.016603,3506.0,216 - Temecula-Wine Country,True,8.0,4.61,1990.0,3.0,Temecula,3.0,True,1.0,"Two,One",200812.0,False,3.0,Temecula Unified,92592,0.0,200812.0,499.14432401597264,1.0,35.0,0,1168.6666666666667,0.01745911598908432,14.375126345899696,13.580420735596498,14.057404357481909,1273658.9224415005
True,False,2025-12-09,520000.0,39.420121,-123.801525,1300.0,FBE - Fort Bragg East,True,1.0,0.19,1948.0,2.0,Fort Bragg,4.0,False,2.0,Two,0.19,False,1.0,Desert Sands Unified,95437,0.0,8276.4,400.0,2.0,77.0,0,325.0,0.15707312358030062,13.16158409055761,13.317924750600472,13.265489027082195,576937.3882758836
True,True,2025-12-08,3925000.0,32.999567,-117.264119,3831.0,92075 - Solana Beach,True,8.0,0.6589,1993.0,5.0,Solana Beach,4.0,True,2.0,Two,28700.0,False,2.0,Solana Beach,92075,0.0,28700.0,1024.5366744975202,0.8,32.0,0,957.75,0.1334843205574913,15.182876909198646,14.775818175255203,15.117211648608272,3675543.785801285
True,False,2025-12-23,1172000.0,34.118906,-118.217161,1860.0,618 - Eagle Rock,True,2.0,0.1434,1927.0,2.0,Los Angeles,4.0,False,2.0,Two,6246.0,False,2.0,Los Angeles Unified,90041,0.0,6246.0,630.1075268817204,2.0,98.0,0,465.0,0.297790585975024,13.974222249119094,14.115615150414612,14.18020204764353,1440069.663256543
True,False,2025-12-22,795000.0,33.874955,-117.483566,3218.0,252 - Riverside,True,2.0,0.2,2007.0,3.0,Riverside,5.0,True,2.0,Two,8712.0,False,2.0,Alvord Unified,92503,195.0,8712.0,247.0478558110628,1.6666666666666667,18.0,0,643.6,0.3693755739210285,13.58609739363647,13.399995114002609,13.527460116021533,749723.7737615631
True,True,2025-12-09,655000.0,34.616749,-118.188187,2622.0,PLM - Palmdale,True,3.0,0.2603,1990.0,3.0,Palmdale,5.0,True,2.0,Two,11338.0,False,3.0,Antelope Valley Union,93551,0.0,11338.0,249.8093058733791,1.6666666666666667,35.0,0,524.4,0.23125771741047804,13.39239051461739,13.345506928718539,13.452940383788604,695885.4787753539
True,False,2025-12-10,1151000.0,36.988047,-120.919905,4563.0,PLM - Palmdale,True,6.0,40.5409,2008.0,4.0,Los Banos,4.0,True,2.0,Two,1765960.0,False,6.0,Los Banos Unified,93635,0.0,1765960.0,252.2463291694061,1.0,17.0,0,1140.75,0.0025838637341729143,13.95614168770402,13.085680023156335,14.065724032026063,1284299.5520682374
False,True,2025-12-29,1170000.0,36.57807236,-121.89978531,1526.0,699 - Not Defined,True,1.0,1.65,2015.0,2.0,Carmel,2.0,True,1.0,One,71874.0,False,1.0,Other,93923,0.0,71874.0,766.7103538663172,1.0,10.0,0,763.0,0.021231599743996438,13.972514306773938,14.65737492047145,14.282568216897126,1595293.383679321
True,True,2025-12-29,615000.0,34.092244,-116.415753,2390.0,DC534 - Golden Bee Area,True,9.0,0.32,2006.0,3.0,Yucca Valley,4.0,True,1.0,One,13940.0,False,3.0,Morongo Unified,92284,0.0,13940.0,257.32217573221754,1.3333333333333333,19.0,0,597.5,0.1714490674318508,13.329377546788654,12.86876061860541,13.1000270970011,488955.66366811044
True,False,2025-12-12,899000.0,33.733838,-117.857692,1635.0,69 - Santa Ana South of First,True,2.0,0.1412,1955.0,2.0,Santa Ana,5.0,True,1.0,One,6150.0,False,2.0,Santa Ana Unified,92707,0.0,6150.0,549.8470948012232,2.5,70.0,0,327.0,0.2658536585365854,13.709038313453757,13.695600261291716,13.676186058572346,869945.6858046658
True,False,2025-12-04,475000.0,36.553751,-119.585677,1020.0,699 - Not Defined,False,2.0,7.04,1940.0,2.0,Selma,3.0,False,1.0,One,306662.0,False,2.0,Selma Unified,93662,0.0,306662.0,465.6862745098039,1.5,85.0,0,340.0,0.003326137571658699,13.071070083016778,12.896716695872,12.907079625774365,403156.30759765476
True,True,2025-12-04,548000.0,33.829316,-116.46796,1809.0,335 - Cathedral City North,True,4.0,0.18,2000.0,2.0,Cathedral City,3.0,True,1.0,One,7840.0,False,2.0,Palm Springs Unified,92234,0.0,7840.0,302.9297954671089,1.5,25.0,0,603.0,0.23073979591836735,13.214030565930152,13.224919965729422,13.216321107539207,549256.6554631463
True,False,2025-12-23,255000.0,34.589291,-117.781324,1120.0,PLM - Palmdale,True,0.0,17.1368,1958.0,1.0,Palmdale,2.0,True,1.0,One,746478.0,False,0.0,Antelope Valley Union,93591,0.0,746478.0,227.67857142857144,2.0,67.0,0,560.0,0.0015003791136510387,12.449018824140563,12.911642346088676,12.774940855571447,353253.37532859156
True,False,2025-12-26,1500000.0,34.127033000000004,-118.418997,2415.0,C02 - Beverly Hills Post Office,True,4.0,0.3669,1954.0,3.0,Beverly Hills,2.0,True,1.0,"Two,One",15980.0,False,2.0,Coachella Valley Unified,90210,0.0,15980.0,621.1180124223603,0.6666666666666666,71.0,0,1207.5,0.1511264080100125,14.22097566607244,15.053884789007542,14.891051334582135,2931577.8006846574
True,False,2025-12-19,610000.0,34.440218,-117.630198,2360.0,PINH - Pinon Hills,True,4.0,2.1582,2025.0,3.0,Pinon Hills,4.0,True,1.0,One,94010.0,True,4.0,Snowline Joint Unified,92372,0.0,94010.0,258.47457627118644,1.3333333333333333,0.0,0,590.0,0.02510371237102436,13.321214236149494,13.094474869669831,13.38424099859773,649683.7588264033
False,True,2025-12-08,425000.0,34.711848,-118.146053,1781.0,LAC - Lancaster,True,2.0,0.1334,1957.0,3.0,Lancaster,4.0,True,1.0,One,5812.0,False,2.0,Antelope Valley Union,93534,0.0,5812.0,238.6299831555306,1.3333333333333333,68.0,0,445.25,0.3064349621472815,12.959844447906553,12.971540487669746,12.994214293999413,439861.10869215894
True,True,2025-12-29,1250000.0,33.72271,-116.957874,6017.0,SRCAR - Southwest Riverside County,True,5.0,0.78,2006.0,4.0,Hemet,5.0,True,2.0,Two,33977.0,False,5.0,Hemet Unified,92544,0.0,33977.0,207.7447232840286,1.25,19.0,0,1203.4,0.17709038467198399,14.038654109278484,13.081541382884074,13.967657641652139,1164331.4780060642
True,False,2025-12-01,445000.0,36.824943,-119.813571,1828.0,92025 - Escondido,True,2.0,0.2726,1971.0,2.0,Fresno,3.0,True,1.0,One,11875.0,False,2.0,Fresno Unified,93711,0.0,11875.0,243.4354485776805,1.5,54.0,0,609.3333333333334,0.15393684210526315,13.005829561148378,13.520251361626656,13.545897906843,763675.2458038292
True,False,2025-12-01,1600000.0,34.095809,-117.641712,3830.0,690 - Upland,True,2.0,0.241,1952.0,7.0,Upland,10.0,False,1.0,One,10500.0,False,0.0,Murrieta,91786,148.0,10500.0,417.7545691906005,1.4285714285714286,73.0,0,383.0,0.3647619047619048,14.28551418721001,13.554145793829866,13.950948425800314,1145038.0499323758
True,False,2025-12-09,250000.0,39.008224,-122.778258,1144.0,LCRH - Riviera Heights,True,2.0,0.16,1973.0,2.0,Kelseyville,2.0,True,2.0,Two,6970.0,False,2.0,Kelseyville Unified,95451,475.0,6970.0,218.53146853146853,1.0,52.0,0,572.0,0.16413199426111907,12.429216196844383,12.845288003152147,12.620892005375365,302819.4418466278
False,False,2025-12-03,390000.0,34.1334,-117.28171,834.0,274 - San Bernardino,False,1.0,0.1653,1926.0,1.0,San Bernardino,2.0,False,1.0,One,7200.0,False,1.0,San Bernardino City Unified,92404,0.0,7200.0,467.62589928057554,2.0,99.0,0,417.0,0.11583333333333333,12.873902018105829,13.142166004700508,12.90160381315695,400954.7324094137
False,False,2025-12-15,505000.0,37.8402241,-121.243482,1474.0,PLM - Palmdale,True,2.0,0.1352,2016.0,2.0,Manteca,2.0,False,1.0,One,5888.0,False,2.0,Newport Mesa Unified,95336,190.0,5888.0,342.60515603799183,1.0,9.0,0,737.0,0.25033967391304346,13.132313708257497,13.180632285528304,13.028222084336994,455077.07734151994
True,False,2025-12-22,365000.0,34.429721,-117.308478,960.0,HSP - Hesperia,True,0.0,0.1928,1971.0,1.0,Hesperia,3.0,False,1.0,One,8400.0,False,0.0,Hesperia Unified,92345,0.0,8400.0,380.2083333333333,3.0,54.0,0,320.0,0.11428571428571428,12.80765263256463,13.064514272196533,12.754441561506685,346085.648182366
True,True,2025-12-04,1000000.0,38.808109,-122.564943,2524.0,LCHVL - Hidden Valley Lake,False,8.0,0.96,1994.0,4.0,Hidden Valley Lake,3.0,True,2.0,Two,41818.0,False,2.0,Middletown Unified,95467,545.0,41818.0,396.1965134706815,0.75,31.0,0,841.3333333333334,0.06035678415993113,13.815510557964274,12.818551923022664,13.358835060898894,633385.8422824871
True,False,2025-12-24,524250.0,37.791197100000005,-122.211724,1193.0,699 - Not Defined,True,1.0,0.124,1931.0,2.0,Oakland,3.0,True,2.0,One,5400.0,False,1.0,Alameda City Unified,94602,475.0,5400.0,439.4383906119028,1.5,94.0,0,397.6666666666667,0.22092592592592591,13.169723948764167,13.92839261528267,13.787776851698291,972647.3422105914
True,False,2025-12-05,575000.0,33.746293,-117.134251,2705.0,SRCAR - Southwest Riverside County,True,2.0,0.27,2022.0,2.0,Homeland,4.0,False,1.0,One,11761.0,False,2.0,Perris Union High,92548,0.0,11761.0,212.56931608133087,2.0,3.0,0,676.25,0.2299974491964969,13.262125319779487,13.21676363885016,13.396449239764323,657663.8672668955
False,True,2025-12-12,1800000.0,33.765948,-117.982059,2289.0,59 - Westminster North of 405 & Westminster,False,2.0,0.517,1960.0,3.0,Westminster,4.0,True,1.0,One,22520.0,False,2.0,Westminster Unified,92683,0.0,22520.0,786.3695937090432,1.3333333333333333,65.0,0,572.25,0.1016429840142096,14.403297222866392,13.933293593620657,14.099600645597304,1328552.611521963
True,False,2025-12-22,275000.0,34.206695,-117.112542,1205.0,288 - Running Springs,False,0.0,0.1185,1931.0,2.0,Running Springs,2.0,True,2.0,Two,5160.0,False,0.0,Rim of the World,92382,0.0,5160.0,228.2157676348548,1.0,94.0,0,602.5,0.23352713178294573,12.524526376648708,12.793859310432293,12.640953270082052,308955.72786033066
False,False,2025-12-23,299000.0,36.935079,-120.05512,1056.0,SRCAR - Southwest Riverside County,True,1.0,0.15,1970.0,2.0,Madera,3.0,False,1.0,One,6534.0,False,1.0,Madera Unified,93637,0.0,6534.0,283.1439393939394,1.5,55.0,0,352.0,0.16161616161616163,12.608198852372823,12.92391243868049,12.752141762137242,345290.635162531
True,False,2025-12-08,866461.0,38.818739,-121.389746,3606.0,92131 - Scripps Miramar,True,2.0,0.139,2025.0,5.0,Roseville,5.0,False,1.0,"Two,One",6056.0,False,2.0,Brea-Olinda Unified,95747,0.0,6056.0,240.28313921242372,1.0,0.0,0,721.2,0.595442536327609,13.672172378469368,13.552523775541978,13.825180695346326,1009717.0442372024
True,False,2025-12-24,4700000.0,33.45025153,-117.65841154,3138.0,CB - Capistrano Beach,True,2.0,0.1133,1960.0,4.0,Dana Point,4.0,True,1.0,"Two,One",4935.0,False,2.0,Capistrano Unified,92624,90.0,4935.0,1497.7692797960483,1.0,65.0,0,784.5,0.6358662613981763,15.363073066680286,14.346138809026444,14.710095219333791,2446319.5274282335
True,False,2025-12-05,880000.0,33.854622,-118.002757,1132.0,82 - Buena Park,True,9.0,0.1501,1955.0,2.0,Buena Park,3.0,True,1.0,One,6540.0,False,2.0,Fullerton Joint Union High,90620,0.0,6540.0,777.3851590106007,1.5,70.0,0,377.3333333333333,0.1730886850152905,13.687677186454389,13.741593969296583,13.636916901539857,836445.7146939683
True,False,2025-12-10,800000.0,36.621611,-119.099832,2465.0,C06 - Brentwood,True,0.0,119.46,1958.0,2.0,Orosi,2.0,True,1.0,One,119.46,False,0.0,Cutler-Orosi Joint Unified,93647,0.0,5203677.6,324.54361054766736,1.0,67.0,0,1232.5,0.00047370344388745377,13.592367006650065,13.698976741708323,14.064768903612203,1283073.466701845
True,False,2025-12-19,792286.0,34.107316,-117.128271,3015.0,276 - Highland,True,3.0,0.1613,2024.0,3.0,Highland,5.0,False,2.0,Two,7025.0,True,3.0,Redlands Unified,92346,120.0,7025.0,262.7814262023217,1.6666666666666667,1.0,0,603.0,0.4291814946619217,13.582677716722749,13.28681753563043,13.461493868697575,701863.2536746211
True,True,2025-12-29,3650000.0,32.993364,-117.038324,9342.0,92064 - Poway,True,10.0,2.0,1994.0,8.0,Poway,7.0,True,2.0,Two,2.0,False,4.0,Poway Unified,92064,160.0,87120.0,390.70862770284737,0.875,31.0,0,1334.5714285714287,0.10723140495867768,15.110237725558674,14.042638194103073,15.276205376917535,4308952.430279559
False,False,2025-12-01,770000.0,36.93368071,-121.74298503,1562.0,699 - Not Defined,False,2.0,0.149,1956.0,2.0,Watsonville,4.0,True,1.0,One,6490.0,False,2.0,Other,95076,0.0,6490.0,492.9577464788732,2.0,69.0,0,390.5,0.24067796610169492,13.554145793829866,13.723849529400505,13.723338532082852,911948.2573479369
False,True,2025-12-24,3160000.0,33.96901,-117.827339,6506.0,616 - Diamond Bar,True,3.0,0.8078,1997.0,6.0,Diamond Bar,6.0,True,2.0,Two,35186.0,False,3.0,Walnut Valley Unified,91765,308.0,35186.0,485.7055026129726,1.0,28.0,0,1084.3333333333333,0.18490308645484,14.966082585563095,13.957010120237973,15.087717940138461,3568721.406404512
False,False,2025-12-17,1015000.0,33.688243,-117.984845,1009.0,16 - Fountain Valley / Northeast HB,True,2.0,0.1388,1959.0,2.0,Huntington Beach,3.0,False,1.0,One,6047.0,False,2.0,Huntington Beach Union High,92646,0.0,6047.0,1005.9464816650147,1.5,66.0,0,336.3333333333333,0.1668595998015545,13.830399170458024,14.19394699368452,13.932992260734068,1124661.0515733052
False,False,2025-12-11,692000.0,33.575992,-117.227973,2232.0,SRCAR - Southwest Riverside County,True,3.0,0.29,2002.0,3.0,Murrieta,4.0,True,1.0,One,12632.0,False,3.0,Murrieta,92562,0.0,12632.0,310.0358422939068,1.3333333333333333,23.0,0,558.0,0.17669411019632678,13.447341234599806,13.487006490992238,13.560259203898575,774721.744025863
True,False,2025-12-20,695000.0,40.274319,-120.5246774,3825.0,699 - Not Defined,False,4.0,11.57,2000.0,4.0,Janesville,4.0,True,1.0,Two,503989.2,False,2.0,Other,96114,0.0,503989.2,181.6993464052288,1.0,25.0,0,956.25,0.007589448345321686,13.45166712454693,12.99431043289581,13.797876258185385,982520.2745484709
True,False,2025-12-22,749000.0,33.940741,-118.338427,1348.0,102 - South Inglewood,False,9.0,0.1674,1953.0,2.0,Inglewood,3.0,False,1.0,One,7292.0,False,2.0,Inglewood Unified,90303,0.0,7292.0,555.6379821958457,1.5,72.0,0,449.3333333333333,0.18486012068019747,13.526494262499357,13.610329518603837,13.559847634998444,774402.9582554216
False,False,2025-12-08,1360000.0,33.24969071,-116.99208902,3307.0,92082 - Valley Center,True,8.0,0.1837,2025.0,4.0,Valley Center,4.0,True,1.0,One,8276.0,False,4.0,Chaffey Joint Union High,92082,0.0,7187.0,411.2488660417297,1.0,0.0,0,826.75,0.460136357311813,14.122995257712235,13.710150042306449,13.982785374770037,1182079.0758704066
True,False,2025-12-19,1680000.0,37.86606629999999,-122.14119159,3186.0,617 - Duarte,True,8.0,0.45,1956.0,3.0,Moraga,4.0,True,1.0,One,19602.0,False,4.0,Riverside Unified,94556,0.0,19602.0,527.3069679849341,1.3333333333333333,69.0,0,796.5,0.162534435261708,14.334304351379442,14.389310980891652,14.665741558330206,2340187.3736328892
True,True,2025-12-22,770000.0,34.225178,-118.434529,1579.0,PC - Panorama City,True,1.5,0.1358,1949.0,2.0,Panorama City,3.0,True,1.0,One,5916.0,False,1.5,Los Angeles Unified,91402,0.0,5916.0,487.6504116529449,1.5,76.0,0,526.3333333333334,0.26690331304935766,13.554145793829866,13.554145793829866,13.58582765675065,794785.5880944742
True,False,2025-12-01,1880000.0,33.52941,-117.624092,2515.0,SEND - Sendero,True,2.0,0.115,2013.0,3.0,Rancho Mission Viejo,4.0,True,2.0,Two,5011.0,False,2.0,Capistrano Unified,92694,250.0,5011.0,747.5149105367793,1.3333333333333333,12.0,0,628.75,0.5018958291758132,14.446782334806132,14.232573444874031,14.375511620110402,1750674.3597671054
True,False,2025-12-15,227000.0,33.337774,-115.974596,1200.0,316 - Thermal,False,4.0,0.6609999999999999,1989.0,2.0,Thermal,2.0,False,1.0,One,28795.0,False,0.0,Perris Union High,92274,150.0,28795.0,189.16666666666663,1.0,36.0,0,600.0,0.041673901719048445,12.332705296463539,12.644327576461329,12.619083230687561,302272.2047687261
True,False,2025-12-17,455000.0,34.258,-116.850634,1642.0,BBC - Big Bear City,True,0.0,0.0872,1983.0,2.0,Big Bear City,3.0,True,1.0,"One,Two",3800.0,False,0.0,Bear Valley Unified,92314,0.0,3800.0,277.10109622411693,1.5,42.0,0,547.3333333333334,0.4321052631578947,13.028052697933088,12.965709567358951,12.894320294941325,398044.9807901575
False,False,2025-12-29,687896.0,33.696083,-117.372085,2517.0,SRCAR - Southwest Riverside County,True,2.0,0.1332,2025.0,3.0,Lake Elsinore,4.0,False,2.0,Two,5802.0,True,2.0,Lake Elsinore Unified,92530,124.0,5802.0,273.2999602701629,1.3333333333333333,0.0,0,629.25,0.43381592554291626,13.441392942698537,13.270783382522602,13.377422370798284,645268.8759146318
True,False,2025-12-30,760000.0,34.146457,-116.406661,2647.0,DC543 - Western Hills Estates,True,0.0,2.33,1991.0,3.0,Yucca Valley,2.0,True,2.0,Two,101494.0,False,0.0,Morongo Unified,92284,400.0,101494.0,287.1174914998111,0.6666666666666666,34.0,0,1323.5,0.026080359430114095,13.541073712262515,12.86876061860541,13.17145193777251,525156.6813797447
True,False,2025-12-16,400000.0,34.439394,-116.964145,2204.0,LUV - Lucerne Valley,False,1.0,10.0,1920.0,3.0,Lucerne Valley,4.0,False,1.0,One,435600.0,False,1.0,Lucerne Valley Unified,92356,0.0,435600.0,181.48820326678765,1.3333333333333333,105.0,0,551.0,0.005059687786960514,12.89921982609012,12.619802404613942,12.942586541172249,417728.3171297604
False,False,2025-12-17,699000.0,34.007835,-117.594625,1800.0,686 - Ontario,True,2.0,0.0731,2023.0,3.0,Ontario,3.0,False,2.0,Two,3185.0,False,2.0,Mountain View,91761,228.0,3185.0,388.3333333333333,1.0,2.0,0,600.0,0.565149136577708,13.457406021215947,13.532323657186438,13.456851119557728,698612.2313375913
True,False,2025-12-16,1775000.0,32.991696000000005,-117.004052,2516.0,92064 - Poway,True,2.0,2.36,2025.0,3.0,Poway,4.0,False,1.0,One,2.36,True,2.0,Poway Unified,92064,0.0,102801.6,705.4848966613672,1.3333333333333333,0.0,0,629.0,0.024474327247824935,14.389310980891652,14.042638194103073,14.149942129678724,1397145.982167967
False,False,2025-12-19,655000.0,33.925713,-117.493997,1258.0,252 - Riverside,True,2.0,0.16,1983.0,2.0,Riverside,4.0,True,1.0,One,6970.0,False,2.0,Alvord Unified,92505,0.0,6970.0,520.6677265500795,2.0,42.0,0,314.5,0.18048780487804877,13.39239051461739,13.38779984090879,13.285936551287458,588855.7648801791
True,False,2025-12-03,240000.0,38.791575,-122.548894,1476.0,LCHVL - Hidden Valley Lake,True,6.0,0.24,1978.0,2.0,Hidden Valley Lake,3.0,True,1.0,One,10454.0,False,2.0,Middletown Unified,95467,310.0,10454.0,162.60162601626016,1.5,47.0,0,492.0,0.14118997512913717,12.388394202324129,12.818551923022664,12.715703671943885,332935.3719650316
True,True,2025-12-18,4200000.0,34.124699,-118.025492,8667.0,605 - Arcadia,True,3.0,0.4736,2020.0,7.0,Arcadia,6.0,True,2.0,Two,20632.0,False,3.0,Arcadia Unified,91006,0.0,20632.0,484.59674627898926,0.8571428571428571,5.0,0,1444.5,0.4200756107018224,15.250595083253597,14.32771348302841,15.596960727183431,5938461.95207518
True,False,2025-12-09,1100000.0,33.91367,-117.373777,2848.0,252 - Riverside,True,2.0,0.6545,2022.0,3.0,Riverside,4.0,False,1.0,One,28510.0,False,2.0,Riverside Unified,92506,208.0,28510.0,386.23595505617976,1.3333333333333333,3.0,0,712.0,0.09989477376359172,13.9108207377686,13.493926933836812,13.909198255809194,1098216.7169081771
False,False,2025-12-29,730000.0,33.926784999999995,-118.34069,1214.0,108 - North Hawthorne,True,0.0,0.1336,1956.0,2.0,Hawthorne,4.0,False,1.0,One,5821.0,False,0.0,Hawthorne,90250,0.0,5821.0,601.3179571663921,2.0,69.0,0,303.5,0.20855523105995533,13.500799813124575,13.710150042306449,13.623840502681318,825579.2190607265
False,False,2025-12-29,444000.0,34.515593,-117.195656,1710.0,APPV - Apple Valley,True,2.0,0.986,2004.0,2.0,Apple Valley,4.0,True,1.0,One,42952.0,False,2.0,Apple Valley Unified,92307,0.0,42952.0,259.64912280701753,2.0,21.0,0,427.5,0.039811883032222016,13.003579841414362,13.049792684569493,13.066961961962852,473052.64522270096
False,False,2025-12-02,700000.0,34.018169,-118.06592,1749.0,649 - Pico Rivera,True,2.0,0.1132,1957.0,2.0,Pico Rivera,3.0,True,1.0,One,4933.0,False,2.0,El Rancho Unified,90660,0.0,4933.0,400.22870211549457,1.5,68.0,0,583.0,0.3545509831745388,13.458835614025542,13.527828485512494,13.548395355238434,765584.8689211227
False,False,2025-12-23,615000.0,34.628098,-118.227105,2202.0,PLM - Palmdale,True,3.0,0.4899,1990.0,3.0,Palmdale,4.0,True,1.0,One,21340.0,False,3.0,Apple Valley Unified,93551,127.0,21340.0,279.291553133515,1.3333333333333333,35.0,0,550.5,0.10318650421743206,13.329377546788654,13.345506928718539,13.474360349886547,710952.1094358773
True,False,2025-12-03,600000.0,33.773794,-117.452584,1326.0,248 - Corona,True,2.0,0.08,2023.0,2.0,Corona,2.0,False,1.0,One,3485.0,False,2.0,Corona-Norco Unified,92883,380.0,3485.0,452.4886877828054,1.0,2.0,0,663.0,0.3804878048780488,13.304684934198283,13.547957803444275,13.285160829046312,588399.1534912364
True,False,2025-12-19,1245000.0,34.173146,-119.23361,1989.0,VC32 - Oxnard - Port Hueneme Beaches,True,2.0,0.06,2002.0,3.0,Oxnard,3.0,True,2.0,Two,2613.0,False,2.0,Vista Unified,93035,270.0,2613.0,625.9426847662141,1.0,23.0,0,663.0,0.7611940298507462,14.034646087880946,14.077874822431765,13.995906289131367,1197691.2331025589
True,True,2025-12-29,1287500.0,38.25793204,-122.963279,2200.0,699 - Not Defined,True,3.0,0.2176,2001.0,3.0,Dillon Beach,3.0,True,1.0,One,9480.0,False,3.0,Shoreline Unified,94929,950.0,9480.0,585.2272727272727,1.0,24.0,0,733.3333333333334,0.2320675105485232,14.068212911520028,13.698976741708323,13.783489029754142,968485.7320904162
False,False,2025-12-19,915000.0,34.22757,-118.557125,1550.0,NR - Northridge,True,2.0,0.1716,1957.0,2.0,Northridge,3.0,True,1.0,One,7473.0,False,2.0,Los Angeles Unified,91324,0.0,7473.0,590.3225806451613,1.5,68.0,0,516.6666666666666,0.20741335474374414,13.726679344257658,13.767367980495198,13.726599272557754,914926.7373277603
True,True,2025-12-01,1500000.0,34.12944,-118.641294,3159.0,CLB - Calabasas,True,2.0,0.1845,2006.0,4.0,Calabasas,3.0,True,2.0,Two,8035.0,False,2.0,Las Virgenes,91302,0.0,8035.0,474.8338081671415,0.75,19.0,0,1053.0,0.39315494710640947,14.22097566607244,14.473030560881067,14.712303848092567,2451728.510108249
True,False,2025-12-05,2800000.0,33.84039,-118.379121,3580.0,155 - S Redondo Bch N of Torrance Bl,True,2.0,0.0817,2024.0,4.0,Redondo Beach,4.0,True,2.0,ThreeOrMore,3560.0,False,2.0,Redondo Unified,90277,0.0,3560.0,782.1229050279329,1.0,1.0,0,895.0,1.0056179775280898,14.845129975145433,14.508657738524219,14.920808912278297,3020125.4018437853
False,False,2025-12-08,315000.0,35.333413,-119.047333,1406.0,BKSF - Bakersfield,True,2.0,0.1518,1961.0,2.0,Bakersfield,4.0,True,1.0,One,6613.0,False,2.0,Bakersfield City,93309,0.0,6613.0,224.0398293029872,2.0,64.0,0,351.5,0.21261152275820352,12.66032791780777,12.80765263256463,12.683334426045137,322331.0577575817
True,False,2025-12-03,2175000.0,33.992648,-118.45911,1634.0,C11 - Venice,True,1.0,0.0827,1921.0,4.0,Venice,4.0,True,2.0,Two,3601.0,False,2.0,Temecula Unified,90291,0.0,3601.0,1331.0893512851897,1.0,104.0,0,408.5,0.4537628436545404,14.592539222504922,14.66457824156197,14.497698503653746,1978201.1975351237
True,True,2025-12-08,700000.0,34.48681,-117.220493,4063.0,APPV - Apple Valley,True,3.0,0.691,1990.0,4.0,Apple Valley,5.0,True,1.0,One,30100.0,False,3.0,Apple Valley Unified,92308,0.0,30100.0,172.28648781688406,1.25,35.0,0,812.6,0.13498338870431895,13.458835614025542,12.936033799212835,13.546825212643263,764383.7347309567
True,False,2025-12-19,560000.0,34.219938,-117.392316,2042.0,274 - San Bernardino,False,0.0,4.1,1970.0,2.0,San Bernardino,3.0,False,1.0,One,178596.0,False,0.0,San Bernardino City Unified,92407,0.0,178596.0,274.2409402546523,1.5,55.0,0,680.6666666666666,0.011433626732961544,13.235692062711331,13.304684934198283,13.484467912109292,718174.5412201631
True,False,2025-12-26,829000.0,35.92892262,-121.07844836,2198.0,699 - Not Defined,False,4.0,7.67,1990.0,2.0,Lockwood,3.0,True,1.0,Two,334105.0,False,0.0,Other,93932,445.0,334105.0,377.1610555050045,1.5,35.0,0,732.6666666666666,0.006578770147109441,13.627975434117433,13.265328647110817,13.469079819390187,707207.7998116526
True,False,2025-12-19,315000.0,34.855222,-119.170348,1924.0,PMCL - Pine Mountain Club,True,0.0,0.2334,1977.0,1.0,Pine Mountain Club,2.0,True,2.0,Two,10167.0,False,0.0,El Tejon Unified,93225,1961.0,10167.0,163.7214137214137,2.0,48.0,0,962.0,0.1892396970591128,12.66032791780777,12.793859310432293,12.78087932272108,355357.4000510579
False,False,2025-12-12,665000.0,33.989935,-118.28451499999998,1100.0,C42 - Downtown L.A.,True,1.0,0.1029,1912.0,2.0,Los Angeles,2.0,False,1.0,One,4483.0,False,2.0,Orange Unified,90037,0.0,4483.0,604.5454545454545,1.0,113.0,0,550.0,0.24537140307829577,13.407542319637992,13.42984807715229,13.332015334259621,616624.3807383645
True,False,2025-12-02,631588.0,39.042358,-122.93267,3929.0,LCLPN - Lakeport North,True,10.0,3.04,1982.0,3.0,Lakeport,5.0,True,1.0,ThreeOrMore,132422.0,False,2.0,Lakeport Unified,95453,0.0,132422.0,160.75031814711122,1.6666666666666667,43.0,0,785.8,0.029670296476416304,13.355992561816446,12.89167886987763,13.479383976885655,714532.6537773963
False,False,2025-12-04,255500.0,33.686132,-116.188726,954.0,315 - Coachella,True,2.0,0.1,1980.0,1.0,Coachella,2.0,False,1.0,One,4356.0,False,1.0,Coachella Valley Unified,92236,0.0,4356.0,267.8197064989518,2.0,45.0,0,477.0,0.2190082644628099,12.450977688625896,13.12126236606766,12.779351644576126,354814.94277291506
True,True,2025-12-02,1600000.0,33.152781,-117.330942,2278.0,92008 - Carlsbad,False,2.0,0.1837,1970.0,3.0,Carlsbad,4.0,False,1.0,"One,Two",8000.0,False,2.0,Carlsbad Unified,92008,0.0,8000.0,702.3705004389816,1.3333333333333333,55.0,0,569.5,0.28475,14.28551418721001,14.403297222866392,14.381648716741706,1761451.4536907063
True,False,2025-12-07,265000.0,35.319315,-118.390538,1068.0,CLTE - Caliente,True,0.0,20.3,1993.0,2.0,Caliente,3.0,False,1.0,One,884268.0,False,2.0,Upland,93518,0.0,884268.0,248.12734082397003,1.5,32.0,0,356.0,0.001207778637245722,12.487485104968359,13.698976741708323,13.49909753012071,728758.3904923857
True,True,2025-12-08,700000.0,33.76086,-116.408544,3160.0,321 - Rancho Mirage,True,5.0,0.1582,1978.0,3.0,Rancho Mirage,3.0,True,1.0,One,6890.0,False,3.0,Sweetwater Union,92270,1709.0,6890.0,221.51898734177217,1.0,47.0,0,1053.3333333333333,0.45863570391872277,13.458835614025542,13.9108207377686,14.079013884452014,1301481.6242971097
True,False,2025-12-24,955000.0,37.621012,-122.03822779,1559.0,23 - Lakewood Park,True,2.0,0.1149,1955.0,2.0,Hayward,6.0,False,1.0,One,5005.0,False,2.0,San Diego Unified,94544,0.0,5005.0,612.5721616420783,3.0,70.0,0,259.8333333333333,0.3114885114885115,13.769466619462868,13.732128949025222,13.666317334406468,861402.6555317353
True,True,2025-12-19,3600000.0,34.239548,-116.95602,7236.0,289 - Big Bear Area,True,0.0,0.84,1991.0,9.0,Big Bear,9.0,True,1.0,MultiSplit,36592.0,False,2.0,Antelope Valley Union,92315,0.0,36592.0,497.5124378109453,1.0,34.0,0,804.0,0.19774814167031046,15.096444403426338,13.398478813484644,14.524446011531886,2031827.1326195463
True,False,2025-12-12,725000.0,39.742752,-121.690029,2409.0,614 - Covina,True,2.0,1.01,1988.0,3.0,Chico,3.0,True,2.0,Two,1.01,False,2.0,Chico Unified,95928,0.0,43995.6,300.9547530095475,1.0,37.0,0,803.0,0.054755475547554756,13.493926933836812,13.078384738024758,13.314921495396883,606173.4804158265
False,False,2025-12-17,595000.0,37.74312144,-122.17056457,1545.0,699 - Not Defined,False,2.0,0.0842,1946.0,3.0,Oakland,3.0,True,1.0,One,3666.0,False,0.0,Other,94603,0.0,3666.0,385.1132686084142,1.0,79.0,0,515.0,0.4214402618657938,13.296316684527767,13.146062737589267,13.194096059672281,537184.0540139296
True,True,2025-12-02,435000.0,34.103087,-116.424163,1582.0,DC524 - Storey Park,True,2.0,0.4129,1972.0,2.0,Yucca Valley,4.0,False,1.0,One,17985.0,False,2.0,Morongo Unified,92284,0.0,17985.0,274.968394437421,2.0,53.0,0,395.5,0.08796219071448429,12.983101310070822,12.86876061860541,12.86645611965015,387106.8838931838
True,False,2025-12-23,270000.0,34.885055,-117.006234,1144.0,BSTW - Barstow,True,2.0,0.2505,1966.0,2.0,Barstow,3.0,False,1.0,One,10912.0,False,2.0,Barstow Unified,92311,0.0,10912.0,236.01398601398603,1.5,59.0,0,381.3333333333333,0.10483870967741936,12.506177237980511,12.556723317938081,12.4648796065171,259076.74421915875
False,False,2025-12-02,750000.0,34.238589000000005,-116.868973,2189.0,MOON - Moonridge,False,4.0,0.1148,1976.0,4.0,Big Bear,5.0,True,2.0,Two,5000.0,False,0.0,Whittier Union High,92315,270.0,5000.0,342.6222019186843,1.25,49.0,0,437.8,0.4378,13.527828485512494,13.398478813484644,13.548832886416717,765919.909460894
False,False,2025-12-29,715000.0,37.7753,-121.2601352,2916.0,669 - West Covina,True,3.0,0.1405,2025.0,3.0,Manteca,4.0,False,2.0,Two,6120.0,False,3.0,Capistrano Unified,95337,0.0,6120.0,245.19890260631,1.3333333333333333,0.0,0,729.0,0.4764705882352941,13.480037821676145,13.415032991367148,13.530625159094212,752100.4409411049
True,False,2025-12-10,265000.0,39.476144,-121.3752,685.0,82 - Buena Park,True,1.0,4.5,2008.0,1.0,Oroville,1.0,True,1.0,One,4.5,False,1.0,Oroville Union,95966,0.0,196020.0,386.86131386861314,1.0,17.0,0,685.0,0.003494541373329252,12.487485104968359,12.821258284620408,12.696687417399273,326664.00611490646
True,True,2025-12-01,1780000.0,33.704037,-116.288539,3164.0,313 - La Quinta South of HWY 111,True,2.0,0.22,1993.0,5.0,La Quinta,4.0,True,1.0,One,9583.0,False,2.0,Capistrano Unified,92253,533.0,9583.0,562.5790139064476,0.8,32.0,0,791.0,0.3301680058436815,14.392123922268269,13.545013310266594,14.141103252374933,1384851.1963525934
True,False,2025-12-22,495000.0,37.179506,-119.803325,2229.0,YG20 - Coarsegold,True,2.0,5.34,2011.0,3.0,Coarsegold,3.0,True,1.0,MultiSplit,5.34,False,2.0,Yosemite Unified,93614,168.0,232610.4,222.07267833109017,1.0,14.0,0,743.0,0.009582546610125774,13.112313041550827,12.837330275499196,13.303080515476262,599038.1206017806
False,False,2025-12-18,1441000.0,37.45807801,-122.431373,2210.0,699 - Not Defined,True,2.0,0.1689999999999999,1975.0,3.0,Half Moon Bay,3.0,True,2.0,One,7361.0,False,2.0,Other,94019,62.0,7361.0,652.0361990950227,1.0,50.0,0,736.6666666666666,0.3002309468822171,14.180847874981659,14.346138809026444,14.35108412401644,1708427.857511971
True,True,2025-12-08,1344000.0,33.829163,-117.871176,2336.0,78 - Anaheim East of Harbor,True,2.0,0.1676,1988.0,3.0,Anaheim,4.0,True,1.0,One,7300.0,False,2.0,Anaheim Union High,92806,0.0,7300.0,575.3424657534247,1.3333333333333333,37.0,0,584.0,0.32,14.111160800065232,13.825460888817442,13.97837717576665,1176879.7044178643
True,False,2025-12-19,381000.0,39.927657,-122.179156,2534.0,699 - Not Defined,True,3.0,0.15,1910.0,3.0,Corning,4.0,True,2.0,Two,0.15,False,3.0,Corning Union,96021,0.0,6534.0,150.35516969218628,1.3333333333333333,115.0,0,633.5,0.3878175696357515,12.850554654108839,12.714366872124934,12.928228928574342,411773.58593556285
False,False,2025-12-04,972500.0,34.422838,-118.528229,3107.0,RVLG - River Village,True,3.0,0.1304,2010.0,3.0,Saugus,4.0,True,2.0,Two,5680.0,False,3.0,William S. Hart Union,91350,185.0,5680.0,313.00289668490507,1.3333333333333333,15.0,0,776.75,0.5470070422535211,13.787625354474738,13.652991628466498,13.837185097771597,1021911.1389457559
False,False,2025-12-19,741600.0,34.051377,-118.329871,1699.0,C16 - Mid Los Angeles,False,2.0,0.0982,1920.0,2.0,Los Angeles,4.0,False,1.0,One,4278.0,False,2.0,Los Angeles Unified,90019,0.0,4278.0,436.4920541494997,2.0,105.0,0,424.75,0.39714820009350166,13.516565293233782,14.151982794585487,14.11489653071794,1349030.2119056408
False,False,2025-12-08,2555000.0,34.263005,-118.516118,8305.0,GH - Granada Hills,True,20.0,1.0356,1959.0,11.0,Granada Hills,16.0,True,1.0,One,45110.0,False,4.0,Los Angeles Unified,91344,0.0,45110.0,307.64599638771824,1.4545454545454546,66.0,0,519.0625,0.18410551984039017,14.753562781619943,13.892471599100402,14.753113713406217,2553852.888298911
True,True,2025-12-03,1700000.0,34.204,-118.672715,4661.0,BC - Bell Canyon,True,3.0,1.279,1986.0,3.0,Bell Canyon,4.0,True,2.0,ThreeOrMore,55713.0,False,3.0,Capistrano Unified,91307,410.0,55713.0,364.7285990130873,1.3333333333333333,39.0,0,1165.25,0.08366090499524348,14.346138809026444,13.849911984681606,14.570657787326844,2127924.7933043805
True,False,2025-12-01,320000.0,33.742821,-116.706274,1200.0,222 - Idyllwild,True,0.0,0.16,1941.0,3.0,Idyllwild,2.0,True,2.0,Two,6970.0,False,3.0,Corona-Norco Unified,92549,115.0,6970.0,266.6666666666667,0.6666666666666666,84.0,0,600.0,0.17216642754662842,12.676076274775909,13.132313708257497,13.103985299327636,490894.88449593825
True,False,2025-12-30,900000.0,34.310154,-118.404473,3606.0,SYL - Sylmar,True,4.0,82.421,2002.0,3.0,Sylmar,5.0,False,2.0,Two,3590259.0,False,2.0,Other,91342,230.0,3590259.0,249.58402662229616,1.6666666666666667,23.0,0,721.2,0.0010043843633565155,13.710150042306449,13.667586227071855,14.184630738193231,1446461.4292950795
True,False,2025-12-02,260000.0,33.34811229,-116.72249171,1400.0,92086 - Warner Springs,True,6.0,152.5096,2005.0,2.0,Warner Springs,2.0,False,1.0,One,6643317.0,False,3.0,Downey Unified,92086,372.0,6643317.0,185.7142857142857,1.0,20.0,0,700.0,0.00021073809965714416,12.468436909997665,13.18997835203438,13.185030938195471,532336.4206980497
True,True,2025-12-18,5400000.0,34.077927,-118.386403,3067.0,C10 - West Hollywood Vicinity,True,0.0,0.0896,2024.0,5.0,West Hollywood,4.0,True,2.0,Two,3904.0,True,2.0,Barstow Unified,90048,3399.52,3904.0,1760.6781871535702,0.8,1.0,0,766.75,0.7856045081967213,15.501909511534503,14.718711430946737,15.056781896973677,3460009.5148046855
False,False,2025-12-12,649998.0,34.073471000000005,-117.680506,1610.0,686 - Ontario,False,2.0,0.1438,1956.0,2.0,Ontario,4.0,True,1.0,One,6262.0,False,2.0,Ontario-Montclair,91762,0.0,6262.0,403.7254658385093,2.0,69.0,0,402.5,0.25710635579687,13.384724564944008,13.530491602931978,13.538443537142742,758003.6933778187
False,False,2025-12-17,2283000.0,34.034286,-117.872393,5884.0,686 - Ontario,True,4.0,0.5246,1995.0,8.0,Walnut,6.0,True,2.0,Two,22852.0,False,4.0,Oceanside Unified,91789,0.0,22852.0,388.0013596193066,0.75,30.0,0,980.6666666666666,0.2574829336600735,14.641000925511932,13.963930563082547,14.995122922508747,3253112.9365346506
True,True,2025-12-03,940000.0,34.498296999999994,-118.251469,3331.0,ACTO - Acton,True,2.0,5.0956,1991.0,4.0,Acton,4.0,True,1.0,"Two,One",221965.0,False,2.0,Acton-Agua Dulce Unified,93510,0.0,221965.0,282.1975382767937,1.0,34.0,0,832.75,0.015006870452548825,13.753635154246187,13.616449491037821,14.177042297741197,1435526.5845548066
True,True,2025-12-02,8150000.0,34.008534000000004,-118.804572,4000.0,C33 - Malibu,True,5.0,0.7479,1979.0,6.0,Malibu,4.0,True,2.0,Two,32578.0,False,0.0,Santa Monica-Malibu Unified,90265,181.0,32578.0,2037.5,0.6666666666666666,46.0,0,1000.0,0.12278224568727363,15.913528485217045,15.02369061159072,15.393135206554106,4843437.270811446
True,False,2025-12-17,214000.0,39.120899,-122.834809,1492.0,LCNIC - Nice,True,2.0,0.12,1975.0,3.0,Nice,3.0,True,2.0,Two,5227.0,False,1.0,Upper Lake Union,95464,0.0,5227.0,143.43163538873995,1.0,50.0,0,497.3333333333333,0.28544097952936676,12.273731294003989,12.409013489526863,12.546723469320913,281172.45229855785
True,False,2025-12-05,860000.0,34.398528000000006,-119.294888,1958.0,VC11 - Ojai,False,2.0,0.16,1965.0,2.0,Oak View,4.0,True,1.0,One,6969.0,False,2.0,Saddleback Valley Unified,93022,0.0,6969.0,439.2236976506639,2.0,60.0,0,489.5,0.2809585306356723,13.664687668229691,13.800924869314134,13.830868798703952,1015476.7846166143
True,False,2025-12-08,730000.0,34.126153,-116.276423,1453.0,DC613 - Hospital District,False,1.0,1.53,1958.0,2.0,Joshua Tree,3.0,False,1.0,One,66646.0,False,1.0,Morongo Unified,92252,0.0,66646.0,502.40880935994494,1.5,67.0,0,484.3333333333333,0.021801758545148996,13.500799813124575,12.871334622600584,12.875809249092027,390744.5298541338
False,False,2025-12-30,387000.0,35.087109000000005,-118.623146,1863.0,THP - Tehachapi,True,2.0,0.2944,2005.0,2.0,Tehachapi,4.0,True,1.0,One,12826.0,False,2.0,Other,93561,0.0,12826.0,207.72946859903385,2.0,20.0,0,465.75,0.14525183221581164,12.866179972011919,13.060487973686241,13.060269033245378,469897.10925667756
False,False,2025-12-09,1275000.0,33.483294,-117.291361,3515.0,SRCAR - Southwest Riverside County,True,4.0,9.47,2006.0,3.0,Temecula,4.0,True,1.0,One,412513.0,False,4.0,Murrieta,92590,0.0,412513.0,362.7311522048364,1.3333333333333333,19.0,0,878.75,0.008520943582384071,14.058456736574664,14.122627543054662,14.275851130580499,1584613.5690944134
False,False,2025-12-19,535000.0,34.577477,-118.13522,2020.0,PLM - Palmdale,True,0.0,0.154,1986.0,3.0,Palmdale,4.0,True,2.0,Two,6707.0,False,3.0,Newport Mesa Unified,93551,375.0,6707.0,264.8514851485148,1.3333333333333333,39.0,0,505.0,0.30117787386312805,13.190022025878143,13.345506928718539,13.331578728937778,616355.2180153704
True,True,2025-12-04,1500000.0,33.802798,-116.532375,3743.0,334 - South End Palm Springs,True,1.0,0.35,1956.0,4.0,Palm Springs,4.0,True,1.0,One,15246.0,False,2.0,Other,92264,0.0,15246.0,400.74806305102857,1.0,69.0,0,935.75,0.24550701823429097,14.22097566607244,14.077874822431765,14.593405747570086,2176885.5088190795
True,False,2025-12-03,650000.0,33.895283,-117.573782,1323.0,248 - Corona,True,2.0,0.07,1997.0,3.0,Corona,3.0,True,2.0,Two,3049.0,False,2.0,Corona-Norco Unified,92878,81.0,3049.0,491.307634164777,1.0,28.0,0,441.0,0.43391275828140374,13.38472764187182,13.592054408953105,13.417030360079087,671339.5744036486
True,False,2025-12-24,435000.0,38.0141801,-121.6391367,1172.0,274 - San Bernardino,False,0.0,0.1397,1983.0,2.0,Bethel Island,3.0,True,2.0,Two,6084.0,False,0.0,Lake Elsinore Unified,94511,105.0,6084.0,371.160409556314,1.5,42.0,0,390.6666666666667,0.19263642340565418,12.983101310070822,13.64709190633931,13.450190922716791,693974.796617783
True,False,2025-12-22,440000.0,34.150369,-117.293705,1046.0,274 - San Bernardino,False,2.0,0.1653,1926.0,2.0,San Bernardino,3.0,False,1.0,One,7200.0,False,2.0,San Bernardino City Unified,92405,0.0,7200.0,420.65009560229447,1.5,99.0,0,348.6666666666667,0.14527777777777778,12.994530005894443,13.071070083016778,12.963906650269081,426729.94732323434
True,False,2025-12-18,915000.0,39.43292,-123.789866,1817.0,FBS - Fort Bragg South,False,2.0,14.0,1940.0,2.0,Fort Bragg,3.0,True,1.0,One,14.0,False,2.0,Chino Valley Unified,95437,65.0,609840.0,503.5773252614199,1.5,85.0,0,605.6666666666666,0.0029794700249245703,13.726679344257658,13.317924750600472,13.64053855734432,839480.5253744193
True,False,2025-12-01,725000.0,33.797583,-118.183147,1740.0,9 - Poly High,False,4.0,0.1202,1914.0,3.0,Long Beach,4.0,False,2.0,Two,5235.0,False,2.0,Long Beach Unified,90806,0.0,5235.0,416.6666666666667,1.3333333333333333,111.0,0,435.0,0.332378223495702,13.493926933836812,13.579788224443204,13.699304631868593,890291.8700906909
False,False,2025-12-15,627777.0,34.019535,-118.249144,1380.0,C42 - Downtown L.A.,True,0.0,0.1303,1904.0,2.0,Los Angeles,3.0,False,1.0,One,5678.0,False,0.0,Los Angeles Unified,90011,0.0,5678.0,454.9108695652174,1.5,121.0,0,460.0,0.24304332511447693,13.349940286847584,13.174002552131078,13.074881701199393,476813.9735278005
True,False,2025-12-31,2700000.0,37.41458,-119.970433,1642.0,MP1 - Mariposa 1,True,2.0,1888.0,1998.0,2.0,Mariposa,3.0,True,1.0,One,1888.0,False,2.0,Mariposa County Unified,95338,0.0,82241280.0,1644.3361753958586,1.5,27.0,0,547.3333333333334,1.996564255809248e-05,14.808762330974558,12.89921982609012,13.153425734079578,515774.91294927266
False,False,2025-12-12,1573813.0,33.877559999999995,-117.840558,2255.0,84 - Placentia,True,2.0,0.0892,2026.0,3.0,Placentia,4.0,False,2.0,Two,3886.0,True,2.0,Placentia-Yorba Linda Unified,92870,342.0,3886.0,697.9215077605321,1.3333333333333333,-1.0,0,563.75,0.5802882141019042,14.26901189531069,13.980176819817759,14.037788792015265,1248918.8212697494
True,True,2025-12-05,595000.0,33.751595,-116.224116,2405.0,309 - Indio North of East Valley,True,5.0,0.18,2006.0,3.0,Indio,4.0,True,1.0,One,7841.0,False,3.0,Temecula Unified,92203,210.0,7841.0,247.4012474012474,1.3333333333333333,19.0,0,601.25,0.3067210814947073,13.296316684527767,13.255142955086335,13.320742367030398,609712.227738113
False,False,2025-12-09,725000.0,33.901621,-118.335561,1192.0,111 - Bodger Park/El Camino,False,2.0,0.1339,1951.0,2.0,Hawthorne,3.0,False,1.0,One,5833.0,False,2.0,Centeniela Valley Union High,90250,0.0,5833.0,608.2214765100671,1.5,74.0,0,397.3333333333333,0.20435453454483113,13.493926933836812,13.710150042306449,13.635938908397017,835628.076408129
True,True,2025-12-16,4300000.0,33.794554999999995,-118.075576,5233.0,51 - Rossmoor,True,3.0,0.1969999999999999,2025.0,7.0,Rossmoor,6.0,True,2.0,Two,8580.0,True,3.0,Los Alamitos Unified,90720,0.0,8580.0,821.7083890693675,0.8571428571428571,0.0,0,872.1666666666666,0.6099067599067599,15.27412558066379,14.283636643008586,15.075177345189898,3524246.967584097
True,False,2025-12-16,1450000.0,32.667262,-116.989923,3244.0,91914 - Chula Vista,True,2.0,0.2112,2011.0,4.0,Chula Vista,4.0,True,2.0,Two,9202.0,False,2.0,Sweetwater Union,91914,145.0,9202.0,446.9790382244143,1.0,14.0,0,811.0,0.35253205824820694,14.187074114396758,14.0623706358958,14.324134268582936,1663000.848808507
True,True,2025-12-18,2625000.0,33.499671,-117.67897,2729.0,DO - Del Obispo,True,10.0,0.3674,1981.0,3.0,San Juan Capistrano,4.0,True,1.0,One,16002.0,False,3.0,Capistrano Unified,92675,0.0,16002.0,961.8908024917552,1.3333333333333333,44.0,0,682.25,0.17054118235220597,14.780591454007862,14.32231001513485,14.483051288752844,1949437.2297385966
True,False,2025-12-24,805000.0,34.04933,-117.444694,3467.0,264 - Fontana,True,3.0,0.7471,2005.0,4.0,Fontana,5.0,True,2.0,Two,32544.0,False,3.0,Fontana Unified,92337,0.0,32544.0,232.18921257571387,1.25,20.0,0,693.4,0.1065326941986234,13.5985975564007,13.304684934198283,13.778189609899153,963366.8949857122
True,False,2025-12-18,380000.0,34.456547,-117.236404,1972.0,APPV - Apple Valley,True,3.0,0.1235,2003.0,3.0,Apple Valley,2.0,True,1.0,One,5379.0,False,2.0,Apple Valley Unified,92308,98.83,5379.0,192.6977687626775,0.6666666666666666,22.0,0,986.0,0.36661089421825616,12.84792653170257,12.936033799212835,12.992122796423182,438942.10163497314
False,False,2025-12-02,705000.0,34.645145,-118.261001,4088.0,PLM - Palmdale,True,0.0,0.2899,1996.0,4.0,Palmdale,5.0,True,2.0,Two,12626.0,False,3.0,Antelope Valley Union,93551,0.0,12626.0,172.4559686888454,1.25,29.0,0,817.6,0.3237763345477586,13.465953081794405,13.345506928718539,13.789758777123053,974576.968263277
True,False,2025-12-12,1445000.0,33.900090000000006,-117.549276,3895.0,250 - Norco,True,4.0,0.87,2000.0,5.0,Norco,4.0,True,2.0,Two,37897.0,False,4.0,Corona-Norco Unified,92860,0.0,37897.0,370.9884467265725,0.8,25.0,0,973.75,0.1027785840567855,14.183619879528669,13.753635154246187,14.440814965146041,1868814.751487077
True,False,2025-12-09,710000.0,35.39516,-120.856778,930.0,MRBY - Morro Bay,True,1.0,0.1037,1953.0,1.0,Morro Bay,2.0,False,1.0,One,4517.0,False,1.0,San Luis Coastal Unified,93442,0.0,4517.0,763.4408602150538,2.0,72.0,0,465.0,0.20588886429045827,13.473020249017498,13.883057393779731,13.624361709694073,826009.6288958539
False,False,2025-12-09,559000.0,33.922478000000005,-117.204778,1833.0,259 - Moreno Valley,True,2.0,0.17,1987.0,2.0,Moreno Valley,4.0,True,1.0,One,7405.0,False,2.0,Moreno Valley Unified,92555,0.0,7405.0,304.9645390070922,2.0,38.0,0,458.25,0.2475354490209318,13.233904752137237,13.304684934198283,13.289456031323189,590931.8822724301
True,False,2025-12-16,1375000.0,34.046287,-118.776227,1853.0,C33 - Malibu,True,4.0,0.148,1991.0,4.0,Malibu,3.0,True,1.0,ThreeOrMore,6448.0,False,2.0,Desert Sands Unified,90265,200.0,6448.0,742.0399352401511,0.75,34.0,0,617.6666666666666,0.28737593052109184,14.133964289082808,15.02369061159072,14.821732832951378,2735248.4562590932
True,True,2025-12-17,1350000.0,34.294676,-118.686079,2989.0,SVE - East Simi,True,2.0,0.4,1998.0,3.0,Simi Valley,4.0,True,1.0,One,17424.0,False,2.0,Simi Valley Unified,93063,150.0,17424.0,451.6560722649715,1.3333333333333333,27.0,0,747.25,0.17154499540863177,14.115615150414612,13.637546696375418,13.985102213666519,1184820.9376516447
True,True,2025-12-02,3900000.0,33.26179861,-117.12436278,6966.0,92082 - Valley Center,True,15.0,117.6,1973.0,10.0,Valley Center,9.0,True,1.0,One,117.6,True,3.0,Valley Center - Pauma,92082,0.0,5122656.0,559.8621877691645,0.9,52.0,0,774.0,0.0013598414572440546,15.176487111099874,13.710150042306449,14.770600953960049,2598905.50295231
True,False,2025-12-04,1500000.0,33.535261,-116.994405,2939.0,SRCAR - Southwest Riverside County,True,13.0,4.9,2004.0,3.0,Temecula,4.0,True,1.0,One,213444.0,False,3.0,Temecula Unified,92592,47.0,213444.0,510.37767948281726,1.3333333333333333,21.0,0,734.75,0.013769419613575458,14.22097566607244,13.580420735596498,14.057094273170257,1273264.0420175325
True,False,2025-12-12,1230000.0,34.444097,-119.674539,1816.0,VC81 - Santa Barbara,True,2.0,0.34,1937.0,1.0,Santa Barbara,2.0,True,1.0,One,14810.0,False,3.0,Saddleback Valley Unified,93103,0.0,14810.0,677.3127753303964,2.0,88.0,0,908.0,0.12261985145172181,14.0225247273486,14.800358771816366,14.465909420989163,1916305.019816852
True,False,2025-12-16,3600000.0,33.752067,-118.354482,3361.0,166 - Rolling Hills,True,8.0,1.7122,1973.0,3.0,Rolling Hills,4.0,True,1.0,One,74582.0,False,3.0,Palos Verdes Peninsula Unified,90274,4450.0,74582.0,1071.1097887533472,1.3333333333333333,52.0,0,840.25,0.04506449277305516,15.096444403426338,14.735791327008538,14.873520639387884,2880633.056920555
True,False,2025-12-23,595000.0,34.246598,-116.877595,1802.0,289 - Big Bear Area,True,5.0,0.1997,1977.0,2.0,Big Bear,3.0,True,1.0,One,8700.0,False,2.0,Grossmont Union,92315,0.0,8700.0,330.188679245283,1.5,48.0,0,600.6666666666666,0.2071264367816092,13.296316684527767,13.398478813484644,13.388135122101867,652218.6399887758
True,False,2025-12-24,2400000.0,34.282021,-119.268373,3460.0,VC29 - Hillside above Poli St./ Foothill Rd,True,3.0,0.61,2004.0,4.0,Ventura,3.0,True,1.0,One,26571.0,False,3.0,Lancaster,93001,0.0,26571.0,693.6416184971098,0.75,21.0,0,1153.3333333333333,0.13021715404011894,14.690979295318174,13.90609809121013,14.506793603198325,1996275.2021904401
True,True,2025-12-05,690000.0,34.083079,-116.386379,3198.0,DC537 - Upper Sky Harbor,True,10.0,0.7016,2000.0,4.0,Yucca Valley,4.0,True,2.0,One,30561.0,False,4.0,Riverside Unified,92284,0.0,30561.0,215.75984990619136,1.0,25.0,0,799.5,0.10464317267105135,13.444446876573442,12.86876061860541,13.559734555135076,774315.3938256904
True,True,2025-12-15,535000.0,37.416667,-119.88348899999998,2403.0,MP3 - Mariposa 3,True,2.0,6.96,1996.0,3.0,Mariposa,4.0,True,1.0,One,6.96,False,2.0,Mariposa County Unified,95338,0.0,303177.6,222.63836870578444,1.3333333333333333,29.0,0,600.75,0.00792604730692505,13.190022025878143,12.89921982609012,13.25408885981282,570397.5539763767
False,False,2025-12-12,570000.0,34.043061,-118.033751,1429.0,657 - So. El Monte,True,2.0,0.1198,1955.0,3.0,South El Monte,4.0,False,1.0,One,5218.0,False,2.0,El Monte Union High,91733,0.0,5218.0,398.8803358992302,1.3333333333333333,70.0,0,357.25,0.2738597163664239,13.253391639810733,13.58609739363647,13.59305188407327,800548.0896042391
True,False,2025-12-05,740000.0,33.763969,-117.453371,2427.0,248 - Corona,True,2.0,0.12,2018.0,3.0,Corona,4.0,False,2.0,Two,5227.0,False,2.0,Corona-Norco Unified,92883,300.0,5227.0,304.9031726411207,1.3333333333333333,7.0,0,606.75,0.46431987755882914,13.514405465180353,13.547957803444275,13.600507159104685,806538.6988608779
True,False,2025-12-17,360000.0,34.243338,-117.066217,1567.0,GVLK - Green Valley Lake,True,0.0,0.1703,1965.0,2.0,Green Valley Lake,3.0,True,2.0,Two,7420.0,False,0.0,Rim of the World,92341,0.0,7420.0,229.73835354179965,1.5,60.0,0,522.3333333333334,0.21118598382749326,12.793859310432293,12.732269552963421,12.773307691625858,352676.9254990129
True,False,2025-12-30,1895000.0,33.562188,-117.218192,4875.0,SRCAR - Southwest Riverside County,False,28.0,1.0,1994.0,5.0,Murrieta,5.0,True,1.0,"One,Two",43560.0,False,6.0,Murrieta,92562,0.0,43560.0,388.71794871794873,1.0,31.0,0,975.0,0.1119146005509642,14.454729396498664,13.487006490992238,14.411400418182854,1814645.0071114725
False,False,2025-12-22,645000.0,34.109320000000004,-117.347852,2212.0,274 - San Bernardino,True,2.0,0.166,2024.0,3.0,San Bernardino,4.0,False,2.0,Two,7232.0,True,2.0,Rialto Unified,92410,0.0,7232.0,291.59132007233273,1.3333333333333333,1.0,0,553.0,0.30586283185840707,13.37700559577791,12.971540487669746,13.17358187540316,526276.4244255058
False,True,2025-12-10,699000.0,33.920738,-118.19045,944.0,RM - Lynwood,False,8.0,0.1385,1927.0,1.0,Lynwood,2.0,False,1.0,One,6032.0,False,2.0,Lynwood Unified,90262,0.0,6032.0,740.4661016949152,2.0,98.0,0,472.0,0.15649867374005305,13.457406021215947,13.458835614025542,13.259329911729484,573394.8848923328
True,False,2025-12-04,4925000.0,34.029708,-118.515673,2400.0,C14 - Santa Monica,True,0.0,0.1009999999999999,2025.0,3.0,Santa Monica,4.0,True,2.0,Two,4400.0,False,2.0,Los Angeles Unified,90402,0.0,4400.0,2052.083333333333,1.3333333333333333,0.0,0,600.0,0.5454545454545454,15.409834832588325,15.464169183551656,15.321875543177605,4510305.931337137
False,False,2025-12-01,1569000.0,33.892725,-117.80507,2290.0,85 - Yorba Linda,True,2.0,0.3185,1963.0,3.0,Yorba Linda,4.0,True,1.0,"ThreeOrMore,One",13875.0,False,2.0,Placentia-Yorba Linda Unified,92886,0.0,13875.0,685.1528384279476,1.3333333333333333,62.0,0,572.5,0.16504504504504505,14.26594903171517,14.20888790014483,14.316385146316435,1650163.8538607035
True,False,2025-12-12,280000.0,38.831191,-122.73215,1170.0,LCCOB - Cobb,True,1.0,0.18,1975.0,2.0,Cobb,2.0,True,1.0,One,7841.0,False,1.0,Middletown Unified,95426,0.0,7841.0,239.3162393162393,1.0,50.0,0,585.0,0.14921566126769545,12.542544882151386,12.487485104968359,12.451726473150254,255691.3860905026
True,False,2025-12-16,340000.0,34.548745000000004,-117.310643,1161.0,VIC - Victorville,True,2.0,0.2934,1979.0,2.0,Victorville,3.0,False,1.0,One,12780.0,False,2.0,Victor Valley Unified,92394,0.0,12780.0,292.85099052540914,1.5,46.0,0,387.0,0.09084507042253522,12.736700896592344,12.948009990259552,12.849442957341491,380576.6788776
False,False,2025-12-19,195000.0,34.89253,-117.006786,1196.0,BSTW - Barstow,True,2.0,0.1747,1957.0,2.0,Barstow,4.0,False,1.0,One,7611.0,False,2.0,Barstow Unified,92311,0.0,7611.0,163.04347826086956,2.0,68.0,0,299.0,0.15714098016029432,12.180754837545884,12.556723317938081,12.464981048350381,259103.0267721057
False,False,2025-12-30,504671.0,33.694407,-116.969959,1410.0,SRCAR - Southwest Riverside County,True,2.0,0.1419,2025.0,2.0,Hemet,3.0,False,1.0,One,6180.0,True,2.0,Hemet Unified,92543,194.0,6180.0,357.922695035461,1.5,0.0,0,470.0,0.22815533980582525,13.131662010800317,12.919503857231216,12.929991165602878,412499.8683489983
True,True,2025-12-31,580000.0,33.787620000000004,-116.382283,2464.0,322 - North Palm Desert,True,4.0,0.1,2006.0,4.0,Palm Desert,4.0,True,2.0,Two,4356.0,False,2.0,Dinuba Unified,92211,172.0,4356.0,235.3896103896104,1.0,19.0,0,616.0,0.5656565656565656,13.270783382522602,13.226723392728571,13.394137343379256,656145.1727581794
True,True,2025-12-11,475000.0,34.549407,-118.07842,1558.0,PLM - Palmdale,False,2.0,0.1616,1984.0,2.0,Palmdale,4.0,True,1.0,One,7041.0,False,2.0,Antelope Valley Union,93550,0.0,7041.0,304.8780487804878,2.0,41.0,0,389.5,0.22127538701888935,13.071070083016778,13.049792684569493,13.00212590340912,443354.92059204425
True,False,2025-12-18,190000.0,33.741966,-117.127285,1248.0,SRCAR - Southwest Riverside County,True,2.0,0.1,1977.0,2.0,Homeland,2.0,False,1.0,One,4356.0,False,0.0,Perris Union High,92548,135.0,4356.0,152.24358974358975,1.0,48.0,0,624.0,0.2865013774104683,12.154779351142624,13.21676363885016,12.879675247947636,392258.07154950744
True,False,2025-12-05,360000.0,38.930492,-122.628975,2317.0,LCCLW - Clearlake West,True,2.0,0.27,1990.0,3.0,Clearlake,4.0,True,2.0,Two,11761.0,False,2.0,Lake,95422,0.0,11761.0,155.37332757876564,1.3333333333333333,35.0,0,579.25,0.19700705722302525,12.793859310432293,12.524526376648708,12.843774673776688,378425.5646657417
False,False,2025-12-17,684553.0,33.874945000000004,-117.328542,2218.0,252 - Riverside,True,2.0,0.0992,2025.0,3.0,Riverside,3.0,False,2.0,Two,4320.0,True,2.0,Riverside Unified,92508,196.0,4320.0,308.6352569882777,1.0,0.0,0,739.3333333333334,0.513425925925926,13.436521349493319,13.56126305375042,13.547931795210943,765230.056622992
True,False,2025-12-12,590000.0,32.555632,-117.048399,672.0,92173 - San Ysidro,True,0.0,0.2183,1940.0,1.0,San Ysidro,2.0,False,1.0,One,9507.0,False,0.0,Sweetwater Union,92173,0.0,9507.0,877.9761904761905,2.0,85.0,0,336.0,0.0706847585989271,13.287877815881902,13.500799813124575,13.240483119431865,562689.4292229967
True,False,2025-12-22,525041.0,37.796872,-121.322145,1777.0,SRCAR - Southwest Riverside County,True,2.0,0.1236,2024.0,2.0,Lathrop,3.0,False,1.0,One,5385.0,True,2.0,San Diego Unified,95330,193.0,5385.0,295.4648283624086,1.5,1.0,0,592.3333333333334,0.32999071494893223,13.171231633762583,13.541073712262515,13.492234523024443,723774.0398677462
True,False,2025-12-18,799000.0,38.890377,-122.626456,1964.0,LCTL - Twin Lakes,True,4.0,15.85,2003.0,3.0,Lower Lake,3.0,False,2.0,Two,690426.0,False,4.0,Konocti Unified,95457,0.0,690426.0,406.8228105906314,1.0,22.0,0,654.6666666666666,0.002844620567591603,13.591116224748411,12.706847933442663,13.072131090038063,475504.2457919691
True,False,2025-12-12,450000.0,33.747032,-118.29611,845.0,187 - Holy Trinity,True,0.0,0.1102,1920.0,1.0,San Pedro,3.0,False,1.0,One,4802.0,False,0.0,Los Angeles Unified,90731,0.0,4802.0,532.5443786982248,3.0,105.0,0,281.6666666666667,0.17596834652228238,13.017002861746503,13.693342923990066,13.413289334494657,668832.7678173706
True,True,2025-12-03,8350000.0,34.103909,-118.38356,5764.0,C03 - Sunset Strip - Hollywood Hills West,True,0.0,0.4427,2018.0,5.0,Los Angeles,4.0,True,1.0,One,19283.0,False,0.0,Alhambra,90069,72.0,19283.0,1448.646773074254,0.8,7.0,0,1441.0,0.29891614375356534,15.937772096827038,14.827111469642754,15.646948061631512,6242854.337448918
False,False,2025-12-16,839800.0,34.031562,-118.138186,1568.0,674 - Montebello,False,1.0,0.1159,1948.0,2.0,Montebello,4.0,True,1.0,One,5047.0,False,1.0,Montebello Unified,90640,0.0,5047.0,535.5867346938776,2.0,77.0,0,392.0,0.3106796116504854,13.64091904723223,13.66988634579858,13.688335265879287,880579.3004858689
True,True,2025-12-10,2953000.0,34.142852000000005,-118.426868,3792.0,SO - Sherman Oaks,True,2.0,0.2271,1939.0,4.0,Sherman Oaks,4.0,True,2.0,Two,9893.0,False,2.0,Chico Unified,91423,260.0,9893.0,778.7447257383966,1.0,86.0,0,948.0,0.3833013241686041,14.89833216072606,14.49104488660402,14.833463179823752,2767522.793940162
True,False,2025-12-05,670000.0,37.95607294,-121.99416171,1510.0,GH - Granada Hills,True,2.0,0.2289999999999999,1957.0,2.0,Concord,4.0,True,1.0,One,9975.0,False,2.0,Covina Valley Unified,94521,0.0,9975.0,443.7086092715232,2.0,68.0,0,377.5,0.15137844611528822,13.415032991367148,13.656514826473817,13.65791360081572,854193.9893798212
False,False,2025-12-22,1627800.0,33.961089,-118.005055,2912.0,670 - Whittier,True,6.0,0.5071,1951.0,3.0,Whittier,3.0,True,1.0,One,22089.0,False,6.0,Whittier Union High,90605,0.0,22089.0,558.9972527472528,1.0,74.0,0,970.6666666666666,0.13183032278509665,14.302739967875079,13.602934236950354,13.987648186353358,1187841.302649601
True,True,2025-12-08,3900000.0,33.785276,-118.127185,3697.0,36 - Park Estates,False,8.0,0.3106,1958.0,4.0,Long Beach,5.0,True,1.0,One,13528.0,False,2.0,Long Beach Unified,90815,225.0,13528.0,1054.9093859886395,1.25,67.0,0,739.4,0.2732850384387936,15.176487111099874,13.937728190688523,14.453255815785148,1892209.6209771722
True,False,2025-12-15,494540.0,33.689037,-116.22626499999998,2212.0,314 - Indio South of East Valley,True,3.0,0.13,2001.0,2.0,Indio,3.0,True,1.0,One,5663.0,False,3.0,Riverside Unified,92201,269.21,5663.0,223.57142857142856,1.5,24.0,0,737.3333333333334,0.39060568603213847,13.111383316561165,13.235692062711331,13.26312069386873,575572.6250421011
True,False,2025-12-18,799000.0,35.637525,-120.664568,1836.0,PRIC - PR Inside City Limit,True,4.0,0.48,2006.0,3.0,Paso Robles,3.0,True,2.0,Two,20909.0,False,2.0,Paso Robles Joint Unified,93446,0.0,20909.0,435.1851851851851,1.0,19.0,0,612.0,0.08780907743077143,13.591116224748411,13.591116224748411,13.537964948066096,757641.0078856907
True,False,2025-12-03,355000.0,35.711944,-118.459308,1877.0,WOFH - Wofford Heights,True,2.0,0.4601,1992.0,3.0,Wofford Heights,3.0,True,1.0,ThreeOrMore,20041.0,False,2.0,Kernville Union,93285,0.0,20041.0,189.1315929675013,1.0,33.0,0,625.6666666666666,0.09365800109774962,12.779873068457553,12.567237494741757,12.802987252887306,363301.10250019474
True,False,2025-12-11,484500.0,33.952343,-116.949415,1934.0,263 - Banning/Beaumont/Cherry Valley,True,2.0,0.1737,2022.0,2.0,Beaumont,3.0,False,1.0,One,7566.0,False,2.0,Beaumont,92223,325.0,7566.0,250.517063081696,1.5,3.0,0,644.6666666666666,0.2556172349986783,13.090872710312958,13.197470849891134,13.235330279191754,559797.4378730651
True,False,2025-12-05,3525000.0,33.74668,-118.120358,3447.0,"1 - Belmont Shore/Park,Naples,Marina Pac,Bay Hrbr",True,2.0,0.0564,1956.0,3.0,Long Beach,4.0,True,1.0,ThreeOrMore,2455.0,False,2.0,Long Beach Unified,90803,0.0,2455.0,1022.6283724978242,1.3333333333333333,69.0,0,861.75,1.4040733197556008,15.075390994228506,14.288556669519746,14.712703022430105,2452707.3725674837
False,False,2025-12-04,539990.0,33.78958,-117.16852,1891.0,SRCAR - Southwest Riverside County,True,2.0,0.126,2025.0,2.0,Nuevo,4.0,False,1.0,One,5487.0,True,2.0,Nuview Union,92567,60.0,5487.0,285.5579058699101,2.0,0.0,0,472.75,0.3446327683615819,13.199305899850469,13.296316684527767,13.319364334613471,608872.6031710977
True,False,2025-12-03,1125000.0,34.070321,-117.954901,2165.0,669 - West Covina,False,6.0,0.2463,1939.0,3.0,West Covina,4.0,True,1.0,One,10729.0,False,1.0,West Covina,91790,0.0,10729.0,519.6304849884526,1.3333333333333333,86.0,0,541.25,0.2017895423618231,13.933293593620657,13.652991628466498,13.933030921188154,1124704.5323207392
True,False,2025-12-12,427000.0,34.232842,-116.85773,864.0,289 - Big Bear Area,True,0.0,0.1687,1965.0,1.0,Big Bear Lake,2.0,True,1.0,One,7350.0,False,0.0,San Bernardino City Unified,92315,0.0,7350.0,494.212962962963,2.0,60.0,0,432.0,0.11755102040816326,12.96453929221076,13.398478813484644,13.078540700916205,478561.8314777157
False,False,2025-12-19,700000.0,34.468262,-118.560232,2039.0,TSRO - Tesoro de Valle,True,2.0,0.0851,2004.0,3.0,Valencia,3.0,False,2.0,Two,3705.0,False,2.0,Morongo Unified,91354,195.0,3705.0,343.3055419323198,1.0,21.0,0,679.6666666666666,0.5503373819163293,13.458835614025542,13.710150042306449,13.700937235156612,891746.5506601302
True,False,2025-12-11,445000.0,34.587096,-118.177025,1428.0,PLM - Palmdale,True,2.0,0.1625,1992.0,4.0,Palmdale,3.0,True,2.0,Two,7077.0,False,2.0,Antelope Valley Union,93551,0.0,7077.0,311.624649859944,0.75,33.0,0,476.0,0.20178041543026706,13.005829561148378,13.345506928718539,13.394360496480527,656291.6099267105
False,True,2025-12-29,850000.0,33.597791,-117.202977,4261.0,SRCAR - Southwest Riverside County,True,3.0,0.16,2006.0,3.0,Murrieta,6.0,True,2.0,Two,6969.0,False,3.0,Murrieta,92562,0.0,6969.0,199.4836892748181,2.0,19.0,0,710.1666666666666,0.611422011766394,13.652991628466498,13.487006490992238,13.710116127537031,899969.4772251141
False,False,2025-12-12,3177402.0,37.162555,-121.632744,5333.0,15 - West Huntington Beach,True,3.0,0.2784,2025.0,6.0,Morgan Hill,5.0,True,2.0,Two,12128.0,False,3.0,Morgan Hill Unified,95037,375.0,12128.0,595.8001125070317,0.8333333333333334,0.0,0,1066.6,0.439726253298153,14.97157443971332,14.187074114396758,15.187927522076032,3944873.8007344967
True,False,2025-12-23,1230000.0,33.254721999999994,-117.199896,2419.0,92003 - Bonsall,True,2.0,0.1451,2025.0,3.0,Bonsall,4.0,False,2.0,Two,6322.0,True,2.0,Bonsall Unified,92003,430.0,6322.0,508.4745762711864,1.3333333333333333,0.0,0,604.75,0.38263207845618474,14.0225247273486,14.219394836348094,14.388345538739973,1773287.167134332
False,False,2025-12-16,775000.0,34.308136,-118.447438,1480.0,SYL - Sylmar,False,2.0,0.1471,1954.0,2.0,Sylmar,3.0,False,1.0,One,6408.0,False,2.0,Arcadia Unified,91342,0.0,6408.0,523.6486486486486,1.5,71.0,0,493.3333333333333,0.23096129837702872,13.560618308335483,13.667586227071855,13.666258406182532,861351.8960987473
True,True,2025-12-10,2700000.0,34.125815,-118.871015,2793.0,WV - Westlake Village,True,3.0,4.4,1973.0,3.0,Thousand Oaks,3.0,True,1.0,"Two,One",4.4,False,3.0,Conejo Valley Unified,91361,150.0,191664.0,966.702470461869,1.0,52.0,0,931.0,0.014572376659153518,14.808762330974558,14.450755865652397,14.507920782604506,1998526.6311312108
True,False,2025-12-15,2220000.0,33.691233000000004,-117.695527,2524.0,PS - Portola Springs,True,2.0,0.0728,2024.0,4.0,Irvine,4.0,False,2.0,Two,3172.0,True,2.0,Irvine Unified,92618,190.0,3172.0,879.5562599049128,1.0,1.0,0,631.0,0.7957124842370744,14.613017753848462,14.648419680899378,14.5849293817116,2158511.4136038655
True,False,2025-12-04,505000.0,34.254296999999994,-116.864446,1670.0,BBC - Big Bear City,True,1.0,0.1749,1977.0,2.0,Big Bear City,3.0,True,1.0,One,7620.0,False,1.0,Bear Valley Unified,92314,0.0,7620.0,302.3952095808383,1.5,48.0,0,556.6666666666666,0.21916010498687663,13.132313708257497,12.965709567358951,13.009111089931471,446462.67890738137
True,True,2025-12-30,3900000.0,34.147232,-118.044171,5278.0,605 - Arcadia,True,3.0,0.3407,2016.0,6.0,Arcadia,5.0,True,2.0,Two,14839.0,False,3.0,Arcadia Unified,91007,0.0,14839.0,738.9162561576354,0.8333333333333334,9.0,0,1055.6,0.3556843453062875,15.176487111099874,14.550138498881392,15.261618741295662,4246555.498268036
True,False,2025-12-26,1525000.0,33.175595,-117.084802,3486.0,92026 - Escondido,True,3.0,0.302,2025.0,4.0,Escondido,4.0,True,2.0,Two,13157.0,True,3.0,Escondido Union,92026,367.0,13157.0,437.4641422834194,1.0,0.0,0,871.5,0.26495401687314735,14.237504968023648,13.709594177880103,14.22583734936587,1507310.2806760748
True,True,2025-12-24,625000.0,34.626488,-118.210415,2857.0,PLM - Palmdale,True,2.0,0.3214,1997.0,3.0,Palmdale,6.0,True,1.0,One,14000.0,False,2.0,Westside Union,93551,109.0,14000.0,218.7609380469023,2.0,28.0,0,476.1666666666667,0.20407142857142857,13.345506928718539,13.345506928718539,13.508899390751111,735936.7015996025
True,False,2025-12-02,2225000.0,35.29309,-120.645208,3982.0,SLO - San Luis Obispo,True,2.0,0.3477,2007.0,5.0,San Luis Obispo,4.0,True,2.0,Two,15145.0,False,2.0,San Luis Coastal Unified,93405,0.0,15145.0,558.7644399799096,0.8,18.0,0,995.5,0.2629250577748432,14.615267473582477,13.928829278248507,14.514730873742923,2012183.2281873843
True,False,2025-12-02,865000.0,34.092234000000005,-117.435048,3325.0,264 - Fontana,True,4.0,0.14,2020.0,4.0,Fontana,5.0,True,2.0,Two,6099.0,False,4.0,Fontana Unified,92336,80.0,6099.0,260.1503759398496,1.25,5.0,0,665.0,0.5451713395638629,13.670484785914017,13.487006490992238,13.665206522391303,860446.3303591559
True,True,2025-12-17,850000.0,33.830218,-117.969419,1505.0,79 - Anaheim West of Harbor,True,2.0,0.1377,1956.0,2.0,Anaheim,3.0,True,1.0,One,6000.0,False,2.0,Anaheim Union High,92804,0.0,6000.0,564.7840531561462,1.5,69.0,0,501.6666666666667,0.25083333333333335,13.652991628466498,13.766841941519797,13.73026439586683,918286.2093177001
True,True,2025-12-19,329000.0,39.005151,-122.776446,1915.0,LCRH - Riviera Heights,False,7.0,0.15,1987.0,2.0,Kelseyville,3.0,True,1.0,One,6534.0,False,0.0,Kelseyville Unified,95451,447.0,6534.0,171.80156657963445,1.5,38.0,0,638.3333333333334,0.293082338536884,12.70381302974751,12.845288003152147,12.862059497769625,385408.6572631362
True,False,2025-12-26,1373000.0,33.932692,-117.886515,3025.0,86 - Brea,True,6.0,0.1561,1977.0,3.0,Brea,4.0,True,2.0,Two,6800.0,False,2.0,Brea-Olinda Unified,92821,0.0,6800.0,453.8842975206611,1.3333333333333333,48.0,0,756.25,0.44485294117647056,14.132508684750109,13.997832114758229,14.204322787008994,1475227.5204439228
True,False,2025-12-15,1270000.0,33.724174,-118.006431,2504.0,17 - Northwest Huntington Beach,True,2.0,0.151,1968.0,3.0,Huntington Beach,5.0,True,2.0,Two,6578.0,False,2.0,Huntington Beach Union High,92647,0.0,6578.0,507.1884984025559,1.6666666666666667,57.0,0,500.8,0.38066281544542413,14.054527458434775,14.080942316715522,14.231913121333523,1516496.2318399826
True,True,2025-12-26,3460000.0,35.575626,-120.754786,6089.0,PRNW - PR North 46-West 101,False,4.0,80.0,1988.0,5.0,Paso Robles,6.0,True,1.0,One,80.0,False,4.0,Paso Robles Joint Unified,93446,0.0,3484800.0,568.2378058794548,1.2,37.0,0,1014.8333333333334,0.0017473025711662075,15.056779147033907,13.591116224748411,14.717237015936275,2463853.1802833616
False,False,2025-12-16,750000.0,33.991501,-118.322853,1506.0,PHHT - Park Hills Heights,True,1.0,0.124,1912.0,2.0,Los Angeles,3.0,False,1.0,One,5402.0,False,2.0,Perris Union High,90043,0.0,5402.0,498.00796812749,1.5,113.0,0,502.0,0.2787856349500185,13.527828485512494,13.652991628466498,13.69085371110053,882799.7861292006
True,False,2025-12-31,348000.0,37.498725,-119.908698,1927.0,MP2 - Mariposa 2,True,0.0,1.79,1980.0,2.0,Mariposa,3.0,True,1.0,One,77972.0,False,0.0,Mariposa County Unified,95338,0.0,77972.0,180.59159314997405,1.5,45.0,0,642.3333333333334,0.024713999897399065,12.759957758756611,12.89921982609012,13.036508861525904,458863.8681610218
True,False,2025-12-08,425000.0,39.646162,-121.780994,1176.0,91 - Sycamore Canyon,True,2.0,0.26,1965.0,2.0,Durham,3.0,True,1.0,One,11326.0,False,2.0,Durham Unified,95938,0.0,11326.0,361.3945578231293,1.5,60.0,0,392.0,0.103831891223733,12.959844447906553,13.217673557208654,13.076350900414395,477515.02310805203
False,False,2025-12-29,758990.0,33.97571,-117.51425,2661.0,251 - Jurupa Valley,True,2.0,0.1389,2025.0,3.0,Jurupa Valley,4.0,False,2.0,Two,6050.0,True,2.0,Jurupa Unified,92509,60.0,6050.0,285.2273581360391,1.3333333333333333,0.0,0,665.25,0.43983471074380165,13.539743881060406,13.422467969854667,13.523837435649954,747012.6778442255
True,False,2025-12-03,455000.0,34.504106,-117.290582,2189.0,VIC - Victorville,True,2.0,0.3329999999999999,1978.0,2.0,Victorville,3.0,True,1.0,One,14504.0,False,2.0,Victor Valley Unified,92395,0.0,14504.0,207.85746916400183,1.5,47.0,0,729.6666666666666,0.1509238830667402,13.028052697933088,12.947950462906661,13.07455891394357,476660.08889108297
True,False,2025-12-10,340000.0,33.979805,-116.506002,1322.0,340 - Desert Hot Springs,True,6.0,0.18,1991.0,2.0,Desert Hot Springs,3.0,True,2.0,One,7841.0,False,2.0,Santa Monica-Malibu Unified,92240,0.0,7841.0,257.18608169440245,1.5,34.0,0,440.6666666666667,0.16860094375717383,12.736700896592344,12.911642346088676,12.822509297663123,370463.1644778004
True,False,2025-12-23,1300000.0,34.260157,-118.289584,1736.0,659 - Sunland/Tujunga,False,1.0,0.7522,1928.0,2.0,Tujunga,3.0,True,1.0,One,32765.0,False,1.0,Los Angeles Unified,91042,0.0,32765.0,748.8479262672811,1.5,97.0,0,578.6666666666666,0.05298336639707005,14.077874822431765,13.684633332743342,13.772392797584404,957798.592699515
True,False,2025-12-19,861000.0,34.136357000000004,-117.849161,1520.0,629 - Glendora,True,2.0,0.2286,1957.0,2.0,Glendora,3.0,True,1.0,One,9957.0,False,2.0,Glendora Unified,91741,0.0,9957.0,566.4473684210526,1.5,68.0,0,506.6666666666667,0.1526564226172542,13.665849783409868,13.868095806767045,13.81339221431072,997883.8984529004
True,True,2025-12-24,1798000.0,33.525044,-117.301344,4452.0,SRCAR - Southwest Riverside County,True,23.0,15.3,1997.0,8.0,Murrieta,4.0,True,2.0,Two,666468.0,False,3.0,Murrieta,92562,0.0,666468.0,403.86343216531895,0.5,28.0,0,1113.0,0.006679990637209888,14.402185494013702,13.487006490992238,14.481429978791517,1946279.14854508
False,False,2025-12-19,295000.0,34.46195,-117.248633,1363.0,APPV - Apple Valley,True,2.0,0.0667,2001.0,2.0,Apple Valley,2.0,False,1.0,One,2905.0,False,2.0,Apple Valley Unified,92308,228.0,2905.0,216.4343360234776,1.0,24.0,0,681.5,0.4691910499139415,12.594730635321957,12.936033799212835,12.617572275472284,301815.8298723371
False,False,2025-12-05,1605995.0,33.877347,-117.841154,2195.0,84 - Placentia,True,2.0,0.1067,2025.0,3.0,Placentia,4.0,False,2.0,Two,4648.0,True,2.0,Placentia-Yorba Linda Unified,92870,342.0,4648.0,731.6605922551253,1.3333333333333333,0.0,0,548.75,0.4722461273666093,14.289254060158967,13.980176819817759,14.02372497360276,1231477.1892106903
True,False,2025-12-19,1080000.0,35.729995,-120.727948,3270.0,SMIG - San Miguel,True,3.0,24.09,1991.0,3.0,San Miguel,4.0,True,2.0,Two,1049360.0,False,3.0,Paso Robles Joint Unified,93451,0.0,1049360.0,330.27522935779814,1.3333333333333333,34.0,0,817.5,0.0031161851033010596,13.892471599100402,13.304684934198283,13.81890323810058,1003398.4417895323
True,False,2025-12-01,580000.0,34.007759,-118.295594,1792.0,699 - Not Defined,True,0.0,0.1495,1908.0,2.0,Los Angeles,4.0,True,1.0,One,6511.0,False,0.0,Los Angeles Unified,90037,0.0,6511.0,323.6607142857143,2.0,117.0,0,448.0,0.2752265397020427,13.270783382522602,13.42984807715229,13.466324289009666,705261.7496654352
True,False,2025-12-12,585000.0,34.240696,-116.900153,1408.0,289 - Big Bear Area,True,0.0,0.1631,2002.0,2.0,Big Bear Lake,3.0,True,1.0,One,7105.0,False,0.0,Call Listing Office,92315,0.0,7105.0,415.48295454545456,1.5,23.0,0,469.3333333333333,0.19817030260380014,13.279367126213993,13.398478813484644,13.315869163810314,606748.2041570322
True,False,2025-12-30,230000.0,37.285524,-120.483819,884.0,607 - Azusa,False,0.0,1.0056,1947.0,1.0,Merced,2.0,False,1.0,One,43803.0,False,0.0,Merced Union,95341,0.0,43803.0,260.18099547511315,2.0,78.0,0,442.0,0.020181266123324885,12.345834587905333,12.857087250429316,12.61640862360352,301464.8255808911
True,False,2025-12-24,590000.0,34.832131,-119.041406,2482.0,PPIN - Pinon Pines,True,4.0,0.3529,1990.0,3.0,Frazier Park,4.0,True,2.0,"Two,MultiSplit",15374.0,False,4.0,El Tejon Unified,93225,54.0,15374.0,237.71152296535053,1.3333333333333333,35.0,0,620.5,0.16144139456224796,13.287877815881902,12.793859310432293,13.117669909595104,497658.7646496142
True,False,2025-12-12,345000.0,39.829767,-121.611447,1719.0,92054 - Oceanside,False,7.0,0.37,1994.0,2.0,Magalia,2.0,True,1.0,One,16117.0,False,2.0,Paradise Unified,95954,0.0,16117.0,200.6980802792321,1.0,31.0,0,859.5,0.1066575665446423,12.751299696013497,12.587927887999204,12.672649043444705,318905.1631752038
True,False,2025-12-01,250000.0,39.009988,-122.852484,2544.0,LCLPS - Lakeport South,True,0.0,9.58,1960.0,2.0,Lakeport,3.0,False,1.0,One,417305.0,False,0.0,Kelseyville Unified,95453,0.0,417305.0,98.27044025157232,1.5,65.0,0,848.0,0.006096260528869772,12.429216196844383,12.89167886987763,13.181220376034442,530311.7796365895
True,True,2025-12-01,725000.0,39.111256,-122.95195,4120.0,LCSV - Scotts Valley,False,1.0,40.0,1948.0,5.0,Lakeport,9.0,True,1.0,One,1742400.0,False,1.0,Lakeport Unified,95453,0.0,1742400.0,175.97087378640776,1.8,77.0,0,457.77777777777777,0.00236455463728191,13.493926933836812,12.89167886987763,13.467313754611705,705959.9272615588
False,True,2025-12-22,575000.0,34.11124,-117.167379,1793.0,276 - Highland,True,2.0,0.2388,1994.0,3.0,Highland,4.0,True,2.0,Two,10400.0,False,2.0,Redlands Unified,92346,148.0,10400.0,320.69157836029,1.3333333333333333,31.0,0,448.25,0.17240384615384616,13.262125319779487,13.28681753563043,13.29466104629782,594015.7102918564
True,True,2025-12-18,579000.0,34.214468,-118.415659,1731.0,NHO - North Hollywood,True,2.0,0.1431,1987.0,4.0,North Hollywood,4.0,True,1.0,One,6233.0,False,2.0,Los Angeles Unified,91605,0.0,6233.0,334.4887348353553,1.0,38.0,0,432.75,0.27771538584951067,13.269057756555132,13.670484785914017,13.746744194358437,933544.7646335636
True,False,2025-12-12,1230000.0,35.632169,-120.662135,2215.0,PRIC - PR Inside City Limit,True,2.0,1.0,1994.0,3.0,Paso Robles,3.0,True,1.0,MultiSplit,1.0,False,2.0,Paso Robles Joint Unified,93446,0.0,43560.0,555.3047404063205,1.0,31.0,0,738.3333333333334,0.0508494031221304,14.0225247273486,13.591116224748411,13.750357949014907,936924.4694076884
True,False,2025-12-05,450000.0,33.839110999999995,-117.192578,2181.0,SRCAR - Southwest Riverside County,True,4.0,0.1,2003.0,3.0,Perris,4.0,True,1.0,One,4356.0,False,2.0,Perris Union High,92571,110.0,4356.0,206.3273727647868,1.3333333333333333,22.0,0,545.25,0.5006887052341598,13.017002861746503,13.214938819306386,13.248379988493772,567150.5050510337
True,False,2025-12-29,499000.0,37.76838823,-122.18148874,1100.0,92071 - Santee,True,1.0,0.0666,1925.0,1.0,Oakland,2.0,True,2.0,MultiSplit,2900.0,False,1.0,Grossmont Union,94605,0.0,2900.0,453.6363636363636,2.0,100.0,0,550.0,0.3793103448275862,13.120361374733656,13.527828485512494,13.194265702495006,537275.1911633381
True,True,2025-12-22,505000.0,33.971071,-116.504348,1929.0,340 - Desert Hot Springs,True,6.0,0.2,2005.0,2.0,Desert Hot Springs,3.0,True,1.0,One,8712.0,False,2.0,Temecula Unified,92240,0.0,8712.0,261.7936754795231,1.5,20.0,0,643.0,0.22141873278236915,13.132313708257497,12.911642346088676,12.991288493377091,438576.0436254111
False,False,2025-12-16,910000.0,33.755015,-117.925514,1176.0,"66 - N of Blsa, S of GGrv, E of Brookhrst, W of Ha",True,2.0,0.1695,1958.0,2.0,Santa Ana,3.0,False,1.0,One,7385.0,False,2.0,Santa Ana Unified,92703,0.0,7385.0,773.8095238095239,1.5,67.0,0,392.0,0.15924170616113745,13.721199878493033,13.597966781776865,13.537474690769663,757269.6598889687
True,False,2025-12-29,775000.0,35.332707,-119.14078700000002,3554.0,BKSF - Bakersfield,True,3.0,0.21,2008.0,4.0,Bakersfield,4.0,True,2.0,Two,9147.0,False,3.0,Orange Unified,93311,148.0,9147.0,218.0641530669668,1.0,17.0,0,888.5,0.38854269159287197,13.560618308335483,13.112313041550827,13.414000363009238,669308.4960949181
True,False,2025-12-11,490000.0,33.738607,-116.360675,1592.0,322 - North Palm Desert,True,0.0,0.15,1961.0,3.0,Palm Desert,4.0,False,1.0,One,6534.0,False,0.0,Desert Sands Unified,92260,60.0,6534.0,307.7889447236181,1.3333333333333333,64.0,0,398.0,0.24364860728497093,13.102160670086809,13.624349319661324,13.59996158027786,806098.7884375822
False,False,2025-12-11,950990.0,34.171963,-117.45736399999998,2375.0,264 - Fontana,True,2.0,0.2337,2024.0,3.0,Fontana,3.0,False,1.0,One,10178.0,True,2.0,Fontana Unified,92336,195.0,10178.0,400.4168421052632,1.0,1.0,0,791.6666666666666,0.23334643348398507,13.765258826225134,13.487006490992238,13.633377515132006,833490.4431096332
False,False,2025-12-12,550000.0,33.822484,-117.191877,1325.0,SRCAR - Southwest Riverside County,True,0.0,2.27,1961.0,2.0,Perris,3.0,False,1.0,One,98881.0,False,0.0,Perris Union High,92571,0.0,98881.0,415.0943396226415,1.5,64.0,0,441.6666666666667,0.013399945388901812,13.217673557208654,13.214938819306386,13.140773846573122,509290.49334235437
True,False,2025-12-05,745000.0,33.596232,-117.253791,3404.0,699 - Not Defined,True,2.0,0.33,2015.0,3.0,Wildomar,5.0,True,2.0,Two,14375.0,False,2.0,ABC Unified,92595,95.0,14375.0,218.86016451233843,1.6666666666666667,10.0,0,680.8,0.2368,13.521139497361697,13.442996549995796,13.691328769974207,883219.2676325978
False,False,2025-12-30,570000.0,39.45293,-123.807256,1228.0,FBC - Fort Bragg Central,True,2.0,0.255,1998.0,2.0,Fort Bragg,3.0,False,1.0,One,0.255,False,2.0,San Ramon Valley,95437,350.0,11107.8,464.1693811074919,1.5,27.0,0,409.3333333333333,0.11055294477754371,13.253391639810733,13.317924750600472,13.1975244155711,539028.8726747873
False,False,2025-12-12,485000.0,33.995995,-118.247067,1260.0,C34 - Los Angeles Southwest,True,0.0,0.1235,1907.0,1.0,Los Angeles,2.0,False,1.0,One,5380.0,False,0.0,Los Angeles Unified,90011,0.0,5380.0,384.9206349206349,2.0,118.0,0,630.0,0.2342007434944238,13.091904169919621,13.174002552131078,13.000956148916206,442836.60739042633
False,False,2025-12-19,1562570.0,34.145867,-117.887423,3274.0,629 - Glendora,True,3.0,0.8388,2024.0,4.0,Glendora,5.0,False,1.0,One,36538.0,True,3.0,Glendora Unified,91741,385.0,36538.0,477.2663408674404,1.25,1.0,0,654.8,0.08960534238327221,14.261842459589204,13.868095806767045,14.45873743136604,1902610.4673949233
True,False,2025-12-16,305000.0,34.238547,-117.19618,700.0,287 - Arrowhead Area,True,0.0,0.2851,1924.0,1.0,Lake Arrowhead,1.0,True,1.0,One,12420.0,False,0.0,Rim of the World,92352,500.0,12420.0,435.7142857142857,1.0,101.0,0,700.0,0.05636070853462158,12.628067055589549,13.412043452518782,13.04109551819536,460973.3532259907
True,False,2025-12-18,480000.0,34.271007,-117.207741,1536.0,287A - Arrowhead Woods,False,3.0,0.1802,1970.0,2.0,Lake Arrowhead,3.0,True,2.0,Two,7850.0,False,0.0,Rim of the World,92352,0.0,7850.0,312.5,1.5,55.0,0,512.0,0.1956687898089172,13.081541382884074,13.412043452518782,13.353629436802738,630097.2407178611
True,False,2025-12-22,480000.0,34.254135,-116.864479,1500.0,BBC - Big Bear City,True,2.0,0.1791,1988.0,2.0,Big Bear City,3.0,True,1.0,One,7800.0,False,2.0,Bear Valley Unified,92314,0.0,7800.0,320.0,1.5,37.0,0,500.0,0.19230769230769232,13.081541382884074,12.965709567358951,12.950554953709048,421070.245939537
True,True,2025-12-18,775000.0,34.450949,-117.263268,3341.0,HSP - Hesperia,True,7.0,1.1328,1987.0,4.0,Hesperia,6.0,True,1.0,One,49346.0,False,7.0,Hesperia Unified,92345,0.0,49346.0,231.96647710266387,1.5,38.0,0,556.8333333333334,0.06770558910549994,13.560618308335483,13.064514272196533,13.40699083206246,664633.3618697511
True,False,2025-12-02,4800000.0,34.0475,-118.568674,4575.0,C15 - Pacific Palisades,True,2.0,0.471,1965.0,4.0,Pacific Palisades,4.0,True,1.0,One,20517.0,False,2.0,Los Angeles Unified,90272,110.0,20517.0,1049.1803278688524,1.0,60.0,0,1143.75,0.22298581663985964,15.38412647587812,14.966082585563095,15.437218942602977,5061730.316558921
True,False,2025-12-03,850000.0,34.267931,-117.170895,2373.0,287A - Arrowhead Woods,True,5.0,0.2323,2002.0,3.0,Lake Arrowhead,4.0,True,2.0,Two,10119.0,False,2.0,Rim of the World,92352,880.0,10119.0,358.1963758954909,1.3333333333333333,23.0,0,593.25,0.23450933886747702,13.652991628466498,13.412043452518782,13.50153252836769,730535.0781334882
False,False,2025-12-19,270000.0,34.245044,-117.282444,1100.0,286 - Crestline Area,True,0.0,0.1226,1964.0,2.0,Crestline,3.0,True,1.0,One,5340.0,False,0.0,Rim of the World,92325,0.0,5340.0,245.45454545454547,1.5,61.0,0,366.6666666666667,0.20599250936329588,12.506177237980511,12.793859310432293,12.66664888435324,316997.4105941174
True,False,2025-12-17,1900000.0,33.755542,-118.353593,3165.0,166 - Rolling Hills,False,6.0,1.5618,1951.0,3.0,Rolling Hills,4.0,True,1.0,One,68033.0,False,2.0,Palos Verdes Peninsula Unified,90274,4000.0,68033.0,600.3159557661927,1.3333333333333333,74.0,0,791.25,0.046521541016859465,14.457364444136669,14.735791327008538,14.937066830507465,3069627.665178868
True,False,2025-12-26,400000.0,39.635525,-123.783996,1340.0,WPT - Westport (includes Branscomb),True,0.0,0.15,1975.0,2.0,Westport,2.0,False,1.0,One,0.15,False,0.0,Santa Ana Unified,95488,0.0,6534.0,298.5074626865672,1.0,50.0,0,670.0,0.20508111417202327,12.89921982609012,13.698976741708323,13.46043356930597,701119.462883904
False,False,2025-12-24,810000.0,34.075317,-117.165384,3959.0,268 - Redlands,True,2.0,0.222,2005.0,5.0,Redlands,5.0,True,2.0,Two,9670.0,False,2.0,Redlands Unified,92374,75.0,9670.0,204.59712048497096,1.0,20.0,0,791.8,0.4094105480868666,13.604789526648622,13.299666780812677,13.634471342746373,834402.6367729768
False,False,2025-12-10,684900.0,33.96764,-118.220856,1148.0,"T5 - WalnutPk, HuntPk, Bell N of Florence, and Cud",False,8.0,0.1381,1922.0,1.0,Huntington Park,3.0,True,1.0,One,6014.0,False,2.0,Los Angeles Unified,90255,0.0,6014.0,596.602787456446,3.0,103.0,0,382.6666666666667,0.1908879281676089,13.437028121185996,13.465953081794405,13.372671851524094,642210.7831978678
True,False,2025-12-18,5500000.0,36.51257383,-121.76720463,10626.0,699 - Not Defined,True,10.0,22.8,1959.0,10.0,Carmel Valley,7.0,True,1.0,One,993168.0,False,6.0,Carmel Unified,93924,263.0,993168.0,517.5983436853002,0.7,66.0,0,1518.0,0.010699096225412015,15.520258650202699,14.276094965293519,15.712847617516552,6668113.988192044
True,False,2025-12-19,1750000.0,39.993321,-122.093918,2500.0,PL01 - Tehama County,True,6.0,78.0,1994.0,4.0,Los Molinos,3.0,True,2.0,Two,78.0,False,3.0,Los Molinos Unified,96055,0.0,3397680.0,700.0,0.75,31.0,0,833.3333333333334,0.0007357961903416449,14.375126345899696,12.892801858329566,13.685690317712258,878253.2913219769
True,True,2025-12-02,660000.0,34.116301,-116.476972,2030.0,DC541 - Country Club,True,2.0,0.5422,2007.0,2.0,Yucca Valley,3.0,True,1.0,One,23617.0,False,2.0,Morongo Unified,92284,0.0,23617.0,325.1231527093596,1.5,18.0,0,676.6666666666666,0.08595503239192108,13.399995114002609,12.86876061860541,13.006712661777643,445393.15335145855
False,False,2025-12-19,1664840.0,34.141996,-117.888987,2854.0,629 - Glendora,True,3.0,0.6264,2024.0,4.0,Glendora,4.0,False,1.0,One,27287.0,True,3.0,Glendora Unified,91741,385.0,27287.0,583.3356692361598,1.0,1.0,0,713.5,0.10459193022318321,14.325239580683059,13.868095806767045,14.278920538460484,1589484.866645187
True,False,2025-12-01,479500.0,36.35175608,-121.58258968,3000.0,699 - Not Defined,False,10.0,40.07,1990.0,2.0,Carmel Valley,2.0,True,1.0,One,1745449.0,False,0.0,Carmel Unified,93924,0.0,1745449.0,159.83333333333334,1.0,35.0,0,1500.0,0.001718755460629328,13.08049917330563,14.276094965293519,14.385759879460851,1768707.9733847226
True,False,2025-12-05,640000.0,34.608952,-118.259648,2474.0,LEL - Lake Elizabeth,True,3.0,2.4169,1992.0,3.0,Leona Valley,3.0,True,1.0,One,105281.0,False,3.0,Antelope Valley Union,93551,0.0,105281.0,258.6903799514956,1.0,33.0,0,824.6666666666666,0.023499016916632632,13.369223455335854,13.345506928718539,13.577688227885591,788342.7434450559
True,False,2025-12-17,600000.0,35.903719,-120.982965,2038.0,SRCAR - Southwest Riverside County,False,102.0,20.0,2004.0,2.0,Bradley,3.0,True,1.0,One,20.0,False,0.0,King City Joint Union,93426,0.0,871200.0,294.4062806673209,1.5,21.0,0,679.3333333333334,0.0023393021120293846,13.304684934198283,13.217673557208654,13.404832257562857,663200.2485406364
True,False,2025-12-15,380000.0,34.261375,-117.211842,1452.0,287A - Arrowhead Woods,True,1.0,0.2208,1971.0,2.0,Lake Arrowhead,3.0,True,1.0,One,9620.0,False,1.0,Rim of the World,92352,0.0,9620.0,261.70798898071627,1.5,54.0,0,484.0,0.15093555093555094,12.84792653170257,13.412043452518782,13.346801813640568,625809.8272796801
True,False,2025-12-01,842000.0,33.746161,-118.022037,1642.0,17 - Northwest Huntington Beach,True,2.0,0.1669999999999999,1966.0,2.0,Huntington Beach,3.0,True,1.0,One,7275.0,False,2.0,Huntington Beach Union High,92647,0.0,7275.0,512.7892813641901,1.5,59.0,0,547.3333333333334,0.2257044673539519,13.643535293224463,14.080942316715522,14.011890801558078,1216989.5698537948
